3.305565621313055757e-02 5.106889885495779005e-03 4.996088698894607209e-03
-7.362080777029121614e-04 1.683664285223362370e-03 5.823716421068536424e-03
-7.362080777029121614e-04 1.683664285223362370e-03 5.823716421068536424e-03
-7.362080777029121614e-04 1.683664285223362370e-03 5.823716421068536424e-03
-7.362080777029121614e-04 1.683664285223362370e-03 5.823716421068536424e-03
-7.362080777029121614e-04 1.683664285223362370e-03 5.823716421068536424e-03
-7.362080777029121614e-04 1.683664285223362370e-03 5.823716421068536424e-03
-7.362080777029121614e-04 1.683664285223362370e-03 5.823716421068536424e-03
-7.362080777029121614e-04 1.683664285223362370e-03 5.823716421068536424e-03
-7.362080777029121614e-04 1.683664285223362370e-03 5.823716421068536424e-03
-7.362080777029121614e-04 1.683664285223362370e-03 5.823716421068536424e-03
-7.362080777029121614e-04 1.683664285223362370e-03 5.823716421068536424e-03
-2.705552074236104720e-02 -1.228169958569084660e-02 -3.947621854721137732e-03
-1.092052676490306955e-03 1.640680825535069387e-03 4.955598504047566133e-04
-1.092052676490306955e-03 1.640680825535069387e-03 4.955598504047566133e-04
-1.092052676490306955e-03 1.640680825535069387e-03 4.955598504047566133e-04
-1.092052676490306955e-03 1.640680825535069387e-03 4.955598504047566133e-04
-1.092052676490306955e-03 1.640680825535069387e-03 4.955598504047566133e-04
-1.092052676490306955e-03 1.640680825535069387e-03 4.955598504047566133e-04
-1.092052676490306955e-03 1.640680825535069387e-03 4.955598504047566133e-04
-1.092052676490306955e-03 1.640680825535069387e-03 4.955598504047566133e-04
-1.092052676490306955e-03 1.640680825535069387e-03 4.955598504047566133e-04
-1.092052676490306955e-03 1.640680825535069387e-03 4.955598504047566133e-04
-1.092052676490306955e-03 1.640680825535069387e-03 4.955598504047566133e-04
-1.092052676490306955e-03 1.640680825535069387e-03 4.955598504047566133e-04
-1.092052676490306955e-03 1.640680825535069387e-03 4.955598504047566133e-04
-1.127433883592238173e-03 9.484678290073347146e-04 -6.660493206145139122e-03
-1.127433883592238173e-03 9.484678290073347146e-04 -6.660493206145139122e-03
-1.127433883592238173e-03 9.484678290073347146e-04 -6.660493206145139122e-03
-1.127433883592238173e-03 9.484678290073347146e-04 -6.660493206145139122e-03
-1.127433883592238173e-03 9.484678290073347146e-04 -6.660493206145139122e-03
-1.127433883592238173e-03 9.484678290073347146e-04 -6.660493206145139122e-03
-1.127433883592238173e-03 9.484678290073347146e-04 -6.660493206145139122e-03
-1.127433883592238173e-03 9.484678290073347146e-04 -6.660493206145139122e-03
-1.127433883592238173e-03 9.484678290073347146e-04 -6.660493206145139122e-03
-1.127433883592238173e-03 9.484678290073347146e-04 -6.660493206145139122e-03
-1.127433883592238173e-03 9.484678290073347146e-04 -6.660493206145139122e-03
-1.127433883592238173e-03 9.484678290073347146e-04 -6.660493206145139122e-03
-1.127433883592238173e-03 9.484678290073347146e-04 -6.660493206145139122e-03
8.877276982016233005e-04 1.392886461539614984e-03 -6.233791974440622621e-03
8.877276982016233005e-04 1.392886461539614984e-03 -6.233791974440622621e-03
8.877276982016233005e-04 1.392886461539614984e-03 -6.233791974440622621e-03
8.877276982016233005e-04 1.392886461539614984e-03 -6.233791974440622621e-03
8.877276982016233005e-04 1.392886461539614984e-03 -6.233791974440622621e-03
8.877276982016233005e-04 1.392886461539614984e-03 -6.233791974440622621e-03
8.877276982016233005e-04 1.392886461539614984e-03 -6.233791974440622621e-03
8.877276982016233005e-04 1.392886461539614984e-03 -6.233791974440622621e-03
8.877276982016233005e-04 1.392886461539614984e-03 -6.233791974440622621e-03
8.877276982016233005e-04 1.392886461539614984e-03 -6.233791974440622621e-03
8.877276982016233005e-04 1.392886461539614984e-03 -6.233791974440622621e-03
8.877276982016233005e-04 1.392886461539614984e-03 -6.233791974440622621e-03
8.877276982016233005e-04 1.392886461539614984e-03 -6.233791974440622621e-03
8.877276982016233005e-04 1.392886461539614984e-03 -6.233791974440622621e-03
-1.272125631298364964e-03 1.756167390424360694e-03 1.378199803185149036e-02
-1.272125631298364964e-03 1.756167390424360694e-03 1.378199803185149036e-02
-1.272125631298364964e-03 1.756167390424360694e-03 1.378199803185149036e-02
-1.272125631298364964e-03 1.756167390424360694e-03 1.378199803185149036e-02
-1.272125631298364964e-03 1.756167390424360694e-03 1.378199803185149036e-02
-1.272125631298364964e-03 1.756167390424360694e-03 1.378199803185149036e-02
-1.272125631298364964e-03 1.756167390424360694e-03 1.378199803185149036e-02
-1.272125631298364964e-03 1.756167390424360694e-03 1.378199803185149036e-02
-1.272125631298364964e-03 1.756167390424360694e-03 1.378199803185149036e-02
-1.272125631298364964e-03 1.756167390424360694e-03 1.378199803185149036e-02
3.256604137551784989e-02 -8.165125055429399425e-03 3.644820685763124068e-02
3.256604137551784989e-02 -8.165125055429399425e-03 3.644820685763124068e-02
3.256604137551784989e-02 -8.165125055429399425e-03 3.644820685763124068e-02
3.256604137551784989e-02 -8.165125055429399425e-03 3.644820685763124068e-02
-7.104500141694768470e-04 1.560664607898158696e-03 1.679169561460677751e-02
-7.104500141694768470e-04 1.560664607898158696e-03 1.679169561460677751e-02
-7.104500141694768470e-04 1.560664607898158696e-03 1.679169561460677751e-02
-7.104500141694768470e-04 1.560664607898158696e-03 1.679169561460677751e-02
-7.104500141694768470e-04 1.560664607898158696e-03 1.679169561460677751e-02
-7.104500141694768470e-04 1.560664607898158696e-03 1.679169561460677751e-02
-7.104500141694768470e-04 1.560664607898158696e-03 1.679169561460677751e-02
-7.104500141694768470e-04 1.560664607898158696e-03 1.679169561460677751e-02
-7.104500141694768470e-04 1.560664607898158696e-03 1.679169561460677751e-02
-7.104500141694768470e-04 1.560664607898158696e-03 1.679169561460677751e-02
-2.123983768609304101e-04 1.738651067959309099e-03 -1.747487899658376961e-02
-2.123983768609304101e-04 1.738651067959309099e-03 -1.747487899658376961e-02
-2.123983768609304101e-04 1.738651067959309099e-03 -1.747487899658376961e-02
-2.123983768609304101e-04 1.738651067959309099e-03 -1.747487899658376961e-02
-2.123983768609304101e-04 1.738651067959309099e-03 -1.747487899658376961e-02
-2.123983768609304101e-04 1.738651067959309099e-03 -1.747487899658376961e-02
-2.123983768609304101e-04 1.738651067959309099e-03 -1.747487899658376961e-02
-2.123983768609304101e-04 1.738651067959309099e-03 -1.747487899658376961e-02
-2.123983768609304101e-04 1.738651067959309099e-03 -1.747487899658376961e-02
-2.123983768609304101e-04 1.738651067959309099e-03 -1.747487899658376961e-02
-2.123983768609304101e-04 1.738651067959309099e-03 -1.747487899658376961e-02
-2.123983768609304101e-04 1.738651067959309099e-03 -1.747487899658376961e-02
-2.123983768609304101e-04 1.738651067959309099e-03 -1.747487899658376961e-02
-2.123983768609304101e-04 1.738651067959309099e-03 -1.747487899658376961e-02
-2.123983768609304101e-04 1.738651067959309099e-03 -1.747487899658376961e-02
-8.377911311557356341e-04 1.569112862490354421e-03 6.276638660338919144e-03
-8.377911311557356341e-04 1.569112862490354421e-03 6.276638660338919144e-03
-8.377911311557356341e-04 1.569112862490354421e-03 6.276638660338919144e-03
-8.377911311557356341e-04 1.569112862490354421e-03 6.276638660338919144e-03
-8.377911311557356341e-04 1.569112862490354421e-03 6.276638660338919144e-03
-8.377911311557356341e-04 1.569112862490354421e-03 6.276638660338919144e-03
-8.377911311557356341e-04 1.569112862490354421e-03 6.276638660338919144e-03
-8.377911311557356341e-04 1.569112862490354421e-03 6.276638660338919144e-03
-8.377911311557356341e-04 1.569112862490354421e-03 6.276638660338919144e-03
-8.377911311557356341e-04 1.569112862490354421e-03 6.276638660338919144e-03
-8.377911311557356341e-04 1.569112862490354421e-03 6.276638660338919144e-03
-8.377911311557356341e-04 1.569112862490354421e-03 6.276638660338919144e-03
-8.377911311557356341e-04 1.569112862490354421e-03 6.276638660338919144e-03
-7.218909801261669777e-03 -3.190197971925860798e-02 6.097838928682010155e-03
-1.635817228514523103e-02 -2.914788448175738289e-02 3.147757428275445302e-02
-1.635817228514523103e-02 -2.914788448175738289e-02 3.147757428275445302e-02
-1.635817228514523103e-02 -2.914788448175738289e-02 3.147757428275445302e-02
-7.477699297700046016e-04 1.614328052480467832e-03 -1.628499831081010180e-02
-7.477699297700046016e-04 1.614328052480467832e-03 -1.628499831081010180e-02
-7.477699297700046016e-04 1.614328052480467832e-03 -1.628499831081010180e-02
-7.477699297700046016e-04 1.614328052480467832e-03 -1.628499831081010180e-02
-7.477699297700046016e-04 1.614328052480467832e-03 -1.628499831081010180e-02
-7.477699297700046016e-04 1.614328052480467832e-03 -1.628499831081010180e-02
-7.477699297700046016e-04 1.614328052480467832e-03 -1.628499831081010180e-02
-7.477699297700046016e-04 1.614328052480467832e-03 -1.628499831081010180e-02
-7.477699297700046016e-04 1.614328052480467832e-03 -1.628499831081010180e-02
-7.477699297700046016e-04 1.614328052480467832e-03 -1.628499831081010180e-02
-7.477699297700046016e-04 1.614328052480467832e-03 -1.628499831081010180e-02
-7.477699297700046016e-04 1.614328052480467832e-03 -1.628499831081010180e-02
-7.477699297700046016e-04 1.614328052480467832e-03 -1.628499831081010180e-02
-7.477699297700046016e-04 1.614328052480467832e-03 -1.628499831081010180e-02
-1.018848602477647998e-03 1.551795904366631840e-03 -2.009776733929504594e-02
-1.018848602477647998e-03 1.551795904366631840e-03 -2.009776733929504594e-02
-1.018848602477647998e-03 1.551795904366631840e-03 -2.009776733929504594e-02
-1.018848602477647998e-03 1.551795904366631840e-03 -2.009776733929504594e-02
-1.018848602477647998e-03 1.551795904366631840e-03 -2.009776733929504594e-02
-1.018848602477647998e-03 1.551795904366631840e-03 -2.009776733929504594e-02
-1.018848602477647998e-03 1.551795904366631840e-03 -2.009776733929504594e-02
-1.018848602477647998e-03 1.551795904366631840e-03 -2.009776733929504594e-02
-1.018848602477647998e-03 1.551795904366631840e-03 -2.009776733929504594e-02
-1.018848602477647998e-03 1.551795904366631840e-03 -2.009776733929504594e-02
-1.018848602477647998e-03 1.551795904366631840e-03 -2.009776733929504594e-02
-1.018848602477647998e-03 1.551795904366631840e-03 -2.009776733929504594e-02
-1.018848602477647998e-03 1.551795904366631840e-03 -2.009776733929504594e-02
-1.018848602477647998e-03 1.551795904366631840e-03 -2.009776733929504594e-02
-1.018848602477647998e-03 1.551795904366631840e-03 -2.009776733929504594e-02
-1.018848602477647998e-03 1.551795904366631840e-03 -2.009776733929504594e-02
-1.018848602477647998e-03 1.551795904366631840e-03 -2.009776733929504594e-02
3.273645236951561177e-02 4.379846029876701546e-03 -1.056049474844702324e-02
-6.970464451864256950e-04 1.029139026029937416e-03 -9.743463614527068939e-03
-6.970464451864256950e-04 1.029139026029937416e-03 -9.743463614527068939e-03
-6.970464451864256950e-04 1.029139026029937416e-03 -9.743463614527068939e-03
-6.970464451864256950e-04 1.029139026029937416e-03 -9.743463614527068939e-03
-6.970464451864256950e-04 1.029139026029937416e-03 -9.743463614527068939e-03
-6.970464451864256950e-04 1.029139026029937416e-03 -9.743463614527068939e-03
-6.970464451864256950e-04 1.029139026029937416e-03 -9.743463614527068939e-03
-6.970464451864256950e-04 1.029139026029937416e-03 -9.743463614527068939e-03
-6.970464451864256950e-04 1.029139026029937416e-03 -9.743463614527068939e-03
-6.970464451864256950e-04 1.029139026029937416e-03 -9.743463614527068939e-03
-6.970464451864256950e-04 1.029139026029937416e-03 -9.743463614527068939e-03
-6.970464451864256950e-04 1.029139026029937416e-03 -9.743463614527068939e-03
-6.970464451864256950e-04 1.029139026029937416e-03 -9.743463614527068939e-03
-6.970464451864256950e-04 1.029139026029937416e-03 -9.743463614527068939e-03
3.322652359143273698e-02 5.672417667409406297e-03 1.527206206287912843e-02
-5.382969544790519589e-04 1.101831526210533211e-03 1.630901198427848336e-02
-5.382969544790519589e-04 1.101831526210533211e-03 1.630901198427848336e-02
-5.382969544790519589e-04 1.101831526210533211e-03 1.630901198427848336e-02
-5.382969544790519589e-04 1.101831526210533211e-03 1.630901198427848336e-02
-5.382969544790519589e-04 1.101831526210533211e-03 1.630901198427848336e-02
-5.382969544790519589e-04 1.101831526210533211e-03 1.630901198427848336e-02
-5.382969544790519589e-04 1.101831526210533211e-03 1.630901198427848336e-02
-5.382969544790519589e-04 1.101831526210533211e-03 1.630901198427848336e-02
-5.382969544790519589e-04 1.101831526210533211e-03 1.630901198427848336e-02
-5.382969544790519589e-04 1.101831526210533211e-03 1.630901198427848336e-02
-5.516976262068679082e-04 -2.783469643519382100e-04 -1.167531824850489078e-02
-5.516976262068679082e-04 -2.783469643519382100e-04 -1.167531824850489078e-02
-5.516976262068679082e-04 -2.783469643519382100e-04 -1.167531824850489078e-02
-5.516976262068679082e-04 -2.783469643519382100e-04 -1.167531824850489078e-02
-5.516976262068679082e-04 -2.783469643519382100e-04 -1.167531824850489078e-02
-5.516976262068679082e-04 -2.783469643519382100e-04 -1.167531824850489078e-02
-5.516976262068679082e-04 -2.783469643519382100e-04 -1.167531824850489078e-02
-5.516976262068679082e-04 -2.783469643519382100e-04 -1.167531824850489078e-02
-5.516976262068679082e-04 -2.783469643519382100e-04 -1.167531824850489078e-02
-5.516976262068679082e-04 -2.783469643519382100e-04 -1.167531824850489078e-02
-5.516976262068679082e-04 -2.783469643519382100e-04 -1.167531824850489078e-02
-5.516976262068679082e-04 -2.783469643519382100e-04 -1.167531824850489078e-02
-5.516976262068679082e-04 -2.783469643519382100e-04 -1.167531824850489078e-02
-5.516976262068679082e-04 -2.783469643519382100e-04 -1.167531824850489078e-02
-2.052156688428386638e-04 2.232333252812024327e-03 5.145629013739403367e-03
-2.052156688428386638e-04 2.232333252812024327e-03 5.145629013739403367e-03
-2.052156688428386638e-04 2.232333252812024327e-03 5.145629013739403367e-03
-2.052156688428386638e-04 2.232333252812024327e-03 5.145629013739403367e-03
-2.052156688428386638e-04 2.232333252812024327e-03 5.145629013739403367e-03
-2.052156688428386638e-04 2.232333252812024327e-03 5.145629013739403367e-03
-2.052156688428386638e-04 2.232333252812024327e-03 5.145629013739403367e-03
-2.052156688428386638e-04 2.232333252812024327e-03 5.145629013739403367e-03
-2.052156688428386638e-04 2.232333252812024327e-03 5.145629013739403367e-03
-2.052156688428386638e-04 2.232333252812024327e-03 5.145629013739403367e-03
-2.052156688428386638e-04 2.232333252812024327e-03 5.145629013739403367e-03
-2.052156688428386638e-04 2.232333252812024327e-03 5.145629013739403367e-03
-2.840477670173438551e-02 1.141647973597335539e-02 -4.064122821803231242e-03
-6.844175476888036957e-04 1.408992125990864847e-03 -3.607982678006429675e-03
-6.844175476888036957e-04 1.408992125990864847e-03 -3.607982678006429675e-03
-6.844175476888036957e-04 1.408992125990864847e-03 -3.607982678006429675e-03
-6.844175476888036957e-04 1.408992125990864847e-03 -3.607982678006429675e-03
-6.844175476888036957e-04 1.408992125990864847e-03 -3.607982678006429675e-03
-6.844175476888036957e-04 1.408992125990864847e-03 -3.607982678006429675e-03
-6.844175476888036957e-04 1.408992125990864847e-03 -3.607982678006429675e-03
-6.844175476888036957e-04 1.408992125990864847e-03 -3.607982678006429675e-03
-6.844175476888036957e-04 1.408992125990864847e-03 -3.607982678006429675e-03
-6.844175476888036957e-04 1.408992125990864847e-03 -3.607982678006429675e-03
-6.844175476888036957e-04 1.408992125990864847e-03 -3.607982678006429675e-03
-6.844175476888036957e-04 1.408992125990864847e-03 -3.607982678006429675e-03
-6.844175476888036957e-04 1.408992125990864847e-03 -3.607982678006429675e-03
2.897345644234233103e-02 -1.644979635211807692e-02 3.750253642833124845e-02
2.897345644234233103e-02 -1.644979635211807692e-02 3.750253642833124845e-02
2.897345644234233103e-02 -1.644979635211807692e-02 3.750253642833124845e-02
2.897345644234233103e-02 -1.644979635211807692e-02 3.750253642833124845e-02
2.897345644234233103e-02 -1.644979635211807692e-02 3.750253642833124845e-02
-1.072804398207331811e-04 2.432077219983851818e-03 1.291731891155399950e-02
-1.072804398207331811e-04 2.432077219983851818e-03 1.291731891155399950e-02
-1.072804398207331811e-04 2.432077219983851818e-03 1.291731891155399950e-02
-1.072804398207331811e-04 2.432077219983851818e-03 1.291731891155399950e-02
-1.072804398207331811e-04 2.432077219983851818e-03 1.291731891155399950e-02
-1.072804398207331811e-04 2.432077219983851818e-03 1.291731891155399950e-02
-1.072804398207331811e-04 2.432077219983851818e-03 1.291731891155399950e-02
-1.072804398207331811e-04 2.432077219983851818e-03 1.291731891155399950e-02
-1.072804398207331811e-04 2.432077219983851818e-03 1.291731891155399950e-02
-1.072804398207331811e-04 2.432077219983851818e-03 1.291731891155399950e-02
