6.799904844549375590e-03 -1.038357960008162717e-02 1.108416655251272601e-02
6.799904844549375590e-03 -1.038357960008162717e-02 1.108416655251272601e-02
6.799904844549375590e-03 -1.038357960008162717e-02 1.108416655251272601e-02
6.799904844549375590e-03 -1.038357960008162717e-02 1.108416655251272601e-02
6.799904844549375590e-03 -1.038357960008162717e-02 1.108416655251272601e-02
-5.781242340801720503e-02 1.038882698177425457e-01 6.627293992000600834e-05
-5.781242340801720503e-02 1.038882698177425457e-01 6.627293992000600834e-05
-5.781242340801720503e-02 1.038882698177425457e-01 6.627293992000600834e-05
-5.781242340801720503e-02 1.038882698177425457e-01 6.627293992000600834e-05
-5.781242340801720503e-02 1.038882698177425457e-01 6.627293992000600834e-05
-5.781242340801720503e-02 1.038882698177425457e-01 6.627293992000600834e-05
-5.781242340801720503e-02 1.038882698177425457e-01 6.627293992000600834e-05
-9.599423583427343920e-02 6.070106488494176125e-03 -5.361524213161820984e-03
-9.599423583427343920e-02 6.070106488494176125e-03 -5.361524213161820984e-03
-9.599423583427343920e-02 6.070106488494176125e-03 -5.361524213161820984e-03
-9.599423583427343920e-02 6.070106488494176125e-03 -5.361524213161820984e-03
-9.599423583427343920e-02 6.070106488494176125e-03 -5.361524213161820984e-03
-1.217969413233280923e-01 -2.917639462683151164e-02 -2.269548079199810477e-03
-1.217969413233280923e-01 -2.917639462683151164e-02 -2.269548079199810477e-03
-1.217969413233280923e-01 -2.917639462683151164e-02 -2.269548079199810477e-03
-1.217969413233280923e-01 -2.917639462683151164e-02 -2.269548079199810477e-03
6.694025770861161684e-02 -3.719818319441942252e-03 -5.540224211195788132e-03
-6.194585259555995815e-02 8.324637104388286912e-02 8.578480199448843165e-04
-1.121487343686407845e-01 9.155911657149360186e-03 5.927713975333341254e-03
-1.121487343686407845e-01 9.155911657149360186e-03 5.927713975333341254e-03
-1.121487343686407845e-01 9.155911657149360186e-03 5.927713975333341254e-03
-1.121487343686407845e-01 9.155911657149360186e-03 5.927713975333341254e-03
6.935679481698112103e-02 -9.341887627010998785e-02 3.513531290371598587e-03
6.935679481698112103e-02 -9.341887627010998785e-02 3.513531290371598587e-03
6.935679481698112103e-02 -9.341887627010998785e-02 3.513531290371598587e-03
6.935679481698112103e-02 -9.341887627010998785e-02 3.513531290371598587e-03
6.935679481698112103e-02 -9.341887627010998785e-02 3.513531290371598587e-03
6.935679481698112103e-02 -9.341887627010998785e-02 3.513531290371598587e-03
6.935679481698112103e-02 -9.341887627010998785e-02 3.513531290371598587e-03
6.935679481698112103e-02 -9.341887627010998785e-02 3.513531290371598587e-03
6.935679481698112103e-02 -9.341887627010998785e-02 3.513531290371598587e-03
-1.260882887322829493e-01 -7.562986339892219245e-02 8.605458525208701907e-04
-1.260882887322829493e-01 -7.562986339892219245e-02 8.605458525208701907e-04
-1.260882887322829493e-01 -7.562986339892219245e-02 8.605458525208701907e-04
-1.260882887322829493e-01 -7.562986339892219245e-02 8.605458525208701907e-04
-1.260882887322829493e-01 -7.562986339892219245e-02 8.605458525208701907e-04
-1.260882887322829493e-01 -7.562986339892219245e-02 8.605458525208701907e-04
-1.260882887322829493e-01 -7.562986339892219245e-02 8.605458525208701907e-04
-1.260882887322829493e-01 -7.562986339892219245e-02 8.605458525208701907e-04
2.387745900180186093e-02 3.249843048086394071e-02 4.133228530323706032e-03
1.294710681316835477e-01 -5.901120734327994222e-02 6.145265480900614918e-03
1.294710681316835477e-01 -5.901120734327994222e-02 6.145265480900614918e-03
5.372532635142043822e-02 -9.391005473259861347e-02 1.211161666074371188e-02
5.372532635142043822e-02 -9.391005473259861347e-02 1.211161666074371188e-02
5.372532635142043822e-02 -9.391005473259861347e-02 1.211161666074371188e-02
5.372532635142043822e-02 -9.391005473259861347e-02 1.211161666074371188e-02
5.372532635142043822e-02 -9.391005473259861347e-02 1.211161666074371188e-02
5.372532635142043822e-02 -9.391005473259861347e-02 1.211161666074371188e-02
-3.417279536065275652e-02 -5.693085522230886819e-02 -2.849156937947831640e-03
-3.417279536065275652e-02 -5.693085522230886819e-02 -2.849156937947831640e-03
-3.417279536065275652e-02 -5.693085522230886819e-02 -2.849156937947831640e-03
-3.417279536065275652e-02 -5.693085522230886819e-02 -2.849156937947831640e-03
-3.417279536065275652e-02 -5.693085522230886819e-02 -2.849156937947831640e-03
-3.417279536065275652e-02 -5.693085522230886819e-02 -2.849156937947831640e-03
-3.417279536065275652e-02 -5.693085522230886819e-02 -2.849156937947831640e-03
-3.417279536065275652e-02 -5.693085522230886819e-02 -2.849156937947831640e-03
-3.417279536065275652e-02 -5.693085522230886819e-02 -2.849156937947831640e-03
-5.156806778906403155e-02 -6.441029894007377354e-02 4.125877843631799852e-03
-1.223204212622355375e-01 -1.081299047088386464e-02 1.271766442485311541e-03
-1.223204212622355375e-01 -1.081299047088386464e-02 1.271766442485311541e-03
-1.223204212622355375e-01 -1.081299047088386464e-02 1.271766442485311541e-03
-1.223204212622355375e-01 -1.081299047088386464e-02 1.271766442485311541e-03
1.198264757702004607e-01 -5.104968401764795050e-02 1.488750582381049258e-03
1.198264757702004607e-01 -5.104968401764795050e-02 1.488750582381049258e-03
-1.203019610849338228e-01 -8.356307708325941275e-02 -5.379500139715043955e-03
-1.203019610849338228e-01 -8.356307708325941275e-02 -5.379500139715043955e-03
9.559125828627804133e-02 -8.331678009178294930e-02 -5.658597124436034846e-03
9.559125828627804133e-02 -8.331678009178294930e-02 -5.658597124436034846e-03
9.559125828627804133e-02 -8.331678009178294930e-02 -5.658597124436034846e-03
9.559125828627804133e-02 -8.331678009178294930e-02 -5.658597124436034846e-03
9.559125828627804133e-02 -8.331678009178294930e-02 -5.658597124436034846e-03
9.559125828627804133e-02 -8.331678009178294930e-02 -5.658597124436034846e-03
9.559125828627804133e-02 -8.331678009178294930e-02 -5.658597124436034846e-03
-6.661062659536746977e-03 1.046113877606605624e-01 -1.473934206791638162e-03
-6.661062659536746977e-03 1.046113877606605624e-01 -1.473934206791638162e-03
-6.661062659536746977e-03 1.046113877606605624e-01 -1.473934206791638162e-03
-6.661062659536746977e-03 1.046113877606605624e-01 -1.473934206791638162e-03
-6.661062659536746977e-03 1.046113877606605624e-01 -1.473934206791638162e-03
-6.661062659536746977e-03 1.046113877606605624e-01 -1.473934206791638162e-03
-6.661062659536746977e-03 1.046113877606605624e-01 -1.473934206791638162e-03
-6.661062659536746977e-03 1.046113877606605624e-01 -1.473934206791638162e-03
-6.661062659536746977e-03 1.046113877606605624e-01 -1.473934206791638162e-03
1.314393780166536740e-01 -5.902369772940807557e-02 6.800457785574397403e-03
1.314393780166536740e-01 -5.902369772940807557e-02 6.800457785574397403e-03
1.314393780166536740e-01 -5.902369772940807557e-02 6.800457785574397403e-03
1.314393780166536740e-01 -5.902369772940807557e-02 6.800457785574397403e-03
1.314393780166536740e-01 -5.902369772940807557e-02 6.800457785574397403e-03
1.314393780166536740e-01 -5.902369772940807557e-02 6.800457785574397403e-03
1.314393780166536740e-01 -5.902369772940807557e-02 6.800457785574397403e-03
1.253285278426737870e-01 -6.071452295792240106e-02 5.854457311400669550e-03
-5.698055303258107995e-02 -1.323978767902480036e-01 6.828234069996049621e-04
-5.698055303258107995e-02 -1.323978767902480036e-01 6.828234069996049621e-04
-5.698055303258107995e-02 -1.323978767902480036e-01 6.828234069996049621e-04
-5.698055303258107995e-02 -1.323978767902480036e-01 6.828234069996049621e-04
-5.698055303258107995e-02 -1.323978767902480036e-01 6.828234069996049621e-04
-5.698055303258107995e-02 -1.323978767902480036e-01 6.828234069996049621e-04
-5.698055303258107995e-02 -1.323978767902480036e-01 6.828234069996049621e-04
-5.698055303258107995e-02 -1.323978767902480036e-01 6.828234069996049621e-04
-5.698055303258107995e-02 -1.323978767902480036e-01 6.828234069996049621e-04
5.142118063741740741e-02 -1.028335432997524307e-01 -5.921029578133193624e-03
7.327229961740258646e-02 4.535553069965206352e-02 3.113897906561430111e-03
7.327229961740258646e-02 4.535553069965206352e-02 3.113897906561430111e-03
7.327229961740258646e-02 4.535553069965206352e-02 3.113897906561430111e-03
7.327229961740258646e-02 4.535553069965206352e-02 3.113897906561430111e-03
7.327229961740258646e-02 4.535553069965206352e-02 3.113897906561430111e-03
7.327229961740258646e-02 4.535553069965206352e-02 3.113897906561430111e-03
7.790429824391846558e-02 4.269006976352159033e-02 -5.359771238579419395e-03
7.790429824391846558e-02 4.269006976352159033e-02 -5.359771238579419395e-03
7.790429824391846558e-02 4.269006976352159033e-02 -5.359771238579419395e-03
7.790429824391846558e-02 4.269006976352159033e-02 -5.359771238579419395e-03
7.790429824391846558e-02 4.269006976352159033e-02 -5.359771238579419395e-03
7.790429824391846558e-02 4.269006976352159033e-02 -5.359771238579419395e-03
7.790429824391846558e-02 4.269006976352159033e-02 -5.359771238579419395e-03
7.790429824391846558e-02 4.269006976352159033e-02 -5.359771238579419395e-03
7.790429824391846558e-02 4.269006976352159033e-02 -5.359771238579419395e-03
-5.864766081833831801e-02 -1.438455771793089588e-01 -3.288946566011770930e-03
-5.864766081833831801e-02 -1.438455771793089588e-01 -3.288946566011770930e-03
-5.864766081833831801e-02 -1.438455771793089588e-01 -3.288946566011770930e-03
-5.864766081833831801e-02 -1.438455771793089588e-01 -3.288946566011770930e-03
-5.864766081833831801e-02 -1.438455771793089588e-01 -3.288946566011770930e-03
-5.864766081833831801e-02 -1.438455771793089588e-01 -3.288946566011770930e-03
-5.864766081833831801e-02 -1.438455771793089588e-01 -3.288946566011770930e-03
-5.864766081833831801e-02 -1.438455771793089588e-01 -3.288946566011770930e-03
