6.283938874410109621e-04 2.722549522530459329e-04 -9.958431375364503596e-03
6.283938874410109621e-04 2.722549522530459329e-04 -9.958431375364503596e-03
6.283938874410109621e-04 2.722549522530459329e-04 -9.958431375364503596e-03
6.283938874410109621e-04 2.722549522530459329e-04 -9.958431375364503596e-03
6.283938874410109621e-04 2.722549522530459329e-04 -9.958431375364503596e-03
6.283938874410109621e-04 2.722549522530459329e-04 -9.958431375364503596e-03
6.283938874410109621e-04 2.722549522530459329e-04 -9.958431375364503596e-03
8.205640239569590016e-04 -3.003316614978053523e-04 -1.229320006247759320e-02
8.205640239569590016e-04 -3.003316614978053523e-04 -1.229320006247759320e-02
8.205640239569590016e-04 -3.003316614978053523e-04 -1.229320006247759320e-02
8.205640239569590016e-04 -3.003316614978053523e-04 -1.229320006247759320e-02
8.205640239569590016e-04 -3.003316614978053523e-04 -1.229320006247759320e-02
8.205640239569590016e-04 -3.003316614978053523e-04 -1.229320006247759320e-02
8.205640239569590016e-04 -3.003316614978053523e-04 -1.229320006247759320e-02
8.205640239569590016e-04 -3.003316614978053523e-04 -1.229320006247759320e-02
8.205640239569590016e-04 -3.003316614978053523e-04 -1.229320006247759320e-02
8.205640239569590016e-04 -3.003316614978053523e-04 -1.229320006247759320e-02
8.205640239569590016e-04 -3.003316614978053523e-04 -1.229320006247759320e-02
8.205640239569590016e-04 -3.003316614978053523e-04 -1.229320006247759320e-02
8.205640239569590016e-04 -3.003316614978053523e-04 -1.229320006247759320e-02
8.205640239569590016e-04 -3.003316614978053523e-04 -1.229320006247759320e-02
8.205640239569590016e-04 -3.003316614978053523e-04 -1.229320006247759320e-02
8.205640239569590016e-04 -3.003316614978053523e-04 -1.229320006247759320e-02
8.205640239569590016e-04 -3.003316614978053523e-04 -1.229320006247759320e-02
1.912429641830338655e-03 -5.203097985769107245e-03 -1.621814630818033294e-03
1.912429641830338655e-03 -5.203097985769107245e-03 -1.621814630818033294e-03
1.912429641830338655e-03 -5.203097985769107245e-03 -1.621814630818033294e-03
1.912429641830338655e-03 -5.203097985769107245e-03 -1.621814630818033294e-03
1.912429641830338655e-03 -5.203097985769107245e-03 -1.621814630818033294e-03
1.912429641830338655e-03 -5.203097985769107245e-03 -1.621814630818033294e-03
1.912429641830338655e-03 -5.203097985769107245e-03 -1.621814630818033294e-03
1.912429641830338655e-03 -5.203097985769107245e-03 -1.621814630818033294e-03
1.912429641830338655e-03 -5.203097985769107245e-03 -1.621814630818033294e-03
1.912429641830338655e-03 -5.203097985769107245e-03 -1.621814630818033294e-03
1.912429641830338655e-03 -5.203097985769107245e-03 -1.621814630818033294e-03
1.912429641830338655e-03 -5.203097985769107245e-03 -1.621814630818033294e-03
1.912429641830338655e-03 -5.203097985769107245e-03 -1.621814630818033294e-03
1.912429641830338655e-03 -5.203097985769107245e-03 -1.621814630818033294e-03
1.912429641830338655e-03 -5.203097985769107245e-03 -1.621814630818033294e-03
1.912429641830338655e-03 -5.203097985769107245e-03 -1.621814630818033294e-03
1.912429641830338655e-03 -5.203097985769107245e-03 -1.621814630818033294e-03
-7.857184882270958244e-04 -3.178317834991867263e-04 -2.451195165970625894e-03
-7.857184882270958244e-04 -3.178317834991867263e-04 -2.451195165970625894e-03
-7.857184882270958244e-04 -3.178317834991867263e-04 -2.451195165970625894e-03
-7.857184882270958244e-04 -3.178317834991867263e-04 -2.451195165970625894e-03
-7.857184882270958244e-04 -3.178317834991867263e-04 -2.451195165970625894e-03
-7.857184882270958244e-04 -3.178317834991867263e-04 -2.451195165970625894e-03
-7.857184882270958244e-04 -3.178317834991867263e-04 -2.451195165970625894e-03
-7.857184882270958244e-04 -3.178317834991867263e-04 -2.451195165970625894e-03
-7.857184882270958244e-04 -3.178317834991867263e-04 -2.451195165970625894e-03
-7.857184882270958244e-04 -3.178317834991867263e-04 -2.451195165970625894e-03
-7.857184882270958244e-04 -3.178317834991867263e-04 -2.451195165970625894e-03
-7.857184882270958244e-04 -3.178317834991867263e-04 -2.451195165970625894e-03
-7.857184882270958244e-04 -3.178317834991867263e-04 -2.451195165970625894e-03
-7.857184882270958244e-04 -3.178317834991867263e-04 -2.451195165970625894e-03
-7.857184882270958244e-04 -3.178317834991867263e-04 -2.451195165970625894e-03
-7.857184882270958244e-04 -3.178317834991867263e-04 -2.451195165970625894e-03
-7.857184882270958244e-04 -3.178317834991867263e-04 -2.451195165970625894e-03
2.476766183524515066e-03 1.002236540001897463e-03 3.537145815651503156e-03
2.476766183524515066e-03 1.002236540001897463e-03 3.537145815651503156e-03
2.476766183524515066e-03 1.002236540001897463e-03 3.537145815651503156e-03
2.476766183524515066e-03 1.002236540001897463e-03 3.537145815651503156e-03
2.476766183524515066e-03 1.002236540001897463e-03 3.537145815651503156e-03
2.476766183524515066e-03 1.002236540001897463e-03 3.537145815651503156e-03
2.476766183524515066e-03 1.002236540001897463e-03 3.537145815651503156e-03
2.476766183524515066e-03 1.002236540001897463e-03 3.537145815651503156e-03
2.476766183524515066e-03 1.002236540001897463e-03 3.537145815651503156e-03
2.476766183524515066e-03 1.002236540001897463e-03 3.537145815651503156e-03
2.476766183524515066e-03 1.002236540001897463e-03 3.537145815651503156e-03
2.476766183524515066e-03 1.002236540001897463e-03 3.537145815651503156e-03
2.476766183524515066e-03 1.002236540001897463e-03 3.537145815651503156e-03
2.476766183524515066e-03 1.002236540001897463e-03 3.537145815651503156e-03
2.476766183524515066e-03 1.002236540001897463e-03 3.537145815651503156e-03
2.476766183524515066e-03 1.002236540001897463e-03 3.537145815651503156e-03
2.476766183524515066e-03 1.002236540001897463e-03 3.537145815651503156e-03
9.134346650061520023e-04 2.269353756589112536e-04 -5.755930626755896562e-03
9.134346650061520023e-04 2.269353756589112536e-04 -5.755930626755896562e-03
9.134346650061520023e-04 2.269353756589112536e-04 -5.755930626755896562e-03
9.134346650061520023e-04 2.269353756589112536e-04 -5.755930626755896562e-03
9.134346650061520023e-04 2.269353756589112536e-04 -5.755930626755896562e-03
9.134346650061520023e-04 2.269353756589112536e-04 -5.755930626755896562e-03
9.134346650061520023e-04 2.269353756589112536e-04 -5.755930626755896562e-03
9.134346650061520023e-04 2.269353756589112536e-04 -5.755930626755896562e-03
9.134346650061520023e-04 2.269353756589112536e-04 -5.755930626755896562e-03
9.134346650061520023e-04 2.269353756589112536e-04 -5.755930626755896562e-03
9.134346650061520023e-04 2.269353756589112536e-04 -5.755930626755896562e-03
9.134346650061520023e-04 2.269353756589112536e-04 -5.755930626755896562e-03
9.134346650061520023e-04 2.269353756589112536e-04 -5.755930626755896562e-03
9.134346650061520023e-04 2.269353756589112536e-04 -5.755930626755896562e-03
9.134346650061520023e-04 2.269353756589112536e-04 -5.755930626755896562e-03
9.134346650061520023e-04 2.269353756589112536e-04 -5.755930626755896562e-03
9.134346650061520023e-04 2.269353756589112536e-04 -5.755930626755896562e-03
2.548834110806189567e-03 2.677827823282636494e-02 -2.587978408221145582e-03
2.548834110806189567e-03 2.677827823282636494e-02 -2.587978408221145582e-03
2.548834110806189567e-03 2.677827823282636494e-02 -2.587978408221145582e-03
2.548834110806189567e-03 2.677827823282636494e-02 -2.587978408221145582e-03
2.548834110806189567e-03 2.677827823282636494e-02 -2.587978408221145582e-03
2.548834110806189567e-03 2.677827823282636494e-02 -2.587978408221145582e-03
2.548834110806189567e-03 2.677827823282636494e-02 -2.587978408221145582e-03
1.338052693114998720e-03 1.356182765104239560e-03 1.204012090531618971e-02
1.338052693114998720e-03 1.356182765104239560e-03 1.204012090531618971e-02
1.338052693114998720e-03 1.356182765104239560e-03 1.204012090531618971e-02
1.338052693114998720e-03 1.356182765104239560e-03 1.204012090531618971e-02
1.338052693114998720e-03 1.356182765104239560e-03 1.204012090531618971e-02
1.338052693114998720e-03 1.356182765104239560e-03 1.204012090531618971e-02
1.338052693114998720e-03 1.356182765104239560e-03 1.204012090531618971e-02
1.338052693114998720e-03 1.356182765104239560e-03 1.204012090531618971e-02
1.338052693114998720e-03 1.356182765104239560e-03 1.204012090531618971e-02
1.338052693114998720e-03 1.356182765104239560e-03 1.204012090531618971e-02
1.338052693114998720e-03 1.356182765104239560e-03 1.204012090531618971e-02
1.338052693114998720e-03 1.356182765104239560e-03 1.204012090531618971e-02
1.338052693114998720e-03 1.356182765104239560e-03 1.204012090531618971e-02
1.338052693114998720e-03 1.356182765104239560e-03 1.204012090531618971e-02
1.338052693114998720e-03 1.356182765104239560e-03 1.204012090531618971e-02
1.338052693114998720e-03 1.356182765104239560e-03 1.204012090531618971e-02
1.338052693114998720e-03 1.356182765104239560e-03 1.204012090531618971e-02
8.419907384646319048e-03 1.816630266730689253e-02 -1.859581395637422037e-03
8.419907384646319048e-03 1.816630266730689253e-02 -1.859581395637422037e-03
8.419907384646319048e-03 1.816630266730689253e-02 -1.859581395637422037e-03
8.419907384646319048e-03 1.816630266730689253e-02 -1.859581395637422037e-03
8.419907384646319048e-03 1.816630266730689253e-02 -1.859581395637422037e-03
8.419907384646319048e-03 1.816630266730689253e-02 -1.859581395637422037e-03
8.419907384646319048e-03 1.816630266730689253e-02 -1.859581395637422037e-03
8.419907384646319048e-03 1.816630266730689253e-02 -1.859581395637422037e-03
8.419907384646319048e-03 1.816630266730689253e-02 -1.859581395637422037e-03
8.419907384646319048e-03 1.816630266730689253e-02 -1.859581395637422037e-03
8.419907384646319048e-03 1.816630266730689253e-02 -1.859581395637422037e-03
8.419907384646319048e-03 1.816630266730689253e-02 -1.859581395637422037e-03
-1.661860015363136184e-02 1.855851722579286017e-02 -2.172726016212731502e-03
-1.661860015363136184e-02 1.855851722579286017e-02 -2.172726016212731502e-03
-1.661860015363136184e-02 1.855851722579286017e-02 -2.172726016212731502e-03
-1.661860015363136184e-02 1.855851722579286017e-02 -2.172726016212731502e-03
-1.661860015363136184e-02 1.855851722579286017e-02 -2.172726016212731502e-03
-1.661860015363136184e-02 1.855851722579286017e-02 -2.172726016212731502e-03
-1.661860015363136184e-02 1.855851722579286017e-02 -2.172726016212731502e-03
-1.661860015363136184e-02 1.855851722579286017e-02 -2.172726016212731502e-03
-1.661860015363136184e-02 1.855851722579286017e-02 -2.172726016212731502e-03
-1.661860015363136184e-02 1.855851722579286017e-02 -2.172726016212731502e-03
-1.661860015363136184e-02 1.855851722579286017e-02 -2.172726016212731502e-03
-1.661860015363136184e-02 1.855851722579286017e-02 -2.172726016212731502e-03
-1.661860015363136184e-02 1.855851722579286017e-02 -2.172726016212731502e-03
-1.661860015363136184e-02 1.855851722579286017e-02 -2.172726016212731502e-03
-1.661860015363136184e-02 1.855851722579286017e-02 -2.172726016212731502e-03
-1.661860015363136184e-02 1.855851722579286017e-02 -2.172726016212731502e-03
-1.661860015363136184e-02 1.855851722579286017e-02 -2.172726016212731502e-03
1.959553007408723971e-03 9.415027577139647996e-05 3.147633723249229978e-03
1.959553007408723971e-03 9.415027577139647996e-05 3.147633723249229978e-03
1.959553007408723971e-03 9.415027577139647996e-05 3.147633723249229978e-03
1.959553007408723971e-03 9.415027577139647996e-05 3.147633723249229978e-03
1.959553007408723971e-03 9.415027577139647996e-05 3.147633723249229978e-03
1.959553007408723971e-03 9.415027577139647996e-05 3.147633723249229978e-03
1.959553007408723971e-03 9.415027577139647996e-05 3.147633723249229978e-03
1.959553007408723971e-03 9.415027577139647996e-05 3.147633723249229978e-03
1.959553007408723971e-03 9.415027577139647996e-05 3.147633723249229978e-03
1.959553007408723971e-03 9.415027577139647996e-05 3.147633723249229978e-03
1.959553007408723971e-03 9.415027577139647996e-05 3.147633723249229978e-03
1.959553007408723971e-03 9.415027577139647996e-05 3.147633723249229978e-03
1.959553007408723971e-03 9.415027577139647996e-05 3.147633723249229978e-03
1.959553007408723971e-03 9.415027577139647996e-05 3.147633723249229978e-03
1.959553007408723971e-03 9.415027577139647996e-05 3.147633723249229978e-03
1.959553007408723971e-03 9.415027577139647996e-05 3.147633723249229978e-03
1.959553007408723971e-03 9.415027577139647996e-05 3.147633723249229978e-03
8.180497479627762969e-04 1.548443612836901059e-03 1.005328470766305750e-02
8.180497479627762969e-04 1.548443612836901059e-03 1.005328470766305750e-02
8.180497479627762969e-04 1.548443612836901059e-03 1.005328470766305750e-02
8.180497479627762969e-04 1.548443612836901059e-03 1.005328470766305750e-02
8.180497479627762969e-04 1.548443612836901059e-03 1.005328470766305750e-02
8.180497479627762969e-04 1.548443612836901059e-03 1.005328470766305750e-02
8.180497479627762969e-04 1.548443612836901059e-03 1.005328470766305750e-02
8.180497479627762969e-04 1.548443612836901059e-03 1.005328470766305750e-02
8.180497479627762969e-04 1.548443612836901059e-03 1.005328470766305750e-02
8.180497479627762969e-04 1.548443612836901059e-03 1.005328470766305750e-02
8.180497479627762969e-04 1.548443612836901059e-03 1.005328470766305750e-02
8.180497479627762969e-04 1.548443612836901059e-03 1.005328470766305750e-02
8.180497479627762969e-04 1.548443612836901059e-03 1.005328470766305750e-02
8.180497479627762969e-04 1.548443612836901059e-03 1.005328470766305750e-02
8.180497479627762969e-04 1.548443612836901059e-03 1.005328470766305750e-02
8.180497479627762969e-04 1.548443612836901059e-03 1.005328470766305750e-02
8.180497479627762969e-04 1.548443612836901059e-03 1.005328470766305750e-02
-9.968156427619077886e-04 1.384574364798780988e-03 -7.656364679635391940e-03
-9.968156427619077886e-04 1.384574364798780988e-03 -7.656364679635391940e-03
-9.968156427619077886e-04 1.384574364798780988e-03 -7.656364679635391940e-03
-9.968156427619077886e-04 1.384574364798780988e-03 -7.656364679635391940e-03
-9.968156427619077886e-04 1.384574364798780988e-03 -7.656364679635391940e-03
-9.968156427619077886e-04 1.384574364798780988e-03 -7.656364679635391940e-03
-9.968156427619077886e-04 1.384574364798780988e-03 -7.656364679635391940e-03
-9.968156427619077886e-04 1.384574364798780988e-03 -7.656364679635391940e-03
-9.968156427619077886e-04 1.384574364798780988e-03 -7.656364679635391940e-03
-9.968156427619077886e-04 1.384574364798780988e-03 -7.656364679635391940e-03
-9.968156427619077886e-04 1.384574364798780988e-03 -7.656364679635391940e-03
-9.968156427619077886e-04 1.384574364798780988e-03 -7.656364679635391940e-03
-9.968156427619077886e-04 1.384574364798780988e-03 -7.656364679635391940e-03
-9.968156427619077886e-04 1.384574364798780988e-03 -7.656364679635391940e-03
-9.968156427619077886e-04 1.384574364798780988e-03 -7.656364679635391940e-03
-9.968156427619077886e-04 1.384574364798780988e-03 -7.656364679635391940e-03
-9.968156427619077886e-04 1.384574364798780988e-03 -7.656364679635391940e-03
1.443869772938633639e-03 6.316367481384414784e-04 2.084943921444646405e-03
1.443869772938633639e-03 6.316367481384414784e-04 2.084943921444646405e-03
1.443869772938633639e-03 6.316367481384414784e-04 2.084943921444646405e-03
1.443869772938633639e-03 6.316367481384414784e-04 2.084943921444646405e-03
1.443869772938633639e-03 6.316367481384414784e-04 2.084943921444646405e-03
1.443869772938633639e-03 6.316367481384414784e-04 2.084943921444646405e-03
1.443869772938633639e-03 6.316367481384414784e-04 2.084943921444646405e-03
1.443869772938633639e-03 6.316367481384414784e-04 2.084943921444646405e-03
1.443869772938633639e-03 6.316367481384414784e-04 2.084943921444646405e-03
1.443869772938633639e-03 6.316367481384414784e-04 2.084943921444646405e-03
1.443869772938633639e-03 6.316367481384414784e-04 2.084943921444646405e-03
1.443869772938633639e-03 6.316367481384414784e-04 2.084943921444646405e-03
1.443869772938633639e-03 6.316367481384414784e-04 2.084943921444646405e-03
1.443869772938633639e-03 6.316367481384414784e-04 2.084943921444646405e-03
1.443869772938633639e-03 6.316367481384414784e-04 2.084943921444646405e-03
1.443869772938633639e-03 6.316367481384414784e-04 2.084943921444646405e-03
1.443869772938633639e-03 6.316367481384414784e-04 2.084943921444646405e-03
