-2.466323933879813191e-02 2.741435269975380992e-03 3.432998023627816322e-03
-2.466323933879813191e-02 2.741435269975380992e-03 3.432998023627816322e-03
-2.466323933879813191e-02 2.741435269975380992e-03 3.432998023627816322e-03
-2.466323933879813191e-02 2.741435269975380992e-03 3.432998023627816322e-03
-2.466323933879813191e-02 2.741435269975380992e-03 3.432998023627816322e-03
-2.466323933879813191e-02 2.741435269975380992e-03 3.432998023627816322e-03
-9.663620490598864854e-05 5.773112019127214084e-04 -2.551293839789138540e-02
-9.663620490598864854e-05 5.773112019127214084e-04 -2.551293839789138540e-02
-9.663620490598864854e-05 5.773112019127214084e-04 -2.551293839789138540e-02
-9.663620490598864854e-05 5.773112019127214084e-04 -2.551293839789138540e-02
-9.663620490598864854e-05 5.773112019127214084e-04 -2.551293839789138540e-02
-9.663620490598864854e-05 5.773112019127214084e-04 -2.551293839789138540e-02
-9.663620490598864854e-05 5.773112019127214084e-04 -2.551293839789138540e-02
-9.663620490598864854e-05 5.773112019127214084e-04 -2.551293839789138540e-02
-9.663620490598864854e-05 5.773112019127214084e-04 -2.551293839789138540e-02
-9.663620490598864854e-05 5.773112019127214084e-04 -2.551293839789138540e-02
-9.663620490598864854e-05 5.773112019127214084e-04 -2.551293839789138540e-02
-9.663620490598864854e-05 5.773112019127214084e-04 -2.551293839789138540e-02
-9.663620490598864854e-05 5.773112019127214084e-04 -2.551293839789138540e-02
1.471480447298177500e-02 2.101967554308326394e-03 1.988777767954439876e-02
1.471480447298177500e-02 2.101967554308326394e-03 1.988777767954439876e-02
1.471480447298177500e-02 2.101967554308326394e-03 1.988777767954439876e-02
-1.910851216130853708e-02 2.865251208457108428e-03 3.195989587935314791e-02
-1.910851216130853708e-02 2.865251208457108428e-03 3.195989587935314791e-02
1.506744061353062136e-03 1.789195201552483405e-03 -1.388537556778018586e-02
1.506744061353062136e-03 1.789195201552483405e-03 -1.388537556778018586e-02
1.506744061353062136e-03 1.789195201552483405e-03 -1.388537556778018586e-02
1.506744061353062136e-03 1.789195201552483405e-03 -1.388537556778018586e-02
1.506744061353062136e-03 1.789195201552483405e-03 -1.388537556778018586e-02
1.506744061353062136e-03 1.789195201552483405e-03 -1.388537556778018586e-02
1.506744061353062136e-03 1.789195201552483405e-03 -1.388537556778018586e-02
1.506744061353062136e-03 1.789195201552483405e-03 -1.388537556778018586e-02
1.506744061353062136e-03 1.789195201552483405e-03 -1.388537556778018586e-02
1.506744061353062136e-03 1.789195201552483405e-03 -1.388537556778018586e-02
1.506744061353062136e-03 1.789195201552483405e-03 -1.388537556778018586e-02
-2.372485047825119431e-03 5.389087390034537524e-04 -6.728357181717989355e-02
-2.372485047825119431e-03 5.389087390034537524e-04 -6.728357181717989355e-02
-2.372485047825119431e-03 5.389087390034537524e-04 -6.728357181717989355e-02
-2.372485047825119431e-03 5.389087390034537524e-04 -6.728357181717989355e-02
-2.372485047825119431e-03 5.389087390034537524e-04 -6.728357181717989355e-02
-2.372485047825119431e-03 5.389087390034537524e-04 -6.728357181717989355e-02
-2.372485047825119431e-03 5.389087390034537524e-04 -6.728357181717989355e-02
-2.372485047825119431e-03 5.389087390034537524e-04 -6.728357181717989355e-02
-2.372485047825119431e-03 5.389087390034537524e-04 -6.728357181717989355e-02
-2.372485047825119431e-03 5.389087390034537524e-04 -6.728357181717989355e-02
-2.372485047825119431e-03 5.389087390034537524e-04 -6.728357181717989355e-02
-2.372485047825119431e-03 5.389087390034537524e-04 -6.728357181717989355e-02
-2.372485047825119431e-03 5.389087390034537524e-04 -6.728357181717989355e-02
-2.193737518260411440e-02 1.252942264856136967e-03 -8.377209365225139759e-02
-1.068933338059594416e-02 1.925883985094654915e-03 2.508182549937411007e-02
-1.068933338059594416e-02 1.925883985094654915e-03 2.508182549937411007e-02
-1.068933338059594416e-02 1.925883985094654915e-03 2.508182549937411007e-02
-1.068933338059594416e-02 1.925883985094654915e-03 2.508182549937411007e-02
-1.068933338059594416e-02 1.925883985094654915e-03 2.508182549937411007e-02
-1.068933338059594416e-02 1.925883985094654915e-03 2.508182549937411007e-02
-1.068933338059594416e-02 1.925883985094654915e-03 2.508182549937411007e-02
-1.068933338059594416e-02 1.925883985094654915e-03 2.508182549937411007e-02
-1.068933338059594416e-02 1.925883985094654915e-03 2.508182549937411007e-02
-1.068933338059594416e-02 1.925883985094654915e-03 2.508182549937411007e-02
-1.068933338059594416e-02 1.925883985094654915e-03 2.508182549937411007e-02
-1.068933338059594416e-02 1.925883985094654915e-03 2.508182549937411007e-02
-3.674923206700185692e-03 1.691774058337817271e-03 -4.763428492469039266e-02
-3.674923206700185692e-03 1.691774058337817271e-03 -4.763428492469039266e-02
-3.674923206700185692e-03 1.691774058337817271e-03 -4.763428492469039266e-02
-3.674923206700185692e-03 1.691774058337817271e-03 -4.763428492469039266e-02
-3.674923206700185692e-03 1.691774058337817271e-03 -4.763428492469039266e-02
-3.674923206700185692e-03 1.691774058337817271e-03 -4.763428492469039266e-02
-3.674923206700185692e-03 1.691774058337817271e-03 -4.763428492469039266e-02
-3.674923206700185692e-03 1.691774058337817271e-03 -4.763428492469039266e-02
-3.674923206700185692e-03 1.691774058337817271e-03 -4.763428492469039266e-02
-3.674923206700185692e-03 1.691774058337817271e-03 -4.763428492469039266e-02
-3.674923206700185692e-03 1.691774058337817271e-03 -4.763428492469039266e-02
-2.218279378825746551e-02 1.726044383327116072e-03 1.740177457695375046e-02
-2.218279378825746551e-02 1.726044383327116072e-03 1.740177457695375046e-02
-2.218279378825746551e-02 1.726044383327116072e-03 1.740177457695375046e-02
-2.218279378825746551e-02 1.726044383327116072e-03 1.740177457695375046e-02
-2.218279378825746551e-02 1.726044383327116072e-03 1.740177457695375046e-02
-2.218279378825746551e-02 1.726044383327116072e-03 1.740177457695375046e-02
-2.218279378825746551e-02 1.726044383327116072e-03 1.740177457695375046e-02
-2.218279378825746551e-02 1.726044383327116072e-03 1.740177457695375046e-02
-2.218279378825746551e-02 1.726044383327116072e-03 1.740177457695375046e-02
-2.218279378825746551e-02 1.726044383327116072e-03 1.740177457695375046e-02
-2.218279378825746551e-02 1.726044383327116072e-03 1.740177457695375046e-02
4.957770772256637343e-03 1.661671078190318784e-03 -1.059040506492771871e-01
4.957770772256637343e-03 1.661671078190318784e-03 -1.059040506492771871e-01
4.957770772256637343e-03 1.661671078190318784e-03 -1.059040506492771871e-01
4.957770772256637343e-03 1.661671078190318784e-03 -1.059040506492771871e-01
4.957770772256637343e-03 1.661671078190318784e-03 -1.059040506492771871e-01
4.957770772256637343e-03 1.661671078190318784e-03 -1.059040506492771871e-01
4.957770772256637343e-03 1.661671078190318784e-03 -1.059040506492771871e-01
4.957770772256637343e-03 1.661671078190318784e-03 -1.059040506492771871e-01
4.957770772256637343e-03 1.661671078190318784e-03 -1.059040506492771871e-01
4.957770772256637343e-03 1.661671078190318784e-03 -1.059040506492771871e-01
4.957770772256637343e-03 1.661671078190318784e-03 -1.059040506492771871e-01
4.957770772256637343e-03 1.661671078190318784e-03 -1.059040506492771871e-01
4.957770772256637343e-03 1.661671078190318784e-03 -1.059040506492771871e-01
4.957770772256637343e-03 1.661671078190318784e-03 -1.059040506492771871e-01
2.926129753718163806e-03 1.865990070681647697e-03 -4.512514075324090823e-02
2.926129753718163806e-03 1.865990070681647697e-03 -4.512514075324090823e-02
2.926129753718163806e-03 1.865990070681647697e-03 -4.512514075324090823e-02
2.926129753718163806e-03 1.865990070681647697e-03 -4.512514075324090823e-02
2.926129753718163806e-03 1.865990070681647697e-03 -4.512514075324090823e-02
2.926129753718163806e-03 1.865990070681647697e-03 -4.512514075324090823e-02
2.926129753718163806e-03 1.865990070681647697e-03 -4.512514075324090823e-02
2.926129753718163806e-03 1.865990070681647697e-03 -4.512514075324090823e-02
2.926129753718163806e-03 1.865990070681647697e-03 -4.512514075324090823e-02
-2.531887924316356120e-03 2.653011048041622154e-03 -6.961518601590652167e-02
-2.531887924316356120e-03 2.653011048041622154e-03 -6.961518601590652167e-02
-2.531887924316356120e-03 2.653011048041622154e-03 -6.961518601590652167e-02
-2.531887924316356120e-03 2.653011048041622154e-03 -6.961518601590652167e-02
-2.531887924316356120e-03 2.653011048041622154e-03 -6.961518601590652167e-02
-2.531887924316356120e-03 2.653011048041622154e-03 -6.961518601590652167e-02
-2.531887924316356120e-03 2.653011048041622154e-03 -6.961518601590652167e-02
-2.531887924316356120e-03 2.653011048041622154e-03 -6.961518601590652167e-02
-2.531887924316356120e-03 2.653011048041622154e-03 -6.961518601590652167e-02
-2.531887924316356120e-03 2.653011048041622154e-03 -6.961518601590652167e-02
-2.531887924316356120e-03 2.653011048041622154e-03 -6.961518601590652167e-02
-2.246054001396560751e-02 2.844987794520274435e-03 -8.512775813426273763e-02
-2.246054001396560751e-02 2.844987794520274435e-03 -8.512775813426273763e-02
-2.246054001396560751e-02 2.844987794520274435e-03 -8.512775813426273763e-02
-6.973984858328417802e-03 3.852876164512743576e-03 -1.130357553878868077e-01
-6.973984858328417802e-03 3.852876164512743576e-03 -1.130357553878868077e-01
-6.973984858328417802e-03 3.852876164512743576e-03 -1.130357553878868077e-01
-6.973984858328417802e-03 3.852876164512743576e-03 -1.130357553878868077e-01
-6.973984858328417802e-03 3.852876164512743576e-03 -1.130357553878868077e-01
-6.973984858328417802e-03 3.852876164512743576e-03 -1.130357553878868077e-01
-6.973984858328417802e-03 3.852876164512743576e-03 -1.130357553878868077e-01
-6.973984858328417802e-03 3.852876164512743576e-03 -1.130357553878868077e-01
-6.973984858328417802e-03 3.852876164512743576e-03 -1.130357553878868077e-01
-6.973984858328417802e-03 3.852876164512743576e-03 -1.130357553878868077e-01
-6.973984858328417802e-03 3.852876164512743576e-03 -1.130357553878868077e-01
-6.973984858328417802e-03 3.852876164512743576e-03 -1.130357553878868077e-01
-6.973984858328417802e-03 3.852876164512743576e-03 -1.130357553878868077e-01
-6.973984858328417802e-03 3.852876164512743576e-03 -1.130357553878868077e-01
-6.973984858328417802e-03 3.852876164512743576e-03 -1.130357553878868077e-01
-1.937690963859041438e-02 2.710561626556414611e-03 -4.474610928692711320e-02
1.088426744978056651e-02 2.167814966022744982e-03 -6.387088950945696286e-02
1.088426744978056651e-02 2.167814966022744982e-03 -6.387088950945696286e-02
1.088426744978056651e-02 2.167814966022744982e-03 -6.387088950945696286e-02
1.088426744978056651e-02 2.167814966022744982e-03 -6.387088950945696286e-02
1.088426744978056651e-02 2.167814966022744982e-03 -6.387088950945696286e-02
1.088426744978056651e-02 2.167814966022744982e-03 -6.387088950945696286e-02
-3.298091649131481597e-04 1.359269209205458268e-03 7.362271923659907680e-02
-3.298091649131481597e-04 1.359269209205458268e-03 7.362271923659907680e-02
-3.298091649131481597e-04 1.359269209205458268e-03 7.362271923659907680e-02
-3.298091649131481597e-04 1.359269209205458268e-03 7.362271923659907680e-02
-3.298091649131481597e-04 1.359269209205458268e-03 7.362271923659907680e-02
-3.298091649131481597e-04 1.359269209205458268e-03 7.362271923659907680e-02
-3.298091649131481597e-04 1.359269209205458268e-03 7.362271923659907680e-02
-3.298091649131481597e-04 1.359269209205458268e-03 7.362271923659907680e-02
-3.298091649131481597e-04 1.359269209205458268e-03 7.362271923659907680e-02
-3.298091649131481597e-04 1.359269209205458268e-03 7.362271923659907680e-02
-3.298091649131481597e-04 1.359269209205458268e-03 7.362271923659907680e-02
-3.298091649131481597e-04 1.359269209205458268e-03 7.362271923659907680e-02
-3.298091649131481597e-04 1.359269209205458268e-03 7.362271923659907680e-02
-3.298091649131481597e-04 1.359269209205458268e-03 7.362271923659907680e-02
-1.460447543190385167e-03 3.249636165611261007e-04 -3.806364138309117906e-02
-1.460447543190385167e-03 3.249636165611261007e-04 -3.806364138309117906e-02
-1.460447543190385167e-03 3.249636165611261007e-04 -3.806364138309117906e-02
-1.460447543190385167e-03 3.249636165611261007e-04 -3.806364138309117906e-02
-1.460447543190385167e-03 3.249636165611261007e-04 -3.806364138309117906e-02
-1.460447543190385167e-03 3.249636165611261007e-04 -3.806364138309117906e-02
-1.460447543190385167e-03 3.249636165611261007e-04 -3.806364138309117906e-02
-1.460447543190385167e-03 3.249636165611261007e-04 -3.806364138309117906e-02
-1.460447543190385167e-03 3.249636165611261007e-04 -3.806364138309117906e-02
-1.460447543190385167e-03 3.249636165611261007e-04 -3.806364138309117906e-02
-5.465071010901094428e-03 -6.114030377552745477e-04 -1.113370953509224270e-01
-2.292303488627586011e-02 2.611559818540063263e-03 2.096427222851787731e-02
-2.292303488627586011e-02 2.611559818540063263e-03 2.096427222851787731e-02
-2.292303488627586011e-02 2.611559818540063263e-03 2.096427222851787731e-02
-2.292303488627586011e-02 2.611559818540063263e-03 2.096427222851787731e-02
-2.292303488627586011e-02 2.611559818540063263e-03 2.096427222851787731e-02
-2.292303488627586011e-02 2.611559818540063263e-03 2.096427222851787731e-02
-2.292303488627586011e-02 2.611559818540063263e-03 2.096427222851787731e-02
-2.292303488627586011e-02 2.611559818540063263e-03 2.096427222851787731e-02
-2.292303488627586011e-02 2.611559818540063263e-03 2.096427222851787731e-02
-2.292303488627586011e-02 2.611559818540063263e-03 2.096427222851787731e-02
-2.292303488627586011e-02 2.611559818540063263e-03 2.096427222851787731e-02
-1.647288640302875529e-02 1.556532434798977432e-03 -9.178314506604098866e-02
-1.647288640302875529e-02 1.556532434798977432e-03 -9.178314506604098866e-02
-1.647288640302875529e-02 1.556532434798977432e-03 -9.178314506604098866e-02
-1.647288640302875529e-02 1.556532434798977432e-03 -9.178314506604098866e-02
-1.647288640302875529e-02 1.556532434798977432e-03 -9.178314506604098866e-02
-1.647288640302875529e-02 1.556532434798977432e-03 -9.178314506604098866e-02
-1.647288640302875529e-02 1.556532434798977432e-03 -9.178314506604098866e-02
-1.018583639311523500e-02 2.121783276166048712e-03 -7.924838738913193847e-02
-1.018583639311523500e-02 2.121783276166048712e-03 -7.924838738913193847e-02
-1.018583639311523500e-02 2.121783276166048712e-03 -7.924838738913193847e-02
-1.018583639311523500e-02 2.121783276166048712e-03 -7.924838738913193847e-02
-1.018583639311523500e-02 2.121783276166048712e-03 -7.924838738913193847e-02
-1.018583639311523500e-02 2.121783276166048712e-03 -7.924838738913193847e-02
-1.018583639311523500e-02 2.121783276166048712e-03 -7.924838738913193847e-02
-1.018583639311523500e-02 2.121783276166048712e-03 -7.924838738913193847e-02
-1.018583639311523500e-02 2.121783276166048712e-03 -7.924838738913193847e-02
-1.882761454402231277e-02 1.683952111724316275e-03 -8.611959516259226968e-03
-1.882761454402231277e-02 1.683952111724316275e-03 -8.611959516259226968e-03
-1.882761454402231277e-02 1.683952111724316275e-03 -8.611959516259226968e-03
-1.882761454402231277e-02 1.683952111724316275e-03 -8.611959516259226968e-03
-1.882761454402231277e-02 1.683952111724316275e-03 -8.611959516259226968e-03
-1.882761454402231277e-02 1.683952111724316275e-03 -8.611959516259226968e-03
-1.882761454402231277e-02 1.683952111724316275e-03 -8.611959516259226968e-03
-1.882761454402231277e-02 1.683952111724316275e-03 -8.611959516259226968e-03
4.407052856671316195e-03 1.916230508270136586e-03 1.179310373815495028e-01
4.407052856671316195e-03 1.916230508270136586e-03 1.179310373815495028e-01
4.407052856671316195e-03 1.916230508270136586e-03 1.179310373815495028e-01
4.407052856671316195e-03 1.916230508270136586e-03 1.179310373815495028e-01
4.407052856671316195e-03 1.916230508270136586e-03 1.179310373815495028e-01
-2.456841559033756672e-02 1.437008388747253174e-03 -1.326259059431823817e-02
-2.456841559033756672e-02 1.437008388747253174e-03 -1.326259059431823817e-02
-2.456841559033756672e-02 1.437008388747253174e-03 -1.326259059431823817e-02
-2.474739057804174747e-03 2.171382227865913117e-03 -7.434580323716610817e-02
-2.474739057804174747e-03 2.171382227865913117e-03 -7.434580323716610817e-02
-2.474739057804174747e-03 2.171382227865913117e-03 -7.434580323716610817e-02
-2.474739057804174747e-03 2.171382227865913117e-03 -7.434580323716610817e-02
-2.474739057804174747e-03 2.171382227865913117e-03 -7.434580323716610817e-02
-2.474739057804174747e-03 2.171382227865913117e-03 -7.434580323716610817e-02
-2.474739057804174747e-03 2.171382227865913117e-03 -7.434580323716610817e-02
-2.474739057804174747e-03 2.171382227865913117e-03 -7.434580323716610817e-02
-2.474739057804174747e-03 2.171382227865913117e-03 -7.434580323716610817e-02
-2.474739057804174747e-03 2.171382227865913117e-03 -7.434580323716610817e-02
-2.474739057804174747e-03 2.171382227865913117e-03 -7.434580323716610817e-02
-2.474739057804174747e-03 2.171382227865913117e-03 -7.434580323716610817e-02
-8.503006733406186929e-03 1.861448042457625879e-03 3.629705349233501577e-02
-8.503006733406186929e-03 1.861448042457625879e-03 3.629705349233501577e-02
-8.503006733406186929e-03 1.861448042457625879e-03 3.629705349233501577e-02
-8.503006733406186929e-03 1.861448042457625879e-03 3.629705349233501577e-02
-8.503006733406186929e-03 1.861448042457625879e-03 3.629705349233501577e-02
-8.503006733406186929e-03 1.861448042457625879e-03 3.629705349233501577e-02
-8.503006733406186929e-03 1.861448042457625879e-03 3.629705349233501577e-02
-8.503006733406186929e-03 1.861448042457625879e-03 3.629705349233501577e-02
-8.503006733406186929e-03 1.861448042457625879e-03 3.629705349233501577e-02
