-3.064048707395622753e-03 2.619199922259975860e-03 6.169980055172963676e-04
-3.064048707395622753e-03 2.619199922259975860e-03 6.169980055172963676e-04
-3.064048707395622753e-03 2.619199922259975860e-03 6.169980055172963676e-04
-3.064048707395622753e-03 2.619199922259975860e-03 6.169980055172963676e-04
-3.064048707395622753e-03 2.619199922259975860e-03 6.169980055172963676e-04
-3.064048707395622753e-03 2.619199922259975860e-03 6.169980055172963676e-04
-3.064048707395622753e-03 2.619199922259975860e-03 6.169980055172963676e-04
-3.064048707395622753e-03 2.619199922259975860e-03 6.169980055172963676e-04
-3.064048707395622753e-03 2.619199922259975860e-03 6.169980055172963676e-04
-3.064048707395622753e-03 2.619199922259975860e-03 6.169980055172963676e-04
-3.064048707395622753e-03 2.619199922259975860e-03 6.169980055172963676e-04
-3.064048707395622753e-03 2.619199922259975860e-03 6.169980055172963676e-04
-3.064048707395622753e-03 2.619199922259975860e-03 6.169980055172963676e-04
-3.064048707395622753e-03 2.619199922259975860e-03 6.169980055172963676e-04
-3.064048707395622753e-03 2.619199922259975860e-03 6.169980055172963676e-04
-3.064048707395622753e-03 2.619199922259975860e-03 6.169980055172963676e-04
-3.064048707395622753e-03 2.619199922259975860e-03 6.169980055172963676e-04
-5.953396729357213202e-06 2.728370363208785024e-03 -1.777105445554465679e-03
-5.953396729357213202e-06 2.728370363208785024e-03 -1.777105445554465679e-03
-5.953396729357213202e-06 2.728370363208785024e-03 -1.777105445554465679e-03
-5.953396729357213202e-06 2.728370363208785024e-03 -1.777105445554465679e-03
-5.953396729357213202e-06 2.728370363208785024e-03 -1.777105445554465679e-03
-5.953396729357213202e-06 2.728370363208785024e-03 -1.777105445554465679e-03
-5.953396729357213202e-06 2.728370363208785024e-03 -1.777105445554465679e-03
-5.953396729357213202e-06 2.728370363208785024e-03 -1.777105445554465679e-03
-5.953396729357213202e-06 2.728370363208785024e-03 -1.777105445554465679e-03
-5.953396729357213202e-06 2.728370363208785024e-03 -1.777105445554465679e-03
-5.953396729357213202e-06 2.728370363208785024e-03 -1.777105445554465679e-03
-5.953396729357213202e-06 2.728370363208785024e-03 -1.777105445554465679e-03
-5.953396729357213202e-06 2.728370363208785024e-03 -1.777105445554465679e-03
-5.953396729357213202e-06 2.728370363208785024e-03 -1.777105445554465679e-03
-5.953396729357213202e-06 2.728370363208785024e-03 -1.777105445554465679e-03
-5.953396729357213202e-06 2.728370363208785024e-03 -1.777105445554465679e-03
-5.953396729357213202e-06 2.728370363208785024e-03 -1.777105445554465679e-03
1.711170210729673000e-03 -5.783679878276701269e-04 -4.221773905752328887e-03
1.711170210729673000e-03 -5.783679878276701269e-04 -4.221773905752328887e-03
1.711170210729673000e-03 -5.783679878276701269e-04 -4.221773905752328887e-03
1.711170210729673000e-03 -5.783679878276701269e-04 -4.221773905752328887e-03
1.711170210729673000e-03 -5.783679878276701269e-04 -4.221773905752328887e-03
1.711170210729673000e-03 -5.783679878276701269e-04 -4.221773905752328887e-03
1.711170210729673000e-03 -5.783679878276701269e-04 -4.221773905752328887e-03
1.711170210729673000e-03 -5.783679878276701269e-04 -4.221773905752328887e-03
1.711170210729673000e-03 -5.783679878276701269e-04 -4.221773905752328887e-03
1.711170210729673000e-03 -5.783679878276701269e-04 -4.221773905752328887e-03
1.711170210729673000e-03 -5.783679878276701269e-04 -4.221773905752328887e-03
1.711170210729673000e-03 -5.783679878276701269e-04 -4.221773905752328887e-03
1.711170210729673000e-03 -5.783679878276701269e-04 -4.221773905752328887e-03
1.711170210729673000e-03 -5.783679878276701269e-04 -4.221773905752328887e-03
1.711170210729673000e-03 -5.783679878276701269e-04 -4.221773905752328887e-03
1.711170210729673000e-03 -5.783679878276701269e-04 -4.221773905752328887e-03
1.711170210729673000e-03 -5.783679878276701269e-04 -4.221773905752328887e-03
1.222711576488386132e-03 -1.672342160679314745e-03 -1.595530199458123364e-03
1.222711576488386132e-03 -1.672342160679314745e-03 -1.595530199458123364e-03
1.222711576488386132e-03 -1.672342160679314745e-03 -1.595530199458123364e-03
1.222711576488386132e-03 -1.672342160679314745e-03 -1.595530199458123364e-03
1.222711576488386132e-03 -1.672342160679314745e-03 -1.595530199458123364e-03
1.222711576488386132e-03 -1.672342160679314745e-03 -1.595530199458123364e-03
1.222711576488386132e-03 -1.672342160679314745e-03 -1.595530199458123364e-03
1.222711576488386132e-03 -1.672342160679314745e-03 -1.595530199458123364e-03
1.222711576488386132e-03 -1.672342160679314745e-03 -1.595530199458123364e-03
1.222711576488386132e-03 -1.672342160679314745e-03 -1.595530199458123364e-03
1.222711576488386132e-03 -1.672342160679314745e-03 -1.595530199458123364e-03
1.222711576488386132e-03 -1.672342160679314745e-03 -1.595530199458123364e-03
1.222711576488386132e-03 -1.672342160679314745e-03 -1.595530199458123364e-03
1.222711576488386132e-03 -1.672342160679314745e-03 -1.595530199458123364e-03
1.222711576488386132e-03 -1.672342160679314745e-03 -1.595530199458123364e-03
1.222711576488386132e-03 -1.672342160679314745e-03 -1.595530199458123364e-03
1.222711576488386132e-03 -1.672342160679314745e-03 -1.595530199458123364e-03
1.040203016525092020e-03 1.517851361812875416e-03 -1.408961400642757059e-03
1.040203016525092020e-03 1.517851361812875416e-03 -1.408961400642757059e-03
1.040203016525092020e-03 1.517851361812875416e-03 -1.408961400642757059e-03
1.040203016525092020e-03 1.517851361812875416e-03 -1.408961400642757059e-03
1.040203016525092020e-03 1.517851361812875416e-03 -1.408961400642757059e-03
1.040203016525092020e-03 1.517851361812875416e-03 -1.408961400642757059e-03
1.040203016525092020e-03 1.517851361812875416e-03 -1.408961400642757059e-03
1.040203016525092020e-03 1.517851361812875416e-03 -1.408961400642757059e-03
1.040203016525092020e-03 1.517851361812875416e-03 -1.408961400642757059e-03
1.040203016525092020e-03 1.517851361812875416e-03 -1.408961400642757059e-03
1.040203016525092020e-03 1.517851361812875416e-03 -1.408961400642757059e-03
1.040203016525092020e-03 1.517851361812875416e-03 -1.408961400642757059e-03
1.040203016525092020e-03 1.517851361812875416e-03 -1.408961400642757059e-03
1.040203016525092020e-03 1.517851361812875416e-03 -1.408961400642757059e-03
1.040203016525092020e-03 1.517851361812875416e-03 -1.408961400642757059e-03
1.040203016525092020e-03 1.517851361812875416e-03 -1.408961400642757059e-03
1.040203016525092020e-03 1.517851361812875416e-03 -1.408961400642757059e-03
1.901400962727473401e-03 1.081827565325696461e-03 -1.151485572131920494e-02
1.901400962727473401e-03 1.081827565325696461e-03 -1.151485572131920494e-02
1.901400962727473401e-03 1.081827565325696461e-03 -1.151485572131920494e-02
1.901400962727473401e-03 1.081827565325696461e-03 -1.151485572131920494e-02
1.901400962727473401e-03 1.081827565325696461e-03 -1.151485572131920494e-02
1.901400962727473401e-03 1.081827565325696461e-03 -1.151485572131920494e-02
1.901400962727473401e-03 1.081827565325696461e-03 -1.151485572131920494e-02
1.901400962727473401e-03 1.081827565325696461e-03 -1.151485572131920494e-02
1.901400962727473401e-03 1.081827565325696461e-03 -1.151485572131920494e-02
1.901400962727473401e-03 1.081827565325696461e-03 -1.151485572131920494e-02
1.901400962727473401e-03 1.081827565325696461e-03 -1.151485572131920494e-02
1.901400962727473401e-03 1.081827565325696461e-03 -1.151485572131920494e-02
1.901400962727473401e-03 1.081827565325696461e-03 -1.151485572131920494e-02
1.901400962727473401e-03 1.081827565325696461e-03 -1.151485572131920494e-02
1.901400962727473401e-03 1.081827565325696461e-03 -1.151485572131920494e-02
1.901400962727473401e-03 1.081827565325696461e-03 -1.151485572131920494e-02
1.901400962727473401e-03 1.081827565325696461e-03 -1.151485572131920494e-02
1.723405312961587103e-03 9.022480457012219124e-05 -4.446128250927897096e-03
1.723405312961587103e-03 9.022480457012219124e-05 -4.446128250927897096e-03
1.723405312961587103e-03 9.022480457012219124e-05 -4.446128250927897096e-03
1.723405312961587103e-03 9.022480457012219124e-05 -4.446128250927897096e-03
1.723405312961587103e-03 9.022480457012219124e-05 -4.446128250927897096e-03
1.723405312961587103e-03 9.022480457012219124e-05 -4.446128250927897096e-03
1.723405312961587103e-03 9.022480457012219124e-05 -4.446128250927897096e-03
1.723405312961587103e-03 9.022480457012219124e-05 -4.446128250927897096e-03
1.723405312961587103e-03 9.022480457012219124e-05 -4.446128250927897096e-03
1.723405312961587103e-03 9.022480457012219124e-05 -4.446128250927897096e-03
1.723405312961587103e-03 9.022480457012219124e-05 -4.446128250927897096e-03
1.723405312961587103e-03 9.022480457012219124e-05 -4.446128250927897096e-03
1.723405312961587103e-03 9.022480457012219124e-05 -4.446128250927897096e-03
1.723405312961587103e-03 9.022480457012219124e-05 -4.446128250927897096e-03
1.723405312961587103e-03 9.022480457012219124e-05 -4.446128250927897096e-03
1.723405312961587103e-03 9.022480457012219124e-05 -4.446128250927897096e-03
1.723405312961587103e-03 9.022480457012219124e-05 -4.446128250927897096e-03
-1.046811000074148942e-03 7.187780052526990954e-04 8.368570231648587987e-04
-1.046811000074148942e-03 7.187780052526990954e-04 8.368570231648587987e-04
-1.046811000074148942e-03 7.187780052526990954e-04 8.368570231648587987e-04
-1.046811000074148942e-03 7.187780052526990954e-04 8.368570231648587987e-04
-1.046811000074148942e-03 7.187780052526990954e-04 8.368570231648587987e-04
-1.046811000074148942e-03 7.187780052526990954e-04 8.368570231648587987e-04
-1.046811000074148942e-03 7.187780052526990954e-04 8.368570231648587987e-04
-1.046811000074148942e-03 7.187780052526990954e-04 8.368570231648587987e-04
-1.046811000074148942e-03 7.187780052526990954e-04 8.368570231648587987e-04
-1.046811000074148942e-03 7.187780052526990954e-04 8.368570231648587987e-04
-1.046811000074148942e-03 7.187780052526990954e-04 8.368570231648587987e-04
-1.046811000074148942e-03 7.187780052526990954e-04 8.368570231648587987e-04
-1.046811000074148942e-03 7.187780052526990954e-04 8.368570231648587987e-04
-1.046811000074148942e-03 7.187780052526990954e-04 8.368570231648587987e-04
-1.046811000074148942e-03 7.187780052526990954e-04 8.368570231648587987e-04
-1.046811000074148942e-03 7.187780052526990954e-04 8.368570231648587987e-04
-1.046811000074148942e-03 7.187780052526990954e-04 8.368570231648587987e-04
-1.014108464512710958e-03 -1.111574964781220781e-03 -8.182826654577028680e-04
-1.014108464512710958e-03 -1.111574964781220781e-03 -8.182826654577028680e-04
-1.014108464512710958e-03 -1.111574964781220781e-03 -8.182826654577028680e-04
-1.014108464512710958e-03 -1.111574964781220781e-03 -8.182826654577028680e-04
-1.014108464512710958e-03 -1.111574964781220781e-03 -8.182826654577028680e-04
-1.014108464512710958e-03 -1.111574964781220781e-03 -8.182826654577028680e-04
-1.014108464512710958e-03 -1.111574964781220781e-03 -8.182826654577028680e-04
-1.014108464512710958e-03 -1.111574964781220781e-03 -8.182826654577028680e-04
-1.014108464512710958e-03 -1.111574964781220781e-03 -8.182826654577028680e-04
-1.014108464512710958e-03 -1.111574964781220781e-03 -8.182826654577028680e-04
-1.014108464512710958e-03 -1.111574964781220781e-03 -8.182826654577028680e-04
-1.014108464512710958e-03 -1.111574964781220781e-03 -8.182826654577028680e-04
-1.014108464512710958e-03 -1.111574964781220781e-03 -8.182826654577028680e-04
-1.014108464512710958e-03 -1.111574964781220781e-03 -8.182826654577028680e-04
-1.014108464512710958e-03 -1.111574964781220781e-03 -8.182826654577028680e-04
-1.014108464512710958e-03 -1.111574964781220781e-03 -8.182826654577028680e-04
-1.014108464512710958e-03 -1.111574964781220781e-03 -8.182826654577028680e-04
9.831057712920716202e-05 6.814517637039711750e-04 -5.809827796815215419e-03
9.831057712920716202e-05 6.814517637039711750e-04 -5.809827796815215419e-03
9.831057712920716202e-05 6.814517637039711750e-04 -5.809827796815215419e-03
9.831057712920716202e-05 6.814517637039711750e-04 -5.809827796815215419e-03
9.831057712920716202e-05 6.814517637039711750e-04 -5.809827796815215419e-03
9.831057712920716202e-05 6.814517637039711750e-04 -5.809827796815215419e-03
9.831057712920716202e-05 6.814517637039711750e-04 -5.809827796815215419e-03
9.831057712920716202e-05 6.814517637039711750e-04 -5.809827796815215419e-03
9.831057712920716202e-05 6.814517637039711750e-04 -5.809827796815215419e-03
9.831057712920716202e-05 6.814517637039711750e-04 -5.809827796815215419e-03
9.831057712920716202e-05 6.814517637039711750e-04 -5.809827796815215419e-03
9.831057712920716202e-05 6.814517637039711750e-04 -5.809827796815215419e-03
9.831057712920716202e-05 6.814517637039711750e-04 -5.809827796815215419e-03
9.831057712920716202e-05 6.814517637039711750e-04 -5.809827796815215419e-03
9.831057712920716202e-05 6.814517637039711750e-04 -5.809827796815215419e-03
9.831057712920716202e-05 6.814517637039711750e-04 -5.809827796815215419e-03
9.831057712920716202e-05 6.814517637039711750e-04 -5.809827796815215419e-03
2.891795115319970542e-03 5.057744161358623813e-04 -8.488168830733788112e-03
2.891795115319970542e-03 5.057744161358623813e-04 -8.488168830733788112e-03
2.891795115319970542e-03 5.057744161358623813e-04 -8.488168830733788112e-03
2.891795115319970542e-03 5.057744161358623813e-04 -8.488168830733788112e-03
2.891795115319970542e-03 5.057744161358623813e-04 -8.488168830733788112e-03
2.891795115319970542e-03 5.057744161358623813e-04 -8.488168830733788112e-03
2.891795115319970542e-03 5.057744161358623813e-04 -8.488168830733788112e-03
2.891795115319970542e-03 5.057744161358623813e-04 -8.488168830733788112e-03
2.891795115319970542e-03 5.057744161358623813e-04 -8.488168830733788112e-03
2.891795115319970542e-03 5.057744161358623813e-04 -8.488168830733788112e-03
2.891795115319970542e-03 5.057744161358623813e-04 -8.488168830733788112e-03
2.891795115319970542e-03 5.057744161358623813e-04 -8.488168830733788112e-03
2.891795115319970542e-03 5.057744161358623813e-04 -8.488168830733788112e-03
2.891795115319970542e-03 5.057744161358623813e-04 -8.488168830733788112e-03
2.891795115319970542e-03 5.057744161358623813e-04 -8.488168830733788112e-03
2.891795115319970542e-03 5.057744161358623813e-04 -8.488168830733788112e-03
2.891795115319970542e-03 5.057744161358623813e-04 -8.488168830733788112e-03
2.928423810692618381e-03 6.430906514013276509e-04 -1.547002883067745069e-02
2.928423810692618381e-03 6.430906514013276509e-04 -1.547002883067745069e-02
2.928423810692618381e-03 6.430906514013276509e-04 -1.547002883067745069e-02
2.928423810692618381e-03 6.430906514013276509e-04 -1.547002883067745069e-02
2.928423810692618381e-03 6.430906514013276509e-04 -1.547002883067745069e-02
-4.459837659447490887e-04 3.756718535535934211e-04 1.390955324644438211e-03
-4.459837659447490887e-04 3.756718535535934211e-04 1.390955324644438211e-03
-4.459837659447490887e-04 3.756718535535934211e-04 1.390955324644438211e-03
-4.459837659447490887e-04 3.756718535535934211e-04 1.390955324644438211e-03
-4.459837659447490887e-04 3.756718535535934211e-04 1.390955324644438211e-03
-4.459837659447490887e-04 3.756718535535934211e-04 1.390955324644438211e-03
-4.459837659447490887e-04 3.756718535535934211e-04 1.390955324644438211e-03
-4.459837659447490887e-04 3.756718535535934211e-04 1.390955324644438211e-03
-4.459837659447490887e-04 3.756718535535934211e-04 1.390955324644438211e-03
-4.459837659447490887e-04 3.756718535535934211e-04 1.390955324644438211e-03
-4.459837659447490887e-04 3.756718535535934211e-04 1.390955324644438211e-03
-4.459837659447490887e-04 3.756718535535934211e-04 1.390955324644438211e-03
-4.459837659447490887e-04 3.756718535535934211e-04 1.390955324644438211e-03
-4.459837659447490887e-04 3.756718535535934211e-04 1.390955324644438211e-03
-4.459837659447490887e-04 3.756718535535934211e-04 1.390955324644438211e-03
-4.459837659447490887e-04 3.756718535535934211e-04 1.390955324644438211e-03
-4.459837659447490887e-04 3.756718535535934211e-04 1.390955324644438211e-03
4.638532893353926323e-04 2.134813979821839278e-03 3.081580975851103479e-04
4.638532893353926323e-04 2.134813979821839278e-03 3.081580975851103479e-04
4.638532893353926323e-04 2.134813979821839278e-03 3.081580975851103479e-04
4.638532893353926323e-04 2.134813979821839278e-03 3.081580975851103479e-04
4.638532893353926323e-04 2.134813979821839278e-03 3.081580975851103479e-04
4.638532893353926323e-04 2.134813979821839278e-03 3.081580975851103479e-04
4.638532893353926323e-04 2.134813979821839278e-03 3.081580975851103479e-04
4.638532893353926323e-04 2.134813979821839278e-03 3.081580975851103479e-04
4.638532893353926323e-04 2.134813979821839278e-03 3.081580975851103479e-04
4.638532893353926323e-04 2.134813979821839278e-03 3.081580975851103479e-04
4.638532893353926323e-04 2.134813979821839278e-03 3.081580975851103479e-04
4.638532893353926323e-04 2.134813979821839278e-03 3.081580975851103479e-04
4.638532893353926323e-04 2.134813979821839278e-03 3.081580975851103479e-04
4.638532893353926323e-04 2.134813979821839278e-03 3.081580975851103479e-04
4.638532893353926323e-04 2.134813979821839278e-03 3.081580975851103479e-04
4.638532893353926323e-04 2.134813979821839278e-03 3.081580975851103479e-04
4.638532893353926323e-04 2.134813979821839278e-03 3.081580975851103479e-04
