-7.670865901890332184e-04 -9.800884153885417588e-04 2.546403520996482969e-03
-7.670865901890332184e-04 -9.800884153885417588e-04 2.546403520996482969e-03
-7.670865901890332184e-04 -9.800884153885417588e-04 2.546403520996482969e-03
-7.670865901890332184e-04 -9.800884153885417588e-04 2.546403520996482969e-03
-7.670865901890332184e-04 -9.800884153885417588e-04 2.546403520996482969e-03
-7.670865901890332184e-04 -9.800884153885417588e-04 2.546403520996482969e-03
-7.670865901890332184e-04 -9.800884153885417588e-04 2.546403520996482969e-03
-7.670865901890332184e-04 -9.800884153885417588e-04 2.546403520996482969e-03
-7.670865901890332184e-04 -9.800884153885417588e-04 2.546403520996482969e-03
-7.670865901890332184e-04 -9.800884153885417588e-04 2.546403520996482969e-03
-7.670865901890332184e-04 -9.800884153885417588e-04 2.546403520996482969e-03
-7.670865901890332184e-04 -9.800884153885417588e-04 2.546403520996482969e-03
-1.119318271958231331e-03 -3.567481702941334432e-04 3.902712638222750711e-03
-1.119318271958231331e-03 -3.567481702941334432e-04 3.902712638222750711e-03
-1.119318271958231331e-03 -3.567481702941334432e-04 3.902712638222750711e-03
-1.119318271958231331e-03 -3.567481702941334432e-04 3.902712638222750711e-03
-1.119318271958231331e-03 -3.567481702941334432e-04 3.902712638222750711e-03
-1.119318271958231331e-03 -3.567481702941334432e-04 3.902712638222750711e-03
-1.119318271958231331e-03 -3.567481702941334432e-04 3.902712638222750711e-03
-1.119318271958231331e-03 -3.567481702941334432e-04 3.902712638222750711e-03
-1.119318271958231331e-03 -3.567481702941334432e-04 3.902712638222750711e-03
-1.119318271958231331e-03 -3.567481702941334432e-04 3.902712638222750711e-03
-1.119318271958231331e-03 -3.567481702941334432e-04 3.902712638222750711e-03
-1.119318271958231331e-03 -3.567481702941334432e-04 3.902712638222750711e-03
8.293526110017893083e-05 -6.083381270464427448e-04 -2.331578572125960619e-02
8.293526110017893083e-05 -6.083381270464427448e-04 -2.331578572125960619e-02
8.293526110017893083e-05 -6.083381270464427448e-04 -2.331578572125960619e-02
8.293526110017893083e-05 -6.083381270464427448e-04 -2.331578572125960619e-02
8.293526110017893083e-05 -6.083381270464427448e-04 -2.331578572125960619e-02
8.293526110017893083e-05 -6.083381270464427448e-04 -2.331578572125960619e-02
8.293526110017893083e-05 -6.083381270464427448e-04 -2.331578572125960619e-02
8.293526110017893083e-05 -6.083381270464427448e-04 -2.331578572125960619e-02
8.293526110017893083e-05 -6.083381270464427448e-04 -2.331578572125960619e-02
8.293526110017893083e-05 -6.083381270464427448e-04 -2.331578572125960619e-02
8.293526110017893083e-05 -6.083381270464427448e-04 -2.331578572125960619e-02
8.293526110017893083e-05 -6.083381270464427448e-04 -2.331578572125960619e-02
8.293526110017893083e-05 -6.083381270464427448e-04 -2.331578572125960619e-02
8.293526110017893083e-05 -6.083381270464427448e-04 -2.331578572125960619e-02
8.293526110017893083e-05 -6.083381270464427448e-04 -2.331578572125960619e-02
8.293526110017893083e-05 -6.083381270464427448e-04 -2.331578572125960619e-02
8.293526110017893083e-05 -6.083381270464427448e-04 -2.331578572125960619e-02
-1.006798532532538620e-03 -1.505143324423580901e-03 -1.335491477275293354e-02
-1.006798532532538620e-03 -1.505143324423580901e-03 -1.335491477275293354e-02
-1.006798532532538620e-03 -1.505143324423580901e-03 -1.335491477275293354e-02
-1.006798532532538620e-03 -1.505143324423580901e-03 -1.335491477275293354e-02
-1.006798532532538620e-03 -1.505143324423580901e-03 -1.335491477275293354e-02
-1.006798532532538620e-03 -1.505143324423580901e-03 -1.335491477275293354e-02
-1.006798532532538620e-03 -1.505143324423580901e-03 -1.335491477275293354e-02
-1.006798532532538620e-03 -1.505143324423580901e-03 -1.335491477275293354e-02
-1.006798532532538620e-03 -1.505143324423580901e-03 -1.335491477275293354e-02
-1.006798532532538620e-03 -1.505143324423580901e-03 -1.335491477275293354e-02
-1.006798532532538620e-03 -1.505143324423580901e-03 -1.335491477275293354e-02
-1.006798532532538620e-03 -1.505143324423580901e-03 -1.335491477275293354e-02
-1.006798532532538620e-03 -1.505143324423580901e-03 -1.335491477275293354e-02
-1.006798532532538620e-03 -1.505143324423580901e-03 -1.335491477275293354e-02
-8.157224282973919716e-04 -1.288437144854993367e-03 1.098639210547349906e-02
-8.157224282973919716e-04 -1.288437144854993367e-03 1.098639210547349906e-02
-8.157224282973919716e-04 -1.288437144854993367e-03 1.098639210547349906e-02
-8.157224282973919716e-04 -1.288437144854993367e-03 1.098639210547349906e-02
-8.157224282973919716e-04 -1.288437144854993367e-03 1.098639210547349906e-02
-8.157224282973919716e-04 -1.288437144854993367e-03 1.098639210547349906e-02
-8.157224282973919716e-04 -1.288437144854993367e-03 1.098639210547349906e-02
-8.157224282973919716e-04 -1.288437144854993367e-03 1.098639210547349906e-02
-8.157224282973919716e-04 -1.288437144854993367e-03 1.098639210547349906e-02
-8.157224282973919716e-04 -1.288437144854993367e-03 1.098639210547349906e-02
-1.997358412219851428e-03 -4.422562116568676260e-05 1.372425052050882041e-02
-1.997358412219851428e-03 -4.422562116568676260e-05 1.372425052050882041e-02
-1.997358412219851428e-03 -4.422562116568676260e-05 1.372425052050882041e-02
-1.997358412219851428e-03 -4.422562116568676260e-05 1.372425052050882041e-02
-1.997358412219851428e-03 -4.422562116568676260e-05 1.372425052050882041e-02
-1.997358412219851428e-03 -4.422562116568676260e-05 1.372425052050882041e-02
-1.997358412219851428e-03 -4.422562116568676260e-05 1.372425052050882041e-02
-1.997358412219851428e-03 -4.422562116568676260e-05 1.372425052050882041e-02
-1.997358412219851428e-03 -4.422562116568676260e-05 1.372425052050882041e-02
-1.997358412219851428e-03 -4.422562116568676260e-05 1.372425052050882041e-02
1.704691649928573999e-04 2.093908688089590742e-04 2.810066378651294734e-03
1.704691649928573999e-04 2.093908688089590742e-04 2.810066378651294734e-03
1.704691649928573999e-04 2.093908688089590742e-04 2.810066378651294734e-03
1.704691649928573999e-04 2.093908688089590742e-04 2.810066378651294734e-03
1.704691649928573999e-04 2.093908688089590742e-04 2.810066378651294734e-03
1.704691649928573999e-04 2.093908688089590742e-04 2.810066378651294734e-03
1.704691649928573999e-04 2.093908688089590742e-04 2.810066378651294734e-03
1.704691649928573999e-04 2.093908688089590742e-04 2.810066378651294734e-03
1.704691649928573999e-04 2.093908688089590742e-04 2.810066378651294734e-03
1.704691649928573999e-04 2.093908688089590742e-04 2.810066378651294734e-03
1.704691649928573999e-04 2.093908688089590742e-04 2.810066378651294734e-03
1.704691649928573999e-04 2.093908688089590742e-04 2.810066378651294734e-03
3.035738073384037367e-02 -3.516776368621062077e-02 3.572235715368678177e-02
3.035738073384037367e-02 -3.516776368621062077e-02 3.572235715368678177e-02
3.035738073384037367e-02 -3.516776368621062077e-02 3.572235715368678177e-02
3.035738073384037367e-02 -3.516776368621062077e-02 3.572235715368678177e-02
-1.193357386721390079e-03 -3.764396825458905804e-04 -9.952712975276341301e-03
-1.193357386721390079e-03 -3.764396825458905804e-04 -9.952712975276341301e-03
-1.193357386721390079e-03 -3.764396825458905804e-04 -9.952712975276341301e-03
-1.193357386721390079e-03 -3.764396825458905804e-04 -9.952712975276341301e-03
-1.193357386721390079e-03 -3.764396825458905804e-04 -9.952712975276341301e-03
-1.193357386721390079e-03 -3.764396825458905804e-04 -9.952712975276341301e-03
-1.193357386721390079e-03 -3.764396825458905804e-04 -9.952712975276341301e-03
-1.193357386721390079e-03 -3.764396825458905804e-04 -9.952712975276341301e-03
-1.193357386721390079e-03 -3.764396825458905804e-04 -9.952712975276341301e-03
-1.193357386721390079e-03 -3.764396825458905804e-04 -9.952712975276341301e-03
-1.193357386721390079e-03 -3.764396825458905804e-04 -9.952712975276341301e-03
-1.193357386721390079e-03 -3.764396825458905804e-04 -9.952712975276341301e-03
-1.193357386721390079e-03 -3.764396825458905804e-04 -9.952712975276341301e-03
-2.889028379594510204e-04 4.674492908016367188e-02 3.560296928331881106e-02
-2.889028379594510204e-04 4.674492908016367188e-02 3.560296928331881106e-02
-2.889028379594510204e-04 4.674492908016367188e-02 3.560296928331881106e-02
-2.889028379594510204e-04 4.674492908016367188e-02 3.560296928331881106e-02
-2.889028379594510204e-04 4.674492908016367188e-02 3.560296928331881106e-02
-1.123937663982773477e-03 7.296198190488278196e-05 1.667921064673988374e-02
-1.123937663982773477e-03 7.296198190488278196e-05 1.667921064673988374e-02
-1.123937663982773477e-03 7.296198190488278196e-05 1.667921064673988374e-02
-1.123937663982773477e-03 7.296198190488278196e-05 1.667921064673988374e-02
-1.123937663982773477e-03 7.296198190488278196e-05 1.667921064673988374e-02
-1.123937663982773477e-03 7.296198190488278196e-05 1.667921064673988374e-02
-1.296996295414215572e-03 -3.440158224512004925e-04 -6.683890815508037458e-03
-1.296996295414215572e-03 -3.440158224512004925e-04 -6.683890815508037458e-03
-1.296996295414215572e-03 -3.440158224512004925e-04 -6.683890815508037458e-03
-1.296996295414215572e-03 -3.440158224512004925e-04 -6.683890815508037458e-03
-1.296996295414215572e-03 -3.440158224512004925e-04 -6.683890815508037458e-03
-1.296996295414215572e-03 -3.440158224512004925e-04 -6.683890815508037458e-03
-1.296996295414215572e-03 -3.440158224512004925e-04 -6.683890815508037458e-03
-1.296996295414215572e-03 -3.440158224512004925e-04 -6.683890815508037458e-03
-1.296996295414215572e-03 -3.440158224512004925e-04 -6.683890815508037458e-03
-1.296996295414215572e-03 -3.440158224512004925e-04 -6.683890815508037458e-03
-1.296996295414215572e-03 -3.440158224512004925e-04 -6.683890815508037458e-03
-1.296996295414215572e-03 -3.440158224512004925e-04 -6.683890815508037458e-03
-1.296996295414215572e-03 -3.440158224512004925e-04 -6.683890815508037458e-03
-1.283090509403162632e-04 3.577245568655539054e-04 1.667188701174217996e-02
-1.283090509403162632e-04 3.577245568655539054e-04 1.667188701174217996e-02
-1.283090509403162632e-04 3.577245568655539054e-04 1.667188701174217996e-02
-1.283090509403162632e-04 3.577245568655539054e-04 1.667188701174217996e-02
-2.494557002938796453e-03 1.304534672113390539e-03 -7.663640403913541711e-03
-2.494557002938796453e-03 1.304534672113390539e-03 -7.663640403913541711e-03
-2.494557002938796453e-03 1.304534672113390539e-03 -7.663640403913541711e-03
-2.494557002938796453e-03 1.304534672113390539e-03 -7.663640403913541711e-03
-2.494557002938796453e-03 1.304534672113390539e-03 -7.663640403913541711e-03
-2.494557002938796453e-03 1.304534672113390539e-03 -7.663640403913541711e-03
-2.494557002938796453e-03 1.304534672113390539e-03 -7.663640403913541711e-03
-2.494557002938796453e-03 1.304534672113390539e-03 -7.663640403913541711e-03
-2.494557002938796453e-03 1.304534672113390539e-03 -7.663640403913541711e-03
-2.494557002938796453e-03 1.304534672113390539e-03 -7.663640403913541711e-03
-2.494557002938796453e-03 1.304534672113390539e-03 -7.663640403913541711e-03
-2.494557002938796453e-03 1.304534672113390539e-03 -7.663640403913541711e-03
-2.494557002938796453e-03 1.304534672113390539e-03 -7.663640403913541711e-03
-1.160596807687444554e-03 9.845662965029008777e-04 -2.274430997590141598e-02
-1.160596807687444554e-03 9.845662965029008777e-04 -2.274430997590141598e-02
-1.160596807687444554e-03 9.845662965029008777e-04 -2.274430997590141598e-02
-1.160596807687444554e-03 9.845662965029008777e-04 -2.274430997590141598e-02
-1.160596807687444554e-03 9.845662965029008777e-04 -2.274430997590141598e-02
-1.160596807687444554e-03 9.845662965029008777e-04 -2.274430997590141598e-02
-1.160596807687444554e-03 9.845662965029008777e-04 -2.274430997590141598e-02
-1.160596807687444554e-03 9.845662965029008777e-04 -2.274430997590141598e-02
-1.160596807687444554e-03 9.845662965029008777e-04 -2.274430997590141598e-02
-1.160596807687444554e-03 9.845662965029008777e-04 -2.274430997590141598e-02
-1.160596807687444554e-03 9.845662965029008777e-04 -2.274430997590141598e-02
-1.160596807687444554e-03 9.845662965029008777e-04 -2.274430997590141598e-02
-1.160596807687444554e-03 9.845662965029008777e-04 -2.274430997590141598e-02
-1.160596807687444554e-03 9.845662965029008777e-04 -2.274430997590141598e-02
-2.078196565269152703e-03 -1.352776087974461028e-04 3.069512313335701070e-03
-2.078196565269152703e-03 -1.352776087974461028e-04 3.069512313335701070e-03
-2.078196565269152703e-03 -1.352776087974461028e-04 3.069512313335701070e-03
-2.078196565269152703e-03 -1.352776087974461028e-04 3.069512313335701070e-03
-2.078196565269152703e-03 -1.352776087974461028e-04 3.069512313335701070e-03
-2.078196565269152703e-03 -1.352776087974461028e-04 3.069512313335701070e-03
-2.078196565269152703e-03 -1.352776087974461028e-04 3.069512313335701070e-03
-2.078196565269152703e-03 -1.352776087974461028e-04 3.069512313335701070e-03
-2.078196565269152703e-03 -1.352776087974461028e-04 3.069512313335701070e-03
-2.078196565269152703e-03 -1.352776087974461028e-04 3.069512313335701070e-03
-2.078196565269152703e-03 -1.352776087974461028e-04 3.069512313335701070e-03
-9.578413900168634976e-04 -1.149557709939616479e-03 1.286718029603317603e-02
-9.578413900168634976e-04 -1.149557709939616479e-03 1.286718029603317603e-02
-9.578413900168634976e-04 -1.149557709939616479e-03 1.286718029603317603e-02
-9.578413900168634976e-04 -1.149557709939616479e-03 1.286718029603317603e-02
-9.578413900168634976e-04 -1.149557709939616479e-03 1.286718029603317603e-02
-9.578413900168634976e-04 -1.149557709939616479e-03 1.286718029603317603e-02
-9.578413900168634976e-04 -1.149557709939616479e-03 1.286718029603317603e-02
-9.578413900168634976e-04 -1.149557709939616479e-03 1.286718029603317603e-02
-9.578413900168634976e-04 -1.149557709939616479e-03 1.286718029603317603e-02
-9.578413900168634976e-04 -1.149557709939616479e-03 1.286718029603317603e-02
-6.391878086528454683e-04 3.651545598772950457e-04 5.087766865096357690e-04
-6.391878086528454683e-04 3.651545598772950457e-04 5.087766865096357690e-04
-6.391878086528454683e-04 3.651545598772950457e-04 5.087766865096357690e-04
-6.391878086528454683e-04 3.651545598772950457e-04 5.087766865096357690e-04
-6.391878086528454683e-04 3.651545598772950457e-04 5.087766865096357690e-04
-6.391878086528454683e-04 3.651545598772950457e-04 5.087766865096357690e-04
-6.391878086528454683e-04 3.651545598772950457e-04 5.087766865096357690e-04
-6.391878086528454683e-04 3.651545598772950457e-04 5.087766865096357690e-04
-6.391878086528454683e-04 3.651545598772950457e-04 5.087766865096357690e-04
-6.391878086528454683e-04 3.651545598772950457e-04 5.087766865096357690e-04
-6.391878086528454683e-04 3.651545598772950457e-04 5.087766865096357690e-04
-6.391878086528454683e-04 3.651545598772950457e-04 5.087766865096357690e-04
-6.391878086528454683e-04 3.651545598772950457e-04 5.087766865096357690e-04
-1.618583786373818320e-03 -6.243045247479386828e-04 -4.808427944445563956e-03
-1.618583786373818320e-03 -6.243045247479386828e-04 -4.808427944445563956e-03
-1.618583786373818320e-03 -6.243045247479386828e-04 -4.808427944445563956e-03
-1.618583786373818320e-03 -6.243045247479386828e-04 -4.808427944445563956e-03
-1.618583786373818320e-03 -6.243045247479386828e-04 -4.808427944445563956e-03
-1.618583786373818320e-03 -6.243045247479386828e-04 -4.808427944445563956e-03
-1.618583786373818320e-03 -6.243045247479386828e-04 -4.808427944445563956e-03
-1.618583786373818320e-03 -6.243045247479386828e-04 -4.808427944445563956e-03
-1.618583786373818320e-03 -6.243045247479386828e-04 -4.808427944445563956e-03
-1.618583786373818320e-03 -6.243045247479386828e-04 -4.808427944445563956e-03
-1.618583786373818320e-03 -6.243045247479386828e-04 -4.808427944445563956e-03
-1.618583786373818320e-03 -6.243045247479386828e-04 -4.808427944445563956e-03
-1.618583786373818320e-03 -6.243045247479386828e-04 -4.808427944445563956e-03
