1.091634882165745148e-03 -1.529322283619462611e-04 -3.617630089490862788e-03
1.091634882165745148e-03 -1.529322283619462611e-04 -3.617630089490862788e-03
1.091634882165745148e-03 -1.529322283619462611e-04 -3.617630089490862788e-03
1.091634882165745148e-03 -1.529322283619462611e-04 -3.617630089490862788e-03
1.091634882165745148e-03 -1.529322283619462611e-04 -3.617630089490862788e-03
1.091634882165745148e-03 -1.529322283619462611e-04 -3.617630089490862788e-03
1.091634882165745148e-03 -1.529322283619462611e-04 -3.617630089490862788e-03
1.091634882165745148e-03 -1.529322283619462611e-04 -3.617630089490862788e-03
1.091634882165745148e-03 -1.529322283619462611e-04 -3.617630089490862788e-03
1.091634882165745148e-03 -1.529322283619462611e-04 -3.617630089490862788e-03
1.091634882165745148e-03 -1.529322283619462611e-04 -3.617630089490862788e-03
1.091634882165745148e-03 -1.529322283619462611e-04 -3.617630089490862788e-03
1.091634882165745148e-03 -1.529322283619462611e-04 -3.617630089490862788e-03
1.091634882165745148e-03 -1.529322283619462611e-04 -3.617630089490862788e-03
1.091634882165745148e-03 -1.529322283619462611e-04 -3.617630089490862788e-03
1.091634882165745148e-03 -1.529322283619462611e-04 -3.617630089490862788e-03
1.091634882165745148e-03 -1.529322283619462611e-04 -3.617630089490862788e-03
-9.026153512639802003e-04 2.097568484242816160e-03 -1.958468531944900989e-03
-9.026153512639802003e-04 2.097568484242816160e-03 -1.958468531944900989e-03
-9.026153512639802003e-04 2.097568484242816160e-03 -1.958468531944900989e-03
-9.026153512639802003e-04 2.097568484242816160e-03 -1.958468531944900989e-03
-9.026153512639802003e-04 2.097568484242816160e-03 -1.958468531944900989e-03
-9.026153512639802003e-04 2.097568484242816160e-03 -1.958468531944900989e-03
-9.026153512639802003e-04 2.097568484242816160e-03 -1.958468531944900989e-03
-9.026153512639802003e-04 2.097568484242816160e-03 -1.958468531944900989e-03
-9.026153512639802003e-04 2.097568484242816160e-03 -1.958468531944900989e-03
-9.026153512639802003e-04 2.097568484242816160e-03 -1.958468531944900989e-03
-9.026153512639802003e-04 2.097568484242816160e-03 -1.958468531944900989e-03
-9.026153512639802003e-04 2.097568484242816160e-03 -1.958468531944900989e-03
-9.026153512639802003e-04 2.097568484242816160e-03 -1.958468531944900989e-03
-9.026153512639802003e-04 2.097568484242816160e-03 -1.958468531944900989e-03
-9.026153512639802003e-04 2.097568484242816160e-03 -1.958468531944900989e-03
-9.026153512639802003e-04 2.097568484242816160e-03 -1.958468531944900989e-03
-9.026153512639802003e-04 2.097568484242816160e-03 -1.958468531944900989e-03
3.568208816293031230e-03 6.591857374904606937e-04 -1.131151072009211472e-03
3.568208816293031230e-03 6.591857374904606937e-04 -1.131151072009211472e-03
3.568208816293031230e-03 6.591857374904606937e-04 -1.131151072009211472e-03
3.568208816293031230e-03 6.591857374904606937e-04 -1.131151072009211472e-03
3.568208816293031230e-03 6.591857374904606937e-04 -1.131151072009211472e-03
3.568208816293031230e-03 6.591857374904606937e-04 -1.131151072009211472e-03
3.568208816293031230e-03 6.591857374904606937e-04 -1.131151072009211472e-03
3.568208816293031230e-03 6.591857374904606937e-04 -1.131151072009211472e-03
3.568208816293031230e-03 6.591857374904606937e-04 -1.131151072009211472e-03
3.568208816293031230e-03 6.591857374904606937e-04 -1.131151072009211472e-03
3.568208816293031230e-03 6.591857374904606937e-04 -1.131151072009211472e-03
3.568208816293031230e-03 6.591857374904606937e-04 -1.131151072009211472e-03
3.568208816293031230e-03 6.591857374904606937e-04 -1.131151072009211472e-03
3.568208816293031230e-03 6.591857374904606937e-04 -1.131151072009211472e-03
3.568208816293031230e-03 6.591857374904606937e-04 -1.131151072009211472e-03
3.568208816293031230e-03 6.591857374904606937e-04 -1.131151072009211472e-03
3.568208816293031230e-03 6.591857374904606937e-04 -1.131151072009211472e-03
3.193133795692469287e-03 1.682975289941553154e-04 -1.415502700450538623e-03
3.193133795692469287e-03 1.682975289941553154e-04 -1.415502700450538623e-03
3.193133795692469287e-03 1.682975289941553154e-04 -1.415502700450538623e-03
3.193133795692469287e-03 1.682975289941553154e-04 -1.415502700450538623e-03
3.193133795692469287e-03 1.682975289941553154e-04 -1.415502700450538623e-03
3.193133795692469287e-03 1.682975289941553154e-04 -1.415502700450538623e-03
3.193133795692469287e-03 1.682975289941553154e-04 -1.415502700450538623e-03
3.193133795692469287e-03 1.682975289941553154e-04 -1.415502700450538623e-03
3.193133795692469287e-03 1.682975289941553154e-04 -1.415502700450538623e-03
3.193133795692469287e-03 1.682975289941553154e-04 -1.415502700450538623e-03
3.193133795692469287e-03 1.682975289941553154e-04 -1.415502700450538623e-03
3.193133795692469287e-03 1.682975289941553154e-04 -1.415502700450538623e-03
3.193133795692469287e-03 1.682975289941553154e-04 -1.415502700450538623e-03
3.193133795692469287e-03 1.682975289941553154e-04 -1.415502700450538623e-03
3.193133795692469287e-03 1.682975289941553154e-04 -1.415502700450538623e-03
3.193133795692469287e-03 1.682975289941553154e-04 -1.415502700450538623e-03
3.193133795692469287e-03 1.682975289941553154e-04 -1.415502700450538623e-03
-6.418412371187072474e-05 -1.012171631321512940e-03 -1.678676203846495713e-03
-6.418412371187072474e-05 -1.012171631321512940e-03 -1.678676203846495713e-03
-6.418412371187072474e-05 -1.012171631321512940e-03 -1.678676203846495713e-03
-6.418412371187072474e-05 -1.012171631321512940e-03 -1.678676203846495713e-03
-6.418412371187072474e-05 -1.012171631321512940e-03 -1.678676203846495713e-03
-6.418412371187072474e-05 -1.012171631321512940e-03 -1.678676203846495713e-03
-6.418412371187072474e-05 -1.012171631321512940e-03 -1.678676203846495713e-03
-6.418412371187072474e-05 -1.012171631321512940e-03 -1.678676203846495713e-03
-6.418412371187072474e-05 -1.012171631321512940e-03 -1.678676203846495713e-03
-6.418412371187072474e-05 -1.012171631321512940e-03 -1.678676203846495713e-03
-6.418412371187072474e-05 -1.012171631321512940e-03 -1.678676203846495713e-03
-6.418412371187072474e-05 -1.012171631321512940e-03 -1.678676203846495713e-03
-6.418412371187072474e-05 -1.012171631321512940e-03 -1.678676203846495713e-03
-6.418412371187072474e-05 -1.012171631321512940e-03 -1.678676203846495713e-03
-6.418412371187072474e-05 -1.012171631321512940e-03 -1.678676203846495713e-03
-6.418412371187072474e-05 -1.012171631321512940e-03 -1.678676203846495713e-03
-6.418412371187072474e-05 -1.012171631321512940e-03 -1.678676203846495713e-03
-4.619207114770450262e-05 1.597519691560727456e-04 -4.019288305572299436e-03
-4.619207114770450262e-05 1.597519691560727456e-04 -4.019288305572299436e-03
-4.619207114770450262e-05 1.597519691560727456e-04 -4.019288305572299436e-03
-4.619207114770450262e-05 1.597519691560727456e-04 -4.019288305572299436e-03
-4.619207114770450262e-05 1.597519691560727456e-04 -4.019288305572299436e-03
-4.619207114770450262e-05 1.597519691560727456e-04 -4.019288305572299436e-03
-4.619207114770450262e-05 1.597519691560727456e-04 -4.019288305572299436e-03
-4.619207114770450262e-05 1.597519691560727456e-04 -4.019288305572299436e-03
-4.619207114770450262e-05 1.597519691560727456e-04 -4.019288305572299436e-03
-4.619207114770450262e-05 1.597519691560727456e-04 -4.019288305572299436e-03
-4.619207114770450262e-05 1.597519691560727456e-04 -4.019288305572299436e-03
-4.619207114770450262e-05 1.597519691560727456e-04 -4.019288305572299436e-03
-4.619207114770450262e-05 1.597519691560727456e-04 -4.019288305572299436e-03
-4.619207114770450262e-05 1.597519691560727456e-04 -4.019288305572299436e-03
-4.619207114770450262e-05 1.597519691560727456e-04 -4.019288305572299436e-03
-4.619207114770450262e-05 1.597519691560727456e-04 -4.019288305572299436e-03
-4.619207114770450262e-05 1.597519691560727456e-04 -4.019288305572299436e-03
1.960287541624242211e-03 6.309401816678830537e-03 -2.942397371640502468e-03
1.960287541624242211e-03 6.309401816678830537e-03 -2.942397371640502468e-03
1.960287541624242211e-03 6.309401816678830537e-03 -2.942397371640502468e-03
1.960287541624242211e-03 6.309401816678830537e-03 -2.942397371640502468e-03
1.960287541624242211e-03 6.309401816678830537e-03 -2.942397371640502468e-03
1.960287541624242211e-03 6.309401816678830537e-03 -2.942397371640502468e-03
1.960287541624242211e-03 6.309401816678830537e-03 -2.942397371640502468e-03
1.960287541624242211e-03 6.309401816678830537e-03 -2.942397371640502468e-03
1.960287541624242211e-03 6.309401816678830537e-03 -2.942397371640502468e-03
1.960287541624242211e-03 6.309401816678830537e-03 -2.942397371640502468e-03
1.960287541624242211e-03 6.309401816678830537e-03 -2.942397371640502468e-03
1.960287541624242211e-03 6.309401816678830537e-03 -2.942397371640502468e-03
1.960287541624242211e-03 6.309401816678830537e-03 -2.942397371640502468e-03
1.960287541624242211e-03 6.309401816678830537e-03 -2.942397371640502468e-03
1.960287541624242211e-03 6.309401816678830537e-03 -2.942397371640502468e-03
1.960287541624242211e-03 6.309401816678830537e-03 -2.942397371640502468e-03
1.960287541624242211e-03 6.309401816678830537e-03 -2.942397371640502468e-03
3.145233354902941120e-04 2.286405317340184980e-03 -3.241215449106512377e-03
3.145233354902941120e-04 2.286405317340184980e-03 -3.241215449106512377e-03
3.145233354902941120e-04 2.286405317340184980e-03 -3.241215449106512377e-03
3.145233354902941120e-04 2.286405317340184980e-03 -3.241215449106512377e-03
3.145233354902941120e-04 2.286405317340184980e-03 -3.241215449106512377e-03
3.145233354902941120e-04 2.286405317340184980e-03 -3.241215449106512377e-03
3.145233354902941120e-04 2.286405317340184980e-03 -3.241215449106512377e-03
3.145233354902941120e-04 2.286405317340184980e-03 -3.241215449106512377e-03
3.145233354902941120e-04 2.286405317340184980e-03 -3.241215449106512377e-03
3.145233354902941120e-04 2.286405317340184980e-03 -3.241215449106512377e-03
3.145233354902941120e-04 2.286405317340184980e-03 -3.241215449106512377e-03
3.145233354902941120e-04 2.286405317340184980e-03 -3.241215449106512377e-03
3.145233354902941120e-04 2.286405317340184980e-03 -3.241215449106512377e-03
3.145233354902941120e-04 2.286405317340184980e-03 -3.241215449106512377e-03
3.145233354902941120e-04 2.286405317340184980e-03 -3.241215449106512377e-03
3.145233354902941120e-04 2.286405317340184980e-03 -3.241215449106512377e-03
3.145233354902941120e-04 2.286405317340184980e-03 -3.241215449106512377e-03
-1.465458781886251269e-03 -2.183494482178006957e-03 -1.735239853097578656e-03
-1.465458781886251269e-03 -2.183494482178006957e-03 -1.735239853097578656e-03
-1.465458781886251269e-03 -2.183494482178006957e-03 -1.735239853097578656e-03
-1.465458781886251269e-03 -2.183494482178006957e-03 -1.735239853097578656e-03
-1.465458781886251269e-03 -2.183494482178006957e-03 -1.735239853097578656e-03
-1.465458781886251269e-03 -2.183494482178006957e-03 -1.735239853097578656e-03
-1.465458781886251269e-03 -2.183494482178006957e-03 -1.735239853097578656e-03
-1.465458781886251269e-03 -2.183494482178006957e-03 -1.735239853097578656e-03
-1.465458781886251269e-03 -2.183494482178006957e-03 -1.735239853097578656e-03
-1.465458781886251269e-03 -2.183494482178006957e-03 -1.735239853097578656e-03
-1.465458781886251269e-03 -2.183494482178006957e-03 -1.735239853097578656e-03
-1.465458781886251269e-03 -2.183494482178006957e-03 -1.735239853097578656e-03
-1.465458781886251269e-03 -2.183494482178006957e-03 -1.735239853097578656e-03
-1.465458781886251269e-03 -2.183494482178006957e-03 -1.735239853097578656e-03
-1.465458781886251269e-03 -2.183494482178006957e-03 -1.735239853097578656e-03
-1.465458781886251269e-03 -2.183494482178006957e-03 -1.735239853097578656e-03
-1.465458781886251269e-03 -2.183494482178006957e-03 -1.735239853097578656e-03
-5.385013392527270362e-03 -5.348133835482653253e-03 -5.368522225081980535e-03
-5.385013392527270362e-03 -5.348133835482653253e-03 -5.368522225081980535e-03
-5.385013392527270362e-03 -5.348133835482653253e-03 -5.368522225081980535e-03
-5.385013392527270362e-03 -5.348133835482653253e-03 -5.368522225081980535e-03
-5.385013392527270362e-03 -5.348133835482653253e-03 -5.368522225081980535e-03
-5.385013392527270362e-03 -5.348133835482653253e-03 -5.368522225081980535e-03
-5.385013392527270362e-03 -5.348133835482653253e-03 -5.368522225081980535e-03
-5.385013392527270362e-03 -5.348133835482653253e-03 -5.368522225081980535e-03
-5.385013392527270362e-03 -5.348133835482653253e-03 -5.368522225081980535e-03
-5.385013392527270362e-03 -5.348133835482653253e-03 -5.368522225081980535e-03
-5.385013392527270362e-03 -5.348133835482653253e-03 -5.368522225081980535e-03
-5.385013392527270362e-03 -5.348133835482653253e-03 -5.368522225081980535e-03
-5.385013392527270362e-03 -5.348133835482653253e-03 -5.368522225081980535e-03
-5.385013392527270362e-03 -5.348133835482653253e-03 -5.368522225081980535e-03
-5.385013392527270362e-03 -5.348133835482653253e-03 -5.368522225081980535e-03
-5.385013392527270362e-03 -5.348133835482653253e-03 -5.368522225081980535e-03
-5.385013392527270362e-03 -5.348133835482653253e-03 -5.368522225081980535e-03
-8.732506273153510350e-05 -1.646293756910688702e-03 -2.149621244913784562e-03
-8.732506273153510350e-05 -1.646293756910688702e-03 -2.149621244913784562e-03
-8.732506273153510350e-05 -1.646293756910688702e-03 -2.149621244913784562e-03
-8.732506273153510350e-05 -1.646293756910688702e-03 -2.149621244913784562e-03
-8.732506273153510350e-05 -1.646293756910688702e-03 -2.149621244913784562e-03
-8.732506273153510350e-05 -1.646293756910688702e-03 -2.149621244913784562e-03
-8.732506273153510350e-05 -1.646293756910688702e-03 -2.149621244913784562e-03
-8.732506273153510350e-05 -1.646293756910688702e-03 -2.149621244913784562e-03
-8.732506273153510350e-05 -1.646293756910688702e-03 -2.149621244913784562e-03
-8.732506273153510350e-05 -1.646293756910688702e-03 -2.149621244913784562e-03
-8.732506273153510350e-05 -1.646293756910688702e-03 -2.149621244913784562e-03
-8.732506273153510350e-05 -1.646293756910688702e-03 -2.149621244913784562e-03
-8.732506273153510350e-05 -1.646293756910688702e-03 -2.149621244913784562e-03
-8.732506273153510350e-05 -1.646293756910688702e-03 -2.149621244913784562e-03
-8.732506273153510350e-05 -1.646293756910688702e-03 -2.149621244913784562e-03
-8.732506273153510350e-05 -1.646293756910688702e-03 -2.149621244913784562e-03
-8.732506273153510350e-05 -1.646293756910688702e-03 -2.149621244913784562e-03
2.560007489975948264e-03 1.748009837431336970e-03 -1.076957968565781312e-03
2.560007489975948264e-03 1.748009837431336970e-03 -1.076957968565781312e-03
2.560007489975948264e-03 1.748009837431336970e-03 -1.076957968565781312e-03
2.560007489975948264e-03 1.748009837431336970e-03 -1.076957968565781312e-03
2.560007489975948264e-03 1.748009837431336970e-03 -1.076957968565781312e-03
2.560007489975948264e-03 1.748009837431336970e-03 -1.076957968565781312e-03
2.560007489975948264e-03 1.748009837431336970e-03 -1.076957968565781312e-03
2.560007489975948264e-03 1.748009837431336970e-03 -1.076957968565781312e-03
2.560007489975948264e-03 1.748009837431336970e-03 -1.076957968565781312e-03
2.560007489975948264e-03 1.748009837431336970e-03 -1.076957968565781312e-03
2.560007489975948264e-03 1.748009837431336970e-03 -1.076957968565781312e-03
2.560007489975948264e-03 1.748009837431336970e-03 -1.076957968565781312e-03
2.560007489975948264e-03 1.748009837431336970e-03 -1.076957968565781312e-03
2.560007489975948264e-03 1.748009837431336970e-03 -1.076957968565781312e-03
2.560007489975948264e-03 1.748009837431336970e-03 -1.076957968565781312e-03
2.560007489975948264e-03 1.748009837431336970e-03 -1.076957968565781312e-03
2.560007489975948264e-03 1.748009837431336970e-03 -1.076957968565781312e-03
2.280730279127122367e-03 4.981735357464116623e-03 -1.880401115902530923e-03
2.280730279127122367e-03 4.981735357464116623e-03 -1.880401115902530923e-03
2.280730279127122367e-03 4.981735357464116623e-03 -1.880401115902530923e-03
2.280730279127122367e-03 4.981735357464116623e-03 -1.880401115902530923e-03
2.280730279127122367e-03 4.981735357464116623e-03 -1.880401115902530923e-03
2.280730279127122367e-03 4.981735357464116623e-03 -1.880401115902530923e-03
2.280730279127122367e-03 4.981735357464116623e-03 -1.880401115902530923e-03
2.280730279127122367e-03 4.981735357464116623e-03 -1.880401115902530923e-03
2.280730279127122367e-03 4.981735357464116623e-03 -1.880401115902530923e-03
2.280730279127122367e-03 4.981735357464116623e-03 -1.880401115902530923e-03
2.280730279127122367e-03 4.981735357464116623e-03 -1.880401115902530923e-03
2.280730279127122367e-03 4.981735357464116623e-03 -1.880401115902530923e-03
2.280730279127122367e-03 4.981735357464116623e-03 -1.880401115902530923e-03
2.280730279127122367e-03 4.981735357464116623e-03 -1.880401115902530923e-03
2.280730279127122367e-03 4.981735357464116623e-03 -1.880401115902530923e-03
2.280730279127122367e-03 4.981735357464116623e-03 -1.880401115902530923e-03
2.280730279127122367e-03 4.981735357464116623e-03 -1.880401115902530923e-03
-1.566953836598787911e-03 -2.754511229734656064e-03 -4.659696114116866628e-03
-1.566953836598787911e-03 -2.754511229734656064e-03 -4.659696114116866628e-03
-1.566953836598787911e-03 -2.754511229734656064e-03 -4.659696114116866628e-03
-1.566953836598787911e-03 -2.754511229734656064e-03 -4.659696114116866628e-03
-1.566953836598787911e-03 -2.754511229734656064e-03 -4.659696114116866628e-03
-1.566953836598787911e-03 -2.754511229734656064e-03 -4.659696114116866628e-03
-1.566953836598787911e-03 -2.754511229734656064e-03 -4.659696114116866628e-03
-1.566953836598787911e-03 -2.754511229734656064e-03 -4.659696114116866628e-03
-1.566953836598787911e-03 -2.754511229734656064e-03 -4.659696114116866628e-03
-1.566953836598787911e-03 -2.754511229734656064e-03 -4.659696114116866628e-03
-1.566953836598787911e-03 -2.754511229734656064e-03 -4.659696114116866628e-03
-1.566953836598787911e-03 -2.754511229734656064e-03 -4.659696114116866628e-03
-1.566953836598787911e-03 -2.754511229734656064e-03 -4.659696114116866628e-03
-1.566953836598787911e-03 -2.754511229734656064e-03 -4.659696114116866628e-03
-1.566953836598787911e-03 -2.754511229734656064e-03 -4.659696114116866628e-03
-1.566953836598787911e-03 -2.754511229734656064e-03 -4.659696114116866628e-03
-1.566953836598787911e-03 -2.754511229734656064e-03 -4.659696114116866628e-03
