6.078817570948210833e-04 -1.259172245581039254e-03 -3.578092257799118589e-03
6.078817570948210833e-04 -1.259172245581039254e-03 -3.578092257799118589e-03
6.078817570948210833e-04 -1.259172245581039254e-03 -3.578092257799118589e-03
6.078817570948210833e-04 -1.259172245581039254e-03 -3.578092257799118589e-03
6.078817570948210833e-04 -1.259172245581039254e-03 -3.578092257799118589e-03
6.078817570948210833e-04 -1.259172245581039254e-03 -3.578092257799118589e-03
6.078817570948210833e-04 -1.259172245581039254e-03 -3.578092257799118589e-03
6.078817570948210833e-04 -1.259172245581039254e-03 -3.578092257799118589e-03
6.078817570948210833e-04 -1.259172245581039254e-03 -3.578092257799118589e-03
6.078817570948210833e-04 -1.259172245581039254e-03 -3.578092257799118589e-03
6.078817570948210833e-04 -1.259172245581039254e-03 -3.578092257799118589e-03
6.078817570948210833e-04 -1.259172245581039254e-03 -3.578092257799118589e-03
6.078817570948210833e-04 -1.259172245581039254e-03 -3.578092257799118589e-03
6.078817570948210833e-04 -1.259172245581039254e-03 -3.578092257799118589e-03
6.078817570948210833e-04 -1.259172245581039254e-03 -3.578092257799118589e-03
6.078817570948210833e-04 -1.259172245581039254e-03 -3.578092257799118589e-03
6.078817570948210833e-04 -1.259172245581039254e-03 -3.578092257799118589e-03
1.050206065015034732e-03 -2.169085512068801708e-03 -3.831550303035061861e-03
1.050206065015034732e-03 -2.169085512068801708e-03 -3.831550303035061861e-03
1.050206065015034732e-03 -2.169085512068801708e-03 -3.831550303035061861e-03
1.050206065015034732e-03 -2.169085512068801708e-03 -3.831550303035061861e-03
1.050206065015034732e-03 -2.169085512068801708e-03 -3.831550303035061861e-03
1.050206065015034732e-03 -2.169085512068801708e-03 -3.831550303035061861e-03
1.050206065015034732e-03 -2.169085512068801708e-03 -3.831550303035061861e-03
1.050206065015034732e-03 -2.169085512068801708e-03 -3.831550303035061861e-03
1.050206065015034732e-03 -2.169085512068801708e-03 -3.831550303035061861e-03
1.050206065015034732e-03 -2.169085512068801708e-03 -3.831550303035061861e-03
1.050206065015034732e-03 -2.169085512068801708e-03 -3.831550303035061861e-03
1.050206065015034732e-03 -2.169085512068801708e-03 -3.831550303035061861e-03
1.050206065015034732e-03 -2.169085512068801708e-03 -3.831550303035061861e-03
1.050206065015034732e-03 -2.169085512068801708e-03 -3.831550303035061861e-03
1.050206065015034732e-03 -2.169085512068801708e-03 -3.831550303035061861e-03
1.050206065015034732e-03 -2.169085512068801708e-03 -3.831550303035061861e-03
1.050206065015034732e-03 -2.169085512068801708e-03 -3.831550303035061861e-03
4.229481658233891217e-04 -1.157808586485504880e-03 -3.288150703101731451e-03
4.229481658233891217e-04 -1.157808586485504880e-03 -3.288150703101731451e-03
4.229481658233891217e-04 -1.157808586485504880e-03 -3.288150703101731451e-03
4.229481658233891217e-04 -1.157808586485504880e-03 -3.288150703101731451e-03
4.229481658233891217e-04 -1.157808586485504880e-03 -3.288150703101731451e-03
4.229481658233891217e-04 -1.157808586485504880e-03 -3.288150703101731451e-03
4.229481658233891217e-04 -1.157808586485504880e-03 -3.288150703101731451e-03
4.229481658233891217e-04 -1.157808586485504880e-03 -3.288150703101731451e-03
4.229481658233891217e-04 -1.157808586485504880e-03 -3.288150703101731451e-03
4.229481658233891217e-04 -1.157808586485504880e-03 -3.288150703101731451e-03
4.229481658233891217e-04 -1.157808586485504880e-03 -3.288150703101731451e-03
4.229481658233891217e-04 -1.157808586485504880e-03 -3.288150703101731451e-03
4.229481658233891217e-04 -1.157808586485504880e-03 -3.288150703101731451e-03
4.229481658233891217e-04 -1.157808586485504880e-03 -3.288150703101731451e-03
4.229481658233891217e-04 -1.157808586485504880e-03 -3.288150703101731451e-03
4.229481658233891217e-04 -1.157808586485504880e-03 -3.288150703101731451e-03
4.229481658233891217e-04 -1.157808586485504880e-03 -3.288150703101731451e-03
8.552170398334543733e-04 -1.354525448890638289e-03 -3.456072914151177636e-03
8.552170398334543733e-04 -1.354525448890638289e-03 -3.456072914151177636e-03
8.552170398334543733e-04 -1.354525448890638289e-03 -3.456072914151177636e-03
8.552170398334543733e-04 -1.354525448890638289e-03 -3.456072914151177636e-03
8.552170398334543733e-04 -1.354525448890638289e-03 -3.456072914151177636e-03
8.552170398334543733e-04 -1.354525448890638289e-03 -3.456072914151177636e-03
8.552170398334543733e-04 -1.354525448890638289e-03 -3.456072914151177636e-03
8.552170398334543733e-04 -1.354525448890638289e-03 -3.456072914151177636e-03
8.552170398334543733e-04 -1.354525448890638289e-03 -3.456072914151177636e-03
8.552170398334543733e-04 -1.354525448890638289e-03 -3.456072914151177636e-03
8.552170398334543733e-04 -1.354525448890638289e-03 -3.456072914151177636e-03
8.552170398334543733e-04 -1.354525448890638289e-03 -3.456072914151177636e-03
8.552170398334543733e-04 -1.354525448890638289e-03 -3.456072914151177636e-03
8.552170398334543733e-04 -1.354525448890638289e-03 -3.456072914151177636e-03
8.552170398334543733e-04 -1.354525448890638289e-03 -3.456072914151177636e-03
8.552170398334543733e-04 -1.354525448890638289e-03 -3.456072914151177636e-03
8.552170398334543733e-04 -1.354525448890638289e-03 -3.456072914151177636e-03
9.399451416007087792e-04 -1.122662483563501706e-03 -3.801379781064134072e-03
9.399451416007087792e-04 -1.122662483563501706e-03 -3.801379781064134072e-03
9.399451416007087792e-04 -1.122662483563501706e-03 -3.801379781064134072e-03
9.399451416007087792e-04 -1.122662483563501706e-03 -3.801379781064134072e-03
9.399451416007087792e-04 -1.122662483563501706e-03 -3.801379781064134072e-03
9.399451416007087792e-04 -1.122662483563501706e-03 -3.801379781064134072e-03
9.399451416007087792e-04 -1.122662483563501706e-03 -3.801379781064134072e-03
9.399451416007087792e-04 -1.122662483563501706e-03 -3.801379781064134072e-03
9.399451416007087792e-04 -1.122662483563501706e-03 -3.801379781064134072e-03
9.399451416007087792e-04 -1.122662483563501706e-03 -3.801379781064134072e-03
9.399451416007087792e-04 -1.122662483563501706e-03 -3.801379781064134072e-03
9.399451416007087792e-04 -1.122662483563501706e-03 -3.801379781064134072e-03
9.399451416007087792e-04 -1.122662483563501706e-03 -3.801379781064134072e-03
9.399451416007087792e-04 -1.122662483563501706e-03 -3.801379781064134072e-03
9.399451416007087792e-04 -1.122662483563501706e-03 -3.801379781064134072e-03
9.399451416007087792e-04 -1.122662483563501706e-03 -3.801379781064134072e-03
9.399451416007087792e-04 -1.122662483563501706e-03 -3.801379781064134072e-03
5.355018933110443531e-04 -1.187884242323003839e-03 -3.569370063564784173e-03
5.355018933110443531e-04 -1.187884242323003839e-03 -3.569370063564784173e-03
5.355018933110443531e-04 -1.187884242323003839e-03 -3.569370063564784173e-03
5.355018933110443531e-04 -1.187884242323003839e-03 -3.569370063564784173e-03
5.355018933110443531e-04 -1.187884242323003839e-03 -3.569370063564784173e-03
5.355018933110443531e-04 -1.187884242323003839e-03 -3.569370063564784173e-03
5.355018933110443531e-04 -1.187884242323003839e-03 -3.569370063564784173e-03
5.355018933110443531e-04 -1.187884242323003839e-03 -3.569370063564784173e-03
5.355018933110443531e-04 -1.187884242323003839e-03 -3.569370063564784173e-03
5.355018933110443531e-04 -1.187884242323003839e-03 -3.569370063564784173e-03
5.355018933110443531e-04 -1.187884242323003839e-03 -3.569370063564784173e-03
5.355018933110443531e-04 -1.187884242323003839e-03 -3.569370063564784173e-03
5.355018933110443531e-04 -1.187884242323003839e-03 -3.569370063564784173e-03
5.355018933110443531e-04 -1.187884242323003839e-03 -3.569370063564784173e-03
5.355018933110443531e-04 -1.187884242323003839e-03 -3.569370063564784173e-03
5.355018933110443531e-04 -1.187884242323003839e-03 -3.569370063564784173e-03
5.355018933110443531e-04 -1.187884242323003839e-03 -3.569370063564784173e-03
7.841001520016502302e-04 -1.303125883325385523e-03 -3.707430087229967447e-03
7.841001520016502302e-04 -1.303125883325385523e-03 -3.707430087229967447e-03
7.841001520016502302e-04 -1.303125883325385523e-03 -3.707430087229967447e-03
7.841001520016502302e-04 -1.303125883325385523e-03 -3.707430087229967447e-03
7.841001520016502302e-04 -1.303125883325385523e-03 -3.707430087229967447e-03
7.841001520016502302e-04 -1.303125883325385523e-03 -3.707430087229967447e-03
7.841001520016502302e-04 -1.303125883325385523e-03 -3.707430087229967447e-03
7.841001520016502302e-04 -1.303125883325385523e-03 -3.707430087229967447e-03
7.841001520016502302e-04 -1.303125883325385523e-03 -3.707430087229967447e-03
7.841001520016502302e-04 -1.303125883325385523e-03 -3.707430087229967447e-03
7.841001520016502302e-04 -1.303125883325385523e-03 -3.707430087229967447e-03
7.841001520016502302e-04 -1.303125883325385523e-03 -3.707430087229967447e-03
7.841001520016502302e-04 -1.303125883325385523e-03 -3.707430087229967447e-03
7.841001520016502302e-04 -1.303125883325385523e-03 -3.707430087229967447e-03
7.841001520016502302e-04 -1.303125883325385523e-03 -3.707430087229967447e-03
7.841001520016502302e-04 -1.303125883325385523e-03 -3.707430087229967447e-03
7.841001520016502302e-04 -1.303125883325385523e-03 -3.707430087229967447e-03
8.095427779551776087e-04 -1.654254981434996608e-03 -3.206181111627480051e-03
8.095427779551776087e-04 -1.654254981434996608e-03 -3.206181111627480051e-03
8.095427779551776087e-04 -1.654254981434996608e-03 -3.206181111627480051e-03
8.095427779551776087e-04 -1.654254981434996608e-03 -3.206181111627480051e-03
8.095427779551776087e-04 -1.654254981434996608e-03 -3.206181111627480051e-03
8.095427779551776087e-04 -1.654254981434996608e-03 -3.206181111627480051e-03
8.095427779551776087e-04 -1.654254981434996608e-03 -3.206181111627480051e-03
8.095427779551776087e-04 -1.654254981434996608e-03 -3.206181111627480051e-03
8.095427779551776087e-04 -1.654254981434996608e-03 -3.206181111627480051e-03
8.095427779551776087e-04 -1.654254981434996608e-03 -3.206181111627480051e-03
8.095427779551776087e-04 -1.654254981434996608e-03 -3.206181111627480051e-03
8.095427779551776087e-04 -1.654254981434996608e-03 -3.206181111627480051e-03
8.095427779551776087e-04 -1.654254981434996608e-03 -3.206181111627480051e-03
8.095427779551776087e-04 -1.654254981434996608e-03 -3.206181111627480051e-03
8.095427779551776087e-04 -1.654254981434996608e-03 -3.206181111627480051e-03
8.095427779551776087e-04 -1.654254981434996608e-03 -3.206181111627480051e-03
8.095427779551776087e-04 -1.654254981434996608e-03 -3.206181111627480051e-03
9.880862214816880235e-04 -1.101943131148235260e-03 -3.781032934260046205e-03
9.880862214816880235e-04 -1.101943131148235260e-03 -3.781032934260046205e-03
9.880862214816880235e-04 -1.101943131148235260e-03 -3.781032934260046205e-03
9.880862214816880235e-04 -1.101943131148235260e-03 -3.781032934260046205e-03
9.880862214816880235e-04 -1.101943131148235260e-03 -3.781032934260046205e-03
9.880862214816880235e-04 -1.101943131148235260e-03 -3.781032934260046205e-03
9.880862214816880235e-04 -1.101943131148235260e-03 -3.781032934260046205e-03
9.880862214816880235e-04 -1.101943131148235260e-03 -3.781032934260046205e-03
9.880862214816880235e-04 -1.101943131148235260e-03 -3.781032934260046205e-03
9.880862214816880235e-04 -1.101943131148235260e-03 -3.781032934260046205e-03
9.880862214816880235e-04 -1.101943131148235260e-03 -3.781032934260046205e-03
9.880862214816880235e-04 -1.101943131148235260e-03 -3.781032934260046205e-03
9.880862214816880235e-04 -1.101943131148235260e-03 -3.781032934260046205e-03
9.880862214816880235e-04 -1.101943131148235260e-03 -3.781032934260046205e-03
9.880862214816880235e-04 -1.101943131148235260e-03 -3.781032934260046205e-03
9.880862214816880235e-04 -1.101943131148235260e-03 -3.781032934260046205e-03
9.880862214816880235e-04 -1.101943131148235260e-03 -3.781032934260046205e-03
9.393063409291850518e-04 -1.383341753433766502e-03 -3.789023173068124806e-03
9.393063409291850518e-04 -1.383341753433766502e-03 -3.789023173068124806e-03
9.393063409291850518e-04 -1.383341753433766502e-03 -3.789023173068124806e-03
9.393063409291850518e-04 -1.383341753433766502e-03 -3.789023173068124806e-03
9.393063409291850518e-04 -1.383341753433766502e-03 -3.789023173068124806e-03
9.393063409291850518e-04 -1.383341753433766502e-03 -3.789023173068124806e-03
9.393063409291850518e-04 -1.383341753433766502e-03 -3.789023173068124806e-03
9.393063409291850518e-04 -1.383341753433766502e-03 -3.789023173068124806e-03
9.393063409291850518e-04 -1.383341753433766502e-03 -3.789023173068124806e-03
9.393063409291850518e-04 -1.383341753433766502e-03 -3.789023173068124806e-03
9.393063409291850518e-04 -1.383341753433766502e-03 -3.789023173068124806e-03
9.393063409291850518e-04 -1.383341753433766502e-03 -3.789023173068124806e-03
9.393063409291850518e-04 -1.383341753433766502e-03 -3.789023173068124806e-03
9.393063409291850518e-04 -1.383341753433766502e-03 -3.789023173068124806e-03
9.393063409291850518e-04 -1.383341753433766502e-03 -3.789023173068124806e-03
9.393063409291850518e-04 -1.383341753433766502e-03 -3.789023173068124806e-03
9.393063409291850518e-04 -1.383341753433766502e-03 -3.789023173068124806e-03
4.433098750614514888e-04 -1.008164264356325220e-03 -3.572472378679036192e-03
4.433098750614514888e-04 -1.008164264356325220e-03 -3.572472378679036192e-03
4.433098750614514888e-04 -1.008164264356325220e-03 -3.572472378679036192e-03
4.433098750614514888e-04 -1.008164264356325220e-03 -3.572472378679036192e-03
4.433098750614514888e-04 -1.008164264356325220e-03 -3.572472378679036192e-03
4.433098750614514888e-04 -1.008164264356325220e-03 -3.572472378679036192e-03
4.433098750614514888e-04 -1.008164264356325220e-03 -3.572472378679036192e-03
4.433098750614514888e-04 -1.008164264356325220e-03 -3.572472378679036192e-03
4.433098750614514888e-04 -1.008164264356325220e-03 -3.572472378679036192e-03
4.433098750614514888e-04 -1.008164264356325220e-03 -3.572472378679036192e-03
4.433098750614514888e-04 -1.008164264356325220e-03 -3.572472378679036192e-03
4.433098750614514888e-04 -1.008164264356325220e-03 -3.572472378679036192e-03
4.433098750614514888e-04 -1.008164264356325220e-03 -3.572472378679036192e-03
4.433098750614514888e-04 -1.008164264356325220e-03 -3.572472378679036192e-03
4.433098750614514888e-04 -1.008164264356325220e-03 -3.572472378679036192e-03
4.433098750614514888e-04 -1.008164264356325220e-03 -3.572472378679036192e-03
4.433098750614514888e-04 -1.008164264356325220e-03 -3.572472378679036192e-03
8.528480081950902403e-04 -1.134944316207571989e-03 -3.191719708024436802e-03
8.528480081950902403e-04 -1.134944316207571989e-03 -3.191719708024436802e-03
8.528480081950902403e-04 -1.134944316207571989e-03 -3.191719708024436802e-03
8.528480081950902403e-04 -1.134944316207571989e-03 -3.191719708024436802e-03
8.528480081950902403e-04 -1.134944316207571989e-03 -3.191719708024436802e-03
8.528480081950902403e-04 -1.134944316207571989e-03 -3.191719708024436802e-03
8.528480081950902403e-04 -1.134944316207571989e-03 -3.191719708024436802e-03
8.528480081950902403e-04 -1.134944316207571989e-03 -3.191719708024436802e-03
8.528480081950902403e-04 -1.134944316207571989e-03 -3.191719708024436802e-03
8.528480081950902403e-04 -1.134944316207571989e-03 -3.191719708024436802e-03
8.528480081950902403e-04 -1.134944316207571989e-03 -3.191719708024436802e-03
8.528480081950902403e-04 -1.134944316207571989e-03 -3.191719708024436802e-03
8.528480081950902403e-04 -1.134944316207571989e-03 -3.191719708024436802e-03
8.528480081950902403e-04 -1.134944316207571989e-03 -3.191719708024436802e-03
8.528480081950902403e-04 -1.134944316207571989e-03 -3.191719708024436802e-03
8.528480081950902403e-04 -1.134944316207571989e-03 -3.191719708024436802e-03
8.528480081950902403e-04 -1.134944316207571989e-03 -3.191719708024436802e-03
1.010364767114324894e-03 -1.654311253963827721e-03 -3.113830738840188406e-03
1.010364767114324894e-03 -1.654311253963827721e-03 -3.113830738840188406e-03
1.010364767114324894e-03 -1.654311253963827721e-03 -3.113830738840188406e-03
1.010364767114324894e-03 -1.654311253963827721e-03 -3.113830738840188406e-03
1.010364767114324894e-03 -1.654311253963827721e-03 -3.113830738840188406e-03
1.010364767114324894e-03 -1.654311253963827721e-03 -3.113830738840188406e-03
1.010364767114324894e-03 -1.654311253963827721e-03 -3.113830738840188406e-03
1.010364767114324894e-03 -1.654311253963827721e-03 -3.113830738840188406e-03
1.010364767114324894e-03 -1.654311253963827721e-03 -3.113830738840188406e-03
1.010364767114324894e-03 -1.654311253963827721e-03 -3.113830738840188406e-03
1.010364767114324894e-03 -1.654311253963827721e-03 -3.113830738840188406e-03
1.010364767114324894e-03 -1.654311253963827721e-03 -3.113830738840188406e-03
1.010364767114324894e-03 -1.654311253963827721e-03 -3.113830738840188406e-03
1.010364767114324894e-03 -1.654311253963827721e-03 -3.113830738840188406e-03
1.010364767114324894e-03 -1.654311253963827721e-03 -3.113830738840188406e-03
1.010364767114324894e-03 -1.654311253963827721e-03 -3.113830738840188406e-03
1.010364767114324894e-03 -1.654311253963827721e-03 -3.113830738840188406e-03
