-2.887751630564236276e-04 9.822506832356421580e-04 -5.610012364034582151e-04
-2.887751630564236276e-04 9.822506832356421580e-04 -5.610012364034582151e-04
-2.887751630564236276e-04 9.822506832356421580e-04 -5.610012364034582151e-04
-2.887751630564236276e-04 9.822506832356421580e-04 -5.610012364034582151e-04
-2.887751630564236276e-04 9.822506832356421580e-04 -5.610012364034582151e-04
-2.887751630564236276e-04 9.822506832356421580e-04 -5.610012364034582151e-04
-2.887751630564236276e-04 9.822506832356421580e-04 -5.610012364034582151e-04
-2.887751630564236276e-04 9.822506832356421580e-04 -5.610012364034582151e-04
-2.887751630564236276e-04 9.822506832356421580e-04 -5.610012364034582151e-04
-2.887751630564236276e-04 9.822506832356421580e-04 -5.610012364034582151e-04
-2.887751630564236276e-04 9.822506832356421580e-04 -5.610012364034582151e-04
-2.887751630564236276e-04 9.822506832356421580e-04 -5.610012364034582151e-04
-2.887751630564236276e-04 9.822506832356421580e-04 -5.610012364034582151e-04
-2.887751630564236276e-04 9.822506832356421580e-04 -5.610012364034582151e-04
-2.887751630564236276e-04 9.822506832356421580e-04 -5.610012364034582151e-04
-2.887751630564236276e-04 9.822506832356421580e-04 -5.610012364034582151e-04
-2.887751630564236276e-04 9.822506832356421580e-04 -5.610012364034582151e-04
9.251040712476557223e-04 -3.050136760834805394e-02 -6.084548757389193416e-04
9.251040712476557223e-04 -3.050136760834805394e-02 -6.084548757389193416e-04
9.251040712476557223e-04 -3.050136760834805394e-02 -6.084548757389193416e-04
9.251040712476557223e-04 -3.050136760834805394e-02 -6.084548757389193416e-04
9.251040712476557223e-04 -3.050136760834805394e-02 -6.084548757389193416e-04
9.251040712476557223e-04 -3.050136760834805394e-02 -6.084548757389193416e-04
9.251040712476557223e-04 -3.050136760834805394e-02 -6.084548757389193416e-04
9.251040712476557223e-04 -3.050136760834805394e-02 -6.084548757389193416e-04
9.251040712476557223e-04 -3.050136760834805394e-02 -6.084548757389193416e-04
9.251040712476557223e-04 -3.050136760834805394e-02 -6.084548757389193416e-04
9.251040712476557223e-04 -3.050136760834805394e-02 -6.084548757389193416e-04
9.623723956273628685e-04 -5.159589655007496001e-02 -7.139275250387124277e-04
9.623723956273628685e-04 -5.159589655007496001e-02 -7.139275250387124277e-04
9.623723956273628685e-04 -5.159589655007496001e-02 -7.139275250387124277e-04
9.623723956273628685e-04 -5.159589655007496001e-02 -7.139275250387124277e-04
9.623723956273628685e-04 -5.159589655007496001e-02 -7.139275250387124277e-04
9.623723956273628685e-04 -5.159589655007496001e-02 -7.139275250387124277e-04
9.623723956273628685e-04 -5.159589655007496001e-02 -7.139275250387124277e-04
9.623723956273628685e-04 -5.159589655007496001e-02 -7.139275250387124277e-04
9.623723956273628685e-04 -5.159589655007496001e-02 -7.139275250387124277e-04
9.623723956273628685e-04 -5.159589655007496001e-02 -7.139275250387124277e-04
9.623723956273628685e-04 -5.159589655007496001e-02 -7.139275250387124277e-04
9.623723956273628685e-04 -5.159589655007496001e-02 -7.139275250387124277e-04
9.623723956273628685e-04 -5.159589655007496001e-02 -7.139275250387124277e-04
9.623723956273628685e-04 -5.159589655007496001e-02 -7.139275250387124277e-04
9.623723956273628685e-04 -5.159589655007496001e-02 -7.139275250387124277e-04
9.623723956273628685e-04 -5.159589655007496001e-02 -7.139275250387124277e-04
9.623723956273628685e-04 -5.159589655007496001e-02 -7.139275250387124277e-04
-5.481182973534372282e-04 5.357046419351892477e-03 1.701265180109835448e-04
-5.481182973534372282e-04 5.357046419351892477e-03 1.701265180109835448e-04
-5.481182973534372282e-04 5.357046419351892477e-03 1.701265180109835448e-04
-5.481182973534372282e-04 5.357046419351892477e-03 1.701265180109835448e-04
-5.481182973534372282e-04 5.357046419351892477e-03 1.701265180109835448e-04
-5.481182973534372282e-04 5.357046419351892477e-03 1.701265180109835448e-04
-5.481182973534372282e-04 5.357046419351892477e-03 1.701265180109835448e-04
-5.481182973534372282e-04 5.357046419351892477e-03 1.701265180109835448e-04
-5.481182973534372282e-04 5.357046419351892477e-03 1.701265180109835448e-04
-5.481182973534372282e-04 5.357046419351892477e-03 1.701265180109835448e-04
-5.481182973534372282e-04 5.357046419351892477e-03 1.701265180109835448e-04
-5.481182973534372282e-04 5.357046419351892477e-03 1.701265180109835448e-04
-5.481182973534372282e-04 5.357046419351892477e-03 1.701265180109835448e-04
-5.481182973534372282e-04 5.357046419351892477e-03 1.701265180109835448e-04
-5.481182973534372282e-04 5.357046419351892477e-03 1.701265180109835448e-04
-5.481182973534372282e-04 5.357046419351892477e-03 1.701265180109835448e-04
-5.481182973534372282e-04 5.357046419351892477e-03 1.701265180109835448e-04
1.026541742142177312e-03 -5.744447887495646166e-02 -3.574592724655538834e-04
1.026541742142177312e-03 -5.744447887495646166e-02 -3.574592724655538834e-04
1.026541742142177312e-03 -5.744447887495646166e-02 -3.574592724655538834e-04
1.026541742142177312e-03 -5.744447887495646166e-02 -3.574592724655538834e-04
1.026541742142177312e-03 -5.744447887495646166e-02 -3.574592724655538834e-04
1.026541742142177312e-03 -5.744447887495646166e-02 -3.574592724655538834e-04
1.026541742142177312e-03 -5.744447887495646166e-02 -3.574592724655538834e-04
1.026541742142177312e-03 -5.744447887495646166e-02 -3.574592724655538834e-04
1.026541742142177312e-03 -5.744447887495646166e-02 -3.574592724655538834e-04
1.026541742142177312e-03 -5.744447887495646166e-02 -3.574592724655538834e-04
1.026541742142177312e-03 -5.744447887495646166e-02 -3.574592724655538834e-04
1.026541742142177312e-03 -5.744447887495646166e-02 -3.574592724655538834e-04
1.026541742142177312e-03 -5.744447887495646166e-02 -3.574592724655538834e-04
1.026541742142177312e-03 -5.744447887495646166e-02 -3.574592724655538834e-04
1.026541742142177312e-03 -5.744447887495646166e-02 -3.574592724655538834e-04
1.026541742142177312e-03 -5.744447887495646166e-02 -3.574592724655538834e-04
1.026541742142177312e-03 -5.744447887495646166e-02 -3.574592724655538834e-04
3.933861623735997182e-04 -4.279557073119274330e-02 -9.112233556698981149e-04
3.933861623735997182e-04 -4.279557073119274330e-02 -9.112233556698981149e-04
3.933861623735997182e-04 -4.279557073119274330e-02 -9.112233556698981149e-04
3.933861623735997182e-04 -4.279557073119274330e-02 -9.112233556698981149e-04
3.933861623735997182e-04 -4.279557073119274330e-02 -9.112233556698981149e-04
3.933861623735997182e-04 -4.279557073119274330e-02 -9.112233556698981149e-04
3.933861623735997182e-04 -4.279557073119274330e-02 -9.112233556698981149e-04
3.933861623735997182e-04 -4.279557073119274330e-02 -9.112233556698981149e-04
3.933861623735997182e-04 -4.279557073119274330e-02 -9.112233556698981149e-04
3.933861623735997182e-04 -4.279557073119274330e-02 -9.112233556698981149e-04
3.933861623735997182e-04 -4.279557073119274330e-02 -9.112233556698981149e-04
3.933861623735997182e-04 -4.279557073119274330e-02 -9.112233556698981149e-04
3.933861623735997182e-04 -4.279557073119274330e-02 -9.112233556698981149e-04
3.933861623735997182e-04 -4.279557073119274330e-02 -9.112233556698981149e-04
3.933861623735997182e-04 -4.279557073119274330e-02 -9.112233556698981149e-04
3.933861623735997182e-04 -4.279557073119274330e-02 -9.112233556698981149e-04
3.933861623735997182e-04 -4.279557073119274330e-02 -9.112233556698981149e-04
1.445877230042035694e-03 -5.192675663924915114e-02 -6.401821546415777456e-04
1.445877230042035694e-03 -5.192675663924915114e-02 -6.401821546415777456e-04
1.445877230042035694e-03 -5.192675663924915114e-02 -6.401821546415777456e-04
1.445877230042035694e-03 -5.192675663924915114e-02 -6.401821546415777456e-04
1.445877230042035694e-03 -5.192675663924915114e-02 -6.401821546415777456e-04
1.445877230042035694e-03 -5.192675663924915114e-02 -6.401821546415777456e-04
1.445877230042035694e-03 -5.192675663924915114e-02 -6.401821546415777456e-04
1.445877230042035694e-03 -5.192675663924915114e-02 -6.401821546415777456e-04
1.445877230042035694e-03 -5.192675663924915114e-02 -6.401821546415777456e-04
1.445877230042035694e-03 -5.192675663924915114e-02 -6.401821546415777456e-04
1.445877230042035694e-03 -5.192675663924915114e-02 -6.401821546415777456e-04
1.445877230042035694e-03 -5.192675663924915114e-02 -6.401821546415777456e-04
1.445877230042035694e-03 -5.192675663924915114e-02 -6.401821546415777456e-04
1.445877230042035694e-03 -5.192675663924915114e-02 -6.401821546415777456e-04
1.445877230042035694e-03 -5.192675663924915114e-02 -6.401821546415777456e-04
1.445877230042035694e-03 -5.192675663924915114e-02 -6.401821546415777456e-04
1.445877230042035694e-03 -5.192675663924915114e-02 -6.401821546415777456e-04
6.301653182830095623e-05 -1.165997628476982996e-02 -3.149043091822999532e-04
6.301653182830095623e-05 -1.165997628476982996e-02 -3.149043091822999532e-04
6.301653182830095623e-05 -1.165997628476982996e-02 -3.149043091822999532e-04
6.301653182830095623e-05 -1.165997628476982996e-02 -3.149043091822999532e-04
6.301653182830095623e-05 -1.165997628476982996e-02 -3.149043091822999532e-04
6.301653182830095623e-05 -1.165997628476982996e-02 -3.149043091822999532e-04
6.301653182830095623e-05 -1.165997628476982996e-02 -3.149043091822999532e-04
6.301653182830095623e-05 -1.165997628476982996e-02 -3.149043091822999532e-04
6.301653182830095623e-05 -1.165997628476982996e-02 -3.149043091822999532e-04
6.301653182830095623e-05 -1.165997628476982996e-02 -3.149043091822999532e-04
6.301653182830095623e-05 -1.165997628476982996e-02 -3.149043091822999532e-04
6.301653182830095623e-05 -1.165997628476982996e-02 -3.149043091822999532e-04
6.301653182830095623e-05 -1.165997628476982996e-02 -3.149043091822999532e-04
6.301653182830095623e-05 -1.165997628476982996e-02 -3.149043091822999532e-04
6.301653182830095623e-05 -1.165997628476982996e-02 -3.149043091822999532e-04
6.301653182830095623e-05 -1.165997628476982996e-02 -3.149043091822999532e-04
6.301653182830095623e-05 -1.165997628476982996e-02 -3.149043091822999532e-04
1.300965465193851169e-03 -5.639859986481306209e-02 -4.250581809001176617e-04
1.300965465193851169e-03 -5.639859986481306209e-02 -4.250581809001176617e-04
1.300965465193851169e-03 -5.639859986481306209e-02 -4.250581809001176617e-04
1.300965465193851169e-03 -5.639859986481306209e-02 -4.250581809001176617e-04
1.300965465193851169e-03 -5.639859986481306209e-02 -4.250581809001176617e-04
1.300965465193851169e-03 -5.639859986481306209e-02 -4.250581809001176617e-04
1.300965465193851169e-03 -5.639859986481306209e-02 -4.250581809001176617e-04
1.300965465193851169e-03 -5.639859986481306209e-02 -4.250581809001176617e-04
1.300965465193851169e-03 -5.639859986481306209e-02 -4.250581809001176617e-04
1.300965465193851169e-03 -5.639859986481306209e-02 -4.250581809001176617e-04
1.300965465193851169e-03 -5.639859986481306209e-02 -4.250581809001176617e-04
1.300965465193851169e-03 -5.639859986481306209e-02 -4.250581809001176617e-04
1.300965465193851169e-03 -5.639859986481306209e-02 -4.250581809001176617e-04
1.300965465193851169e-03 -5.639859986481306209e-02 -4.250581809001176617e-04
1.300965465193851169e-03 -5.639859986481306209e-02 -4.250581809001176617e-04
1.300965465193851169e-03 -5.639859986481306209e-02 -4.250581809001176617e-04
1.300965465193851169e-03 -5.639859986481306209e-02 -4.250581809001176617e-04
-1.167109786705670385e-03 -1.064499728354661306e-02 -2.425176569574236107e-04
-1.167109786705670385e-03 -1.064499728354661306e-02 -2.425176569574236107e-04
-1.167109786705670385e-03 -1.064499728354661306e-02 -2.425176569574236107e-04
-1.167109786705670385e-03 -1.064499728354661306e-02 -2.425176569574236107e-04
-1.167109786705670385e-03 -1.064499728354661306e-02 -2.425176569574236107e-04
-1.167109786705670385e-03 -1.064499728354661306e-02 -2.425176569574236107e-04
-1.167109786705670385e-03 -1.064499728354661306e-02 -2.425176569574236107e-04
-1.167109786705670385e-03 -1.064499728354661306e-02 -2.425176569574236107e-04
-1.167109786705670385e-03 -1.064499728354661306e-02 -2.425176569574236107e-04
-1.167109786705670385e-03 -1.064499728354661306e-02 -2.425176569574236107e-04
-1.167109786705670385e-03 -1.064499728354661306e-02 -2.425176569574236107e-04
-1.167109786705670385e-03 -1.064499728354661306e-02 -2.425176569574236107e-04
-6.053450085682487297e-05 3.200906624538912663e-03 -1.252900335501996344e-04
-6.053450085682487297e-05 3.200906624538912663e-03 -1.252900335501996344e-04
-6.053450085682487297e-05 3.200906624538912663e-03 -1.252900335501996344e-04
-6.053450085682487297e-05 3.200906624538912663e-03 -1.252900335501996344e-04
-6.053450085682487297e-05 3.200906624538912663e-03 -1.252900335501996344e-04
-6.053450085682487297e-05 3.200906624538912663e-03 -1.252900335501996344e-04
-6.053450085682487297e-05 3.200906624538912663e-03 -1.252900335501996344e-04
-6.053450085682487297e-05 3.200906624538912663e-03 -1.252900335501996344e-04
-6.053450085682487297e-05 3.200906624538912663e-03 -1.252900335501996344e-04
6.840478728368738683e-04 -2.636447906279019635e-02 -1.584986148225418084e-04
6.840478728368738683e-04 -2.636447906279019635e-02 -1.584986148225418084e-04
6.840478728368738683e-04 -2.636447906279019635e-02 -1.584986148225418084e-04
6.840478728368738683e-04 -2.636447906279019635e-02 -1.584986148225418084e-04
6.840478728368738683e-04 -2.636447906279019635e-02 -1.584986148225418084e-04
6.840478728368738683e-04 -2.636447906279019635e-02 -1.584986148225418084e-04
6.840478728368738683e-04 -2.636447906279019635e-02 -1.584986148225418084e-04
6.840478728368738683e-04 -2.636447906279019635e-02 -1.584986148225418084e-04
6.840478728368738683e-04 -2.636447906279019635e-02 -1.584986148225418084e-04
6.840478728368738683e-04 -2.636447906279019635e-02 -1.584986148225418084e-04
6.840478728368738683e-04 -2.636447906279019635e-02 -1.584986148225418084e-04
6.840478728368738683e-04 -2.636447906279019635e-02 -1.584986148225418084e-04
6.840478728368738683e-04 -2.636447906279019635e-02 -1.584986148225418084e-04
6.840478728368738683e-04 -2.636447906279019635e-02 -1.584986148225418084e-04
6.840478728368738683e-04 -2.636447906279019635e-02 -1.584986148225418084e-04
6.840478728368738683e-04 -2.636447906279019635e-02 -1.584986148225418084e-04
6.840478728368738683e-04 -2.636447906279019635e-02 -1.584986148225418084e-04
-1.094420212703180184e-03 4.705119069764468476e-02 -2.317362254411359929e-04
-1.094420212703180184e-03 4.705119069764468476e-02 -2.317362254411359929e-04
-1.094420212703180184e-03 4.705119069764468476e-02 -2.317362254411359929e-04
-1.094420212703180184e-03 4.705119069764468476e-02 -2.317362254411359929e-04
-1.094420212703180184e-03 4.705119069764468476e-02 -2.317362254411359929e-04
-1.094420212703180184e-03 4.705119069764468476e-02 -2.317362254411359929e-04
-1.094420212703180184e-03 4.705119069764468476e-02 -2.317362254411359929e-04
-1.094420212703180184e-03 4.705119069764468476e-02 -2.317362254411359929e-04
-1.094420212703180184e-03 4.705119069764468476e-02 -2.317362254411359929e-04
-1.094420212703180184e-03 4.705119069764468476e-02 -2.317362254411359929e-04
-1.094420212703180184e-03 4.705119069764468476e-02 -2.317362254411359929e-04
-1.094420212703180184e-03 4.705119069764468476e-02 -2.317362254411359929e-04
-1.094420212703180184e-03 4.705119069764468476e-02 -2.317362254411359929e-04
-1.094420212703180184e-03 4.705119069764468476e-02 -2.317362254411359929e-04
-1.094420212703180184e-03 4.705119069764468476e-02 -2.317362254411359929e-04
-2.075173698662043402e-04 -4.817551387959494169e-03 -5.517833676009602228e-04
-2.075173698662043402e-04 -4.817551387959494169e-03 -5.517833676009602228e-04
-2.075173698662043402e-04 -4.817551387959494169e-03 -5.517833676009602228e-04
-2.075173698662043402e-04 -4.817551387959494169e-03 -5.517833676009602228e-04
-2.075173698662043402e-04 -4.817551387959494169e-03 -5.517833676009602228e-04
-2.075173698662043402e-04 -4.817551387959494169e-03 -5.517833676009602228e-04
-2.075173698662043402e-04 -4.817551387959494169e-03 -5.517833676009602228e-04
-2.075173698662043402e-04 -4.817551387959494169e-03 -5.517833676009602228e-04
-2.075173698662043402e-04 -4.817551387959494169e-03 -5.517833676009602228e-04
-2.075173698662043402e-04 -4.817551387959494169e-03 -5.517833676009602228e-04
-2.075173698662043402e-04 -4.817551387959494169e-03 -5.517833676009602228e-04
-2.075173698662043402e-04 -4.817551387959494169e-03 -5.517833676009602228e-04
-2.075173698662043402e-04 -4.817551387959494169e-03 -5.517833676009602228e-04
-2.075173698662043402e-04 -4.817551387959494169e-03 -5.517833676009602228e-04
-2.075173698662043402e-04 -4.817551387959494169e-03 -5.517833676009602228e-04
-2.075173698662043402e-04 -4.817551387959494169e-03 -5.517833676009602228e-04
-2.075173698662043402e-04 -4.817551387959494169e-03 -5.517833676009602228e-04
