7.950428614552099149e-02 -1.944921977478933917e-01 -9.501844323049257659e-04
7.950428614552099149e-02 -1.944921977478933917e-01 -9.501844323049257659e-04
7.950428614552099149e-02 -1.944921977478933917e-01 -9.501844323049257659e-04
7.950428614552099149e-02 -1.944921977478933917e-01 -9.501844323049257659e-04
7.950428614552099149e-02 -1.944921977478933917e-01 -9.501844323049257659e-04
7.950428614552099149e-02 -1.944921977478933917e-01 -9.501844323049257659e-04
7.950428614552099149e-02 -1.944921977478933917e-01 -9.501844323049257659e-04
7.950428614552099149e-02 -1.944921977478933917e-01 -9.501844323049257659e-04
7.950428614552099149e-02 -1.944921977478933917e-01 -9.501844323049257659e-04
7.950428614552099149e-02 -1.944921977478933917e-01 -9.501844323049257659e-04
7.950428614552099149e-02 -1.944921977478933917e-01 -9.501844323049257659e-04
7.950428614552099149e-02 -1.944921977478933917e-01 -9.501844323049257659e-04
7.950428614552099149e-02 -1.944921977478933917e-01 -9.501844323049257659e-04
7.950428614552099149e-02 -1.944921977478933917e-01 -9.501844323049257659e-04
7.950428614552099149e-02 -1.944921977478933917e-01 -9.501844323049257659e-04
7.950428614552099149e-02 -1.944921977478933917e-01 -9.501844323049257659e-04
-5.261997986603839106e-02 6.500335090072344169e-02 9.063461723942418252e-04
-5.261997986603839106e-02 6.500335090072344169e-02 9.063461723942418252e-04
-5.261997986603839106e-02 6.500335090072344169e-02 9.063461723942418252e-04
-5.261997986603839106e-02 6.500335090072344169e-02 9.063461723942418252e-04
-5.261997986603839106e-02 6.500335090072344169e-02 9.063461723942418252e-04
-5.261997986603839106e-02 6.500335090072344169e-02 9.063461723942418252e-04
-5.261997986603839106e-02 6.500335090072344169e-02 9.063461723942418252e-04
-5.261997986603839106e-02 6.500335090072344169e-02 9.063461723942418252e-04
-5.261997986603839106e-02 6.500335090072344169e-02 9.063461723942418252e-04
-5.261997986603839106e-02 6.500335090072344169e-02 9.063461723942418252e-04
-5.261997986603839106e-02 6.500335090072344169e-02 9.063461723942418252e-04
5.416249484814972259e-02 -1.277974953163525385e-01 -6.115749624602956347e-04
5.416249484814972259e-02 -1.277974953163525385e-01 -6.115749624602956347e-04
5.416249484814972259e-02 -1.277974953163525385e-01 -6.115749624602956347e-04
5.416249484814972259e-02 -1.277974953163525385e-01 -6.115749624602956347e-04
5.416249484814972259e-02 -1.277974953163525385e-01 -6.115749624602956347e-04
5.416249484814972259e-02 -1.277974953163525385e-01 -6.115749624602956347e-04
5.416249484814972259e-02 -1.277974953163525385e-01 -6.115749624602956347e-04
5.416249484814972259e-02 -1.277974953163525385e-01 -6.115749624602956347e-04
5.416249484814972259e-02 -1.277974953163525385e-01 -6.115749624602956347e-04
5.416249484814972259e-02 -1.277974953163525385e-01 -6.115749624602956347e-04
5.416249484814972259e-02 -1.277974953163525385e-01 -6.115749624602956347e-04
5.416249484814972259e-02 -1.277974953163525385e-01 -6.115749624602956347e-04
5.416249484814972259e-02 -1.277974953163525385e-01 -6.115749624602956347e-04
5.416249484814972259e-02 -1.277974953163525385e-01 -6.115749624602956347e-04
8.254633486910886719e-02 -2.034899401865314650e-01 -2.116314349571113591e-03
8.254633486910886719e-02 -2.034899401865314650e-01 -2.116314349571113591e-03
8.254633486910886719e-02 -2.034899401865314650e-01 -2.116314349571113591e-03
8.254633486910886719e-02 -2.034899401865314650e-01 -2.116314349571113591e-03
8.254633486910886719e-02 -2.034899401865314650e-01 -2.116314349571113591e-03
8.254633486910886719e-02 -2.034899401865314650e-01 -2.116314349571113591e-03
8.254633486910886719e-02 -2.034899401865314650e-01 -2.116314349571113591e-03
8.254633486910886719e-02 -2.034899401865314650e-01 -2.116314349571113591e-03
8.254633486910886719e-02 -2.034899401865314650e-01 -2.116314349571113591e-03
8.254633486910886719e-02 -2.034899401865314650e-01 -2.116314349571113591e-03
8.254633486910886719e-02 -2.034899401865314650e-01 -2.116314349571113591e-03
8.254633486910886719e-02 -2.034899401865314650e-01 -2.116314349571113591e-03
8.254633486910886719e-02 -2.034899401865314650e-01 -2.116314349571113591e-03
8.254633486910886719e-02 -2.034899401865314650e-01 -2.116314349571113591e-03
8.254633486910886719e-02 -2.034899401865314650e-01 -2.116314349571113591e-03
8.254633486910886719e-02 -2.034899401865314650e-01 -2.116314349571113591e-03
8.030136381334784801e-02 -2.017380446934768645e-01 -9.436869849415883624e-04
8.030136381334784801e-02 -2.017380446934768645e-01 -9.436869849415883624e-04
8.030136381334784801e-02 -2.017380446934768645e-01 -9.436869849415883624e-04
8.030136381334784801e-02 -2.017380446934768645e-01 -9.436869849415883624e-04
8.030136381334784801e-02 -2.017380446934768645e-01 -9.436869849415883624e-04
8.030136381334784801e-02 -2.017380446934768645e-01 -9.436869849415883624e-04
8.030136381334784801e-02 -2.017380446934768645e-01 -9.436869849415883624e-04
8.030136381334784801e-02 -2.017380446934768645e-01 -9.436869849415883624e-04
8.030136381334784801e-02 -2.017380446934768645e-01 -9.436869849415883624e-04
8.030136381334784801e-02 -2.017380446934768645e-01 -9.436869849415883624e-04
8.030136381334784801e-02 -2.017380446934768645e-01 -9.436869849415883624e-04
8.030136381334784801e-02 -2.017380446934768645e-01 -9.436869849415883624e-04
8.030136381334784801e-02 -2.017380446934768645e-01 -9.436869849415883624e-04
8.030136381334784801e-02 -2.017380446934768645e-01 -9.436869849415883624e-04
8.030136381334784801e-02 -2.017380446934768645e-01 -9.436869849415883624e-04
6.819438099569709311e-02 -1.743956854187904137e-01 -3.525561695252588112e-04
6.819438099569709311e-02 -1.743956854187904137e-01 -3.525561695252588112e-04
6.819438099569709311e-02 -1.743956854187904137e-01 -3.525561695252588112e-04
6.819438099569709311e-02 -1.743956854187904137e-01 -3.525561695252588112e-04
6.819438099569709311e-02 -1.743956854187904137e-01 -3.525561695252588112e-04
6.819438099569709311e-02 -1.743956854187904137e-01 -3.525561695252588112e-04
6.819438099569709311e-02 -1.743956854187904137e-01 -3.525561695252588112e-04
6.819438099569709311e-02 -1.743956854187904137e-01 -3.525561695252588112e-04
6.819438099569709311e-02 -1.743956854187904137e-01 -3.525561695252588112e-04
6.819438099569709311e-02 -1.743956854187904137e-01 -3.525561695252588112e-04
6.819438099569709311e-02 -1.743956854187904137e-01 -3.525561695252588112e-04
6.819438099569709311e-02 -1.743956854187904137e-01 -3.525561695252588112e-04
6.819438099569709311e-02 -1.743956854187904137e-01 -3.525561695252588112e-04
6.819438099569709311e-02 -1.743956854187904137e-01 -3.525561695252588112e-04
6.819438099569709311e-02 -1.743956854187904137e-01 -3.525561695252588112e-04
6.897484880918405836e-02 -1.666392938959224412e-01 -1.683819723570859506e-03
6.897484880918405836e-02 -1.666392938959224412e-01 -1.683819723570859506e-03
6.897484880918405836e-02 -1.666392938959224412e-01 -1.683819723570859506e-03
6.897484880918405836e-02 -1.666392938959224412e-01 -1.683819723570859506e-03
6.897484880918405836e-02 -1.666392938959224412e-01 -1.683819723570859506e-03
6.897484880918405836e-02 -1.666392938959224412e-01 -1.683819723570859506e-03
6.897484880918405836e-02 -1.666392938959224412e-01 -1.683819723570859506e-03
6.897484880918405836e-02 -1.666392938959224412e-01 -1.683819723570859506e-03
6.897484880918405836e-02 -1.666392938959224412e-01 -1.683819723570859506e-03
6.897484880918405836e-02 -1.666392938959224412e-01 -1.683819723570859506e-03
6.897484880918405836e-02 -1.666392938959224412e-01 -1.683819723570859506e-03
6.897484880918405836e-02 -1.666392938959224412e-01 -1.683819723570859506e-03
6.897484880918405836e-02 -1.666392938959224412e-01 -1.683819723570859506e-03
6.897484880918405836e-02 -1.666392938959224412e-01 -1.683819723570859506e-03
6.897484880918405836e-02 -1.666392938959224412e-01 -1.683819723570859506e-03
6.897484880918405836e-02 -1.666392938959224412e-01 -1.683819723570859506e-03
1.532771107009438943e-02 -3.519024395806281957e-02 -9.289524426483756689e-04
1.532771107009438943e-02 -3.519024395806281957e-02 -9.289524426483756689e-04
1.532771107009438943e-02 -3.519024395806281957e-02 -9.289524426483756689e-04
1.532771107009438943e-02 -3.519024395806281957e-02 -9.289524426483756689e-04
1.532771107009438943e-02 -3.519024395806281957e-02 -9.289524426483756689e-04
1.532771107009438943e-02 -3.519024395806281957e-02 -9.289524426483756689e-04
1.532771107009438943e-02 -3.519024395806281957e-02 -9.289524426483756689e-04
1.532771107009438943e-02 -3.519024395806281957e-02 -9.289524426483756689e-04
1.532771107009438943e-02 -3.519024395806281957e-02 -9.289524426483756689e-04
1.532771107009438943e-02 -3.519024395806281957e-02 -9.289524426483756689e-04
1.532771107009438943e-02 -3.519024395806281957e-02 -9.289524426483756689e-04
1.532771107009438943e-02 -3.519024395806281957e-02 -9.289524426483756689e-04
1.532771107009438943e-02 -3.519024395806281957e-02 -9.289524426483756689e-04
4.972589857062170498e-04 -8.151836773404714381e-03 7.023469744936458939e-04
4.972589857062170498e-04 -8.151836773404714381e-03 7.023469744936458939e-04
4.972589857062170498e-04 -8.151836773404714381e-03 7.023469744936458939e-04
4.972589857062170498e-04 -8.151836773404714381e-03 7.023469744936458939e-04
4.972589857062170498e-04 -8.151836773404714381e-03 7.023469744936458939e-04
4.972589857062170498e-04 -8.151836773404714381e-03 7.023469744936458939e-04
4.972589857062170498e-04 -8.151836773404714381e-03 7.023469744936458939e-04
4.972589857062170498e-04 -8.151836773404714381e-03 7.023469744936458939e-04
4.972589857062170498e-04 -8.151836773404714381e-03 7.023469744936458939e-04
4.972589857062170498e-04 -8.151836773404714381e-03 7.023469744936458939e-04
4.972589857062170498e-04 -8.151836773404714381e-03 7.023469744936458939e-04
-7.028349273073886128e-02 3.825698991106737945e-02 -9.241106179084680045e-03
-7.028349273073886128e-02 3.825698991106737945e-02 -9.241106179084680045e-03
-7.028349273073886128e-02 3.825698991106737945e-02 -9.241106179084680045e-03
-7.028349273073886128e-02 3.825698991106737945e-02 -9.241106179084680045e-03
-7.028349273073886128e-02 3.825698991106737945e-02 -9.241106179084680045e-03
-7.028349273073886128e-02 3.825698991106737945e-02 -9.241106179084680045e-03
-7.028349273073886128e-02 3.825698991106737945e-02 -9.241106179084680045e-03
-7.028349273073886128e-02 3.825698991106737945e-02 -9.241106179084680045e-03
-7.028349273073886128e-02 3.825698991106737945e-02 -9.241106179084680045e-03
-7.028349273073886128e-02 3.825698991106737945e-02 -9.241106179084680045e-03
-7.028349273073886128e-02 3.825698991106737945e-02 -9.241106179084680045e-03
-7.028349273073886128e-02 3.825698991106737945e-02 -9.241106179084680045e-03
-5.530453548337761760e-02 6.600267066119695769e-02 8.666871456667248758e-04
-5.530453548337761760e-02 6.600267066119695769e-02 8.666871456667248758e-04
-5.530453548337761760e-02 6.600267066119695769e-02 8.666871456667248758e-04
-5.530453548337761760e-02 6.600267066119695769e-02 8.666871456667248758e-04
-5.530453548337761760e-02 6.600267066119695769e-02 8.666871456667248758e-04
-5.530453548337761760e-02 6.600267066119695769e-02 8.666871456667248758e-04
-5.530453548337761760e-02 6.600267066119695769e-02 8.666871456667248758e-04
-5.530453548337761760e-02 6.600267066119695769e-02 8.666871456667248758e-04
-5.530453548337761760e-02 6.600267066119695769e-02 8.666871456667248758e-04
-5.530453548337761760e-02 6.600267066119695769e-02 8.666871456667248758e-04
-5.530453548337761760e-02 6.600267066119695769e-02 8.666871456667248758e-04
-5.530453548337761760e-02 6.600267066119695769e-02 8.666871456667248758e-04
-5.530453548337761760e-02 6.600267066119695769e-02 8.666871456667248758e-04
-5.530453548337761760e-02 6.600267066119695769e-02 8.666871456667248758e-04
1.779817925244882998e-02 9.306752535266635262e-02 -3.370722517849660330e-04
1.779817925244882998e-02 9.306752535266635262e-02 -3.370722517849660330e-04
1.779817925244882998e-02 9.306752535266635262e-02 -3.370722517849660330e-04
1.779817925244882998e-02 9.306752535266635262e-02 -3.370722517849660330e-04
1.779817925244882998e-02 9.306752535266635262e-02 -3.370722517849660330e-04
1.779817925244882998e-02 9.306752535266635262e-02 -3.370722517849660330e-04
1.779817925244882998e-02 9.306752535266635262e-02 -3.370722517849660330e-04
1.779817925244882998e-02 9.306752535266635262e-02 -3.370722517849660330e-04
1.779817925244882998e-02 9.306752535266635262e-02 -3.370722517849660330e-04
1.779817925244882998e-02 9.306752535266635262e-02 -3.370722517849660330e-04
1.779817925244882998e-02 9.306752535266635262e-02 -3.370722517849660330e-04
1.779817925244882998e-02 9.306752535266635262e-02 -3.370722517849660330e-04
6.679803005305656738e-02 -1.611048496212081904e-01 -1.316704105896920928e-03
6.679803005305656738e-02 -1.611048496212081904e-01 -1.316704105896920928e-03
6.679803005305656738e-02 -1.611048496212081904e-01 -1.316704105896920928e-03
6.679803005305656738e-02 -1.611048496212081904e-01 -1.316704105896920928e-03
6.679803005305656738e-02 -1.611048496212081904e-01 -1.316704105896920928e-03
6.679803005305656738e-02 -1.611048496212081904e-01 -1.316704105896920928e-03
6.679803005305656738e-02 -1.611048496212081904e-01 -1.316704105896920928e-03
6.679803005305656738e-02 -1.611048496212081904e-01 -1.316704105896920928e-03
6.679803005305656738e-02 -1.611048496212081904e-01 -1.316704105896920928e-03
6.679803005305656738e-02 -1.611048496212081904e-01 -1.316704105896920928e-03
6.679803005305656738e-02 -1.611048496212081904e-01 -1.316704105896920928e-03
6.679803005305656738e-02 -1.611048496212081904e-01 -1.316704105896920928e-03
6.679803005305656738e-02 -1.611048496212081904e-01 -1.316704105896920928e-03
6.679803005305656738e-02 -1.611048496212081904e-01 -1.316704105896920928e-03
6.679803005305656738e-02 -1.611048496212081904e-01 -1.316704105896920928e-03
6.679803005305656738e-02 -1.611048496212081904e-01 -1.316704105896920928e-03
5.803910811973184841e-02 -1.393857414304873199e-01 -1.029002127692931097e-03
5.803910811973184841e-02 -1.393857414304873199e-01 -1.029002127692931097e-03
5.803910811973184841e-02 -1.393857414304873199e-01 -1.029002127692931097e-03
5.803910811973184841e-02 -1.393857414304873199e-01 -1.029002127692931097e-03
5.803910811973184841e-02 -1.393857414304873199e-01 -1.029002127692931097e-03
5.803910811973184841e-02 -1.393857414304873199e-01 -1.029002127692931097e-03
5.803910811973184841e-02 -1.393857414304873199e-01 -1.029002127692931097e-03
5.803910811973184841e-02 -1.393857414304873199e-01 -1.029002127692931097e-03
5.803910811973184841e-02 -1.393857414304873199e-01 -1.029002127692931097e-03
5.803910811973184841e-02 -1.393857414304873199e-01 -1.029002127692931097e-03
5.803910811973184841e-02 -1.393857414304873199e-01 -1.029002127692931097e-03
5.803910811973184841e-02 -1.393857414304873199e-01 -1.029002127692931097e-03
5.803910811973184841e-02 -1.393857414304873199e-01 -1.029002127692931097e-03
5.803910811973184841e-02 -1.393857414304873199e-01 -1.029002127692931097e-03
5.803910811973184841e-02 -1.393857414304873199e-01 -1.029002127692931097e-03
5.803910811973184841e-02 -1.393857414304873199e-01 -1.029002127692931097e-03
-7.086259684321803698e-02 3.631003312245988796e-02 -8.165569303986919963e-03
-7.086259684321803698e-02 3.631003312245988796e-02 -8.165569303986919963e-03
-7.086259684321803698e-02 3.631003312245988796e-02 -8.165569303986919963e-03
-7.086259684321803698e-02 3.631003312245988796e-02 -8.165569303986919963e-03
-7.086259684321803698e-02 3.631003312245988796e-02 -8.165569303986919963e-03
-7.086259684321803698e-02 3.631003312245988796e-02 -8.165569303986919963e-03
-7.086259684321803698e-02 3.631003312245988796e-02 -8.165569303986919963e-03
-7.086259684321803698e-02 3.631003312245988796e-02 -8.165569303986919963e-03
-7.086259684321803698e-02 3.631003312245988796e-02 -8.165569303986919963e-03
-7.086259684321803698e-02 3.631003312245988796e-02 -8.165569303986919963e-03
6.159606627253914890e-02 -1.512071275296037465e-01 -6.722769394545049376e-04
6.159606627253914890e-02 -1.512071275296037465e-01 -6.722769394545049376e-04
6.159606627253914890e-02 -1.512071275296037465e-01 -6.722769394545049376e-04
6.159606627253914890e-02 -1.512071275296037465e-01 -6.722769394545049376e-04
6.159606627253914890e-02 -1.512071275296037465e-01 -6.722769394545049376e-04
6.159606627253914890e-02 -1.512071275296037465e-01 -6.722769394545049376e-04
6.159606627253914890e-02 -1.512071275296037465e-01 -6.722769394545049376e-04
6.159606627253914890e-02 -1.512071275296037465e-01 -6.722769394545049376e-04
6.159606627253914890e-02 -1.512071275296037465e-01 -6.722769394545049376e-04
6.159606627253914890e-02 -1.512071275296037465e-01 -6.722769394545049376e-04
6.159606627253914890e-02 -1.512071275296037465e-01 -6.722769394545049376e-04
6.159606627253914890e-02 -1.512071275296037465e-01 -6.722769394545049376e-04
6.159606627253914890e-02 -1.512071275296037465e-01 -6.722769394545049376e-04
6.159606627253914890e-02 -1.512071275296037465e-01 -6.722769394545049376e-04
6.159606627253914890e-02 -1.512071275296037465e-01 -6.722769394545049376e-04
