1.498048944785987727e-02 -2.519477209262209472e-02 -1.402569965237241909e-03
-2.577972075812670974e-02 -1.027000464273939914e-02 -5.256607198783357776e-03
-2.577972075812670974e-02 -1.027000464273939914e-02 -5.256607198783357776e-03
-2.577972075812670974e-02 -1.027000464273939914e-02 -5.256607198783357776e-03
-2.577972075812670974e-02 -1.027000464273939914e-02 -5.256607198783357776e-03
-2.577972075812670974e-02 -1.027000464273939914e-02 -5.256607198783357776e-03
1.304844631754351059e-02 7.392275909022510277e-04 5.571006546800465892e-03
1.304844631754351059e-02 7.392275909022510277e-04 5.571006546800465892e-03
1.304844631754351059e-02 7.392275909022510277e-04 5.571006546800465892e-03
1.304844631754351059e-02 7.392275909022510277e-04 5.571006546800465892e-03
1.304844631754351059e-02 7.392275909022510277e-04 5.571006546800465892e-03
1.304844631754351059e-02 7.392275909022510277e-04 5.571006546800465892e-03
1.304844631754351059e-02 7.392275909022510277e-04 5.571006546800465892e-03
1.304844631754351059e-02 7.392275909022510277e-04 5.571006546800465892e-03
1.304844631754351059e-02 7.392275909022510277e-04 5.571006546800465892e-03
1.304844631754351059e-02 7.392275909022510277e-04 5.571006546800465892e-03
1.304844631754351059e-02 7.392275909022510277e-04 5.571006546800465892e-03
1.304844631754351059e-02 7.392275909022510277e-04 5.571006546800465892e-03
1.304844631754351059e-02 7.392275909022510277e-04 5.571006546800465892e-03
1.304844631754351059e-02 7.392275909022510277e-04 5.571006546800465892e-03
2.857138297600325845e-03 -7.350850086059901312e-03 3.874276852287099338e-02
2.857138297600325845e-03 -7.350850086059901312e-03 3.874276852287099338e-02
2.857138297600325845e-03 -7.350850086059901312e-03 3.874276852287099338e-02
3.564271279017107961e-03 6.897983825940489505e-03 4.092591190651251321e-03
3.564271279017107961e-03 6.897983825940489505e-03 4.092591190651251321e-03
-2.246443726661022031e-02 -1.123150376572382494e-02 -1.125868359650381532e-02
1.095487804560130694e-02 4.805685488465123029e-03 2.711343463877290486e-03
1.095487804560130694e-02 4.805685488465123029e-03 2.711343463877290486e-03
1.095487804560130694e-02 4.805685488465123029e-03 2.711343463877290486e-03
1.095487804560130694e-02 4.805685488465123029e-03 2.711343463877290486e-03
1.095487804560130694e-02 4.805685488465123029e-03 2.711343463877290486e-03
1.095487804560130694e-02 4.805685488465123029e-03 2.711343463877290486e-03
1.095487804560130694e-02 4.805685488465123029e-03 2.711343463877290486e-03
1.095487804560130694e-02 4.805685488465123029e-03 2.711343463877290486e-03
1.095487804560130694e-02 4.805685488465123029e-03 2.711343463877290486e-03
2.719752467661255141e-02 9.554713121846428181e-03 -3.095974612830859445e-03
2.719752467661255141e-02 9.554713121846428181e-03 -3.095974612830859445e-03
2.719752467661255141e-02 9.554713121846428181e-03 -3.095974612830859445e-03
7.089085170931916369e-03 -5.622989507498281359e-03 6.092072734732776815e-03
7.089085170931916369e-03 -5.622989507498281359e-03 6.092072734732776815e-03
7.089085170931916369e-03 -5.622989507498281359e-03 6.092072734732776815e-03
7.089085170931916369e-03 -5.622989507498281359e-03 6.092072734732776815e-03
7.089085170931916369e-03 -5.622989507498281359e-03 6.092072734732776815e-03
7.089085170931916369e-03 -5.622989507498281359e-03 6.092072734732776815e-03
7.089085170931916369e-03 -5.622989507498281359e-03 6.092072734732776815e-03
7.089085170931916369e-03 -5.622989507498281359e-03 6.092072734732776815e-03
7.089085170931916369e-03 -5.622989507498281359e-03 6.092072734732776815e-03
7.089085170931916369e-03 -5.622989507498281359e-03 6.092072734732776815e-03
7.089085170931916369e-03 -5.622989507498281359e-03 6.092072734732776815e-03
7.089085170931916369e-03 -5.622989507498281359e-03 6.092072734732776815e-03
7.089085170931916369e-03 -5.622989507498281359e-03 6.092072734732776815e-03
