-2.743596251475841075e-03 7.288080886578873416e-03 -1.128386759141367449e-02
-2.743596251475841075e-03 7.288080886578873416e-03 -1.128386759141367449e-02
-2.743596251475841075e-03 7.288080886578873416e-03 -1.128386759141367449e-02
-2.743596251475841075e-03 7.288080886578873416e-03 -1.128386759141367449e-02
-2.743596251475841075e-03 7.288080886578873416e-03 -1.128386759141367449e-02
-2.743596251475841075e-03 7.288080886578873416e-03 -1.128386759141367449e-02
-2.743596251475841075e-03 7.288080886578873416e-03 -1.128386759141367449e-02
-2.743596251475841075e-03 7.288080886578873416e-03 -1.128386759141367449e-02
-2.743596251475841075e-03 7.288080886578873416e-03 -1.128386759141367449e-02
-2.743596251475841075e-03 7.288080886578873416e-03 -1.128386759141367449e-02
-2.743596251475841075e-03 7.288080886578873416e-03 -1.128386759141367449e-02
-2.743596251475841075e-03 7.288080886578873416e-03 -1.128386759141367449e-02
-2.743596251475841075e-03 7.288080886578873416e-03 -1.128386759141367449e-02
-2.743596251475841075e-03 7.288080886578873416e-03 -1.128386759141367449e-02
-2.743596251475841075e-03 7.288080886578873416e-03 -1.128386759141367449e-02
-2.743596251475841075e-03 7.288080886578873416e-03 -1.128386759141367449e-02
-2.743596251475841075e-03 7.288080886578873416e-03 -1.128386759141367449e-02
2.436745619859558010e-02 1.757996267662507994e-02 -1.524649675219221130e-03
2.436745619859558010e-02 1.757996267662507994e-02 -1.524649675219221130e-03
2.436745619859558010e-02 1.757996267662507994e-02 -1.524649675219221130e-03
2.436745619859558010e-02 1.757996267662507994e-02 -1.524649675219221130e-03
2.436745619859558010e-02 1.757996267662507994e-02 -1.524649675219221130e-03
2.436745619859558010e-02 1.757996267662507994e-02 -1.524649675219221130e-03
2.436745619859558010e-02 1.757996267662507994e-02 -1.524649675219221130e-03
2.436745619859558010e-02 1.757996267662507994e-02 -1.524649675219221130e-03
2.436745619859558010e-02 1.757996267662507994e-02 -1.524649675219221130e-03
2.436745619859558010e-02 1.757996267662507994e-02 -1.524649675219221130e-03
2.436745619859558010e-02 1.757996267662507994e-02 -1.524649675219221130e-03
2.436745619859558010e-02 1.757996267662507994e-02 -1.524649675219221130e-03
-3.992457420338706847e-02 1.938585540223365655e-02 -1.632995715863098767e-03
-3.992457420338706847e-02 1.938585540223365655e-02 -1.632995715863098767e-03
-3.992457420338706847e-02 1.938585540223365655e-02 -1.632995715863098767e-03
-3.992457420338706847e-02 1.938585540223365655e-02 -1.632995715863098767e-03
-3.992457420338706847e-02 1.938585540223365655e-02 -1.632995715863098767e-03
-3.992457420338706847e-02 1.938585540223365655e-02 -1.632995715863098767e-03
-3.992457420338706847e-02 1.938585540223365655e-02 -1.632995715863098767e-03
-3.992457420338706847e-02 1.938585540223365655e-02 -1.632995715863098767e-03
-3.992457420338706847e-02 1.938585540223365655e-02 -1.632995715863098767e-03
-3.992457420338706847e-02 1.938585540223365655e-02 -1.632995715863098767e-03
-3.992457420338706847e-02 1.938585540223365655e-02 -1.632995715863098767e-03
-3.992457420338706847e-02 1.938585540223365655e-02 -1.632995715863098767e-03
-3.992457420338706847e-02 1.938585540223365655e-02 -1.632995715863098767e-03
-3.992457420338706847e-02 1.938585540223365655e-02 -1.632995715863098767e-03
-3.992457420338706847e-02 1.938585540223365655e-02 -1.632995715863098767e-03
-2.310118827386375973e-02 3.248495784326679153e-02 -1.825753469172349680e-03
-2.310118827386375973e-02 3.248495784326679153e-02 -1.825753469172349680e-03
-2.310118827386375973e-02 3.248495784326679153e-02 -1.825753469172349680e-03
-2.310118827386375973e-02 3.248495784326679153e-02 -1.825753469172349680e-03
-2.310118827386375973e-02 3.248495784326679153e-02 -1.825753469172349680e-03
-2.310118827386375973e-02 3.248495784326679153e-02 -1.825753469172349680e-03
-2.310118827386375973e-02 3.248495784326679153e-02 -1.825753469172349680e-03
-2.310118827386375973e-02 3.248495784326679153e-02 -1.825753469172349680e-03
-2.310118827386375973e-02 3.248495784326679153e-02 -1.825753469172349680e-03
-2.310118827386375973e-02 3.248495784326679153e-02 -1.825753469172349680e-03
-2.310118827386375973e-02 3.248495784326679153e-02 -1.825753469172349680e-03
-2.310118827386375973e-02 3.248495784326679153e-02 -1.825753469172349680e-03
-2.310118827386375973e-02 3.248495784326679153e-02 -1.825753469172349680e-03
-2.310118827386375973e-02 3.248495784326679153e-02 -1.825753469172349680e-03
-2.310118827386375973e-02 3.248495784326679153e-02 -1.825753469172349680e-03
-2.310118827386375973e-02 3.248495784326679153e-02 -1.825753469172349680e-03
-2.310118827386375973e-02 3.248495784326679153e-02 -1.825753469172349680e-03
-6.937715463855746246e-04 -1.003689179143019139e-02 -1.947941838067677664e-03
-6.937715463855746246e-04 -1.003689179143019139e-02 -1.947941838067677664e-03
-6.937715463855746246e-04 -1.003689179143019139e-02 -1.947941838067677664e-03
-6.937715463855746246e-04 -1.003689179143019139e-02 -1.947941838067677664e-03
-6.937715463855746246e-04 -1.003689179143019139e-02 -1.947941838067677664e-03
-6.937715463855746246e-04 -1.003689179143019139e-02 -1.947941838067677664e-03
-6.937715463855746246e-04 -1.003689179143019139e-02 -1.947941838067677664e-03
-6.937715463855746246e-04 -1.003689179143019139e-02 -1.947941838067677664e-03
-6.937715463855746246e-04 -1.003689179143019139e-02 -1.947941838067677664e-03
-6.937715463855746246e-04 -1.003689179143019139e-02 -1.947941838067677664e-03
-6.937715463855746246e-04 -1.003689179143019139e-02 -1.947941838067677664e-03
-6.937715463855746246e-04 -1.003689179143019139e-02 -1.947941838067677664e-03
-6.937715463855746246e-04 -1.003689179143019139e-02 -1.947941838067677664e-03
-6.937715463855746246e-04 -1.003689179143019139e-02 -1.947941838067677664e-03
-6.937715463855746246e-04 -1.003689179143019139e-02 -1.947941838067677664e-03
-6.937715463855746246e-04 -1.003689179143019139e-02 -1.947941838067677664e-03
-6.937715463855746246e-04 -1.003689179143019139e-02 -1.947941838067677664e-03
1.508567491473577701e-02 -9.207900308723733843e-03 -1.992117297051093638e-03
1.508567491473577701e-02 -9.207900308723733843e-03 -1.992117297051093638e-03
1.508567491473577701e-02 -9.207900308723733843e-03 -1.992117297051093638e-03
1.508567491473577701e-02 -9.207900308723733843e-03 -1.992117297051093638e-03
1.508567491473577701e-02 -9.207900308723733843e-03 -1.992117297051093638e-03
1.508567491473577701e-02 -9.207900308723733843e-03 -1.992117297051093638e-03
1.508567491473577701e-02 -9.207900308723733843e-03 -1.992117297051093638e-03
1.508567491473577701e-02 -9.207900308723733843e-03 -1.992117297051093638e-03
1.508567491473577701e-02 -9.207900308723733843e-03 -1.992117297051093638e-03
1.508567491473577701e-02 -9.207900308723733843e-03 -1.992117297051093638e-03
1.508567491473577701e-02 -9.207900308723733843e-03 -1.992117297051093638e-03
1.508567491473577701e-02 -9.207900308723733843e-03 -1.992117297051093638e-03
1.508567491473577701e-02 -9.207900308723733843e-03 -1.992117297051093638e-03
1.508567491473577701e-02 -9.207900308723733843e-03 -1.992117297051093638e-03
1.508567491473577701e-02 -9.207900308723733843e-03 -1.992117297051093638e-03
1.508567491473577701e-02 -9.207900308723733843e-03 -1.992117297051093638e-03
1.508567491473577701e-02 -9.207900308723733843e-03 -1.992117297051093638e-03
-1.542336297745359672e-02 3.929228522064131396e-02 -1.803585272221366019e-03
-1.542336297745359672e-02 3.929228522064131396e-02 -1.803585272221366019e-03
-1.542336297745359672e-02 3.929228522064131396e-02 -1.803585272221366019e-03
-1.542336297745359672e-02 3.929228522064131396e-02 -1.803585272221366019e-03
-1.542336297745359672e-02 3.929228522064131396e-02 -1.803585272221366019e-03
-1.542336297745359672e-02 3.929228522064131396e-02 -1.803585272221366019e-03
-1.542336297745359672e-02 3.929228522064131396e-02 -1.803585272221366019e-03
-1.542336297745359672e-02 3.929228522064131396e-02 -1.803585272221366019e-03
-1.542336297745359672e-02 3.929228522064131396e-02 -1.803585272221366019e-03
-1.542336297745359672e-02 3.929228522064131396e-02 -1.803585272221366019e-03
8.344129604201389050e-03 3.047857276628587742e-02 -1.858402006875573345e-03
8.344129604201389050e-03 3.047857276628587742e-02 -1.858402006875573345e-03
8.344129604201389050e-03 3.047857276628587742e-02 -1.858402006875573345e-03
8.344129604201389050e-03 3.047857276628587742e-02 -1.858402006875573345e-03
8.344129604201389050e-03 3.047857276628587742e-02 -1.858402006875573345e-03
8.344129604201389050e-03 3.047857276628587742e-02 -1.858402006875573345e-03
8.344129604201389050e-03 3.047857276628587742e-02 -1.858402006875573345e-03
8.344129604201389050e-03 3.047857276628587742e-02 -1.858402006875573345e-03
8.344129604201389050e-03 3.047857276628587742e-02 -1.858402006875573345e-03
8.344129604201389050e-03 3.047857276628587742e-02 -1.858402006875573345e-03
8.344129604201389050e-03 3.047857276628587742e-02 -1.858402006875573345e-03
8.344129604201389050e-03 3.047857276628587742e-02 -1.858402006875573345e-03
8.344129604201389050e-03 3.047857276628587742e-02 -1.858402006875573345e-03
8.344129604201389050e-03 3.047857276628587742e-02 -1.858402006875573345e-03
8.344129604201389050e-03 3.047857276628587742e-02 -1.858402006875573345e-03
8.344129604201389050e-03 3.047857276628587742e-02 -1.858402006875573345e-03
8.344129604201389050e-03 3.047857276628587742e-02 -1.858402006875573345e-03
-2.967610423171159958e-02 -9.610855149963435512e-03 -1.729637372052977851e-03
-2.967610423171159958e-02 -9.610855149963435512e-03 -1.729637372052977851e-03
-2.967610423171159958e-02 -9.610855149963435512e-03 -1.729637372052977851e-03
-2.967610423171159958e-02 -9.610855149963435512e-03 -1.729637372052977851e-03
-2.967610423171159958e-02 -9.610855149963435512e-03 -1.729637372052977851e-03
-2.967610423171159958e-02 -9.610855149963435512e-03 -1.729637372052977851e-03
-2.967610423171159958e-02 -9.610855149963435512e-03 -1.729637372052977851e-03
-2.967610423171159958e-02 -9.610855149963435512e-03 -1.729637372052977851e-03
-2.967610423171159958e-02 -9.610855149963435512e-03 -1.729637372052977851e-03
-2.967610423171159958e-02 -9.610855149963435512e-03 -1.729637372052977851e-03
-2.967610423171159958e-02 -9.610855149963435512e-03 -1.729637372052977851e-03
-2.967610423171159958e-02 -9.610855149963435512e-03 -1.729637372052977851e-03
-2.967610423171159958e-02 -9.610855149963435512e-03 -1.729637372052977851e-03
-2.967610423171159958e-02 -9.610855149963435512e-03 -1.729637372052977851e-03
-2.967610423171159958e-02 -9.610855149963435512e-03 -1.729637372052977851e-03
-2.967610423171159958e-02 -9.610855149963435512e-03 -1.729637372052977851e-03
-2.967610423171159958e-02 -9.610855149963435512e-03 -1.729637372052977851e-03
-5.784418158987083419e-03 2.004785328212393622e-02 2.374960880561931276e-03
-5.784418158987083419e-03 2.004785328212393622e-02 2.374960880561931276e-03
-5.784418158987083419e-03 2.004785328212393622e-02 2.374960880561931276e-03
-5.784418158987083419e-03 2.004785328212393622e-02 2.374960880561931276e-03
-5.784418158987083419e-03 2.004785328212393622e-02 2.374960880561931276e-03
-5.784418158987083419e-03 2.004785328212393622e-02 2.374960880561931276e-03
-5.784418158987083419e-03 2.004785328212393622e-02 2.374960880561931276e-03
-5.784418158987083419e-03 2.004785328212393622e-02 2.374960880561931276e-03
-5.784418158987083419e-03 2.004785328212393622e-02 2.374960880561931276e-03
-5.784418158987083419e-03 2.004785328212393622e-02 2.374960880561931276e-03
-5.784418158987083419e-03 2.004785328212393622e-02 2.374960880561931276e-03
-5.784418158987083419e-03 2.004785328212393622e-02 2.374960880561931276e-03
-5.784418158987083419e-03 2.004785328212393622e-02 2.374960880561931276e-03
-5.784418158987083419e-03 2.004785328212393622e-02 2.374960880561931276e-03
-5.784418158987083419e-03 2.004785328212393622e-02 2.374960880561931276e-03
-5.784418158987083419e-03 2.004785328212393622e-02 2.374960880561931276e-03
-1.508930078064525150e-02 7.634008800020795557e-03 -1.652590054214132971e-03
-1.508930078064525150e-02 7.634008800020795557e-03 -1.652590054214132971e-03
-1.508930078064525150e-02 7.634008800020795557e-03 -1.652590054214132971e-03
-1.508930078064525150e-02 7.634008800020795557e-03 -1.652590054214132971e-03
-1.508930078064525150e-02 7.634008800020795557e-03 -1.652590054214132971e-03
-1.508930078064525150e-02 7.634008800020795557e-03 -1.652590054214132971e-03
-1.508930078064525150e-02 7.634008800020795557e-03 -1.652590054214132971e-03
-1.508930078064525150e-02 7.634008800020795557e-03 -1.652590054214132971e-03
-1.508930078064525150e-02 7.634008800020795557e-03 -1.652590054214132971e-03
-1.508930078064525150e-02 7.634008800020795557e-03 -1.652590054214132971e-03
-1.508930078064525150e-02 7.634008800020795557e-03 -1.652590054214132971e-03
-1.508930078064525150e-02 7.634008800020795557e-03 -1.652590054214132971e-03
-1.508930078064525150e-02 7.634008800020795557e-03 -1.652590054214132971e-03
-1.508930078064525150e-02 7.634008800020795557e-03 -1.652590054214132971e-03
-1.508930078064525150e-02 7.634008800020795557e-03 -1.652590054214132971e-03
-1.508930078064525150e-02 7.634008800020795557e-03 -1.652590054214132971e-03
-1.508930078064525150e-02 7.634008800020795557e-03 -1.652590054214132971e-03
-7.294165111787400541e-03 2.643592840454105086e-02 9.296223300601104932e-04
-7.294165111787400541e-03 2.643592840454105086e-02 9.296223300601104932e-04
-7.294165111787400541e-03 2.643592840454105086e-02 9.296223300601104932e-04
-7.294165111787400541e-03 2.643592840454105086e-02 9.296223300601104932e-04
-7.294165111787400541e-03 2.643592840454105086e-02 9.296223300601104932e-04
-7.294165111787400541e-03 2.643592840454105086e-02 9.296223300601104932e-04
-7.294165111787400541e-03 2.643592840454105086e-02 9.296223300601104932e-04
-7.294165111787400541e-03 2.643592840454105086e-02 9.296223300601104932e-04
-7.294165111787400541e-03 2.643592840454105086e-02 9.296223300601104932e-04
-7.294165111787400541e-03 2.643592840454105086e-02 9.296223300601104932e-04
-7.294165111787400541e-03 2.643592840454105086e-02 9.296223300601104932e-04
-7.294165111787400541e-03 2.643592840454105086e-02 9.296223300601104932e-04
-7.294165111787400541e-03 2.643592840454105086e-02 9.296223300601104932e-04
-7.294165111787400541e-03 2.643592840454105086e-02 9.296223300601104932e-04
-7.294165111787400541e-03 2.643592840454105086e-02 9.296223300601104932e-04
-7.294165111787400541e-03 2.643592840454105086e-02 9.296223300601104932e-04
-7.294165111787400541e-03 2.643592840454105086e-02 9.296223300601104932e-04
8.326320163734968194e-03 -1.450113474006526487e-02 -2.149570716502108465e-03
8.326320163734968194e-03 -1.450113474006526487e-02 -2.149570716502108465e-03
8.326320163734968194e-03 -1.450113474006526487e-02 -2.149570716502108465e-03
8.326320163734968194e-03 -1.450113474006526487e-02 -2.149570716502108465e-03
8.326320163734968194e-03 -1.450113474006526487e-02 -2.149570716502108465e-03
8.326320163734968194e-03 -1.450113474006526487e-02 -2.149570716502108465e-03
8.326320163734968194e-03 -1.450113474006526487e-02 -2.149570716502108465e-03
8.326320163734968194e-03 -1.450113474006526487e-02 -2.149570716502108465e-03
8.326320163734968194e-03 -1.450113474006526487e-02 -2.149570716502108465e-03
8.326320163734968194e-03 -1.450113474006526487e-02 -2.149570716502108465e-03
8.326320163734968194e-03 -1.450113474006526487e-02 -2.149570716502108465e-03
8.326320163734968194e-03 -1.450113474006526487e-02 -2.149570716502108465e-03
8.326320163734968194e-03 -1.450113474006526487e-02 -2.149570716502108465e-03
8.326320163734968194e-03 -1.450113474006526487e-02 -2.149570716502108465e-03
8.326320163734968194e-03 -1.450113474006526487e-02 -2.149570716502108465e-03
8.326320163734968194e-03 -1.450113474006526487e-02 -2.149570716502108465e-03
8.326320163734968194e-03 -1.450113474006526487e-02 -2.149570716502108465e-03
-9.705038229397640673e-03 3.724355965535736113e-02 -9.925824353976651568e-03
-9.705038229397640673e-03 3.724355965535736113e-02 -9.925824353976651568e-03
-9.705038229397640673e-03 3.724355965535736113e-02 -9.925824353976651568e-03
-9.705038229397640673e-03 3.724355965535736113e-02 -9.925824353976651568e-03
-9.705038229397640673e-03 3.724355965535736113e-02 -9.925824353976651568e-03
-9.705038229397640673e-03 3.724355965535736113e-02 -9.925824353976651568e-03
-9.705038229397640673e-03 3.724355965535736113e-02 -9.925824353976651568e-03
-9.705038229397640673e-03 3.724355965535736113e-02 -9.925824353976651568e-03
-9.705038229397640673e-03 3.724355965535736113e-02 -9.925824353976651568e-03
-9.705038229397640673e-03 3.724355965535736113e-02 -9.925824353976651568e-03
-9.705038229397640673e-03 3.724355965535736113e-02 -9.925824353976651568e-03
-9.705038229397640673e-03 3.724355965535736113e-02 -9.925824353976651568e-03
-9.705038229397640673e-03 3.724355965535736113e-02 -9.925824353976651568e-03
-9.705038229397640673e-03 3.724355965535736113e-02 -9.925824353976651568e-03
-9.705038229397640673e-03 3.724355965535736113e-02 -9.925824353976651568e-03
-9.705038229397640673e-03 3.724355965535736113e-02 -9.925824353976651568e-03
-9.705038229397640673e-03 3.724355965535736113e-02 -9.925824353976651568e-03
-1.878589710182480268e-03 3.110714627366757690e-02 -2.029541481422391692e-03
-1.878589710182480268e-03 3.110714627366757690e-02 -2.029541481422391692e-03
-1.878589710182480268e-03 3.110714627366757690e-02 -2.029541481422391692e-03
-1.878589710182480268e-03 3.110714627366757690e-02 -2.029541481422391692e-03
-1.878589710182480268e-03 3.110714627366757690e-02 -2.029541481422391692e-03
-1.878589710182480268e-03 3.110714627366757690e-02 -2.029541481422391692e-03
-1.878589710182480268e-03 3.110714627366757690e-02 -2.029541481422391692e-03
-1.878589710182480268e-03 3.110714627366757690e-02 -2.029541481422391692e-03
-1.878589710182480268e-03 3.110714627366757690e-02 -2.029541481422391692e-03
-1.878589710182480268e-03 3.110714627366757690e-02 -2.029541481422391692e-03
-1.878589710182480268e-03 3.110714627366757690e-02 -2.029541481422391692e-03
-1.878589710182480268e-03 3.110714627366757690e-02 -2.029541481422391692e-03
-1.878589710182480268e-03 3.110714627366757690e-02 -2.029541481422391692e-03
-1.878589710182480268e-03 3.110714627366757690e-02 -2.029541481422391692e-03
-1.878589710182480268e-03 3.110714627366757690e-02 -2.029541481422391692e-03
-1.878589710182480268e-03 3.110714627366757690e-02 -2.029541481422391692e-03
-1.878589710182480268e-03 3.110714627366757690e-02 -2.029541481422391692e-03
