3.569979114445857860e-02 -3.076870471678591623e-02 7.205486763368590224e-04
3.569979114445857860e-02 -3.076870471678591623e-02 7.205486763368590224e-04
3.569979114445857860e-02 -3.076870471678591623e-02 7.205486763368590224e-04
3.569979114445857860e-02 -3.076870471678591623e-02 7.205486763368590224e-04
3.569979114445857860e-02 -3.076870471678591623e-02 7.205486763368590224e-04
3.569979114445857860e-02 -3.076870471678591623e-02 7.205486763368590224e-04
3.569979114445857860e-02 -3.076870471678591623e-02 7.205486763368590224e-04
3.569979114445857860e-02 -3.076870471678591623e-02 7.205486763368590224e-04
3.569979114445857860e-02 -3.076870471678591623e-02 7.205486763368590224e-04
3.569979114445857860e-02 -3.076870471678591623e-02 7.205486763368590224e-04
3.569979114445857860e-02 -3.076870471678591623e-02 7.205486763368590224e-04
3.569979114445857860e-02 -3.076870471678591623e-02 7.205486763368590224e-04
3.569979114445857860e-02 -3.076870471678591623e-02 7.205486763368590224e-04
3.569979114445857860e-02 -3.076870471678591623e-02 7.205486763368590224e-04
3.569979114445857860e-02 -3.076870471678591623e-02 7.205486763368590224e-04
-1.083359358245100657e-02 1.781786106069820769e-02 -8.533680415877594599e-04
-1.083359358245100657e-02 1.781786106069820769e-02 -8.533680415877594599e-04
-1.083359358245100657e-02 1.781786106069820769e-02 -8.533680415877594599e-04
-1.083359358245100657e-02 1.781786106069820769e-02 -8.533680415877594599e-04
-1.083359358245100657e-02 1.781786106069820769e-02 -8.533680415877594599e-04
-1.083359358245100657e-02 1.781786106069820769e-02 -8.533680415877594599e-04
-1.083359358245100657e-02 1.781786106069820769e-02 -8.533680415877594599e-04
-1.083359358245100657e-02 1.781786106069820769e-02 -8.533680415877594599e-04
-1.083359358245100657e-02 1.781786106069820769e-02 -8.533680415877594599e-04
-1.083359358245100657e-02 1.781786106069820769e-02 -8.533680415877594599e-04
-1.083359358245100657e-02 1.781786106069820769e-02 -8.533680415877594599e-04
-1.083359358245100657e-02 1.781786106069820769e-02 -8.533680415877594599e-04
-1.083359358245100657e-02 1.781786106069820769e-02 -8.533680415877594599e-04
-1.083359358245100657e-02 1.781786106069820769e-02 -8.533680415877594599e-04
-4.950649180048962567e-02 6.318641826881066237e-02 -1.817810667737749207e-03
-4.950649180048962567e-02 6.318641826881066237e-02 -1.817810667737749207e-03
-4.950649180048962567e-02 6.318641826881066237e-02 -1.817810667737749207e-03
-4.950649180048962567e-02 6.318641826881066237e-02 -1.817810667737749207e-03
-4.950649180048962567e-02 6.318641826881066237e-02 -1.817810667737749207e-03
-4.950649180048962567e-02 6.318641826881066237e-02 -1.817810667737749207e-03
-4.950649180048962567e-02 6.318641826881066237e-02 -1.817810667737749207e-03
-4.950649180048962567e-02 6.318641826881066237e-02 -1.817810667737749207e-03
-4.950649180048962567e-02 6.318641826881066237e-02 -1.817810667737749207e-03
-4.950649180048962567e-02 6.318641826881066237e-02 -1.817810667737749207e-03
-4.950649180048962567e-02 6.318641826881066237e-02 -1.817810667737749207e-03
-4.950649180048962567e-02 6.318641826881066237e-02 -1.817810667737749207e-03
-4.950649180048962567e-02 6.318641826881066237e-02 -1.817810667737749207e-03
-4.950649180048962567e-02 6.318641826881066237e-02 -1.817810667737749207e-03
1.987831452044158329e-02 -6.203847191287001350e-02 1.406706293514722698e-03
1.987831452044158329e-02 -6.203847191287001350e-02 1.406706293514722698e-03
1.987831452044158329e-02 -6.203847191287001350e-02 1.406706293514722698e-03
1.987831452044158329e-02 -6.203847191287001350e-02 1.406706293514722698e-03
1.987831452044158329e-02 -6.203847191287001350e-02 1.406706293514722698e-03
1.987831452044158329e-02 -6.203847191287001350e-02 1.406706293514722698e-03
1.987831452044158329e-02 -6.203847191287001350e-02 1.406706293514722698e-03
1.987831452044158329e-02 -6.203847191287001350e-02 1.406706293514722698e-03
1.987831452044158329e-02 -6.203847191287001350e-02 1.406706293514722698e-03
1.987831452044158329e-02 -6.203847191287001350e-02 1.406706293514722698e-03
1.987831452044158329e-02 -6.203847191287001350e-02 1.406706293514722698e-03
1.987831452044158329e-02 -6.203847191287001350e-02 1.406706293514722698e-03
-5.058423221096500222e-02 9.499998918909449697e-02 -2.441803196001737612e-03
-5.058423221096500222e-02 9.499998918909449697e-02 -2.441803196001737612e-03
-5.058423221096500222e-02 9.499998918909449697e-02 -2.441803196001737612e-03
-5.058423221096500222e-02 9.499998918909449697e-02 -2.441803196001737612e-03
-5.058423221096500222e-02 9.499998918909449697e-02 -2.441803196001737612e-03
-5.058423221096500222e-02 9.499998918909449697e-02 -2.441803196001737612e-03
-5.058423221096500222e-02 9.499998918909449697e-02 -2.441803196001737612e-03
-5.058423221096500222e-02 9.499998918909449697e-02 -2.441803196001737612e-03
-5.058423221096500222e-02 9.499998918909449697e-02 -2.441803196001737612e-03
-5.058423221096500222e-02 9.499998918909449697e-02 -2.441803196001737612e-03
-5.058423221096500222e-02 9.499998918909449697e-02 -2.441803196001737612e-03
-4.692652216266145898e-02 7.719599432324185384e-02 -2.113126672453522013e-03
-4.692652216266145898e-02 7.719599432324185384e-02 -2.113126672453522013e-03
-2.040434951805764063e-02 3.304176451845866613e-02 -8.890397992202292736e-04
-2.040434951805764063e-02 3.304176451845866613e-02 -8.890397992202292736e-04
-2.040434951805764063e-02 3.304176451845866613e-02 -8.890397992202292736e-04
-2.040434951805764063e-02 3.304176451845866613e-02 -8.890397992202292736e-04
-2.040434951805764063e-02 3.304176451845866613e-02 -8.890397992202292736e-04
-2.040434951805764063e-02 3.304176451845866613e-02 -8.890397992202292736e-04
-2.040434951805764063e-02 3.304176451845866613e-02 -8.890397992202292736e-04
-2.040434951805764063e-02 3.304176451845866613e-02 -8.890397992202292736e-04
-2.040434951805764063e-02 3.304176451845866613e-02 -8.890397992202292736e-04
-2.040434951805764063e-02 3.304176451845866613e-02 -8.890397992202292736e-04
-2.040434951805764063e-02 3.304176451845866613e-02 -8.890397992202292736e-04
2.391558276699420893e-02 -7.489309932310872497e-02 1.619394769040060928e-03
2.391558276699420893e-02 -7.489309932310872497e-02 1.619394769040060928e-03
2.391558276699420893e-02 -7.489309932310872497e-02 1.619394769040060928e-03
2.391558276699420893e-02 -7.489309932310872497e-02 1.619394769040060928e-03
2.391558276699420893e-02 -7.489309932310872497e-02 1.619394769040060928e-03
2.391558276699420893e-02 -7.489309932310872497e-02 1.619394769040060928e-03
2.391558276699420893e-02 -7.489309932310872497e-02 1.619394769040060928e-03
2.391558276699420893e-02 -7.489309932310872497e-02 1.619394769040060928e-03
2.391558276699420893e-02 -7.489309932310872497e-02 1.619394769040060928e-03
2.391558276699420893e-02 -7.489309932310872497e-02 1.619394769040060928e-03
2.391558276699420893e-02 -7.489309932310872497e-02 1.619394769040060928e-03
2.391558276699420893e-02 -7.489309932310872497e-02 1.619394769040060928e-03
2.391558276699420893e-02 -7.489309932310872497e-02 1.619394769040060928e-03
2.391558276699420893e-02 -7.489309932310872497e-02 1.619394769040060928e-03
2.391558276699420893e-02 -7.489309932310872497e-02 1.619394769040060928e-03
2.391558276699420893e-02 -7.489309932310872497e-02 1.619394769040060928e-03
4.948593577130856735e-02 -4.736016491638728176e-02 -1.399353992827076076e-03
4.948593577130856735e-02 -4.736016491638728176e-02 -1.399353992827076076e-03
4.948593577130856735e-02 -4.736016491638728176e-02 -1.399353992827076076e-03
4.948593577130856735e-02 -4.736016491638728176e-02 -1.399353992827076076e-03
4.948593577130856735e-02 -4.736016491638728176e-02 -1.399353992827076076e-03
4.948593577130856735e-02 -4.736016491638728176e-02 -1.399353992827076076e-03
4.948593577130856735e-02 -4.736016491638728176e-02 -1.399353992827076076e-03
4.948593577130856735e-02 -4.736016491638728176e-02 -1.399353992827076076e-03
4.948593577130856735e-02 -4.736016491638728176e-02 -1.399353992827076076e-03
4.948593577130856735e-02 -4.736016491638728176e-02 -1.399353992827076076e-03
4.948593577130856735e-02 -4.736016491638728176e-02 -1.399353992827076076e-03
4.948593577130856735e-02 -4.736016491638728176e-02 -1.399353992827076076e-03
7.275877974620533623e-03 -2.804510106563956606e-02 2.763694636919960916e-04
7.275877974620533623e-03 -2.804510106563956606e-02 2.763694636919960916e-04
7.275877974620533623e-03 -2.804510106563956606e-02 2.763694636919960916e-04
7.275877974620533623e-03 -2.804510106563956606e-02 2.763694636919960916e-04
7.275877974620533623e-03 -2.804510106563956606e-02 2.763694636919960916e-04
7.275877974620533623e-03 -2.804510106563956606e-02 2.763694636919960916e-04
7.275877974620533623e-03 -2.804510106563956606e-02 2.763694636919960916e-04
