1.452921334873445366e-02 2.490149416379446382e-02 -7.498319003474572877e-03
1.452921334873445366e-02 2.490149416379446382e-02 -7.498319003474572877e-03
1.452921334873445366e-02 2.490149416379446382e-02 -7.498319003474572877e-03
1.452921334873445366e-02 2.490149416379446382e-02 -7.498319003474572877e-03
1.452921334873445366e-02 2.490149416379446382e-02 -7.498319003474572877e-03
1.452921334873445366e-02 2.490149416379446382e-02 -7.498319003474572877e-03
1.452921334873445366e-02 2.490149416379446382e-02 -7.498319003474572877e-03
1.452921334873445366e-02 2.490149416379446382e-02 -7.498319003474572877e-03
1.452921334873445366e-02 2.490149416379446382e-02 -7.498319003474572877e-03
1.452921334873445366e-02 2.490149416379446382e-02 -7.498319003474572877e-03
1.452921334873445366e-02 2.490149416379446382e-02 -7.498319003474572877e-03
1.452921334873445366e-02 2.490149416379446382e-02 -7.498319003474572877e-03
1.452921334873445366e-02 2.490149416379446382e-02 -7.498319003474572877e-03
1.452921334873445366e-02 2.490149416379446382e-02 -7.498319003474572877e-03
1.452921334873445366e-02 2.490149416379446382e-02 -7.498319003474572877e-03
1.452921334873445366e-02 2.490149416379446382e-02 -7.498319003474572877e-03
1.452921334873445366e-02 2.490149416379446382e-02 -7.498319003474572877e-03
-5.886995964155255535e-03 -3.101464145324956886e-03 -4.119222947549996440e-03
-5.886995964155255535e-03 -3.101464145324956886e-03 -4.119222947549996440e-03
-5.886995964155255535e-03 -3.101464145324956886e-03 -4.119222947549996440e-03
-5.886995964155255535e-03 -3.101464145324956886e-03 -4.119222947549996440e-03
-5.886995964155255535e-03 -3.101464145324956886e-03 -4.119222947549996440e-03
-5.886995964155255535e-03 -3.101464145324956886e-03 -4.119222947549996440e-03
-5.886995964155255535e-03 -3.101464145324956886e-03 -4.119222947549996440e-03
-5.886995964155255535e-03 -3.101464145324956886e-03 -4.119222947549996440e-03
-5.886995964155255535e-03 -3.101464145324956886e-03 -4.119222947549996440e-03
-5.886995964155255535e-03 -3.101464145324956886e-03 -4.119222947549996440e-03
-5.886995964155255535e-03 -3.101464145324956886e-03 -4.119222947549996440e-03
-5.886995964155255535e-03 -3.101464145324956886e-03 -4.119222947549996440e-03
-5.886995964155255535e-03 -3.101464145324956886e-03 -4.119222947549996440e-03
-5.886995964155255535e-03 -3.101464145324956886e-03 -4.119222947549996440e-03
-5.886995964155255535e-03 -3.101464145324956886e-03 -4.119222947549996440e-03
-5.886995964155255535e-03 -3.101464145324956886e-03 -4.119222947549996440e-03
-5.886995964155255535e-03 -3.101464145324956886e-03 -4.119222947549996440e-03
1.534751969731282945e-02 7.293211885539063050e-03 -2.498297998356524552e-02
1.534751969731282945e-02 7.293211885539063050e-03 -2.498297998356524552e-02
1.534751969731282945e-02 7.293211885539063050e-03 -2.498297998356524552e-02
1.534751969731282945e-02 7.293211885539063050e-03 -2.498297998356524552e-02
1.534751969731282945e-02 7.293211885539063050e-03 -2.498297998356524552e-02
1.534751969731282945e-02 7.293211885539063050e-03 -2.498297998356524552e-02
1.534751969731282945e-02 7.293211885539063050e-03 -2.498297998356524552e-02
1.534751969731282945e-02 7.293211885539063050e-03 -2.498297998356524552e-02
1.534751969731282945e-02 7.293211885539063050e-03 -2.498297998356524552e-02
1.534751969731282945e-02 7.293211885539063050e-03 -2.498297998356524552e-02
1.534751969731282945e-02 7.293211885539063050e-03 -2.498297998356524552e-02
1.534751969731282945e-02 7.293211885539063050e-03 -2.498297998356524552e-02
1.534751969731282945e-02 7.293211885539063050e-03 -2.498297998356524552e-02
1.534751969731282945e-02 7.293211885539063050e-03 -2.498297998356524552e-02
1.534751969731282945e-02 7.293211885539063050e-03 -2.498297998356524552e-02
1.534751969731282945e-02 7.293211885539063050e-03 -2.498297998356524552e-02
1.534751969731282945e-02 7.293211885539063050e-03 -2.498297998356524552e-02
-2.385668760907695696e-02 1.435278625773714692e-02 -6.956426273235616353e-03
-2.385668760907695696e-02 1.435278625773714692e-02 -6.956426273235616353e-03
-2.385668760907695696e-02 1.435278625773714692e-02 -6.956426273235616353e-03
-2.385668760907695696e-02 1.435278625773714692e-02 -6.956426273235616353e-03
-2.385668760907695696e-02 1.435278625773714692e-02 -6.956426273235616353e-03
-2.385668760907695696e-02 1.435278625773714692e-02 -6.956426273235616353e-03
-2.385668760907695696e-02 1.435278625773714692e-02 -6.956426273235616353e-03
-2.385668760907695696e-02 1.435278625773714692e-02 -6.956426273235616353e-03
-2.385668760907695696e-02 1.435278625773714692e-02 -6.956426273235616353e-03
-2.385668760907695696e-02 1.435278625773714692e-02 -6.956426273235616353e-03
-2.385668760907695696e-02 1.435278625773714692e-02 -6.956426273235616353e-03
-2.385668760907695696e-02 1.435278625773714692e-02 -6.956426273235616353e-03
-2.385668760907695696e-02 1.435278625773714692e-02 -6.956426273235616353e-03
-2.385668760907695696e-02 1.435278625773714692e-02 -6.956426273235616353e-03
-2.385668760907695696e-02 1.435278625773714692e-02 -6.956426273235616353e-03
-2.385668760907695696e-02 1.435278625773714692e-02 -6.956426273235616353e-03
-2.385668760907695696e-02 1.435278625773714692e-02 -6.956426273235616353e-03
-8.116332423120466155e-03 -2.665038067681210765e-02 -7.674918871427988121e-03
-8.116332423120466155e-03 -2.665038067681210765e-02 -7.674918871427988121e-03
-8.116332423120466155e-03 -2.665038067681210765e-02 -7.674918871427988121e-03
-8.116332423120466155e-03 -2.665038067681210765e-02 -7.674918871427988121e-03
-8.116332423120466155e-03 -2.665038067681210765e-02 -7.674918871427988121e-03
-8.116332423120466155e-03 -2.665038067681210765e-02 -7.674918871427988121e-03
-8.116332423120466155e-03 -2.665038067681210765e-02 -7.674918871427988121e-03
-8.116332423120466155e-03 -2.665038067681210765e-02 -7.674918871427988121e-03
-8.116332423120466155e-03 -2.665038067681210765e-02 -7.674918871427988121e-03
-8.116332423120466155e-03 -2.665038067681210765e-02 -7.674918871427988121e-03
-8.116332423120466155e-03 -2.665038067681210765e-02 -7.674918871427988121e-03
-8.116332423120466155e-03 -2.665038067681210765e-02 -7.674918871427988121e-03
-8.116332423120466155e-03 -2.665038067681210765e-02 -7.674918871427988121e-03
-8.116332423120466155e-03 -2.665038067681210765e-02 -7.674918871427988121e-03
-8.116332423120466155e-03 -2.665038067681210765e-02 -7.674918871427988121e-03
-8.116332423120466155e-03 -2.665038067681210765e-02 -7.674918871427988121e-03
-8.116332423120466155e-03 -2.665038067681210765e-02 -7.674918871427988121e-03
1.781051027422409644e-02 9.690941929354848078e-03 1.689938817616255806e-02
1.781051027422409644e-02 9.690941929354848078e-03 1.689938817616255806e-02
1.781051027422409644e-02 9.690941929354848078e-03 1.689938817616255806e-02
1.781051027422409644e-02 9.690941929354848078e-03 1.689938817616255806e-02
1.781051027422409644e-02 9.690941929354848078e-03 1.689938817616255806e-02
1.781051027422409644e-02 9.690941929354848078e-03 1.689938817616255806e-02
1.781051027422409644e-02 9.690941929354848078e-03 1.689938817616255806e-02
1.781051027422409644e-02 9.690941929354848078e-03 1.689938817616255806e-02
1.781051027422409644e-02 9.690941929354848078e-03 1.689938817616255806e-02
1.781051027422409644e-02 9.690941929354848078e-03 1.689938817616255806e-02
1.781051027422409644e-02 9.690941929354848078e-03 1.689938817616255806e-02
1.781051027422409644e-02 9.690941929354848078e-03 1.689938817616255806e-02
1.781051027422409644e-02 9.690941929354848078e-03 1.689938817616255806e-02
1.781051027422409644e-02 9.690941929354848078e-03 1.689938817616255806e-02
1.781051027422409644e-02 9.690941929354848078e-03 1.689938817616255806e-02
1.781051027422409644e-02 9.690941929354848078e-03 1.689938817616255806e-02
1.781051027422409644e-02 9.690941929354848078e-03 1.689938817616255806e-02
-1.166815586898305862e-02 2.180566218642929210e-02 5.286088176993671874e-03
-1.166815586898305862e-02 2.180566218642929210e-02 5.286088176993671874e-03
-1.166815586898305862e-02 2.180566218642929210e-02 5.286088176993671874e-03
-1.166815586898305862e-02 2.180566218642929210e-02 5.286088176993671874e-03
-1.166815586898305862e-02 2.180566218642929210e-02 5.286088176993671874e-03
-1.166815586898305862e-02 2.180566218642929210e-02 5.286088176993671874e-03
-1.166815586898305862e-02 2.180566218642929210e-02 5.286088176993671874e-03
-1.166815586898305862e-02 2.180566218642929210e-02 5.286088176993671874e-03
-1.166815586898305862e-02 2.180566218642929210e-02 5.286088176993671874e-03
-1.166815586898305862e-02 2.180566218642929210e-02 5.286088176993671874e-03
-1.166815586898305862e-02 2.180566218642929210e-02 5.286088176993671874e-03
-1.166815586898305862e-02 2.180566218642929210e-02 5.286088176993671874e-03
-1.166815586898305862e-02 2.180566218642929210e-02 5.286088176993671874e-03
-1.166815586898305862e-02 2.180566218642929210e-02 5.286088176993671874e-03
-1.166815586898305862e-02 2.180566218642929210e-02 5.286088176993671874e-03
-1.166815586898305862e-02 2.180566218642929210e-02 5.286088176993671874e-03
-1.166815586898305862e-02 2.180566218642929210e-02 5.286088176993671874e-03
-1.826899888773362082e-02 -8.352026319709802277e-03 -7.372379789195648153e-03
2.145877925114015455e-02 1.022010367829472022e-02 -3.230878698668751547e-02
2.145877925114015455e-02 1.022010367829472022e-02 -3.230878698668751547e-02
2.145877925114015455e-02 1.022010367829472022e-02 -3.230878698668751547e-02
2.145877925114015455e-02 1.022010367829472022e-02 -3.230878698668751547e-02
2.145877925114015455e-02 1.022010367829472022e-02 -3.230878698668751547e-02
2.145877925114015455e-02 1.022010367829472022e-02 -3.230878698668751547e-02
2.145877925114015455e-02 1.022010367829472022e-02 -3.230878698668751547e-02
2.145877925114015455e-02 1.022010367829472022e-02 -3.230878698668751547e-02
2.145877925114015455e-02 1.022010367829472022e-02 -3.230878698668751547e-02
2.145877925114015455e-02 1.022010367829472022e-02 -3.230878698668751547e-02
2.145877925114015455e-02 1.022010367829472022e-02 -3.230878698668751547e-02
2.145877925114015455e-02 1.022010367829472022e-02 -3.230878698668751547e-02
2.145877925114015455e-02 1.022010367829472022e-02 -3.230878698668751547e-02
2.145877925114015455e-02 1.022010367829472022e-02 -3.230878698668751547e-02
2.145877925114015455e-02 1.022010367829472022e-02 -3.230878698668751547e-02
2.145877925114015455e-02 1.022010367829472022e-02 -3.230878698668751547e-02
2.145877925114015455e-02 1.022010367829472022e-02 -3.230878698668751547e-02
3.203437714247073242e-02 -1.165611761800207889e-02 -7.172456853683227204e-03
3.203437714247073242e-02 -1.165611761800207889e-02 -7.172456853683227204e-03
3.203437714247073242e-02 -1.165611761800207889e-02 -7.172456853683227204e-03
3.203437714247073242e-02 -1.165611761800207889e-02 -7.172456853683227204e-03
3.203437714247073242e-02 -1.165611761800207889e-02 -7.172456853683227204e-03
3.203437714247073242e-02 -1.165611761800207889e-02 -7.172456853683227204e-03
3.203437714247073242e-02 -1.165611761800207889e-02 -7.172456853683227204e-03
3.203437714247073242e-02 -1.165611761800207889e-02 -7.172456853683227204e-03
3.203437714247073242e-02 -1.165611761800207889e-02 -7.172456853683227204e-03
3.203437714247073242e-02 -1.165611761800207889e-02 -7.172456853683227204e-03
3.203437714247073242e-02 -1.165611761800207889e-02 -7.172456853683227204e-03
3.203437714247073242e-02 -1.165611761800207889e-02 -7.172456853683227204e-03
3.203437714247073242e-02 -1.165611761800207889e-02 -7.172456853683227204e-03
3.203437714247073242e-02 -1.165611761800207889e-02 -7.172456853683227204e-03
3.203437714247073242e-02 -1.165611761800207889e-02 -7.172456853683227204e-03
3.203437714247073242e-02 -1.165611761800207889e-02 -7.172456853683227204e-03
3.203437714247073242e-02 -1.165611761800207889e-02 -7.172456853683227204e-03
1.138651506833784216e-03 -2.493445957106418809e-03 9.166739049865757494e-03
1.138651506833784216e-03 -2.493445957106418809e-03 9.166739049865757494e-03
1.138651506833784216e-03 -2.493445957106418809e-03 9.166739049865757494e-03
1.138651506833784216e-03 -2.493445957106418809e-03 9.166739049865757494e-03
1.138651506833784216e-03 -2.493445957106418809e-03 9.166739049865757494e-03
1.138651506833784216e-03 -2.493445957106418809e-03 9.166739049865757494e-03
1.138651506833784216e-03 -2.493445957106418809e-03 9.166739049865757494e-03
1.138651506833784216e-03 -2.493445957106418809e-03 9.166739049865757494e-03
1.138651506833784216e-03 -2.493445957106418809e-03 9.166739049865757494e-03
1.138651506833784216e-03 -2.493445957106418809e-03 9.166739049865757494e-03
1.138651506833784216e-03 -2.493445957106418809e-03 9.166739049865757494e-03
1.138651506833784216e-03 -2.493445957106418809e-03 9.166739049865757494e-03
1.138651506833784216e-03 -2.493445957106418809e-03 9.166739049865757494e-03
1.138651506833784216e-03 -2.493445957106418809e-03 9.166739049865757494e-03
1.138651506833784216e-03 -2.493445957106418809e-03 9.166739049865757494e-03
1.138651506833784216e-03 -2.493445957106418809e-03 9.166739049865757494e-03
1.138651506833784216e-03 -2.493445957106418809e-03 9.166739049865757494e-03
3.962422915909659914e-03 2.070689896364998409e-03 -1.006700828803067799e-02
3.962422915909659914e-03 2.070689896364998409e-03 -1.006700828803067799e-02
3.962422915909659914e-03 2.070689896364998409e-03 -1.006700828803067799e-02
3.962422915909659914e-03 2.070689896364998409e-03 -1.006700828803067799e-02
3.962422915909659914e-03 2.070689896364998409e-03 -1.006700828803067799e-02
3.962422915909659914e-03 2.070689896364998409e-03 -1.006700828803067799e-02
3.962422915909659914e-03 2.070689896364998409e-03 -1.006700828803067799e-02
3.962422915909659914e-03 2.070689896364998409e-03 -1.006700828803067799e-02
3.962422915909659914e-03 2.070689896364998409e-03 -1.006700828803067799e-02
3.962422915909659914e-03 2.070689896364998409e-03 -1.006700828803067799e-02
3.962422915909659914e-03 2.070689896364998409e-03 -1.006700828803067799e-02
3.962422915909659914e-03 2.070689896364998409e-03 -1.006700828803067799e-02
3.962422915909659914e-03 2.070689896364998409e-03 -1.006700828803067799e-02
3.962422915909659914e-03 2.070689896364998409e-03 -1.006700828803067799e-02
3.962422915909659914e-03 2.070689896364998409e-03 -1.006700828803067799e-02
3.962422915909659914e-03 2.070689896364998409e-03 -1.006700828803067799e-02
3.962422915909659914e-03 2.070689896364998409e-03 -1.006700828803067799e-02
6.972164325711295053e-03 2.555058369452844341e-02 -7.577335063358650938e-03
6.972164325711295053e-03 2.555058369452844341e-02 -7.577335063358650938e-03
6.972164325711295053e-03 2.555058369452844341e-02 -7.577335063358650938e-03
6.972164325711295053e-03 2.555058369452844341e-02 -7.577335063358650938e-03
6.972164325711295053e-03 2.555058369452844341e-02 -7.577335063358650938e-03
6.972164325711295053e-03 2.555058369452844341e-02 -7.577335063358650938e-03
6.972164325711295053e-03 2.555058369452844341e-02 -7.577335063358650938e-03
6.972164325711295053e-03 2.555058369452844341e-02 -7.577335063358650938e-03
6.972164325711295053e-03 2.555058369452844341e-02 -7.577335063358650938e-03
6.972164325711295053e-03 2.555058369452844341e-02 -7.577335063358650938e-03
6.972164325711295053e-03 2.555058369452844341e-02 -7.577335063358650938e-03
6.972164325711295053e-03 2.555058369452844341e-02 -7.577335063358650938e-03
6.972164325711295053e-03 2.555058369452844341e-02 -7.577335063358650938e-03
6.972164325711295053e-03 2.555058369452844341e-02 -7.577335063358650938e-03
6.972164325711295053e-03 2.555058369452844341e-02 -7.577335063358650938e-03
6.972164325711295053e-03 2.555058369452844341e-02 -7.577335063358650938e-03
6.972164325711295053e-03 2.555058369452844341e-02 -7.577335063358650938e-03
