1.098972613055356623e-05 9.681296360898161008e-05 -8.028386673141440361e-03
1.098972613055356623e-05 9.681296360898161008e-05 -8.028386673141440361e-03
1.098972613055356623e-05 9.681296360898161008e-05 -8.028386673141440361e-03
1.098972613055356623e-05 9.681296360898161008e-05 -8.028386673141440361e-03
1.098972613055356623e-05 9.681296360898161008e-05 -8.028386673141440361e-03
1.098972613055356623e-05 9.681296360898161008e-05 -8.028386673141440361e-03
1.098972613055356623e-05 9.681296360898161008e-05 -8.028386673141440361e-03
1.098972613055356623e-05 9.681296360898161008e-05 -8.028386673141440361e-03
1.098972613055356623e-05 9.681296360898161008e-05 -8.028386673141440361e-03
1.098972613055356623e-05 9.681296360898161008e-05 -8.028386673141440361e-03
1.098972613055356623e-05 9.681296360898161008e-05 -8.028386673141440361e-03
1.098972613055356623e-05 9.681296360898161008e-05 -8.028386673141440361e-03
1.098972613055356623e-05 9.681296360898161008e-05 -8.028386673141440361e-03
1.098972613055356623e-05 9.681296360898161008e-05 -8.028386673141440361e-03
1.098972613055356623e-05 9.681296360898161008e-05 -8.028386673141440361e-03
1.098972613055356623e-05 9.681296360898161008e-05 -8.028386673141440361e-03
1.098972613055356623e-05 9.681296360898161008e-05 -8.028386673141440361e-03
2.124809969766021031e-04 -1.034611994763466863e-04 1.894842698953139171e-02
2.124809969766021031e-04 -1.034611994763466863e-04 1.894842698953139171e-02
2.124809969766021031e-04 -1.034611994763466863e-04 1.894842698953139171e-02
2.124809969766021031e-04 -1.034611994763466863e-04 1.894842698953139171e-02
2.124809969766021031e-04 -1.034611994763466863e-04 1.894842698953139171e-02
2.124809969766021031e-04 -1.034611994763466863e-04 1.894842698953139171e-02
2.124809969766021031e-04 -1.034611994763466863e-04 1.894842698953139171e-02
2.124809969766021031e-04 -1.034611994763466863e-04 1.894842698953139171e-02
2.124809969766021031e-04 -1.034611994763466863e-04 1.894842698953139171e-02
2.124809969766021031e-04 -1.034611994763466863e-04 1.894842698953139171e-02
2.124809969766021031e-04 -1.034611994763466863e-04 1.894842698953139171e-02
2.124809969766021031e-04 -1.034611994763466863e-04 1.894842698953139171e-02
2.124809969766021031e-04 -1.034611994763466863e-04 1.894842698953139171e-02
-5.168490040175447581e-04 3.432125895823298634e-04 -8.130108446734646277e-03
-5.168490040175447581e-04 3.432125895823298634e-04 -8.130108446734646277e-03
-5.168490040175447581e-04 3.432125895823298634e-04 -8.130108446734646277e-03
-5.168490040175447581e-04 3.432125895823298634e-04 -8.130108446734646277e-03
-5.168490040175447581e-04 3.432125895823298634e-04 -8.130108446734646277e-03
-5.168490040175447581e-04 3.432125895823298634e-04 -8.130108446734646277e-03
-5.168490040175447581e-04 3.432125895823298634e-04 -8.130108446734646277e-03
-5.168490040175447581e-04 3.432125895823298634e-04 -8.130108446734646277e-03
-5.168490040175447581e-04 3.432125895823298634e-04 -8.130108446734646277e-03
-5.168490040175447581e-04 3.432125895823298634e-04 -8.130108446734646277e-03
-5.168490040175447581e-04 3.432125895823298634e-04 -8.130108446734646277e-03
-5.168490040175447581e-04 3.432125895823298634e-04 -8.130108446734646277e-03
-5.168490040175447581e-04 3.432125895823298634e-04 -8.130108446734646277e-03
-5.168490040175447581e-04 3.432125895823298634e-04 -8.130108446734646277e-03
-5.168490040175447581e-04 3.432125895823298634e-04 -8.130108446734646277e-03
-5.168490040175447581e-04 3.432125895823298634e-04 -8.130108446734646277e-03
-5.168490040175447581e-04 3.432125895823298634e-04 -8.130108446734646277e-03
1.798452767224973953e-03 -3.171200573728102240e-04 1.760546041523703906e-02
1.798452767224973953e-03 -3.171200573728102240e-04 1.760546041523703906e-02
1.798452767224973953e-03 -3.171200573728102240e-04 1.760546041523703906e-02
1.798452767224973953e-03 -3.171200573728102240e-04 1.760546041523703906e-02
1.798452767224973953e-03 -3.171200573728102240e-04 1.760546041523703906e-02
1.798452767224973953e-03 -3.171200573728102240e-04 1.760546041523703906e-02
1.798452767224973953e-03 -3.171200573728102240e-04 1.760546041523703906e-02
1.798452767224973953e-03 -3.171200573728102240e-04 1.760546041523703906e-02
1.798452767224973953e-03 -3.171200573728102240e-04 1.760546041523703906e-02
1.798452767224973953e-03 -3.171200573728102240e-04 1.760546041523703906e-02
1.798452767224973953e-03 -3.171200573728102240e-04 1.760546041523703906e-02
1.798452767224973953e-03 -3.171200573728102240e-04 1.760546041523703906e-02
1.798452767224973953e-03 -3.171200573728102240e-04 1.760546041523703906e-02
-1.183293646033105675e-04 -3.873543254001806692e-04 8.143664989124463002e-03
-8.145410538743060643e-04 1.174019829875173893e-04 4.040647592089172124e-02
-8.145410538743060643e-04 1.174019829875173893e-04 4.040647592089172124e-02
-8.145410538743060643e-04 1.174019829875173893e-04 4.040647592089172124e-02
-8.145410538743060643e-04 1.174019829875173893e-04 4.040647592089172124e-02
-8.145410538743060643e-04 1.174019829875173893e-04 4.040647592089172124e-02
-8.145410538743060643e-04 1.174019829875173893e-04 4.040647592089172124e-02
-8.145410538743060643e-04 1.174019829875173893e-04 4.040647592089172124e-02
-8.145410538743060643e-04 1.174019829875173893e-04 4.040647592089172124e-02
-8.145410538743060643e-04 1.174019829875173893e-04 4.040647592089172124e-02
-8.145410538743060643e-04 1.174019829875173893e-04 4.040647592089172124e-02
-8.145410538743060643e-04 1.174019829875173893e-04 4.040647592089172124e-02
-8.145410538743060643e-04 1.174019829875173893e-04 4.040647592089172124e-02
-8.145410538743060643e-04 1.174019829875173893e-04 4.040647592089172124e-02
-3.818424463848286987e-04 -1.153510689357040153e-05 -1.721795424869165120e-02
-3.818424463848286987e-04 -1.153510689357040153e-05 -1.721795424869165120e-02
-3.818424463848286987e-04 -1.153510689357040153e-05 -1.721795424869165120e-02
-3.818424463848286987e-04 -1.153510689357040153e-05 -1.721795424869165120e-02
-3.818424463848286987e-04 -1.153510689357040153e-05 -1.721795424869165120e-02
-3.818424463848286987e-04 -1.153510689357040153e-05 -1.721795424869165120e-02
-3.818424463848286987e-04 -1.153510689357040153e-05 -1.721795424869165120e-02
-3.818424463848286987e-04 -1.153510689357040153e-05 -1.721795424869165120e-02
-3.818424463848286987e-04 -1.153510689357040153e-05 -1.721795424869165120e-02
-3.818424463848286987e-04 -1.153510689357040153e-05 -1.721795424869165120e-02
-3.818424463848286987e-04 -1.153510689357040153e-05 -1.721795424869165120e-02
-3.818424463848286987e-04 -1.153510689357040153e-05 -1.721795424869165120e-02
-3.818424463848286987e-04 -1.153510689357040153e-05 -1.721795424869165120e-02
-3.818424463848286987e-04 -1.153510689357040153e-05 -1.721795424869165120e-02
-3.818424463848286987e-04 -1.153510689357040153e-05 -1.721795424869165120e-02
-3.818424463848286987e-04 -1.153510689357040153e-05 -1.721795424869165120e-02
-3.818424463848286987e-04 -1.153510689357040153e-05 -1.721795424869165120e-02
6.232551722931906416e-05 1.369427152752006891e-03 4.040233731029197611e-02
6.232551722931906416e-05 1.369427152752006891e-03 4.040233731029197611e-02
6.232551722931906416e-05 1.369427152752006891e-03 4.040233731029197611e-02
6.232551722931906416e-05 1.369427152752006891e-03 4.040233731029197611e-02
6.232551722931906416e-05 1.369427152752006891e-03 4.040233731029197611e-02
6.232551722931906416e-05 1.369427152752006891e-03 4.040233731029197611e-02
6.232551722931906416e-05 1.369427152752006891e-03 4.040233731029197611e-02
6.232551722931906416e-05 1.369427152752006891e-03 4.040233731029197611e-02
6.232551722931906416e-05 1.369427152752006891e-03 4.040233731029197611e-02
6.232551722931906416e-05 1.369427152752006891e-03 4.040233731029197611e-02
6.232551722931906416e-05 1.369427152752006891e-03 4.040233731029197611e-02
-7.400132833862947679e-05 5.694284563132721855e-04 1.489727764453730591e-02
-7.400132833862947679e-05 5.694284563132721855e-04 1.489727764453730591e-02
-7.400132833862947679e-05 5.694284563132721855e-04 1.489727764453730591e-02
-7.400132833862947679e-05 5.694284563132721855e-04 1.489727764453730591e-02
-7.400132833862947679e-05 5.694284563132721855e-04 1.489727764453730591e-02
-7.400132833862947679e-05 5.694284563132721855e-04 1.489727764453730591e-02
-7.400132833862947679e-05 5.694284563132721855e-04 1.489727764453730591e-02
-7.400132833862947679e-05 5.694284563132721855e-04 1.489727764453730591e-02
-7.400132833862947679e-05 5.694284563132721855e-04 1.489727764453730591e-02
-7.400132833862947679e-05 5.694284563132721855e-04 1.489727764453730591e-02
-7.400132833862947679e-05 5.694284563132721855e-04 1.489727764453730591e-02
1.584764483282740874e-04 3.426798704805871648e-04 -7.379735802796306976e-03
1.584764483282740874e-04 3.426798704805871648e-04 -7.379735802796306976e-03
1.584764483282740874e-04 3.426798704805871648e-04 -7.379735802796306976e-03
1.584764483282740874e-04 3.426798704805871648e-04 -7.379735802796306976e-03
1.584764483282740874e-04 3.426798704805871648e-04 -7.379735802796306976e-03
1.584764483282740874e-04 3.426798704805871648e-04 -7.379735802796306976e-03
1.584764483282740874e-04 3.426798704805871648e-04 -7.379735802796306976e-03
1.584764483282740874e-04 3.426798704805871648e-04 -7.379735802796306976e-03
1.584764483282740874e-04 3.426798704805871648e-04 -7.379735802796306976e-03
1.584764483282740874e-04 3.426798704805871648e-04 -7.379735802796306976e-03
1.584764483282740874e-04 3.426798704805871648e-04 -7.379735802796306976e-03
1.584764483282740874e-04 3.426798704805871648e-04 -7.379735802796306976e-03
1.584764483282740874e-04 3.426798704805871648e-04 -7.379735802796306976e-03
1.584764483282740874e-04 3.426798704805871648e-04 -7.379735802796306976e-03
1.584764483282740874e-04 3.426798704805871648e-04 -7.379735802796306976e-03
1.584764483282740874e-04 3.426798704805871648e-04 -7.379735802796306976e-03
1.584764483282740874e-04 3.426798704805871648e-04 -7.379735802796306976e-03
6.846128591634975322e-04 9.808139930541845408e-05 -1.078404800516208871e-02
6.846128591634975322e-04 9.808139930541845408e-05 -1.078404800516208871e-02
6.846128591634975322e-04 9.808139930541845408e-05 -1.078404800516208871e-02
6.846128591634975322e-04 9.808139930541845408e-05 -1.078404800516208871e-02
6.846128591634975322e-04 9.808139930541845408e-05 -1.078404800516208871e-02
6.846128591634975322e-04 9.808139930541845408e-05 -1.078404800516208871e-02
6.846128591634975322e-04 9.808139930541845408e-05 -1.078404800516208871e-02
6.846128591634975322e-04 9.808139930541845408e-05 -1.078404800516208871e-02
6.846128591634975322e-04 9.808139930541845408e-05 -1.078404800516208871e-02
6.846128591634975322e-04 9.808139930541845408e-05 -1.078404800516208871e-02
6.846128591634975322e-04 9.808139930541845408e-05 -1.078404800516208871e-02
6.846128591634975322e-04 9.808139930541845408e-05 -1.078404800516208871e-02
6.846128591634975322e-04 9.808139930541845408e-05 -1.078404800516208871e-02
6.846128591634975322e-04 9.808139930541845408e-05 -1.078404800516208871e-02
6.846128591634975322e-04 9.808139930541845408e-05 -1.078404800516208871e-02
6.846128591634975322e-04 9.808139930541845408e-05 -1.078404800516208871e-02
6.846128591634975322e-04 9.808139930541845408e-05 -1.078404800516208871e-02
-2.214233155827826684e-04 -6.135704141009210022e-05 2.001511149334837120e-02
-2.214233155827826684e-04 -6.135704141009210022e-05 2.001511149334837120e-02
-2.214233155827826684e-04 -6.135704141009210022e-05 2.001511149334837120e-02
-2.214233155827826684e-04 -6.135704141009210022e-05 2.001511149334837120e-02
-2.214233155827826684e-04 -6.135704141009210022e-05 2.001511149334837120e-02
-2.214233155827826684e-04 -6.135704141009210022e-05 2.001511149334837120e-02
-2.214233155827826684e-04 -6.135704141009210022e-05 2.001511149334837120e-02
-2.214233155827826684e-04 -6.135704141009210022e-05 2.001511149334837120e-02
-2.214233155827826684e-04 -6.135704141009210022e-05 2.001511149334837120e-02
-2.214233155827826684e-04 -6.135704141009210022e-05 2.001511149334837120e-02
-2.214233155827826684e-04 -6.135704141009210022e-05 2.001511149334837120e-02
-2.214233155827826684e-04 -6.135704141009210022e-05 2.001511149334837120e-02
-2.214233155827826684e-04 -6.135704141009210022e-05 2.001511149334837120e-02
-4.679484808956346602e-04 1.352835445730162130e-03 1.726134509536521311e-02
-4.679484808956346602e-04 1.352835445730162130e-03 1.726134509536521311e-02
-4.679484808956346602e-04 1.352835445730162130e-03 1.726134509536521311e-02
-4.679484808956346602e-04 1.352835445730162130e-03 1.726134509536521311e-02
-4.679484808956346602e-04 1.352835445730162130e-03 1.726134509536521311e-02
-4.679484808956346602e-04 1.352835445730162130e-03 1.726134509536521311e-02
-4.679484808956346602e-04 1.352835445730162130e-03 1.726134509536521311e-02
-4.679484808956346602e-04 1.352835445730162130e-03 1.726134509536521311e-02
-4.679484808956346602e-04 1.352835445730162130e-03 1.726134509536521311e-02
-4.679484808956346602e-04 1.352835445730162130e-03 1.726134509536521311e-02
-4.679484808956346602e-04 1.352835445730162130e-03 1.726134509536521311e-02
-4.679484808956346602e-04 1.352835445730162130e-03 1.726134509536521311e-02
-5.325382537402474983e-04 4.347909256350278306e-04 -1.060430722530157806e-02
-5.325382537402474983e-04 4.347909256350278306e-04 -1.060430722530157806e-02
-5.325382537402474983e-04 4.347909256350278306e-04 -1.060430722530157806e-02
-5.325382537402474983e-04 4.347909256350278306e-04 -1.060430722530157806e-02
-5.325382537402474983e-04 4.347909256350278306e-04 -1.060430722530157806e-02
-5.325382537402474983e-04 4.347909256350278306e-04 -1.060430722530157806e-02
-5.325382537402474983e-04 4.347909256350278306e-04 -1.060430722530157806e-02
-5.325382537402474983e-04 4.347909256350278306e-04 -1.060430722530157806e-02
-5.325382537402474983e-04 4.347909256350278306e-04 -1.060430722530157806e-02
-5.325382537402474983e-04 4.347909256350278306e-04 -1.060430722530157806e-02
-5.325382537402474983e-04 4.347909256350278306e-04 -1.060430722530157806e-02
-5.325382537402474983e-04 4.347909256350278306e-04 -1.060430722530157806e-02
-5.325382537402474983e-04 4.347909256350278306e-04 -1.060430722530157806e-02
-5.325382537402474983e-04 4.347909256350278306e-04 -1.060430722530157806e-02
-5.325382537402474983e-04 4.347909256350278306e-04 -1.060430722530157806e-02
-5.325382537402474983e-04 4.347909256350278306e-04 -1.060430722530157806e-02
-5.325382537402474983e-04 4.347909256350278306e-04 -1.060430722530157806e-02
3.914895155123273435e-04 -2.600592229355007737e-04 -7.038390989215053892e-03
3.914895155123273435e-04 -2.600592229355007737e-04 -7.038390989215053892e-03
3.914895155123273435e-04 -2.600592229355007737e-04 -7.038390989215053892e-03
3.914895155123273435e-04 -2.600592229355007737e-04 -7.038390989215053892e-03
3.914895155123273435e-04 -2.600592229355007737e-04 -7.038390989215053892e-03
3.914895155123273435e-04 -2.600592229355007737e-04 -7.038390989215053892e-03
3.914895155123273435e-04 -2.600592229355007737e-04 -7.038390989215053892e-03
3.914895155123273435e-04 -2.600592229355007737e-04 -7.038390989215053892e-03
3.914895155123273435e-04 -2.600592229355007737e-04 -7.038390989215053892e-03
3.914895155123273435e-04 -2.600592229355007737e-04 -7.038390989215053892e-03
3.914895155123273435e-04 -2.600592229355007737e-04 -7.038390989215053892e-03
3.914895155123273435e-04 -2.600592229355007737e-04 -7.038390989215053892e-03
3.914895155123273435e-04 -2.600592229355007737e-04 -7.038390989215053892e-03
3.914895155123273435e-04 -2.600592229355007737e-04 -7.038390989215053892e-03
3.914895155123273435e-04 -2.600592229355007737e-04 -7.038390989215053892e-03
3.914895155123273435e-04 -2.600592229355007737e-04 -7.038390989215053892e-03
3.914895155123273435e-04 -2.600592229355007737e-04 -7.038390989215053892e-03
-5.435141092378793087e-04 2.551044923528311692e-04 -1.547966853944628476e-02
-5.435141092378793087e-04 2.551044923528311692e-04 -1.547966853944628476e-02
-5.435141092378793087e-04 2.551044923528311692e-04 -1.547966853944628476e-02
-5.435141092378793087e-04 2.551044923528311692e-04 -1.547966853944628476e-02
-5.435141092378793087e-04 2.551044923528311692e-04 -1.547966853944628476e-02
-5.435141092378793087e-04 2.551044923528311692e-04 -1.547966853944628476e-02
-5.435141092378793087e-04 2.551044923528311692e-04 -1.547966853944628476e-02
-5.435141092378793087e-04 2.551044923528311692e-04 -1.547966853944628476e-02
-5.435141092378793087e-04 2.551044923528311692e-04 -1.547966853944628476e-02
-5.435141092378793087e-04 2.551044923528311692e-04 -1.547966853944628476e-02
-5.435141092378793087e-04 2.551044923528311692e-04 -1.547966853944628476e-02
-5.435141092378793087e-04 2.551044923528311692e-04 -1.547966853944628476e-02
-5.435141092378793087e-04 2.551044923528311692e-04 -1.547966853944628476e-02
-5.435141092378793087e-04 2.551044923528311692e-04 -1.547966853944628476e-02
-5.435141092378793087e-04 2.551044923528311692e-04 -1.547966853944628476e-02
-5.435141092378793087e-04 2.551044923528311692e-04 -1.547966853944628476e-02
-5.435141092378793087e-04 2.551044923528311692e-04 -1.547966853944628476e-02
