3.224872180223466167e-02 -2.216503324340969583e-02 1.243276236896030673e-02
-1.105474475109225786e-03 -3.537049392017682647e-04 -8.498532257044225796e-03
-1.105474475109225786e-03 -3.537049392017682647e-04 -8.498532257044225796e-03
-1.105474475109225786e-03 -3.537049392017682647e-04 -8.498532257044225796e-03
-1.105474475109225786e-03 -3.537049392017682647e-04 -8.498532257044225796e-03
-1.105474475109225786e-03 -3.537049392017682647e-04 -8.498532257044225796e-03
-1.105474475109225786e-03 -3.537049392017682647e-04 -8.498532257044225796e-03
-1.105474475109225786e-03 -3.537049392017682647e-04 -8.498532257044225796e-03
-1.105474475109225786e-03 -3.537049392017682647e-04 -8.498532257044225796e-03
-1.105474475109225786e-03 -3.537049392017682647e-04 -8.498532257044225796e-03
-1.105474475109225786e-03 -3.537049392017682647e-04 -8.498532257044225796e-03
-1.105474475109225786e-03 -3.537049392017682647e-04 -8.498532257044225796e-03
-1.105474475109225786e-03 -3.537049392017682647e-04 -8.498532257044225796e-03
-1.105474475109225786e-03 -3.537049392017682647e-04 -8.498532257044225796e-03
-1.105474475109225786e-03 -3.537049392017682647e-04 -8.498532257044225796e-03
-1.444622068633177013e-02 -3.618045480946278925e-02 2.139816032865270862e-02
-1.444622068633177013e-02 -3.618045480946278925e-02 2.139816032865270862e-02
2.751766137632535858e-02 -2.776367704386110968e-02 1.062532971886901573e-02
2.642087124135761994e-04 -1.440507355849572624e-04 1.939089498379330603e-02
2.642087124135761994e-04 -1.440507355849572624e-04 1.939089498379330603e-02
2.642087124135761994e-04 -1.440507355849572624e-04 1.939089498379330603e-02
2.642087124135761994e-04 -1.440507355849572624e-04 1.939089498379330603e-02
1.957446880420238289e-04 -2.140986062418651081e-05 7.533454805957768164e-04
1.957446880420238289e-04 -2.140986062418651081e-05 7.533454805957768164e-04
1.957446880420238289e-04 -2.140986062418651081e-05 7.533454805957768164e-04
1.957446880420238289e-04 -2.140986062418651081e-05 7.533454805957768164e-04
1.957446880420238289e-04 -2.140986062418651081e-05 7.533454805957768164e-04
1.957446880420238289e-04 -2.140986062418651081e-05 7.533454805957768164e-04
1.957446880420238289e-04 -2.140986062418651081e-05 7.533454805957768164e-04
1.957446880420238289e-04 -2.140986062418651081e-05 7.533454805957768164e-04
1.957446880420238289e-04 -2.140986062418651081e-05 7.533454805957768164e-04
1.957446880420238289e-04 -2.140986062418651081e-05 7.533454805957768164e-04
1.957446880420238289e-04 -2.140986062418651081e-05 7.533454805957768164e-04
1.957446880420238289e-04 -2.140986062418651081e-05 7.533454805957768164e-04
3.513814812374911611e-02 -1.665458983070980739e-02 1.163011871972736023e-04
-9.084390283493656848e-03 3.782581777407233170e-02 3.022037499920215628e-02
-9.084390283493656848e-03 3.782581777407233170e-02 3.022037499920215628e-02
-9.084390283493656848e-03 3.782581777407233170e-02 3.022037499920215628e-02
4.005730405801620486e-04 -8.876241676133043643e-04 -4.223911869200578165e-03
4.005730405801620486e-04 -8.876241676133043643e-04 -4.223911869200578165e-03
4.005730405801620486e-04 -8.876241676133043643e-04 -4.223911869200578165e-03
4.005730405801620486e-04 -8.876241676133043643e-04 -4.223911869200578165e-03
4.005730405801620486e-04 -8.876241676133043643e-04 -4.223911869200578165e-03
4.005730405801620486e-04 -8.876241676133043643e-04 -4.223911869200578165e-03
4.005730405801620486e-04 -8.876241676133043643e-04 -4.223911869200578165e-03
4.005730405801620486e-04 -8.876241676133043643e-04 -4.223911869200578165e-03
4.005730405801620486e-04 -8.876241676133043643e-04 -4.223911869200578165e-03
4.005730405801620486e-04 -8.876241676133043643e-04 -4.223911869200578165e-03
4.005730405801620486e-04 -8.876241676133043643e-04 -4.223911869200578165e-03
4.005730405801620486e-04 -8.876241676133043643e-04 -4.223911869200578165e-03
4.005730405801620486e-04 -8.876241676133043643e-04 -4.223911869200578165e-03
-3.862971231316655873e-02 -1.082227578289942684e-03 1.857071372909831208e-02
-3.294438652202144602e-02 -2.045630046399581764e-02 2.961990863847450625e-02
-3.294438652202144602e-02 -2.045630046399581764e-02 2.961990863847450625e-02
-3.294438652202144602e-02 -2.045630046399581764e-02 2.961990863847450625e-02
-2.586958683957005928e-04 -3.173366299490474468e-04 -2.222020943630747744e-02
-2.586958683957005928e-04 -3.173366299490474468e-04 -2.222020943630747744e-02
-2.586958683957005928e-04 -3.173366299490474468e-04 -2.222020943630747744e-02
-2.586958683957005928e-04 -3.173366299490474468e-04 -2.222020943630747744e-02
-2.586958683957005928e-04 -3.173366299490474468e-04 -2.222020943630747744e-02
-2.586958683957005928e-04 -3.173366299490474468e-04 -2.222020943630747744e-02
-2.586958683957005928e-04 -3.173366299490474468e-04 -2.222020943630747744e-02
-2.586958683957005928e-04 -3.173366299490474468e-04 -2.222020943630747744e-02
-2.586958683957005928e-04 -3.173366299490474468e-04 -2.222020943630747744e-02
-2.586958683957005928e-04 -3.173366299490474468e-04 -2.222020943630747744e-02
-2.586958683957005928e-04 -3.173366299490474468e-04 -2.222020943630747744e-02
-2.586958683957005928e-04 -3.173366299490474468e-04 -2.222020943630747744e-02
-2.586958683957005928e-04 -3.173366299490474468e-04 -2.222020943630747744e-02
-2.586958683957005928e-04 -3.173366299490474468e-04 -2.222020943630747744e-02
-2.586958683957005928e-04 -3.173366299490474468e-04 -2.222020943630747744e-02
-2.586958683957005928e-04 -3.173366299490474468e-04 -2.222020943630747744e-02
-3.167622413025299871e-02 -2.240420649210566467e-02 3.118342495187412244e-02
-3.167622413025299871e-02 -2.240420649210566467e-02 3.118342495187412244e-02
-3.167622413025299871e-02 -2.240420649210566467e-02 3.118342495187412244e-02
-4.034797108398748000e-02 1.024887111156239268e-02 3.712259041457389996e-02
-4.034797108398748000e-02 1.024887111156239268e-02 3.712259041457389996e-02
-4.034797108398748000e-02 1.024887111156239268e-02 3.712259041457389996e-02
-4.034797108398748000e-02 1.024887111156239268e-02 3.712259041457389996e-02
3.894434753860612913e-02 -3.918704619476210196e-03 1.891126702990186120e-02
1.878112135371367251e-04 -9.287375978720563419e-05 4.179804816422351237e-03
1.878112135371367251e-04 -9.287375978720563419e-05 4.179804816422351237e-03
1.878112135371367251e-04 -9.287375978720563419e-05 4.179804816422351237e-03
1.878112135371367251e-04 -9.287375978720563419e-05 4.179804816422351237e-03
1.878112135371367251e-04 -9.287375978720563419e-05 4.179804816422351237e-03
1.878112135371367251e-04 -9.287375978720563419e-05 4.179804816422351237e-03
1.878112135371367251e-04 -9.287375978720563419e-05 4.179804816422351237e-03
1.878112135371367251e-04 -9.287375978720563419e-05 4.179804816422351237e-03
1.878112135371367251e-04 -9.287375978720563419e-05 4.179804816422351237e-03
1.878112135371367251e-04 -9.287375978720563419e-05 4.179804816422351237e-03
1.878112135371367251e-04 -9.287375978720563419e-05 4.179804816422351237e-03
-2.220587947605935121e-04 -3.885950934163821119e-02 2.914410082203634615e-03
4.152645073605947673e-03 -3.915759635004574524e-02 3.268871550053940866e-02
4.152645073605947673e-03 -3.915759635004574524e-02 3.268871550053940866e-02
4.152645073605947673e-03 -3.915759635004574524e-02 3.268871550053940866e-02
3.932166535782853634e-02 -1.681537715578886386e-04 3.334745197502092529e-02
3.932166535782853634e-02 -1.681537715578886386e-04 3.334745197502092529e-02
3.932166535782853634e-02 -1.681537715578886386e-04 3.334745197502092529e-02
3.468198604963657061e-02 -1.741905110014001917e-02 -2.138680534674892043e-03
-1.876214883482739404e-04 -8.205237804106892824e-04 -1.502963470532664870e-03
-1.876214883482739404e-04 -8.205237804106892824e-04 -1.502963470532664870e-03
-1.876214883482739404e-04 -8.205237804106892824e-04 -1.502963470532664870e-03
-1.876214883482739404e-04 -8.205237804106892824e-04 -1.502963470532664870e-03
-1.876214883482739404e-04 -8.205237804106892824e-04 -1.502963470532664870e-03
-1.876214883482739404e-04 -8.205237804106892824e-04 -1.502963470532664870e-03
-1.876214883482739404e-04 -8.205237804106892824e-04 -1.502963470532664870e-03
-1.876214883482739404e-04 -8.205237804106892824e-04 -1.502963470532664870e-03
-1.876214883482739404e-04 -8.205237804106892824e-04 -1.502963470532664870e-03
-1.876214883482739404e-04 -8.205237804106892824e-04 -1.502963470532664870e-03
-1.876214883482739404e-04 -8.205237804106892824e-04 -1.502963470532664870e-03
-1.876214883482739404e-04 -8.205237804106892824e-04 -1.502963470532664870e-03
9.040816581614000147e-03 -3.764321250635762478e-02 -6.854958366990371657e-03
-3.679494323389799482e-02 -1.156587968279966516e-02 1.592710718956017596e-02
-3.679494323389799482e-02 -1.156587968279966516e-02 1.592710718956017596e-02
-2.678166295304838795e-04 4.067033636414099651e-04 -1.383606985400463382e-02
-2.678166295304838795e-04 4.067033636414099651e-04 -1.383606985400463382e-02
-2.678166295304838795e-04 4.067033636414099651e-04 -1.383606985400463382e-02
-2.678166295304838795e-04 4.067033636414099651e-04 -1.383606985400463382e-02
-2.678166295304838795e-04 4.067033636414099651e-04 -1.383606985400463382e-02
-2.678166295304838795e-04 4.067033636414099651e-04 -1.383606985400463382e-02
-2.678166295304838795e-04 4.067033636414099651e-04 -1.383606985400463382e-02
-2.678166295304838795e-04 4.067033636414099651e-04 -1.383606985400463382e-02
-2.678166295304838795e-04 4.067033636414099651e-04 -1.383606985400463382e-02
-2.678166295304838795e-04 4.067033636414099651e-04 -1.383606985400463382e-02
-2.678166295304838795e-04 4.067033636414099651e-04 -1.383606985400463382e-02
-2.678166295304838795e-04 4.067033636414099651e-04 -1.383606985400463382e-02
-2.678166295304838795e-04 4.067033636414099651e-04 -1.383606985400463382e-02
3.110359005069377597e-02 -2.335540510482251447e-02 8.897961247642991421e-04
-1.009334679877502139e-04 -4.290717444485388915e-04 1.570464578915899741e-03
-1.009334679877502139e-04 -4.290717444485388915e-04 1.570464578915899741e-03
-1.009334679877502139e-04 -4.290717444485388915e-04 1.570464578915899741e-03
-1.009334679877502139e-04 -4.290717444485388915e-04 1.570464578915899741e-03
-1.009334679877502139e-04 -4.290717444485388915e-04 1.570464578915899741e-03
-1.009334679877502139e-04 -4.290717444485388915e-04 1.570464578915899741e-03
-1.009334679877502139e-04 -4.290717444485388915e-04 1.570464578915899741e-03
-1.009334679877502139e-04 -4.290717444485388915e-04 1.570464578915899741e-03
-1.009334679877502139e-04 -4.290717444485388915e-04 1.570464578915899741e-03
-1.009334679877502139e-04 -4.290717444485388915e-04 1.570464578915899741e-03
-1.009334679877502139e-04 -4.290717444485388915e-04 1.570464578915899741e-03
-1.009334679877502139e-04 -4.290717444485388915e-04 1.570464578915899741e-03
7.457913963126831802e-04 -4.744401397281210186e-04 1.711006459781168332e-02
7.457913963126831802e-04 -4.744401397281210186e-04 1.711006459781168332e-02
7.457913963126831802e-04 -4.744401397281210186e-04 1.711006459781168332e-02
7.457913963126831802e-04 -4.744401397281210186e-04 1.711006459781168332e-02
7.457913963126831802e-04 -4.744401397281210186e-04 1.711006459781168332e-02
7.457913963126831802e-04 -4.744401397281210186e-04 1.711006459781168332e-02
7.457913963126831802e-04 -4.744401397281210186e-04 1.711006459781168332e-02
7.457913963126831802e-04 -4.744401397281210186e-04 1.711006459781168332e-02
7.457913963126831802e-04 -4.744401397281210186e-04 1.711006459781168332e-02
-2.114167398381951515e-02 -3.254878355284267222e-02 1.678649240174530377e-02
-2.114167398381951515e-02 -3.254878355284267222e-02 1.678649240174530377e-02
-8.225144915052079453e-04 1.420481135134522843e-03 2.210129732814217207e-02
2.369865180748231132e-02 3.075182323249538163e-02 1.856186345531372212e-02
2.369865180748231132e-02 3.075182323249538163e-02 1.856186345531372212e-02
3.056804248997872092e-02 2.371240313774378161e-02 5.374253645728402015e-03
3.886781495429579569e-02 -1.870973777427340553e-03 6.209721397352888951e-03
1.144025817546107278e-02 3.734155433928308676e-02 3.473714477904030901e-02
1.144025817546107278e-02 3.734155433928308676e-02 3.473714477904030901e-02
1.144025817546107278e-02 3.734155433928308676e-02 3.473714477904030901e-02
1.144025817546107278e-02 3.734155433928308676e-02 3.473714477904030901e-02
3.738120934322504418e-02 1.204811302288084050e-02 3.513315307558456668e-02
3.738120934322504418e-02 1.204811302288084050e-02 3.513315307558456668e-02
3.738120934322504418e-02 1.204811302288084050e-02 3.513315307558456668e-02
3.738120934322504418e-02 1.204811302288084050e-02 3.513315307558456668e-02
5.143663194286454687e-05 -2.986260921666178403e-04 -1.694096538788339781e-02
5.143663194286454687e-05 -2.986260921666178403e-04 -1.694096538788339781e-02
5.143663194286454687e-05 -2.986260921666178403e-04 -1.694096538788339781e-02
5.143663194286454687e-05 -2.986260921666178403e-04 -1.694096538788339781e-02
5.143663194286454687e-05 -2.986260921666178403e-04 -1.694096538788339781e-02
5.143663194286454687e-05 -2.986260921666178403e-04 -1.694096538788339781e-02
5.143663194286454687e-05 -2.986260921666178403e-04 -1.694096538788339781e-02
5.143663194286454687e-05 -2.986260921666178403e-04 -1.694096538788339781e-02
5.143663194286454687e-05 -2.986260921666178403e-04 -1.694096538788339781e-02
5.143663194286454687e-05 -2.986260921666178403e-04 -1.694096538788339781e-02
5.143663194286454687e-05 -2.986260921666178403e-04 -1.694096538788339781e-02
5.143663194286454687e-05 -2.986260921666178403e-04 -1.694096538788339781e-02
5.143663194286454687e-05 -2.986260921666178403e-04 -1.694096538788339781e-02
5.143663194286454687e-05 -2.986260921666178403e-04 -1.694096538788339781e-02
4.479200718053334696e-04 5.053676486804024176e-04 -1.890356656345159800e-02
4.479200718053334696e-04 5.053676486804024176e-04 -1.890356656345159800e-02
4.479200718053334696e-04 5.053676486804024176e-04 -1.890356656345159800e-02
4.479200718053334696e-04 5.053676486804024176e-04 -1.890356656345159800e-02
4.479200718053334696e-04 5.053676486804024176e-04 -1.890356656345159800e-02
4.479200718053334696e-04 5.053676486804024176e-04 -1.890356656345159800e-02
4.479200718053334696e-04 5.053676486804024176e-04 -1.890356656345159800e-02
4.479200718053334696e-04 5.053676486804024176e-04 -1.890356656345159800e-02
4.479200718053334696e-04 5.053676486804024176e-04 -1.890356656345159800e-02
4.479200718053334696e-04 5.053676486804024176e-04 -1.890356656345159800e-02
4.479200718053334696e-04 5.053676486804024176e-04 -1.890356656345159800e-02
4.479200718053334696e-04 5.053676486804024176e-04 -1.890356656345159800e-02
4.479200718053334696e-04 5.053676486804024176e-04 -1.890356656345159800e-02
4.479200718053334696e-04 5.053676486804024176e-04 -1.890356656345159800e-02
4.479200718053334696e-04 5.053676486804024176e-04 -1.890356656345159800e-02
6.206081617037700893e-05 -4.954925887258564143e-04 9.790645457628460030e-03
6.206081617037700893e-05 -4.954925887258564143e-04 9.790645457628460030e-03
6.206081617037700893e-05 -4.954925887258564143e-04 9.790645457628460030e-03
6.206081617037700893e-05 -4.954925887258564143e-04 9.790645457628460030e-03
6.206081617037700893e-05 -4.954925887258564143e-04 9.790645457628460030e-03
6.206081617037700893e-05 -4.954925887258564143e-04 9.790645457628460030e-03
6.206081617037700893e-05 -4.954925887258564143e-04 9.790645457628460030e-03
6.206081617037700893e-05 -4.954925887258564143e-04 9.790645457628460030e-03
6.206081617037700893e-05 -4.954925887258564143e-04 9.790645457628460030e-03
6.206081617037700893e-05 -4.954925887258564143e-04 9.790645457628460030e-03
6.206081617037700893e-05 -4.954925887258564143e-04 9.790645457628460030e-03
6.206081617037700893e-05 -4.954925887258564143e-04 9.790645457628460030e-03
1.276170823301635282e-04 -6.155781260358018925e-05 -9.862590307673523016e-03
1.276170823301635282e-04 -6.155781260358018925e-05 -9.862590307673523016e-03
1.276170823301635282e-04 -6.155781260358018925e-05 -9.862590307673523016e-03
1.276170823301635282e-04 -6.155781260358018925e-05 -9.862590307673523016e-03
1.276170823301635282e-04 -6.155781260358018925e-05 -9.862590307673523016e-03
1.276170823301635282e-04 -6.155781260358018925e-05 -9.862590307673523016e-03
1.276170823301635282e-04 -6.155781260358018925e-05 -9.862590307673523016e-03
1.276170823301635282e-04 -6.155781260358018925e-05 -9.862590307673523016e-03
1.276170823301635282e-04 -6.155781260358018925e-05 -9.862590307673523016e-03
1.276170823301635282e-04 -6.155781260358018925e-05 -9.862590307673523016e-03
1.276170823301635282e-04 -6.155781260358018925e-05 -9.862590307673523016e-03
1.276170823301635282e-04 -6.155781260358018925e-05 -9.862590307673523016e-03
1.276170823301635282e-04 -6.155781260358018925e-05 -9.862590307673523016e-03
1.276170823301635282e-04 -6.155781260358018925e-05 -9.862590307673523016e-03
1.044142052322551487e-02 3.709534970410317128e-02 1.850897497744927525e-04
