7.365888315969478135e-05 -1.120796995622629771e-03 -2.487643352103739280e-03
7.365888315969478135e-05 -1.120796995622629771e-03 -2.487643352103739280e-03
7.365888315969478135e-05 -1.120796995622629771e-03 -2.487643352103739280e-03
7.365888315969478135e-05 -1.120796995622629771e-03 -2.487643352103739280e-03
7.365888315969478135e-05 -1.120796995622629771e-03 -2.487643352103739280e-03
7.365888315969478135e-05 -1.120796995622629771e-03 -2.487643352103739280e-03
7.365888315969478135e-05 -1.120796995622629771e-03 -2.487643352103739280e-03
7.365888315969478135e-05 -1.120796995622629771e-03 -2.487643352103739280e-03
7.365888315969478135e-05 -1.120796995622629771e-03 -2.487643352103739280e-03
7.365888315969478135e-05 -1.120796995622629771e-03 -2.487643352103739280e-03
7.365888315969478135e-05 -1.120796995622629771e-03 -2.487643352103739280e-03
7.365888315969478135e-05 -1.120796995622629771e-03 -2.487643352103739280e-03
7.365888315969478135e-05 -1.120796995622629771e-03 -2.487643352103739280e-03
7.365888315969478135e-05 -1.120796995622629771e-03 -2.487643352103739280e-03
7.365888315969478135e-05 -1.120796995622629771e-03 -2.487643352103739280e-03
7.365888315969478135e-05 -1.120796995622629771e-03 -2.487643352103739280e-03
7.365888315969478135e-05 -1.120796995622629771e-03 -2.487643352103739280e-03
2.070939244877730012e-05 -9.803005080164664889e-04 -3.291985007391055960e-03
2.070939244877730012e-05 -9.803005080164664889e-04 -3.291985007391055960e-03
2.070939244877730012e-05 -9.803005080164664889e-04 -3.291985007391055960e-03
2.070939244877730012e-05 -9.803005080164664889e-04 -3.291985007391055960e-03
2.070939244877730012e-05 -9.803005080164664889e-04 -3.291985007391055960e-03
2.070939244877730012e-05 -9.803005080164664889e-04 -3.291985007391055960e-03
2.070939244877730012e-05 -9.803005080164664889e-04 -3.291985007391055960e-03
2.070939244877730012e-05 -9.803005080164664889e-04 -3.291985007391055960e-03
2.070939244877730012e-05 -9.803005080164664889e-04 -3.291985007391055960e-03
2.070939244877730012e-05 -9.803005080164664889e-04 -3.291985007391055960e-03
2.070939244877730012e-05 -9.803005080164664889e-04 -3.291985007391055960e-03
2.070939244877730012e-05 -9.803005080164664889e-04 -3.291985007391055960e-03
2.070939244877730012e-05 -9.803005080164664889e-04 -3.291985007391055960e-03
2.070939244877730012e-05 -9.803005080164664889e-04 -3.291985007391055960e-03
2.070939244877730012e-05 -9.803005080164664889e-04 -3.291985007391055960e-03
2.070939244877730012e-05 -9.803005080164664889e-04 -3.291985007391055960e-03
2.070939244877730012e-05 -9.803005080164664889e-04 -3.291985007391055960e-03
-3.873255730569159783e-03 1.164578300418020636e-03 -3.064247797099645815e-04
-3.873255730569159783e-03 1.164578300418020636e-03 -3.064247797099645815e-04
-3.873255730569159783e-03 1.164578300418020636e-03 -3.064247797099645815e-04
-3.873255730569159783e-03 1.164578300418020636e-03 -3.064247797099645815e-04
-3.873255730569159783e-03 1.164578300418020636e-03 -3.064247797099645815e-04
-3.873255730569159783e-03 1.164578300418020636e-03 -3.064247797099645815e-04
-3.873255730569159783e-03 1.164578300418020636e-03 -3.064247797099645815e-04
-3.873255730569159783e-03 1.164578300418020636e-03 -3.064247797099645815e-04
-3.873255730569159783e-03 1.164578300418020636e-03 -3.064247797099645815e-04
-3.873255730569159783e-03 1.164578300418020636e-03 -3.064247797099645815e-04
-3.873255730569159783e-03 1.164578300418020636e-03 -3.064247797099645815e-04
-3.873255730569159783e-03 1.164578300418020636e-03 -3.064247797099645815e-04
-3.873255730569159783e-03 1.164578300418020636e-03 -3.064247797099645815e-04
-3.873255730569159783e-03 1.164578300418020636e-03 -3.064247797099645815e-04
-3.873255730569159783e-03 1.164578300418020636e-03 -3.064247797099645815e-04
-3.873255730569159783e-03 1.164578300418020636e-03 -3.064247797099645815e-04
-3.873255730569159783e-03 1.164578300418020636e-03 -3.064247797099645815e-04
7.748933282838679944e-04 -1.934848565816229236e-03 -2.998047969284277185e-03
7.748933282838679944e-04 -1.934848565816229236e-03 -2.998047969284277185e-03
7.748933282838679944e-04 -1.934848565816229236e-03 -2.998047969284277185e-03
7.748933282838679944e-04 -1.934848565816229236e-03 -2.998047969284277185e-03
7.748933282838679944e-04 -1.934848565816229236e-03 -2.998047969284277185e-03
7.748933282838679944e-04 -1.934848565816229236e-03 -2.998047969284277185e-03
7.748933282838679944e-04 -1.934848565816229236e-03 -2.998047969284277185e-03
7.748933282838679944e-04 -1.934848565816229236e-03 -2.998047969284277185e-03
7.748933282838679944e-04 -1.934848565816229236e-03 -2.998047969284277185e-03
7.748933282838679944e-04 -1.934848565816229236e-03 -2.998047969284277185e-03
7.748933282838679944e-04 -1.934848565816229236e-03 -2.998047969284277185e-03
7.748933282838679944e-04 -1.934848565816229236e-03 -2.998047969284277185e-03
7.748933282838679944e-04 -1.934848565816229236e-03 -2.998047969284277185e-03
7.748933282838679944e-04 -1.934848565816229236e-03 -2.998047969284277185e-03
7.748933282838679944e-04 -1.934848565816229236e-03 -2.998047969284277185e-03
7.748933282838679944e-04 -1.934848565816229236e-03 -2.998047969284277185e-03
7.748933282838679944e-04 -1.934848565816229236e-03 -2.998047969284277185e-03
8.976455242103824339e-04 6.177346657873998125e-04 -3.476571911220947570e-03
8.976455242103824339e-04 6.177346657873998125e-04 -3.476571911220947570e-03
8.976455242103824339e-04 6.177346657873998125e-04 -3.476571911220947570e-03
8.976455242103824339e-04 6.177346657873998125e-04 -3.476571911220947570e-03
8.976455242103824339e-04 6.177346657873998125e-04 -3.476571911220947570e-03
8.976455242103824339e-04 6.177346657873998125e-04 -3.476571911220947570e-03
8.976455242103824339e-04 6.177346657873998125e-04 -3.476571911220947570e-03
8.976455242103824339e-04 6.177346657873998125e-04 -3.476571911220947570e-03
8.976455242103824339e-04 6.177346657873998125e-04 -3.476571911220947570e-03
8.976455242103824339e-04 6.177346657873998125e-04 -3.476571911220947570e-03
8.976455242103824339e-04 6.177346657873998125e-04 -3.476571911220947570e-03
8.976455242103824339e-04 6.177346657873998125e-04 -3.476571911220947570e-03
8.976455242103824339e-04 6.177346657873998125e-04 -3.476571911220947570e-03
8.976455242103824339e-04 6.177346657873998125e-04 -3.476571911220947570e-03
8.976455242103824339e-04 6.177346657873998125e-04 -3.476571911220947570e-03
8.976455242103824339e-04 6.177346657873998125e-04 -3.476571911220947570e-03
8.976455242103824339e-04 6.177346657873998125e-04 -3.476571911220947570e-03
-1.444638096526840165e-03 -2.635551199788467754e-03 -4.820287830037808807e-03
-1.444638096526840165e-03 -2.635551199788467754e-03 -4.820287830037808807e-03
-1.444638096526840165e-03 -2.635551199788467754e-03 -4.820287830037808807e-03
-1.444638096526840165e-03 -2.635551199788467754e-03 -4.820287830037808807e-03
-1.444638096526840165e-03 -2.635551199788467754e-03 -4.820287830037808807e-03
-1.444638096526840165e-03 -2.635551199788467754e-03 -4.820287830037808807e-03
-1.444638096526840165e-03 -2.635551199788467754e-03 -4.820287830037808807e-03
-1.444638096526840165e-03 -2.635551199788467754e-03 -4.820287830037808807e-03
-1.444638096526840165e-03 -2.635551199788467754e-03 -4.820287830037808807e-03
-1.444638096526840165e-03 -2.635551199788467754e-03 -4.820287830037808807e-03
-1.444638096526840165e-03 -2.635551199788467754e-03 -4.820287830037808807e-03
-1.444638096526840165e-03 -2.635551199788467754e-03 -4.820287830037808807e-03
-1.444638096526840165e-03 -2.635551199788467754e-03 -4.820287830037808807e-03
-1.444638096526840165e-03 -2.635551199788467754e-03 -4.820287830037808807e-03
-1.444638096526840165e-03 -2.635551199788467754e-03 -4.820287830037808807e-03
-1.444638096526840165e-03 -2.635551199788467754e-03 -4.820287830037808807e-03
-1.444638096526840165e-03 -2.635551199788467754e-03 -4.820287830037808807e-03
-1.630223413354157415e-04 -9.751087125560425201e-04 -1.357647357454559679e-03
-1.630223413354157415e-04 -9.751087125560425201e-04 -1.357647357454559679e-03
-1.630223413354157415e-04 -9.751087125560425201e-04 -1.357647357454559679e-03
-1.630223413354157415e-04 -9.751087125560425201e-04 -1.357647357454559679e-03
-1.630223413354157415e-04 -9.751087125560425201e-04 -1.357647357454559679e-03
-1.630223413354157415e-04 -9.751087125560425201e-04 -1.357647357454559679e-03
-1.630223413354157415e-04 -9.751087125560425201e-04 -1.357647357454559679e-03
-1.630223413354157415e-04 -9.751087125560425201e-04 -1.357647357454559679e-03
-1.630223413354157415e-04 -9.751087125560425201e-04 -1.357647357454559679e-03
-1.630223413354157415e-04 -9.751087125560425201e-04 -1.357647357454559679e-03
-1.630223413354157415e-04 -9.751087125560425201e-04 -1.357647357454559679e-03
-1.630223413354157415e-04 -9.751087125560425201e-04 -1.357647357454559679e-03
-1.630223413354157415e-04 -9.751087125560425201e-04 -1.357647357454559679e-03
-1.630223413354157415e-04 -9.751087125560425201e-04 -1.357647357454559679e-03
-1.630223413354157415e-04 -9.751087125560425201e-04 -1.357647357454559679e-03
-1.630223413354157415e-04 -9.751087125560425201e-04 -1.357647357454559679e-03
-1.630223413354157415e-04 -9.751087125560425201e-04 -1.357647357454559679e-03
-3.145475777927993731e-04 -8.460939094669757063e-04 -2.035490946234083318e-03
-3.145475777927993731e-04 -8.460939094669757063e-04 -2.035490946234083318e-03
-3.145475777927993731e-04 -8.460939094669757063e-04 -2.035490946234083318e-03
-3.145475777927993731e-04 -8.460939094669757063e-04 -2.035490946234083318e-03
-3.145475777927993731e-04 -8.460939094669757063e-04 -2.035490946234083318e-03
-3.145475777927993731e-04 -8.460939094669757063e-04 -2.035490946234083318e-03
-3.145475777927993731e-04 -8.460939094669757063e-04 -2.035490946234083318e-03
-3.145475777927993731e-04 -8.460939094669757063e-04 -2.035490946234083318e-03
-3.145475777927993731e-04 -8.460939094669757063e-04 -2.035490946234083318e-03
-3.145475777927993731e-04 -8.460939094669757063e-04 -2.035490946234083318e-03
-3.145475777927993731e-04 -8.460939094669757063e-04 -2.035490946234083318e-03
-3.145475777927993731e-04 -8.460939094669757063e-04 -2.035490946234083318e-03
-3.145475777927993731e-04 -8.460939094669757063e-04 -2.035490946234083318e-03
-3.145475777927993731e-04 -8.460939094669757063e-04 -2.035490946234083318e-03
-3.145475777927993731e-04 -8.460939094669757063e-04 -2.035490946234083318e-03
-3.145475777927993731e-04 -8.460939094669757063e-04 -2.035490946234083318e-03
-3.145475777927993731e-04 -8.460939094669757063e-04 -2.035490946234083318e-03
5.788883687196768116e-04 -1.217661828115292793e-03 -2.076191575330897307e-03
5.788883687196768116e-04 -1.217661828115292793e-03 -2.076191575330897307e-03
5.788883687196768116e-04 -1.217661828115292793e-03 -2.076191575330897307e-03
5.788883687196768116e-04 -1.217661828115292793e-03 -2.076191575330897307e-03
5.788883687196768116e-04 -1.217661828115292793e-03 -2.076191575330897307e-03
5.788883687196768116e-04 -1.217661828115292793e-03 -2.076191575330897307e-03
5.788883687196768116e-04 -1.217661828115292793e-03 -2.076191575330897307e-03
5.788883687196768116e-04 -1.217661828115292793e-03 -2.076191575330897307e-03
5.788883687196768116e-04 -1.217661828115292793e-03 -2.076191575330897307e-03
5.788883687196768116e-04 -1.217661828115292793e-03 -2.076191575330897307e-03
5.788883687196768116e-04 -1.217661828115292793e-03 -2.076191575330897307e-03
5.788883687196768116e-04 -1.217661828115292793e-03 -2.076191575330897307e-03
5.788883687196768116e-04 -1.217661828115292793e-03 -2.076191575330897307e-03
5.788883687196768116e-04 -1.217661828115292793e-03 -2.076191575330897307e-03
5.788883687196768116e-04 -1.217661828115292793e-03 -2.076191575330897307e-03
5.788883687196768116e-04 -1.217661828115292793e-03 -2.076191575330897307e-03
5.788883687196768116e-04 -1.217661828115292793e-03 -2.076191575330897307e-03
-1.868543396003439962e-03 -1.340244698165033582e-04 -8.326178881693018993e-04
-1.868543396003439962e-03 -1.340244698165033582e-04 -8.326178881693018993e-04
-1.868543396003439962e-03 -1.340244698165033582e-04 -8.326178881693018993e-04
-1.868543396003439962e-03 -1.340244698165033582e-04 -8.326178881693018993e-04
-1.868543396003439962e-03 -1.340244698165033582e-04 -8.326178881693018993e-04
-1.868543396003439962e-03 -1.340244698165033582e-04 -8.326178881693018993e-04
-1.868543396003439962e-03 -1.340244698165033582e-04 -8.326178881693018993e-04
-1.868543396003439962e-03 -1.340244698165033582e-04 -8.326178881693018993e-04
-1.868543396003439962e-03 -1.340244698165033582e-04 -8.326178881693018993e-04
-1.868543396003439962e-03 -1.340244698165033582e-04 -8.326178881693018993e-04
-1.868543396003439962e-03 -1.340244698165033582e-04 -8.326178881693018993e-04
-1.868543396003439962e-03 -1.340244698165033582e-04 -8.326178881693018993e-04
-1.868543396003439962e-03 -1.340244698165033582e-04 -8.326178881693018993e-04
-1.868543396003439962e-03 -1.340244698165033582e-04 -8.326178881693018993e-04
-1.868543396003439962e-03 -1.340244698165033582e-04 -8.326178881693018993e-04
-1.868543396003439962e-03 -1.340244698165033582e-04 -8.326178881693018993e-04
-1.868543396003439962e-03 -1.340244698165033582e-04 -8.326178881693018993e-04
-2.042489892100625773e-04 -4.238660231973575762e-03 -4.501856996086471378e-03
-2.042489892100625773e-04 -4.238660231973575762e-03 -4.501856996086471378e-03
-2.042489892100625773e-04 -4.238660231973575762e-03 -4.501856996086471378e-03
-2.042489892100625773e-04 -4.238660231973575762e-03 -4.501856996086471378e-03
-2.042489892100625773e-04 -4.238660231973575762e-03 -4.501856996086471378e-03
-2.042489892100625773e-04 -4.238660231973575762e-03 -4.501856996086471378e-03
-2.042489892100625773e-04 -4.238660231973575762e-03 -4.501856996086471378e-03
-2.042489892100625773e-04 -4.238660231973575762e-03 -4.501856996086471378e-03
-2.042489892100625773e-04 -4.238660231973575762e-03 -4.501856996086471378e-03
-2.042489892100625773e-04 -4.238660231973575762e-03 -4.501856996086471378e-03
-2.042489892100625773e-04 -4.238660231973575762e-03 -4.501856996086471378e-03
-2.042489892100625773e-04 -4.238660231973575762e-03 -4.501856996086471378e-03
-2.042489892100625773e-04 -4.238660231973575762e-03 -4.501856996086471378e-03
-2.042489892100625773e-04 -4.238660231973575762e-03 -4.501856996086471378e-03
-2.042489892100625773e-04 -4.238660231973575762e-03 -4.501856996086471378e-03
-2.042489892100625773e-04 -4.238660231973575762e-03 -4.501856996086471378e-03
-2.042489892100625773e-04 -4.238660231973575762e-03 -4.501856996086471378e-03
5.064868785819368058e-04 -3.026942737487585237e-04 -1.357212537678034042e-03
5.064868785819368058e-04 -3.026942737487585237e-04 -1.357212537678034042e-03
5.064868785819368058e-04 -3.026942737487585237e-04 -1.357212537678034042e-03
5.064868785819368058e-04 -3.026942737487585237e-04 -1.357212537678034042e-03
5.064868785819368058e-04 -3.026942737487585237e-04 -1.357212537678034042e-03
5.064868785819368058e-04 -3.026942737487585237e-04 -1.357212537678034042e-03
5.064868785819368058e-04 -3.026942737487585237e-04 -1.357212537678034042e-03
5.064868785819368058e-04 -3.026942737487585237e-04 -1.357212537678034042e-03
5.064868785819368058e-04 -3.026942737487585237e-04 -1.357212537678034042e-03
5.064868785819368058e-04 -3.026942737487585237e-04 -1.357212537678034042e-03
5.064868785819368058e-04 -3.026942737487585237e-04 -1.357212537678034042e-03
5.064868785819368058e-04 -3.026942737487585237e-04 -1.357212537678034042e-03
5.064868785819368058e-04 -3.026942737487585237e-04 -1.357212537678034042e-03
5.064868785819368058e-04 -3.026942737487585237e-04 -1.357212537678034042e-03
5.064868785819368058e-04 -3.026942737487585237e-04 -1.357212537678034042e-03
5.064868785819368058e-04 -3.026942737487585237e-04 -1.357212537678034042e-03
5.064868785819368058e-04 -3.026942737487585237e-04 -1.357212537678034042e-03
1.371901629233498662e-04 -1.903487813293698160e-03 -2.320249489957048813e-03
1.371901629233498662e-04 -1.903487813293698160e-03 -2.320249489957048813e-03
1.371901629233498662e-04 -1.903487813293698160e-03 -2.320249489957048813e-03
1.371901629233498662e-04 -1.903487813293698160e-03 -2.320249489957048813e-03
1.371901629233498662e-04 -1.903487813293698160e-03 -2.320249489957048813e-03
1.371901629233498662e-04 -1.903487813293698160e-03 -2.320249489957048813e-03
1.371901629233498662e-04 -1.903487813293698160e-03 -2.320249489957048813e-03
1.371901629233498662e-04 -1.903487813293698160e-03 -2.320249489957048813e-03
1.371901629233498662e-04 -1.903487813293698160e-03 -2.320249489957048813e-03
1.371901629233498662e-04 -1.903487813293698160e-03 -2.320249489957048813e-03
1.371901629233498662e-04 -1.903487813293698160e-03 -2.320249489957048813e-03
1.371901629233498662e-04 -1.903487813293698160e-03 -2.320249489957048813e-03
1.371901629233498662e-04 -1.903487813293698160e-03 -2.320249489957048813e-03
1.371901629233498662e-04 -1.903487813293698160e-03 -2.320249489957048813e-03
1.371901629233498662e-04 -1.903487813293698160e-03 -2.320249489957048813e-03
1.371901629233498662e-04 -1.903487813293698160e-03 -2.320249489957048813e-03
1.371901629233498662e-04 -1.903487813293698160e-03 -2.320249489957048813e-03
6.217093594706665782e-05 -1.688669224835999058e-03 -1.627045314751308491e-03
6.217093594706665782e-05 -1.688669224835999058e-03 -1.627045314751308491e-03
6.217093594706665782e-05 -1.688669224835999058e-03 -1.627045314751308491e-03
6.217093594706665782e-05 -1.688669224835999058e-03 -1.627045314751308491e-03
6.217093594706665782e-05 -1.688669224835999058e-03 -1.627045314751308491e-03
6.217093594706665782e-05 -1.688669224835999058e-03 -1.627045314751308491e-03
6.217093594706665782e-05 -1.688669224835999058e-03 -1.627045314751308491e-03
6.217093594706665782e-05 -1.688669224835999058e-03 -1.627045314751308491e-03
6.217093594706665782e-05 -1.688669224835999058e-03 -1.627045314751308491e-03
6.217093594706665782e-05 -1.688669224835999058e-03 -1.627045314751308491e-03
6.217093594706665782e-05 -1.688669224835999058e-03 -1.627045314751308491e-03
6.217093594706665782e-05 -1.688669224835999058e-03 -1.627045314751308491e-03
6.217093594706665782e-05 -1.688669224835999058e-03 -1.627045314751308491e-03
6.217093594706665782e-05 -1.688669224835999058e-03 -1.627045314751308491e-03
6.217093594706665782e-05 -1.688669224835999058e-03 -1.627045314751308491e-03
6.217093594706665782e-05 -1.688669224835999058e-03 -1.627045314751308491e-03
6.217093594706665782e-05 -1.688669224835999058e-03 -1.627045314751308491e-03
