-1.702000165063943804e-03 1.208745256742312264e-02 -4.909429982069823256e-02
-1.702000165063943804e-03 1.208745256742312264e-02 -4.909429982069823256e-02
-1.702000165063943804e-03 1.208745256742312264e-02 -4.909429982069823256e-02
-1.702000165063943804e-03 1.208745256742312264e-02 -4.909429982069823256e-02
-1.702000165063943804e-03 1.208745256742312264e-02 -4.909429982069823256e-02
-1.702000165063943804e-03 1.208745256742312264e-02 -4.909429982069823256e-02
-3.601463216822496649e-03 3.238109219187081805e-02 4.511278744662830520e-02
-3.601463216822496649e-03 3.238109219187081805e-02 4.511278744662830520e-02
-3.601463216822496649e-03 3.238109219187081805e-02 4.511278744662830520e-02
-3.601463216822496649e-03 3.238109219187081805e-02 4.511278744662830520e-02
-3.601463216822496649e-03 3.238109219187081805e-02 4.511278744662830520e-02
-4.476863785843485100e-03 -4.283899695371716498e-02 3.653766526894339228e-02
-4.476863785843485100e-03 -4.283899695371716498e-02 3.653766526894339228e-02
-4.476863785843485100e-03 -4.283899695371716498e-02 3.653766526894339228e-02
-4.476863785843485100e-03 -4.283899695371716498e-02 3.653766526894339228e-02
-4.476863785843485100e-03 -4.283899695371716498e-02 3.653766526894339228e-02
-4.476863785843485100e-03 -4.283899695371716498e-02 3.653766526894339228e-02
-1.039282780609444151e-03 3.210643290185268006e-02 -7.286180627616700711e-02
-1.039282780609444151e-03 3.210643290185268006e-02 -7.286180627616700711e-02
-1.039282780609444151e-03 3.210643290185268006e-02 -7.286180627616700711e-02
-1.039282780609444151e-03 3.210643290185268006e-02 -7.286180627616700711e-02
-1.039282780609444151e-03 3.210643290185268006e-02 -7.286180627616700711e-02
-1.039282780609444151e-03 3.210643290185268006e-02 -7.286180627616700711e-02
-1.039282780609444151e-03 3.210643290185268006e-02 -7.286180627616700711e-02
-1.039282780609444151e-03 3.210643290185268006e-02 -7.286180627616700711e-02
-1.039282780609444151e-03 3.210643290185268006e-02 -7.286180627616700711e-02
-1.247614286094180652e-03 4.855345164352714571e-02 -5.818038745133302658e-02
-1.247614286094180652e-03 4.855345164352714571e-02 -5.818038745133302658e-02
-1.247614286094180652e-03 4.855345164352714571e-02 -5.818038745133302658e-02
-1.247614286094180652e-03 4.855345164352714571e-02 -5.818038745133302658e-02
-1.247614286094180652e-03 4.855345164352714571e-02 -5.818038745133302658e-02
-1.247614286094180652e-03 4.855345164352714571e-02 -5.818038745133302658e-02
-1.247614286094180652e-03 4.855345164352714571e-02 -5.818038745133302658e-02
-3.393502833050066059e-03 5.020375316264132776e-02 4.809225488787437219e-02
-3.393502833050066059e-03 5.020375316264132776e-02 4.809225488787437219e-02
-3.393502833050066059e-03 5.020375316264132776e-02 4.809225488787437219e-02
-3.393502833050066059e-03 5.020375316264132776e-02 4.809225488787437219e-02
-3.393502833050066059e-03 5.020375316264132776e-02 4.809225488787437219e-02
-1.746199586478012350e-03 -5.914092273862028848e-02 -4.841340231215460893e-02
-1.746199586478012350e-03 -5.914092273862028848e-02 -4.841340231215460893e-02
-1.746199586478012350e-03 -5.914092273862028848e-02 -4.841340231215460893e-02
-1.746199586478012350e-03 -5.914092273862028848e-02 -4.841340231215460893e-02
-1.746199586478012350e-03 -5.914092273862028848e-02 -4.841340231215460893e-02
-1.746199586478012350e-03 -5.914092273862028848e-02 -4.841340231215460893e-02
-1.746199586478012350e-03 -5.914092273862028848e-02 -4.841340231215460893e-02
-2.704117363717877670e-03 8.839585946188444066e-03 -2.255414983671548412e-02
-2.704117363717877670e-03 8.839585946188444066e-03 -2.255414983671548412e-02
-2.704117363717877670e-03 8.839585946188444066e-03 -2.255414983671548412e-02
-3.283845756311860875e-03 -2.428669507800804844e-02 5.441570531017331236e-02
-3.283845756311860875e-03 -2.428669507800804844e-02 5.441570531017331236e-02
-3.283845756311860875e-03 -2.428669507800804844e-02 5.441570531017331236e-02
-6.388220054163694372e-04 6.766758622554557706e-03 8.581170778579415293e-02
-6.388220054163694372e-04 6.766758622554557706e-03 8.581170778579415293e-02
-6.388220054163694372e-04 6.766758622554557706e-03 8.581170778579415293e-02
-6.388220054163694372e-04 6.766758622554557706e-03 8.581170778579415293e-02
-6.388220054163694372e-04 6.766758622554557706e-03 8.581170778579415293e-02
-6.388220054163694372e-04 6.766758622554557706e-03 8.581170778579415293e-02
-6.388220054163694372e-04 6.766758622554557706e-03 8.581170778579415293e-02
-6.388220054163694372e-04 6.766758622554557706e-03 8.581170778579415293e-02
-6.388220054163694372e-04 6.766758622554557706e-03 8.581170778579415293e-02
-8.212077818557997344e-05 -3.319581260492067420e-02 -8.959994841628060591e-02
-8.212077818557997344e-05 -3.319581260492067420e-02 -8.959994841628060591e-02
-8.212077818557997344e-05 -3.319581260492067420e-02 -8.959994841628060591e-02
-8.212077818557997344e-05 -3.319581260492067420e-02 -8.959994841628060591e-02
-8.212077818557997344e-05 -3.319581260492067420e-02 -8.959994841628060591e-02
-8.212077818557997344e-05 -3.319581260492067420e-02 -8.959994841628060591e-02
-8.212077818557997344e-05 -3.319581260492067420e-02 -8.959994841628060591e-02
-8.212077818557997344e-05 -3.319581260492067420e-02 -8.959994841628060591e-02
-8.212077818557997344e-05 -3.319581260492067420e-02 -8.959994841628060591e-02
-8.212077818557997344e-05 -3.319581260492067420e-02 -8.959994841628060591e-02
-2.143206859558981214e-03 -4.133068653976449541e-02 -3.834848551889630947e-02
-2.143206859558981214e-03 -4.133068653976449541e-02 -3.834848551889630947e-02
-2.143206859558981214e-03 -4.133068653976449541e-02 -3.834848551889630947e-02
-2.143206859558981214e-03 -4.133068653976449541e-02 -3.834848551889630947e-02
-2.143206859558981214e-03 -4.133068653976449541e-02 -3.834848551889630947e-02
-2.143206859558981214e-03 -4.133068653976449541e-02 -3.834848551889630947e-02
-1.527731799498881216e-03 -1.986884452811692528e-02 7.330951073829217179e-02
-1.527731799498881216e-03 -1.986884452811692528e-02 7.330951073829217179e-02
-1.527731799498881216e-03 -1.986884452811692528e-02 7.330951073829217179e-02
-1.527731799498881216e-03 -1.986884452811692528e-02 7.330951073829217179e-02
-1.527731799498881216e-03 -1.986884452811692528e-02 7.330951073829217179e-02
-1.527731799498881216e-03 -1.986884452811692528e-02 7.330951073829217179e-02
-1.527731799498881216e-03 -1.986884452811692528e-02 7.330951073829217179e-02
-1.527731799498881216e-03 -1.986884452811692528e-02 7.330951073829217179e-02
1.437007052697766851e-04 -1.359810787956893842e-02 -9.182097511143658131e-02
1.437007052697766851e-04 -1.359810787956893842e-02 -9.182097511143658131e-02
1.437007052697766851e-04 -1.359810787956893842e-02 -9.182097511143658131e-02
1.437007052697766851e-04 -1.359810787956893842e-02 -9.182097511143658131e-02
1.437007052697766851e-04 -1.359810787956893842e-02 -9.182097511143658131e-02
1.437007052697766851e-04 -1.359810787956893842e-02 -9.182097511143658131e-02
1.437007052697766851e-04 -1.359810787956893842e-02 -9.182097511143658131e-02
1.437007052697766851e-04 -1.359810787956893842e-02 -9.182097511143658131e-02
1.437007052697766851e-04 -1.359810787956893842e-02 -9.182097511143658131e-02
1.437007052697766851e-04 -1.359810787956893842e-02 -9.182097511143658131e-02
-4.352037721363360978e-03 2.873369434356799410e-02 1.573602910367728411e-02
-4.352037721363360978e-03 2.873369434356799410e-02 1.573602910367728411e-02
-4.352037721363360978e-03 2.873369434356799410e-02 1.573602910367728411e-02
-4.352037721363360978e-03 2.873369434356799410e-02 1.573602910367728411e-02
-3.253172347580240986e-05 -4.145125874300651519e-02 -9.477346718959586691e-02
-3.253172347580240986e-05 -4.145125874300651519e-02 -9.477346718959586691e-02
-3.253172347580240986e-05 -4.145125874300651519e-02 -9.477346718959586691e-02
-3.253172347580240986e-05 -4.145125874300651519e-02 -9.477346718959586691e-02
-3.253172347580240986e-05 -4.145125874300651519e-02 -9.477346718959586691e-02
-3.253172347580240986e-05 -4.145125874300651519e-02 -9.477346718959586691e-02
-3.253172347580240986e-05 -4.145125874300651519e-02 -9.477346718959586691e-02
-3.253172347580240986e-05 -4.145125874300651519e-02 -9.477346718959586691e-02
-3.253172347580240986e-05 -4.145125874300651519e-02 -9.477346718959586691e-02
-3.253172347580240986e-05 -4.145125874300651519e-02 -9.477346718959586691e-02
-2.021240561681084125e-03 -1.463526985772783257e-02 -4.586741314164970856e-02
-2.021240561681084125e-03 -1.463526985772783257e-02 -4.586741314164970856e-02
-2.021240561681084125e-03 -1.463526985772783257e-02 -4.586741314164970856e-02
-2.021240561681084125e-03 -1.463526985772783257e-02 -4.586741314164970856e-02
-6.445906295369924210e-04 1.135083483704405621e-02 9.044559555080136648e-02
-6.445906295369924210e-04 1.135083483704405621e-02 9.044559555080136648e-02
-6.445906295369924210e-04 1.135083483704405621e-02 9.044559555080136648e-02
-6.445906295369924210e-04 1.135083483704405621e-02 9.044559555080136648e-02
-6.445906295369924210e-04 1.135083483704405621e-02 9.044559555080136648e-02
-6.445906295369924210e-04 1.135083483704405621e-02 9.044559555080136648e-02
-6.445906295369924210e-04 1.135083483704405621e-02 9.044559555080136648e-02
-6.445906295369924210e-04 1.135083483704405621e-02 9.044559555080136648e-02
-6.445906295369924210e-04 1.135083483704405621e-02 9.044559555080136648e-02
-1.415095557923053138e-03 -2.894877748088050401e-02 7.801831496828304235e-02
-1.415095557923053138e-03 -2.894877748088050401e-02 7.801831496828304235e-02
-1.415095557923053138e-03 -2.894877748088050401e-02 7.801831496828304235e-02
-1.415095557923053138e-03 -2.894877748088050401e-02 7.801831496828304235e-02
-1.415095557923053138e-03 -2.894877748088050401e-02 7.801831496828304235e-02
-1.415095557923053138e-03 -2.894877748088050401e-02 7.801831496828304235e-02
-1.415095557923053138e-03 -2.894877748088050401e-02 7.801831496828304235e-02
-1.415095557923053138e-03 -2.894877748088050401e-02 7.801831496828304235e-02
-1.415095557923053138e-03 -2.894877748088050401e-02 7.801831496828304235e-02
-1.415095557923053138e-03 -2.894877748088050401e-02 7.801831496828304235e-02
-3.071809665620027843e-03 -5.921522734343782901e-02 6.234532711986449927e-02
-3.071809665620027843e-03 -5.921522734343782901e-02 6.234532711986449927e-02
-3.071809665620027843e-03 -5.921522734343782901e-02 6.234532711986449927e-02
-3.071809665620027843e-03 -5.921522734343782901e-02 6.234532711986449927e-02
-3.071809665620027843e-03 -5.921522734343782901e-02 6.234532711986449927e-02
-3.071809665620027843e-03 -5.921522734343782901e-02 6.234532711986449927e-02
-3.071809665620027843e-03 -5.921522734343782901e-02 6.234532711986449927e-02
-3.071809665620027843e-03 -5.921522734343782901e-02 6.234532711986449927e-02
-3.071809665620027843e-03 -5.921522734343782901e-02 6.234532711986449927e-02
-3.071809665620027843e-03 -5.921522734343782901e-02 6.234532711986449927e-02
-1.365962625660806229e-03 -1.238604805195804570e-02 -5.799292208191240972e-02
-1.365962625660806229e-03 -1.238604805195804570e-02 -5.799292208191240972e-02
-1.365962625660806229e-03 -1.238604805195804570e-02 -5.799292208191240972e-02
-1.365962625660806229e-03 -1.238604805195804570e-02 -5.799292208191240972e-02
-1.365962625660806229e-03 -1.238604805195804570e-02 -5.799292208191240972e-02
-1.365962625660806229e-03 -1.238604805195804570e-02 -5.799292208191240972e-02
-1.365962625660806229e-03 -1.238604805195804570e-02 -5.799292208191240972e-02
-1.365962625660806229e-03 -1.238604805195804570e-02 -5.799292208191240972e-02
-1.365962625660806229e-03 -1.238604805195804570e-02 -5.799292208191240972e-02
-9.989518422572306322e-04 2.060785256012461625e-02 -6.903925413755204743e-02
-9.989518422572306322e-04 2.060785256012461625e-02 -6.903925413755204743e-02
-9.989518422572306322e-04 2.060785256012461625e-02 -6.903925413755204743e-02
-9.989518422572306322e-04 2.060785256012461625e-02 -6.903925413755204743e-02
-9.989518422572306322e-04 2.060785256012461625e-02 -6.903925413755204743e-02
-9.989518422572306322e-04 2.060785256012461625e-02 -6.903925413755204743e-02
-9.989518422572306322e-04 2.060785256012461625e-02 -6.903925413755204743e-02
-9.989518422572306322e-04 2.060785256012461625e-02 -6.903925413755204743e-02
-9.989518422572306322e-04 2.060785256012461625e-02 -6.903925413755204743e-02
-3.044018690422537615e-03 -4.820915404334285420e-02 -1.930508803636624138e-02
-3.044018690422537615e-03 -4.820915404334285420e-02 -1.930508803636624138e-02
-3.044018690422537615e-03 -4.820915404334285420e-02 -1.930508803636624138e-02
-3.044018690422537615e-03 -4.820915404334285420e-02 -1.930508803636624138e-02
-3.044018690422537615e-03 -4.820915404334285420e-02 -1.930508803636624138e-02
-2.353695268958230086e-03 1.999324332358852485e-02 -2.645689169304122484e-02
-2.353695268958230086e-03 1.999324332358852485e-02 -2.645689169304122484e-02
-2.353695268958230086e-03 1.999324332358852485e-02 -2.645689169304122484e-02
-1.857472034108038211e-03 3.710912872262599888e-02 -3.416458382350086309e-02
-1.857472034108038211e-03 3.710912872262599888e-02 -3.416458382350086309e-02
-1.857472034108038211e-03 3.710912872262599888e-02 -3.416458382350086309e-02
-1.857472034108038211e-03 3.710912872262599888e-02 -3.416458382350086309e-02
-1.857472034108038211e-03 3.710912872262599888e-02 -3.416458382350086309e-02
-1.857472034108038211e-03 3.710912872262599888e-02 -3.416458382350086309e-02
-1.857472034108038211e-03 3.710912872262599888e-02 -3.416458382350086309e-02
-2.998606785670659622e-03 2.504734510084300272e-02 -1.671200622070455333e-02
-2.998606785670659622e-03 2.504734510084300272e-02 -1.671200622070455333e-02
-2.998606785670659622e-03 2.504734510084300272e-02 -1.671200622070455333e-02
-1.431635904491305317e-03 1.943801225154590320e-02 -5.304937284211374421e-02
-1.431635904491305317e-03 1.943801225154590320e-02 -5.304937284211374421e-02
-1.431635904491305317e-03 1.943801225154590320e-02 -5.304937284211374421e-02
-1.431635904491305317e-03 1.943801225154590320e-02 -5.304937284211374421e-02
-1.431635904491305317e-03 1.943801225154590320e-02 -5.304937284211374421e-02
-1.431635904491305317e-03 1.943801225154590320e-02 -5.304937284211374421e-02
-1.431635904491305317e-03 1.943801225154590320e-02 -5.304937284211374421e-02
-3.140249208247729296e-03 6.453575609893719145e-02 7.213490906552044724e-02
-1.690381315432653436e-03 5.354034760650827618e-02 7.167715892261530830e-02
-1.690381315432653436e-03 5.354034760650827618e-02 7.167715892261530830e-02
-1.690381315432653436e-03 5.354034760650827618e-02 7.167715892261530830e-02
-1.690381315432653436e-03 5.354034760650827618e-02 7.167715892261530830e-02
-1.690381315432653436e-03 5.354034760650827618e-02 7.167715892261530830e-02
-1.690381315432653436e-03 5.354034760650827618e-02 7.167715892261530830e-02
-1.690381315432653436e-03 5.354034760650827618e-02 7.167715892261530830e-02
-1.690381315432653436e-03 5.354034760650827618e-02 7.167715892261530830e-02
-1.690381315432653436e-03 5.354034760650827618e-02 7.167715892261530830e-02
-1.690381315432653436e-03 5.354034760650827618e-02 7.167715892261530830e-02
-1.331610458691172283e-03 -3.689638254658053618e-02 8.865431234334192334e-02
-1.331610458691172283e-03 -3.689638254658053618e-02 8.865431234334192334e-02
-1.331610458691172283e-03 -3.689638254658053618e-02 8.865431234334192334e-02
-1.331610458691172283e-03 -3.689638254658053618e-02 8.865431234334192334e-02
-1.331610458691172283e-03 -3.689638254658053618e-02 8.865431234334192334e-02
-1.331610458691172283e-03 -3.689638254658053618e-02 8.865431234334192334e-02
-1.331610458691172283e-03 -3.689638254658053618e-02 8.865431234334192334e-02
-1.331610458691172283e-03 -3.689638254658053618e-02 8.865431234334192334e-02
-1.331610458691172283e-03 -3.689638254658053618e-02 8.865431234334192334e-02
-1.331610458691172283e-03 -3.689638254658053618e-02 8.865431234334192334e-02
-2.621045046423825520e-03 4.047411610484261818e-02 -1.329672742268027917e-02
-2.621045046423825520e-03 4.047411610484261818e-02 -1.329672742268027917e-02
-2.621045046423825520e-03 4.047411610484261818e-02 -1.329672742268027917e-02
-2.621045046423825520e-03 4.047411610484261818e-02 -1.329672742268027917e-02
-2.621045046423825520e-03 4.047411610484261818e-02 -1.329672742268027917e-02
-2.621045046423825520e-03 4.047411610484261818e-02 -1.329672742268027917e-02
-1.751088583611917077e-03 5.052068278841079230e-02 -4.210102549546770184e-02
-1.751088583611917077e-03 5.052068278841079230e-02 -4.210102549546770184e-02
-1.751088583611917077e-03 5.052068278841079230e-02 -4.210102549546770184e-02
-1.751088583611917077e-03 5.052068278841079230e-02 -4.210102549546770184e-02
-1.751088583611917077e-03 5.052068278841079230e-02 -4.210102549546770184e-02
-1.751088583611917077e-03 5.052068278841079230e-02 -4.210102549546770184e-02
-1.751088583611917077e-03 5.052068278841079230e-02 -4.210102549546770184e-02
-4.763664859741686616e-03 -2.920185064138449901e-02 3.169321531683289700e-02
-4.763664859741686616e-03 -2.920185064138449901e-02 3.169321531683289700e-02
-4.763664859741686616e-03 -2.920185064138449901e-02 3.169321531683289700e-02
-4.763664859741686616e-03 -2.920185064138449901e-02 3.169321531683289700e-02
-1.160323774860576307e-03 3.378439359629009653e-02 -6.696237762476309197e-02
-1.160323774860576307e-03 3.378439359629009653e-02 -6.696237762476309197e-02
-1.160323774860576307e-03 3.378439359629009653e-02 -6.696237762476309197e-02
-1.160323774860576307e-03 3.378439359629009653e-02 -6.696237762476309197e-02
-1.160323774860576307e-03 3.378439359629009653e-02 -6.696237762476309197e-02
4.475939784830303136e-04 -1.845098951751861921e-02 -9.075451901991428427e-02
4.475939784830303136e-04 -1.845098951751861921e-02 -9.075451901991428427e-02
-2.998529416917982554e-03 7.526234673947901355e-02 2.912319354066501831e-02
-2.998529416917982554e-03 7.526234673947901355e-02 2.912319354066501831e-02
-2.998529416917982554e-03 7.526234673947901355e-02 2.912319354066501831e-02
-2.998529416917982554e-03 7.526234673947901355e-02 2.912319354066501831e-02
-2.998529416917982554e-03 7.526234673947901355e-02 2.912319354066501831e-02
-2.998529416917982554e-03 7.526234673947901355e-02 2.912319354066501831e-02
-2.998529416917982554e-03 7.526234673947901355e-02 2.912319354066501831e-02
-2.998529416917982554e-03 7.526234673947901355e-02 2.912319354066501831e-02
