-2.526494423127531065e-03 1.160853007886437915e-03 -5.238795297568253108e-03
-2.526494423127531065e-03 1.160853007886437915e-03 -5.238795297568253108e-03
-2.526494423127531065e-03 1.160853007886437915e-03 -5.238795297568253108e-03
-2.526494423127531065e-03 1.160853007886437915e-03 -5.238795297568253108e-03
-2.526494423127531065e-03 1.160853007886437915e-03 -5.238795297568253108e-03
-2.526494423127531065e-03 1.160853007886437915e-03 -5.238795297568253108e-03
-2.526494423127531065e-03 1.160853007886437915e-03 -5.238795297568253108e-03
-2.526494423127531065e-03 1.160853007886437915e-03 -5.238795297568253108e-03
-2.526494423127531065e-03 1.160853007886437915e-03 -5.238795297568253108e-03
-2.526494423127531065e-03 1.160853007886437915e-03 -5.238795297568253108e-03
-2.526494423127531065e-03 1.160853007886437915e-03 -5.238795297568253108e-03
-2.526494423127531065e-03 1.160853007886437915e-03 -5.238795297568253108e-03
-2.526494423127531065e-03 1.160853007886437915e-03 -5.238795297568253108e-03
-2.526494423127531065e-03 1.160853007886437915e-03 -5.238795297568253108e-03
-2.526494423127531065e-03 1.160853007886437915e-03 -5.238795297568253108e-03
-2.526494423127531065e-03 1.160853007886437915e-03 -5.238795297568253108e-03
-2.526494423127531065e-03 1.160853007886437915e-03 -5.238795297568253108e-03
-7.811867450432559423e-04 1.522821134089608931e-03 -4.971882924242684507e-03
-7.811867450432559423e-04 1.522821134089608931e-03 -4.971882924242684507e-03
-7.811867450432559423e-04 1.522821134089608931e-03 -4.971882924242684507e-03
-7.811867450432559423e-04 1.522821134089608931e-03 -4.971882924242684507e-03
-7.811867450432559423e-04 1.522821134089608931e-03 -4.971882924242684507e-03
-7.811867450432559423e-04 1.522821134089608931e-03 -4.971882924242684507e-03
-7.811867450432559423e-04 1.522821134089608931e-03 -4.971882924242684507e-03
-7.811867450432559423e-04 1.522821134089608931e-03 -4.971882924242684507e-03
-7.811867450432559423e-04 1.522821134089608931e-03 -4.971882924242684507e-03
-7.811867450432559423e-04 1.522821134089608931e-03 -4.971882924242684507e-03
-7.811867450432559423e-04 1.522821134089608931e-03 -4.971882924242684507e-03
-7.811867450432559423e-04 1.522821134089608931e-03 -4.971882924242684507e-03
-7.811867450432559423e-04 1.522821134089608931e-03 -4.971882924242684507e-03
-7.811867450432559423e-04 1.522821134089608931e-03 -4.971882924242684507e-03
-7.811867450432559423e-04 1.522821134089608931e-03 -4.971882924242684507e-03
-7.811867450432559423e-04 1.522821134089608931e-03 -4.971882924242684507e-03
-7.811867450432559423e-04 1.522821134089608931e-03 -4.971882924242684507e-03
-2.204203560440350443e-03 1.162606779131969068e-03 -5.553715818855411296e-03
-2.204203560440350443e-03 1.162606779131969068e-03 -5.553715818855411296e-03
-2.204203560440350443e-03 1.162606779131969068e-03 -5.553715818855411296e-03
-2.204203560440350443e-03 1.162606779131969068e-03 -5.553715818855411296e-03
-2.204203560440350443e-03 1.162606779131969068e-03 -5.553715818855411296e-03
-2.204203560440350443e-03 1.162606779131969068e-03 -5.553715818855411296e-03
-2.204203560440350443e-03 1.162606779131969068e-03 -5.553715818855411296e-03
-2.204203560440350443e-03 1.162606779131969068e-03 -5.553715818855411296e-03
-2.204203560440350443e-03 1.162606779131969068e-03 -5.553715818855411296e-03
-2.204203560440350443e-03 1.162606779131969068e-03 -5.553715818855411296e-03
-2.204203560440350443e-03 1.162606779131969068e-03 -5.553715818855411296e-03
-2.204203560440350443e-03 1.162606779131969068e-03 -5.553715818855411296e-03
-2.204203560440350443e-03 1.162606779131969068e-03 -5.553715818855411296e-03
-2.204203560440350443e-03 1.162606779131969068e-03 -5.553715818855411296e-03
-2.204203560440350443e-03 1.162606779131969068e-03 -5.553715818855411296e-03
-2.204203560440350443e-03 1.162606779131969068e-03 -5.553715818855411296e-03
-2.204203560440350443e-03 1.162606779131969068e-03 -5.553715818855411296e-03
-4.243369888406317569e-05 -5.557550909974472153e-04 -8.249027749079665406e-03
-4.243369888406317569e-05 -5.557550909974472153e-04 -8.249027749079665406e-03
-4.243369888406317569e-05 -5.557550909974472153e-04 -8.249027749079665406e-03
-4.243369888406317569e-05 -5.557550909974472153e-04 -8.249027749079665406e-03
-4.243369888406317569e-05 -5.557550909974472153e-04 -8.249027749079665406e-03
-4.243369888406317569e-05 -5.557550909974472153e-04 -8.249027749079665406e-03
-4.243369888406317569e-05 -5.557550909974472153e-04 -8.249027749079665406e-03
-4.243369888406317569e-05 -5.557550909974472153e-04 -8.249027749079665406e-03
-4.243369888406317569e-05 -5.557550909974472153e-04 -8.249027749079665406e-03
-4.243369888406317569e-05 -5.557550909974472153e-04 -8.249027749079665406e-03
-4.243369888406317569e-05 -5.557550909974472153e-04 -8.249027749079665406e-03
-4.243369888406317569e-05 -5.557550909974472153e-04 -8.249027749079665406e-03
-4.243369888406317569e-05 -5.557550909974472153e-04 -8.249027749079665406e-03
-4.243369888406317569e-05 -5.557550909974472153e-04 -8.249027749079665406e-03
-4.243369888406317569e-05 -5.557550909974472153e-04 -8.249027749079665406e-03
-4.243369888406317569e-05 -5.557550909974472153e-04 -8.249027749079665406e-03
-4.243369888406317569e-05 -5.557550909974472153e-04 -8.249027749079665406e-03
-2.321750984272768353e-03 -2.173886629060622910e-04 -7.252485256744541781e-03
-2.321750984272768353e-03 -2.173886629060622910e-04 -7.252485256744541781e-03
-2.321750984272768353e-03 -2.173886629060622910e-04 -7.252485256744541781e-03
-2.321750984272768353e-03 -2.173886629060622910e-04 -7.252485256744541781e-03
-2.321750984272768353e-03 -2.173886629060622910e-04 -7.252485256744541781e-03
-2.321750984272768353e-03 -2.173886629060622910e-04 -7.252485256744541781e-03
-2.321750984272768353e-03 -2.173886629060622910e-04 -7.252485256744541781e-03
-2.321750984272768353e-03 -2.173886629060622910e-04 -7.252485256744541781e-03
-2.321750984272768353e-03 -2.173886629060622910e-04 -7.252485256744541781e-03
-2.321750984272768353e-03 -2.173886629060622910e-04 -7.252485256744541781e-03
-2.321750984272768353e-03 -2.173886629060622910e-04 -7.252485256744541781e-03
-2.321750984272768353e-03 -2.173886629060622910e-04 -7.252485256744541781e-03
-2.321750984272768353e-03 -2.173886629060622910e-04 -7.252485256744541781e-03
-2.321750984272768353e-03 -2.173886629060622910e-04 -7.252485256744541781e-03
-2.321750984272768353e-03 -2.173886629060622910e-04 -7.252485256744541781e-03
-2.321750984272768353e-03 -2.173886629060622910e-04 -7.252485256744541781e-03
-2.321750984272768353e-03 -2.173886629060622910e-04 -7.252485256744541781e-03
-1.359767998603727060e-03 -2.174095600973336220e-03 -6.712053782365896837e-03
-1.359767998603727060e-03 -2.174095600973336220e-03 -6.712053782365896837e-03
-1.359767998603727060e-03 -2.174095600973336220e-03 -6.712053782365896837e-03
-1.359767998603727060e-03 -2.174095600973336220e-03 -6.712053782365896837e-03
-1.359767998603727060e-03 -2.174095600973336220e-03 -6.712053782365896837e-03
-1.359767998603727060e-03 -2.174095600973336220e-03 -6.712053782365896837e-03
-1.359767998603727060e-03 -2.174095600973336220e-03 -6.712053782365896837e-03
-1.359767998603727060e-03 -2.174095600973336220e-03 -6.712053782365896837e-03
-1.359767998603727060e-03 -2.174095600973336220e-03 -6.712053782365896837e-03
-1.359767998603727060e-03 -2.174095600973336220e-03 -6.712053782365896837e-03
-1.359767998603727060e-03 -2.174095600973336220e-03 -6.712053782365896837e-03
-1.359767998603727060e-03 -2.174095600973336220e-03 -6.712053782365896837e-03
-1.359767998603727060e-03 -2.174095600973336220e-03 -6.712053782365896837e-03
-1.359767998603727060e-03 -2.174095600973336220e-03 -6.712053782365896837e-03
-1.359767998603727060e-03 -2.174095600973336220e-03 -6.712053782365896837e-03
-1.359767998603727060e-03 -2.174095600973336220e-03 -6.712053782365896837e-03
-1.359767998603727060e-03 -2.174095600973336220e-03 -6.712053782365896837e-03
-2.049932686542257909e-03 1.205934773579603672e-03 -4.960333835000853980e-03
-2.049932686542257909e-03 1.205934773579603672e-03 -4.960333835000853980e-03
-2.049932686542257909e-03 1.205934773579603672e-03 -4.960333835000853980e-03
-2.049932686542257909e-03 1.205934773579603672e-03 -4.960333835000853980e-03
-2.049932686542257909e-03 1.205934773579603672e-03 -4.960333835000853980e-03
-2.049932686542257909e-03 1.205934773579603672e-03 -4.960333835000853980e-03
-2.049932686542257909e-03 1.205934773579603672e-03 -4.960333835000853980e-03
-2.049932686542257909e-03 1.205934773579603672e-03 -4.960333835000853980e-03
-2.049932686542257909e-03 1.205934773579603672e-03 -4.960333835000853980e-03
-2.049932686542257909e-03 1.205934773579603672e-03 -4.960333835000853980e-03
-2.049932686542257909e-03 1.205934773579603672e-03 -4.960333835000853980e-03
-2.049932686542257909e-03 1.205934773579603672e-03 -4.960333835000853980e-03
-2.049932686542257909e-03 1.205934773579603672e-03 -4.960333835000853980e-03
-2.049932686542257909e-03 1.205934773579603672e-03 -4.960333835000853980e-03
-2.049932686542257909e-03 1.205934773579603672e-03 -4.960333835000853980e-03
-2.049932686542257909e-03 1.205934773579603672e-03 -4.960333835000853980e-03
-2.049932686542257909e-03 1.205934773579603672e-03 -4.960333835000853980e-03
-1.897263508425558326e-03 3.099123847612869284e-03 -4.340954807994092807e-03
-1.897263508425558326e-03 3.099123847612869284e-03 -4.340954807994092807e-03
-1.897263508425558326e-03 3.099123847612869284e-03 -4.340954807994092807e-03
-1.897263508425558326e-03 3.099123847612869284e-03 -4.340954807994092807e-03
-1.897263508425558326e-03 3.099123847612869284e-03 -4.340954807994092807e-03
-1.897263508425558326e-03 3.099123847612869284e-03 -4.340954807994092807e-03
-1.897263508425558326e-03 3.099123847612869284e-03 -4.340954807994092807e-03
-1.897263508425558326e-03 3.099123847612869284e-03 -4.340954807994092807e-03
-1.897263508425558326e-03 3.099123847612869284e-03 -4.340954807994092807e-03
-1.897263508425558326e-03 3.099123847612869284e-03 -4.340954807994092807e-03
-1.897263508425558326e-03 3.099123847612869284e-03 -4.340954807994092807e-03
-1.897263508425558326e-03 3.099123847612869284e-03 -4.340954807994092807e-03
-1.897263508425558326e-03 3.099123847612869284e-03 -4.340954807994092807e-03
-1.897263508425558326e-03 3.099123847612869284e-03 -4.340954807994092807e-03
-1.897263508425558326e-03 3.099123847612869284e-03 -4.340954807994092807e-03
-1.897263508425558326e-03 3.099123847612869284e-03 -4.340954807994092807e-03
-1.897263508425558326e-03 3.099123847612869284e-03 -4.340954807994092807e-03
-8.810631606290496298e-04 -5.118100851777534349e-04 -6.258346208827494928e-03
-8.810631606290496298e-04 -5.118100851777534349e-04 -6.258346208827494928e-03
-8.810631606290496298e-04 -5.118100851777534349e-04 -6.258346208827494928e-03
-8.810631606290496298e-04 -5.118100851777534349e-04 -6.258346208827494928e-03
-8.810631606290496298e-04 -5.118100851777534349e-04 -6.258346208827494928e-03
-8.810631606290496298e-04 -5.118100851777534349e-04 -6.258346208827494928e-03
-8.810631606290496298e-04 -5.118100851777534349e-04 -6.258346208827494928e-03
-8.810631606290496298e-04 -5.118100851777534349e-04 -6.258346208827494928e-03
-8.810631606290496298e-04 -5.118100851777534349e-04 -6.258346208827494928e-03
-8.810631606290496298e-04 -5.118100851777534349e-04 -6.258346208827494928e-03
-8.810631606290496298e-04 -5.118100851777534349e-04 -6.258346208827494928e-03
-8.810631606290496298e-04 -5.118100851777534349e-04 -6.258346208827494928e-03
-8.810631606290496298e-04 -5.118100851777534349e-04 -6.258346208827494928e-03
-8.810631606290496298e-04 -5.118100851777534349e-04 -6.258346208827494928e-03
-8.810631606290496298e-04 -5.118100851777534349e-04 -6.258346208827494928e-03
-8.810631606290496298e-04 -5.118100851777534349e-04 -6.258346208827494928e-03
-8.810631606290496298e-04 -5.118100851777534349e-04 -6.258346208827494928e-03
6.053109970620765279e-04 6.752327035857799177e-03 -2.450199659955812348e-03
6.053109970620765279e-04 6.752327035857799177e-03 -2.450199659955812348e-03
6.053109970620765279e-04 6.752327035857799177e-03 -2.450199659955812348e-03
6.053109970620765279e-04 6.752327035857799177e-03 -2.450199659955812348e-03
6.053109970620765279e-04 6.752327035857799177e-03 -2.450199659955812348e-03
6.053109970620765279e-04 6.752327035857799177e-03 -2.450199659955812348e-03
6.053109970620765279e-04 6.752327035857799177e-03 -2.450199659955812348e-03
6.053109970620765279e-04 6.752327035857799177e-03 -2.450199659955812348e-03
6.053109970620765279e-04 6.752327035857799177e-03 -2.450199659955812348e-03
6.053109970620765279e-04 6.752327035857799177e-03 -2.450199659955812348e-03
6.053109970620765279e-04 6.752327035857799177e-03 -2.450199659955812348e-03
6.053109970620765279e-04 6.752327035857799177e-03 -2.450199659955812348e-03
6.053109970620765279e-04 6.752327035857799177e-03 -2.450199659955812348e-03
6.053109970620765279e-04 6.752327035857799177e-03 -2.450199659955812348e-03
6.053109970620765279e-04 6.752327035857799177e-03 -2.450199659955812348e-03
6.053109970620765279e-04 6.752327035857799177e-03 -2.450199659955812348e-03
6.053109970620765279e-04 6.752327035857799177e-03 -2.450199659955812348e-03
-6.899987675389488914e-04 -6.520138517331422467e-05 -5.883199942931679333e-03
-6.899987675389488914e-04 -6.520138517331422467e-05 -5.883199942931679333e-03
-6.899987675389488914e-04 -6.520138517331422467e-05 -5.883199942931679333e-03
-6.899987675389488914e-04 -6.520138517331422467e-05 -5.883199942931679333e-03
-6.899987675389488914e-04 -6.520138517331422467e-05 -5.883199942931679333e-03
-6.899987675389488914e-04 -6.520138517331422467e-05 -5.883199942931679333e-03
-6.899987675389488914e-04 -6.520138517331422467e-05 -5.883199942931679333e-03
-6.899987675389488914e-04 -6.520138517331422467e-05 -5.883199942931679333e-03
-6.899987675389488914e-04 -6.520138517331422467e-05 -5.883199942931679333e-03
-6.899987675389488914e-04 -6.520138517331422467e-05 -5.883199942931679333e-03
-6.899987675389488914e-04 -6.520138517331422467e-05 -5.883199942931679333e-03
-6.899987675389488914e-04 -6.520138517331422467e-05 -5.883199942931679333e-03
-6.899987675389488914e-04 -6.520138517331422467e-05 -5.883199942931679333e-03
-6.899987675389488914e-04 -6.520138517331422467e-05 -5.883199942931679333e-03
-6.899987675389488914e-04 -6.520138517331422467e-05 -5.883199942931679333e-03
-6.899987675389488914e-04 -6.520138517331422467e-05 -5.883199942931679333e-03
-6.899987675389488914e-04 -6.520138517331422467e-05 -5.883199942931679333e-03
-6.164304301925910279e-04 5.423701522724168160e-04 -4.775074566769073325e-03
-6.164304301925910279e-04 5.423701522724168160e-04 -4.775074566769073325e-03
-6.164304301925910279e-04 5.423701522724168160e-04 -4.775074566769073325e-03
-6.164304301925910279e-04 5.423701522724168160e-04 -4.775074566769073325e-03
-6.164304301925910279e-04 5.423701522724168160e-04 -4.775074566769073325e-03
-6.164304301925910279e-04 5.423701522724168160e-04 -4.775074566769073325e-03
-6.164304301925910279e-04 5.423701522724168160e-04 -4.775074566769073325e-03
-6.164304301925910279e-04 5.423701522724168160e-04 -4.775074566769073325e-03
-6.164304301925910279e-04 5.423701522724168160e-04 -4.775074566769073325e-03
-6.164304301925910279e-04 5.423701522724168160e-04 -4.775074566769073325e-03
-6.164304301925910279e-04 5.423701522724168160e-04 -4.775074566769073325e-03
-6.164304301925910279e-04 5.423701522724168160e-04 -4.775074566769073325e-03
-6.164304301925910279e-04 5.423701522724168160e-04 -4.775074566769073325e-03
-6.164304301925910279e-04 5.423701522724168160e-04 -4.775074566769073325e-03
-6.164304301925910279e-04 5.423701522724168160e-04 -4.775074566769073325e-03
-6.164304301925910279e-04 5.423701522724168160e-04 -4.775074566769073325e-03
-6.164304301925910279e-04 5.423701522724168160e-04 -4.775074566769073325e-03
-4.528956883436746281e-04 2.648064160346932233e-03 -3.885231056321807735e-03
-4.528956883436746281e-04 2.648064160346932233e-03 -3.885231056321807735e-03
-4.528956883436746281e-04 2.648064160346932233e-03 -3.885231056321807735e-03
-4.528956883436746281e-04 2.648064160346932233e-03 -3.885231056321807735e-03
-4.528956883436746281e-04 2.648064160346932233e-03 -3.885231056321807735e-03
-4.528956883436746281e-04 2.648064160346932233e-03 -3.885231056321807735e-03
-4.528956883436746281e-04 2.648064160346932233e-03 -3.885231056321807735e-03
-4.528956883436746281e-04 2.648064160346932233e-03 -3.885231056321807735e-03
-4.528956883436746281e-04 2.648064160346932233e-03 -3.885231056321807735e-03
-4.528956883436746281e-04 2.648064160346932233e-03 -3.885231056321807735e-03
-4.528956883436746281e-04 2.648064160346932233e-03 -3.885231056321807735e-03
-4.528956883436746281e-04 2.648064160346932233e-03 -3.885231056321807735e-03
-4.528956883436746281e-04 2.648064160346932233e-03 -3.885231056321807735e-03
-4.528956883436746281e-04 2.648064160346932233e-03 -3.885231056321807735e-03
-4.528956883436746281e-04 2.648064160346932233e-03 -3.885231056321807735e-03
-4.528956883436746281e-04 2.648064160346932233e-03 -3.885231056321807735e-03
-4.528956883436746281e-04 2.648064160346932233e-03 -3.885231056321807735e-03
2.158077707073626644e-04 -2.961921563815706968e-04 -6.434460532248385475e-03
2.158077707073626644e-04 -2.961921563815706968e-04 -6.434460532248385475e-03
2.158077707073626644e-04 -2.961921563815706968e-04 -6.434460532248385475e-03
2.158077707073626644e-04 -2.961921563815706968e-04 -6.434460532248385475e-03
2.158077707073626644e-04 -2.961921563815706968e-04 -6.434460532248385475e-03
2.158077707073626644e-04 -2.961921563815706968e-04 -6.434460532248385475e-03
2.158077707073626644e-04 -2.961921563815706968e-04 -6.434460532248385475e-03
2.158077707073626644e-04 -2.961921563815706968e-04 -6.434460532248385475e-03
2.158077707073626644e-04 -2.961921563815706968e-04 -6.434460532248385475e-03
2.158077707073626644e-04 -2.961921563815706968e-04 -6.434460532248385475e-03
2.158077707073626644e-04 -2.961921563815706968e-04 -6.434460532248385475e-03
2.158077707073626644e-04 -2.961921563815706968e-04 -6.434460532248385475e-03
2.158077707073626644e-04 -2.961921563815706968e-04 -6.434460532248385475e-03
2.158077707073626644e-04 -2.961921563815706968e-04 -6.434460532248385475e-03
2.158077707073626644e-04 -2.961921563815706968e-04 -6.434460532248385475e-03
2.158077707073626644e-04 -2.961921563815706968e-04 -6.434460532248385475e-03
2.158077707073626644e-04 -2.961921563815706968e-04 -6.434460532248385475e-03
