-3.263411616085057018e-03 8.419527153538421127e-04 2.499616115437882508e-02
-3.263411616085057018e-03 8.419527153538421127e-04 2.499616115437882508e-02
-3.263411616085057018e-03 8.419527153538421127e-04 2.499616115437882508e-02
-3.263411616085057018e-03 8.419527153538421127e-04 2.499616115437882508e-02
-9.838825130013708828e-03 -3.892840645806325273e-02 2.440820231186287964e-02
-9.838825130013708828e-03 -3.892840645806325273e-02 2.440820231186287964e-02
-3.937862018324152918e-02 2.142213977471638803e-02 3.511667034869746934e-02
-3.937862018324152918e-02 2.142213977471638803e-02 3.511667034869746934e-02
-3.937862018324152918e-02 2.142213977471638803e-02 3.511667034869746934e-02
-3.937862018324152918e-02 2.142213977471638803e-02 3.511667034869746934e-02
-3.937862018324152918e-02 2.142213977471638803e-02 3.511667034869746934e-02
-5.106784734355964556e-03 9.009143625638288411e-04 -1.483332616403071347e-02
-5.106784734355964556e-03 9.009143625638288411e-04 -1.483332616403071347e-02
-5.106784734355964556e-03 9.009143625638288411e-04 -1.483332616403071347e-02
-5.106784734355964556e-03 9.009143625638288411e-04 -1.483332616403071347e-02
-5.106784734355964556e-03 9.009143625638288411e-04 -1.483332616403071347e-02
-5.106784734355964556e-03 9.009143625638288411e-04 -1.483332616403071347e-02
-5.106784734355964556e-03 9.009143625638288411e-04 -1.483332616403071347e-02
-5.106784734355964556e-03 9.009143625638288411e-04 -1.483332616403071347e-02
-5.106784734355964556e-03 9.009143625638288411e-04 -1.483332616403071347e-02
-5.106784734355964556e-03 9.009143625638288411e-04 -1.483332616403071347e-02
-5.106784734355964556e-03 9.009143625638288411e-04 -1.483332616403071347e-02
-5.106784734355964556e-03 9.009143625638288411e-04 -1.483332616403071347e-02
-5.106784734355964556e-03 9.009143625638288411e-04 -1.483332616403071347e-02
-5.106784734355964556e-03 9.009143625638288411e-04 -1.483332616403071347e-02
-5.106784734355964556e-03 9.009143625638288411e-04 -1.483332616403071347e-02
-5.106784734355964556e-03 9.009143625638288411e-04 -1.483332616403071347e-02
1.570865752278388996e-02 -3.395369463884341521e-02 3.431233952308750806e-02
1.570865752278388996e-02 -3.395369463884341521e-02 3.431233952308750806e-02
1.570865752278388996e-02 -3.395369463884341521e-02 3.431233952308750806e-02
-2.598118976515065293e-02 3.514699229904522798e-02 1.900025639624351725e-02
-2.598118976515065293e-02 3.514699229904522798e-02 1.900025639624351725e-02
-3.997448732805047866e-02 2.034746961682297461e-02 2.878688709496252801e-02
-3.997448732805047866e-02 2.034746961682297461e-02 2.878688709496252801e-02
5.541427223060968812e-03 -3.530390355338162978e-02 3.216458369910364656e-03
5.541427223060968812e-03 -3.530390355338162978e-02 3.216458369910364656e-03
5.541427223060968812e-03 -3.530390355338162978e-02 3.216458369910364656e-03
5.541427223060968812e-03 -3.530390355338162978e-02 3.216458369910364656e-03
5.541427223060968812e-03 -3.530390355338162978e-02 3.216458369910364656e-03
5.541427223060968812e-03 -3.530390355338162978e-02 3.216458369910364656e-03
5.541427223060968812e-03 -3.530390355338162978e-02 3.216458369910364656e-03
5.541427223060968812e-03 -3.530390355338162978e-02 3.216458369910364656e-03
5.541427223060968812e-03 -3.530390355338162978e-02 3.216458369910364656e-03
5.541427223060968812e-03 -3.530390355338162978e-02 3.216458369910364656e-03
-6.719843705414278723e-03 3.799249338698150458e-04 -8.210275669916678939e-03
-6.719843705414278723e-03 3.799249338698150458e-04 -8.210275669916678939e-03
-6.719843705414278723e-03 3.799249338698150458e-04 -8.210275669916678939e-03
-6.719843705414278723e-03 3.799249338698150458e-04 -8.210275669916678939e-03
-6.719843705414278723e-03 3.799249338698150458e-04 -8.210275669916678939e-03
-6.719843705414278723e-03 3.799249338698150458e-04 -8.210275669916678939e-03
-6.719843705414278723e-03 3.799249338698150458e-04 -8.210275669916678939e-03
-6.719843705414278723e-03 3.799249338698150458e-04 -8.210275669916678939e-03
-6.719843705414278723e-03 3.799249338698150458e-04 -8.210275669916678939e-03
-6.719843705414278723e-03 3.799249338698150458e-04 -8.210275669916678939e-03
-6.719843705414278723e-03 3.799249338698150458e-04 -8.210275669916678939e-03
-6.719843705414278723e-03 3.799249338698150458e-04 -8.210275669916678939e-03
-6.719843705414278723e-03 3.799249338698150458e-04 -8.210275669916678939e-03
-6.719843705414278723e-03 3.799249338698150458e-04 -8.210275669916678939e-03
-4.987390200376624547e-03 1.822853093110808273e-03 1.478948211635800966e-02
-4.987390200376624547e-03 1.822853093110808273e-03 1.478948211635800966e-02
-4.987390200376624547e-03 1.822853093110808273e-03 1.478948211635800966e-02
-4.987390200376624547e-03 1.822853093110808273e-03 1.478948211635800966e-02
-4.987390200376624547e-03 1.822853093110808273e-03 1.478948211635800966e-02
-4.987390200376624547e-03 1.822853093110808273e-03 1.478948211635800966e-02
-3.111540073741831530e-03 2.069929893493593215e-03 -1.940943067588977652e-02
-3.111540073741831530e-03 2.069929893493593215e-03 -1.940943067588977652e-02
-3.111540073741831530e-03 2.069929893493593215e-03 -1.940943067588977652e-02
-3.111540073741831530e-03 2.069929893493593215e-03 -1.940943067588977652e-02
-3.111540073741831530e-03 2.069929893493593215e-03 -1.940943067588977652e-02
-3.111540073741831530e-03 2.069929893493593215e-03 -1.940943067588977652e-02
-3.111540073741831530e-03 2.069929893493593215e-03 -1.940943067588977652e-02
-3.111540073741831530e-03 2.069929893493593215e-03 -1.940943067588977652e-02
-3.111540073741831530e-03 2.069929893493593215e-03 -1.940943067588977652e-02
-3.111540073741831530e-03 2.069929893493593215e-03 -1.940943067588977652e-02
-3.111540073741831530e-03 2.069929893493593215e-03 -1.940943067588977652e-02
-3.111540073741831530e-03 2.069929893493593215e-03 -1.940943067588977652e-02
-3.111540073741831530e-03 2.069929893493593215e-03 -1.940943067588977652e-02
-3.111540073741831530e-03 2.069929893493593215e-03 -1.940943067588977652e-02
-5.778568352368881889e-03 1.376610788565456323e-03 -1.230864252052378018e-03
-5.778568352368881889e-03 1.376610788565456323e-03 -1.230864252052378018e-03
-5.778568352368881889e-03 1.376610788565456323e-03 -1.230864252052378018e-03
-5.778568352368881889e-03 1.376610788565456323e-03 -1.230864252052378018e-03
-5.778568352368881889e-03 1.376610788565456323e-03 -1.230864252052378018e-03
-5.778568352368881889e-03 1.376610788565456323e-03 -1.230864252052378018e-03
-5.778568352368881889e-03 1.376610788565456323e-03 -1.230864252052378018e-03
-5.778568352368881889e-03 1.376610788565456323e-03 -1.230864252052378018e-03
-5.778568352368881889e-03 1.376610788565456323e-03 -1.230864252052378018e-03
-5.778568352368881889e-03 1.376610788565456323e-03 -1.230864252052378018e-03
-5.778568352368881889e-03 1.376610788565456323e-03 -1.230864252052378018e-03
-5.778568352368881889e-03 1.376610788565456323e-03 -1.230864252052378018e-03
-5.778568352368881889e-03 1.376610788565456323e-03 -1.230864252052378018e-03
-4.806784773920203674e-03 1.316825387086679316e-03 -2.643737527098081325e-02
-4.806784773920203674e-03 1.316825387086679316e-03 -2.643737527098081325e-02
-4.806784773920203674e-03 1.316825387086679316e-03 -2.643737527098081325e-02
-4.806784773920203674e-03 1.316825387086679316e-03 -2.643737527098081325e-02
-4.806784773920203674e-03 1.316825387086679316e-03 -2.643737527098081325e-02
-4.806784773920203674e-03 1.316825387086679316e-03 -2.643737527098081325e-02
-4.806784773920203674e-03 1.316825387086679316e-03 -2.643737527098081325e-02
-4.806784773920203674e-03 1.316825387086679316e-03 -2.643737527098081325e-02
-4.806784773920203674e-03 1.316825387086679316e-03 -2.643737527098081325e-02
-4.806784773920203674e-03 1.316825387086679316e-03 -2.643737527098081325e-02
-4.806784773920203674e-03 1.316825387086679316e-03 -2.643737527098081325e-02
-4.806784773920203674e-03 1.316825387086679316e-03 -2.643737527098081325e-02
-4.806784773920203674e-03 1.316825387086679316e-03 -2.643737527098081325e-02
-4.454589814488058713e-03 4.309256035868068088e-03 -4.408471842592682002e-03
-4.454589814488058713e-03 4.309256035868068088e-03 -4.408471842592682002e-03
-4.454589814488058713e-03 4.309256035868068088e-03 -4.408471842592682002e-03
-4.454589814488058713e-03 4.309256035868068088e-03 -4.408471842592682002e-03
-4.454589814488058713e-03 4.309256035868068088e-03 -4.408471842592682002e-03
-1.651062856574057186e-02 3.944915749207823785e-02 3.206379247119100356e-02
-1.651062856574057186e-02 3.944915749207823785e-02 3.206379247119100356e-02
-7.377191292745402529e-03 1.698463135738428192e-03 -2.526402882878910766e-02
-7.377191292745402529e-03 1.698463135738428192e-03 -2.526402882878910766e-02
-7.377191292745402529e-03 1.698463135738428192e-03 -2.526402882878910766e-02
-7.377191292745402529e-03 1.698463135738428192e-03 -2.526402882878910766e-02
-7.377191292745402529e-03 1.698463135738428192e-03 -2.526402882878910766e-02
-7.377191292745402529e-03 1.698463135738428192e-03 -2.526402882878910766e-02
-7.377191292745402529e-03 1.698463135738428192e-03 -2.526402882878910766e-02
-7.377191292745402529e-03 1.698463135738428192e-03 -2.526402882878910766e-02
-7.377191292745402529e-03 1.698463135738428192e-03 -2.526402882878910766e-02
-7.377191292745402529e-03 1.698463135738428192e-03 -2.526402882878910766e-02
-7.377191292745402529e-03 1.698463135738428192e-03 -2.526402882878910766e-02
-7.377191292745402529e-03 1.698463135738428192e-03 -2.526402882878910766e-02
-7.377191292745402529e-03 1.698463135738428192e-03 -2.526402882878910766e-02
-7.377191292745402529e-03 1.698463135738428192e-03 -2.526402882878910766e-02
-2.686839982825444534e-02 -3.249298611078632604e-02 2.322739217814776685e-02
-2.686839982825444534e-02 -3.249298611078632604e-02 2.322739217814776685e-02
-4.028483871118912485e-03 1.143318722064169679e-03 8.522501561021451552e-03
-4.028483871118912485e-03 1.143318722064169679e-03 8.522501561021451552e-03
-4.028483871118912485e-03 1.143318722064169679e-03 8.522501561021451552e-03
-4.028483871118912485e-03 1.143318722064169679e-03 8.522501561021451552e-03
-4.028483871118912485e-03 1.143318722064169679e-03 8.522501561021451552e-03
-4.028483871118912485e-03 1.143318722064169679e-03 8.522501561021451552e-03
-4.028483871118912485e-03 1.143318722064169679e-03 8.522501561021451552e-03
-4.028483871118912485e-03 1.143318722064169679e-03 8.522501561021451552e-03
-4.028483871118912485e-03 1.143318722064169679e-03 8.522501561021451552e-03
-4.028483871118912485e-03 1.143318722064169679e-03 8.522501561021451552e-03
-4.028483871118912485e-03 1.143318722064169679e-03 8.522501561021451552e-03
-4.028483871118912485e-03 1.143318722064169679e-03 8.522501561021451552e-03
-5.551709540766860268e-03 8.592092428393593995e-04 1.784399475297660485e-03
-5.551709540766860268e-03 8.592092428393593995e-04 1.784399475297660485e-03
-5.551709540766860268e-03 8.592092428393593995e-04 1.784399475297660485e-03
-5.551709540766860268e-03 8.592092428393593995e-04 1.784399475297660485e-03
-5.551709540766860268e-03 8.592092428393593995e-04 1.784399475297660485e-03
-5.551709540766860268e-03 8.592092428393593995e-04 1.784399475297660485e-03
-5.551709540766860268e-03 8.592092428393593995e-04 1.784399475297660485e-03
-5.551709540766860268e-03 8.592092428393593995e-04 1.784399475297660485e-03
-5.551709540766860268e-03 8.592092428393593995e-04 1.784399475297660485e-03
-5.551709540766860268e-03 8.592092428393593995e-04 1.784399475297660485e-03
-5.551709540766860268e-03 8.592092428393593995e-04 1.784399475297660485e-03
-5.551709540766860268e-03 8.592092428393593995e-04 1.784399475297660485e-03
-5.551709540766860268e-03 8.592092428393593995e-04 1.784399475297660485e-03
-5.319046636145679553e-03 8.927434203622464093e-04 -4.783267357320812596e-03
-5.319046636145679553e-03 8.927434203622464093e-04 -4.783267357320812596e-03
-5.319046636145679553e-03 8.927434203622464093e-04 -4.783267357320812596e-03
-5.319046636145679553e-03 8.927434203622464093e-04 -4.783267357320812596e-03
-5.319046636145679553e-03 8.927434203622464093e-04 -4.783267357320812596e-03
-5.319046636145679553e-03 8.927434203622464093e-04 -4.783267357320812596e-03
-5.319046636145679553e-03 8.927434203622464093e-04 -4.783267357320812596e-03
-5.319046636145679553e-03 8.927434203622464093e-04 -4.783267357320812596e-03
-5.319046636145679553e-03 8.927434203622464093e-04 -4.783267357320812596e-03
-5.319046636145679553e-03 8.927434203622464093e-04 -4.783267357320812596e-03
-5.319046636145679553e-03 8.927434203622464093e-04 -4.783267357320812596e-03
-5.319046636145679553e-03 8.927434203622464093e-04 -4.783267357320812596e-03
-5.319046636145679553e-03 8.927434203622464093e-04 -4.783267357320812596e-03
-5.319046636145679553e-03 8.927434203622464093e-04 -4.783267357320812596e-03
-3.768236792554903111e-03 2.266251241127661617e-03 1.158689775645943380e-02
-3.768236792554903111e-03 2.266251241127661617e-03 1.158689775645943380e-02
-3.768236792554903111e-03 2.266251241127661617e-03 1.158689775645943380e-02
-3.768236792554903111e-03 2.266251241127661617e-03 1.158689775645943380e-02
-3.768236792554903111e-03 2.266251241127661617e-03 1.158689775645943380e-02
-3.768236792554903111e-03 2.266251241127661617e-03 1.158689775645943380e-02
-4.477674348383302305e-02 4.405419830153063307e-03 3.600217627374831947e-02
-4.477674348383302305e-02 4.405419830153063307e-03 3.600217627374831947e-02
-4.477674348383302305e-02 4.405419830153063307e-03 3.600217627374831947e-02
-4.609151982220036775e-03 9.231250236201513082e-04 -2.778030911191308946e-03
-4.609151982220036775e-03 9.231250236201513082e-04 -2.778030911191308946e-03
-4.609151982220036775e-03 9.231250236201513082e-04 -2.778030911191308946e-03
-4.609151982220036775e-03 9.231250236201513082e-04 -2.778030911191308946e-03
-4.609151982220036775e-03 9.231250236201513082e-04 -2.778030911191308946e-03
-4.609151982220036775e-03 9.231250236201513082e-04 -2.778030911191308946e-03
2.931486020184072630e-02 -2.093163471633507910e-02 1.795620345132993914e-02
2.931486020184072630e-02 -2.093163471633507910e-02 1.795620345132993914e-02
-3.724091254706057147e-03 2.384184264001108430e-03 2.014711745637106158e-02
-3.724091254706057147e-03 2.384184264001108430e-03 2.014711745637106158e-02
-3.724091254706057147e-03 2.384184264001108430e-03 2.014711745637106158e-02
-3.724091254706057147e-03 2.384184264001108430e-03 2.014711745637106158e-02
-3.724091254706057147e-03 2.384184264001108430e-03 2.014711745637106158e-02
-4.124038300589688566e-02 -1.557643450378179417e-02 3.900190137678717639e-02
-4.124038300589688566e-02 -1.557643450378179417e-02 3.900190137678717639e-02
-4.124038300589688566e-02 -1.557643450378179417e-02 3.900190137678717639e-02
-4.124038300589688566e-02 -1.557643450378179417e-02 3.900190137678717639e-02
1.324496407462862069e-02 -3.523962525965654291e-02 3.503336698374631686e-02
1.324496407462862069e-02 -3.523962525965654291e-02 3.503336698374631686e-02
1.324496407462862069e-02 -3.523962525965654291e-02 3.503336698374631686e-02
-3.893266422120000153e-02 -1.979517191627975722e-02 3.886358300644292968e-02
-3.893266422120000153e-02 -1.979517191627975722e-02 3.886358300644292968e-02
-3.893266422120000153e-02 -1.979517191627975722e-02 3.886358300644292968e-02
-3.893266422120000153e-02 -1.979517191627975722e-02 3.886358300644292968e-02
-3.576157218373477234e-03 2.156562052720308043e-03 -1.784875254220497781e-02
-3.576157218373477234e-03 2.156562052720308043e-03 -1.784875254220497781e-02
-3.576157218373477234e-03 2.156562052720308043e-03 -1.784875254220497781e-02
-3.576157218373477234e-03 2.156562052720308043e-03 -1.784875254220497781e-02
-3.576157218373477234e-03 2.156562052720308043e-03 -1.784875254220497781e-02
-3.576157218373477234e-03 2.156562052720308043e-03 -1.784875254220497781e-02
-3.576157218373477234e-03 2.156562052720308043e-03 -1.784875254220497781e-02
-3.576157218373477234e-03 2.156562052720308043e-03 -1.784875254220497781e-02
-3.576157218373477234e-03 2.156562052720308043e-03 -1.784875254220497781e-02
-3.576157218373477234e-03 2.156562052720308043e-03 -1.784875254220497781e-02
-3.576157218373477234e-03 2.156562052720308043e-03 -1.784875254220497781e-02
-3.576157218373477234e-03 2.156562052720308043e-03 -1.784875254220497781e-02
-5.077843079516404165e-03 2.196714699258441733e-04 -1.897611086261453278e-03
-5.077843079516404165e-03 2.196714699258441733e-04 -1.897611086261453278e-03
-5.077843079516404165e-03 2.196714699258441733e-04 -1.897611086261453278e-03
-5.077843079516404165e-03 2.196714699258441733e-04 -1.897611086261453278e-03
-5.077843079516404165e-03 2.196714699258441733e-04 -1.897611086261453278e-03
-5.077843079516404165e-03 2.196714699258441733e-04 -1.897611086261453278e-03
