5.233160197279197040e-03 -1.956689034808018618e-04 -7.662244616338999281e-03
5.233160197279197040e-03 -1.956689034808018618e-04 -7.662244616338999281e-03
5.233160197279197040e-03 -1.956689034808018618e-04 -7.662244616338999281e-03
5.233160197279197040e-03 -1.956689034808018618e-04 -7.662244616338999281e-03
5.233160197279197040e-03 -1.956689034808018618e-04 -7.662244616338999281e-03
5.233160197279197040e-03 -1.956689034808018618e-04 -7.662244616338999281e-03
5.233160197279197040e-03 -1.956689034808018618e-04 -7.662244616338999281e-03
5.233160197279197040e-03 -1.956689034808018618e-04 -7.662244616338999281e-03
5.233160197279197040e-03 -1.956689034808018618e-04 -7.662244616338999281e-03
5.233160197279197040e-03 -1.956689034808018618e-04 -7.662244616338999281e-03
5.233160197279197040e-03 -1.956689034808018618e-04 -7.662244616338999281e-03
5.233160197279197040e-03 -1.956689034808018618e-04 -7.662244616338999281e-03
5.233160197279197040e-03 -1.956689034808018618e-04 -7.662244616338999281e-03
5.233160197279197040e-03 -1.956689034808018618e-04 -7.662244616338999281e-03
5.233160197279197040e-03 -1.956689034808018618e-04 -7.662244616338999281e-03
5.233160197279197040e-03 -1.956689034808018618e-04 -7.662244616338999281e-03
5.233160197279197040e-03 -1.956689034808018618e-04 -7.662244616338999281e-03
-2.570041096871704053e-02 4.322243933848127218e-05 -4.693426852676178037e-04
-2.570041096871704053e-02 4.322243933848127218e-05 -4.693426852676178037e-04
-2.570041096871704053e-02 4.322243933848127218e-05 -4.693426852676178037e-04
-2.570041096871704053e-02 4.322243933848127218e-05 -4.693426852676178037e-04
-2.570041096871704053e-02 4.322243933848127218e-05 -4.693426852676178037e-04
-2.570041096871704053e-02 4.322243933848127218e-05 -4.693426852676178037e-04
-2.570041096871704053e-02 4.322243933848127218e-05 -4.693426852676178037e-04
-2.570041096871704053e-02 4.322243933848127218e-05 -4.693426852676178037e-04
-2.570041096871704053e-02 4.322243933848127218e-05 -4.693426852676178037e-04
-2.570041096871704053e-02 4.322243933848127218e-05 -4.693426852676178037e-04
-2.570041096871704053e-02 4.322243933848127218e-05 -4.693426852676178037e-04
-2.570041096871704053e-02 4.322243933848127218e-05 -4.693426852676178037e-04
-2.570041096871704053e-02 4.322243933848127218e-05 -4.693426852676178037e-04
-2.570041096871704053e-02 4.322243933848127218e-05 -4.693426852676178037e-04
-2.570041096871704053e-02 4.322243933848127218e-05 -4.693426852676178037e-04
-2.570041096871704053e-02 4.322243933848127218e-05 -4.693426852676178037e-04
-2.570041096871704053e-02 4.322243933848127218e-05 -4.693426852676178037e-04
1.711740373419705710e-02 -2.148100892313230259e-04 5.340714982270922465e-03
1.711740373419705710e-02 -2.148100892313230259e-04 5.340714982270922465e-03
1.711740373419705710e-02 -2.148100892313230259e-04 5.340714982270922465e-03
1.711740373419705710e-02 -2.148100892313230259e-04 5.340714982270922465e-03
1.711740373419705710e-02 -2.148100892313230259e-04 5.340714982270922465e-03
1.711740373419705710e-02 -2.148100892313230259e-04 5.340714982270922465e-03
1.711740373419705710e-02 -2.148100892313230259e-04 5.340714982270922465e-03
1.711740373419705710e-02 -2.148100892313230259e-04 5.340714982270922465e-03
1.711740373419705710e-02 -2.148100892313230259e-04 5.340714982270922465e-03
1.711740373419705710e-02 -2.148100892313230259e-04 5.340714982270922465e-03
1.711740373419705710e-02 -2.148100892313230259e-04 5.340714982270922465e-03
1.711740373419705710e-02 -2.148100892313230259e-04 5.340714982270922465e-03
1.711740373419705710e-02 -2.148100892313230259e-04 5.340714982270922465e-03
1.711740373419705710e-02 -2.148100892313230259e-04 5.340714982270922465e-03
1.711740373419705710e-02 -2.148100892313230259e-04 5.340714982270922465e-03
1.711740373419705710e-02 -2.148100892313230259e-04 5.340714982270922465e-03
1.711740373419705710e-02 -2.148100892313230259e-04 5.340714982270922465e-03
7.137646624708575763e-03 -1.580183048208276542e-04 4.440113870267373662e-03
7.137646624708575763e-03 -1.580183048208276542e-04 4.440113870267373662e-03
7.137646624708575763e-03 -1.580183048208276542e-04 4.440113870267373662e-03
7.137646624708575763e-03 -1.580183048208276542e-04 4.440113870267373662e-03
7.137646624708575763e-03 -1.580183048208276542e-04 4.440113870267373662e-03
7.137646624708575763e-03 -1.580183048208276542e-04 4.440113870267373662e-03
7.137646624708575763e-03 -1.580183048208276542e-04 4.440113870267373662e-03
7.137646624708575763e-03 -1.580183048208276542e-04 4.440113870267373662e-03
7.137646624708575763e-03 -1.580183048208276542e-04 4.440113870267373662e-03
7.137646624708575763e-03 -1.580183048208276542e-04 4.440113870267373662e-03
7.137646624708575763e-03 -1.580183048208276542e-04 4.440113870267373662e-03
7.137646624708575763e-03 -1.580183048208276542e-04 4.440113870267373662e-03
7.137646624708575763e-03 -1.580183048208276542e-04 4.440113870267373662e-03
7.137646624708575763e-03 -1.580183048208276542e-04 4.440113870267373662e-03
7.137646624708575763e-03 -1.580183048208276542e-04 4.440113870267373662e-03
7.137646624708575763e-03 -1.580183048208276542e-04 4.440113870267373662e-03
7.137646624708575763e-03 -1.580183048208276542e-04 4.440113870267373662e-03
1.372237798062831901e-02 -2.007744898482027168e-04 1.151400826736952024e-03
1.372237798062831901e-02 -2.007744898482027168e-04 1.151400826736952024e-03
1.372237798062831901e-02 -2.007744898482027168e-04 1.151400826736952024e-03
1.372237798062831901e-02 -2.007744898482027168e-04 1.151400826736952024e-03
1.372237798062831901e-02 -2.007744898482027168e-04 1.151400826736952024e-03
1.372237798062831901e-02 -2.007744898482027168e-04 1.151400826736952024e-03
1.372237798062831901e-02 -2.007744898482027168e-04 1.151400826736952024e-03
1.372237798062831901e-02 -2.007744898482027168e-04 1.151400826736952024e-03
1.372237798062831901e-02 -2.007744898482027168e-04 1.151400826736952024e-03
1.372237798062831901e-02 -2.007744898482027168e-04 1.151400826736952024e-03
1.372237798062831901e-02 -2.007744898482027168e-04 1.151400826736952024e-03
1.372237798062831901e-02 -2.007744898482027168e-04 1.151400826736952024e-03
1.372237798062831901e-02 -2.007744898482027168e-04 1.151400826736952024e-03
1.372237798062831901e-02 -2.007744898482027168e-04 1.151400826736952024e-03
1.372237798062831901e-02 -2.007744898482027168e-04 1.151400826736952024e-03
1.372237798062831901e-02 -2.007744898482027168e-04 1.151400826736952024e-03
1.372237798062831901e-02 -2.007744898482027168e-04 1.151400826736952024e-03
-2.650447733215854917e-02 4.686071228116039933e-05 -6.740791475204886175e-03
-2.650447733215854917e-02 4.686071228116039933e-05 -6.740791475204886175e-03
-2.650447733215854917e-02 4.686071228116039933e-05 -6.740791475204886175e-03
-2.650447733215854917e-02 4.686071228116039933e-05 -6.740791475204886175e-03
-2.650447733215854917e-02 4.686071228116039933e-05 -6.740791475204886175e-03
-2.650447733215854917e-02 4.686071228116039933e-05 -6.740791475204886175e-03
-2.650447733215854917e-02 4.686071228116039933e-05 -6.740791475204886175e-03
-2.650447733215854917e-02 4.686071228116039933e-05 -6.740791475204886175e-03
-2.650447733215854917e-02 4.686071228116039933e-05 -6.740791475204886175e-03
-2.650447733215854917e-02 4.686071228116039933e-05 -6.740791475204886175e-03
-2.650447733215854917e-02 4.686071228116039933e-05 -6.740791475204886175e-03
-2.650447733215854917e-02 4.686071228116039933e-05 -6.740791475204886175e-03
-2.650447733215854917e-02 4.686071228116039933e-05 -6.740791475204886175e-03
-2.650447733215854917e-02 4.686071228116039933e-05 -6.740791475204886175e-03
-2.650447733215854917e-02 4.686071228116039933e-05 -6.740791475204886175e-03
-2.650447733215854917e-02 4.686071228116039933e-05 -6.740791475204886175e-03
-2.650447733215854917e-02 4.686071228116039933e-05 -6.740791475204886175e-03
1.783195624979266175e-02 -2.269253501938749834e-04 -3.262573395528141004e-03
1.783195624979266175e-02 -2.269253501938749834e-04 -3.262573395528141004e-03
1.783195624979266175e-02 -2.269253501938749834e-04 -3.262573395528141004e-03
1.783195624979266175e-02 -2.269253501938749834e-04 -3.262573395528141004e-03
1.783195624979266175e-02 -2.269253501938749834e-04 -3.262573395528141004e-03
1.783195624979266175e-02 -2.269253501938749834e-04 -3.262573395528141004e-03
1.783195624979266175e-02 -2.269253501938749834e-04 -3.262573395528141004e-03
1.783195624979266175e-02 -2.269253501938749834e-04 -3.262573395528141004e-03
1.783195624979266175e-02 -2.269253501938749834e-04 -3.262573395528141004e-03
1.783195624979266175e-02 -2.269253501938749834e-04 -3.262573395528141004e-03
1.783195624979266175e-02 -2.269253501938749834e-04 -3.262573395528141004e-03
1.783195624979266175e-02 -2.269253501938749834e-04 -3.262573395528141004e-03
1.783195624979266175e-02 -2.269253501938749834e-04 -3.262573395528141004e-03
1.783195624979266175e-02 -2.269253501938749834e-04 -3.262573395528141004e-03
1.783195624979266175e-02 -2.269253501938749834e-04 -3.262573395528141004e-03
1.783195624979266175e-02 -2.269253501938749834e-04 -3.262573395528141004e-03
1.783195624979266175e-02 -2.269253501938749834e-04 -3.262573395528141004e-03
-5.135173260966179910e-03 -5.588403159245691754e-05 -4.509043548791840869e-03
-5.135173260966179910e-03 -5.588403159245691754e-05 -4.509043548791840869e-03
-5.135173260966179910e-03 -5.588403159245691754e-05 -4.509043548791840869e-03
-5.135173260966179910e-03 -5.588403159245691754e-05 -4.509043548791840869e-03
-5.135173260966179910e-03 -5.588403159245691754e-05 -4.509043548791840869e-03
-5.135173260966179910e-03 -5.588403159245691754e-05 -4.509043548791840869e-03
-5.135173260966179910e-03 -5.588403159245691754e-05 -4.509043548791840869e-03
-5.135173260966179910e-03 -5.588403159245691754e-05 -4.509043548791840869e-03
-5.135173260966179910e-03 -5.588403159245691754e-05 -4.509043548791840869e-03
-5.135173260966179910e-03 -5.588403159245691754e-05 -4.509043548791840869e-03
-5.135173260966179910e-03 -5.588403159245691754e-05 -4.509043548791840869e-03
-5.135173260966179910e-03 -5.588403159245691754e-05 -4.509043548791840869e-03
-5.135173260966179910e-03 -5.588403159245691754e-05 -4.509043548791840869e-03
-5.135173260966179910e-03 -5.588403159245691754e-05 -4.509043548791840869e-03
-5.135173260966179910e-03 -5.588403159245691754e-05 -4.509043548791840869e-03
-5.135173260966179910e-03 -5.588403159245691754e-05 -4.509043548791840869e-03
-5.135173260966179910e-03 -5.588403159245691754e-05 -4.509043548791840869e-03
-1.502738558233484168e-03 -1.131337844731145764e-04 -8.528509970258987827e-03
-1.502738558233484168e-03 -1.131337844731145764e-04 -8.528509970258987827e-03
-1.502738558233484168e-03 -1.131337844731145764e-04 -8.528509970258987827e-03
-1.502738558233484168e-03 -1.131337844731145764e-04 -8.528509970258987827e-03
-1.502738558233484168e-03 -1.131337844731145764e-04 -8.528509970258987827e-03
-1.502738558233484168e-03 -1.131337844731145764e-04 -8.528509970258987827e-03
-1.502738558233484168e-03 -1.131337844731145764e-04 -8.528509970258987827e-03
-1.502738558233484168e-03 -1.131337844731145764e-04 -8.528509970258987827e-03
-1.502738558233484168e-03 -1.131337844731145764e-04 -8.528509970258987827e-03
-1.502738558233484168e-03 -1.131337844731145764e-04 -8.528509970258987827e-03
-1.502738558233484168e-03 -1.131337844731145764e-04 -8.528509970258987827e-03
-1.502738558233484168e-03 -1.131337844731145764e-04 -8.528509970258987827e-03
-1.502738558233484168e-03 -1.131337844731145764e-04 -8.528509970258987827e-03
-1.502738558233484168e-03 -1.131337844731145764e-04 -8.528509970258987827e-03
-1.502738558233484168e-03 -1.131337844731145764e-04 -8.528509970258987827e-03
-1.502738558233484168e-03 -1.131337844731145764e-04 -8.528509970258987827e-03
-1.502738558233484168e-03 -1.131337844731145764e-04 -8.528509970258987827e-03
-1.615733078839334813e-02 -2.153222249096260754e-05 -6.821535142527770934e-03
-1.615733078839334813e-02 -2.153222249096260754e-05 -6.821535142527770934e-03
-1.615733078839334813e-02 -2.153222249096260754e-05 -6.821535142527770934e-03
-1.615733078839334813e-02 -2.153222249096260754e-05 -6.821535142527770934e-03
-1.615733078839334813e-02 -2.153222249096260754e-05 -6.821535142527770934e-03
-1.615733078839334813e-02 -2.153222249096260754e-05 -6.821535142527770934e-03
-1.615733078839334813e-02 -2.153222249096260754e-05 -6.821535142527770934e-03
-1.615733078839334813e-02 -2.153222249096260754e-05 -6.821535142527770934e-03
-1.615733078839334813e-02 -2.153222249096260754e-05 -6.821535142527770934e-03
-1.615733078839334813e-02 -2.153222249096260754e-05 -6.821535142527770934e-03
-1.615733078839334813e-02 -2.153222249096260754e-05 -6.821535142527770934e-03
-1.615733078839334813e-02 -2.153222249096260754e-05 -6.821535142527770934e-03
-1.615733078839334813e-02 -2.153222249096260754e-05 -6.821535142527770934e-03
-1.615733078839334813e-02 -2.153222249096260754e-05 -6.821535142527770934e-03
-1.615733078839334813e-02 -2.153222249096260754e-05 -6.821535142527770934e-03
-1.615733078839334813e-02 -2.153222249096260754e-05 -6.821535142527770934e-03
-1.615733078839334813e-02 -2.153222249096260754e-05 -6.821535142527770934e-03
-1.137215227589790691e-02 -4.560426892660958409e-05 -5.812093451225353036e-03
-1.137215227589790691e-02 -4.560426892660958409e-05 -5.812093451225353036e-03
-1.137215227589790691e-02 -4.560426892660958409e-05 -5.812093451225353036e-03
-1.137215227589790691e-02 -4.560426892660958409e-05 -5.812093451225353036e-03
-1.137215227589790691e-02 -4.560426892660958409e-05 -5.812093451225353036e-03
-1.137215227589790691e-02 -4.560426892660958409e-05 -5.812093451225353036e-03
-1.137215227589790691e-02 -4.560426892660958409e-05 -5.812093451225353036e-03
-1.137215227589790691e-02 -4.560426892660958409e-05 -5.812093451225353036e-03
-1.137215227589790691e-02 -4.560426892660958409e-05 -5.812093451225353036e-03
-1.137215227589790691e-02 -4.560426892660958409e-05 -5.812093451225353036e-03
-1.137215227589790691e-02 -4.560426892660958409e-05 -5.812093451225353036e-03
-1.137215227589790691e-02 -4.560426892660958409e-05 -5.812093451225353036e-03
-1.137215227589790691e-02 -4.560426892660958409e-05 -5.812093451225353036e-03
-1.137215227589790691e-02 -4.560426892660958409e-05 -5.812093451225353036e-03
-1.137215227589790691e-02 -4.560426892660958409e-05 -5.812093451225353036e-03
-1.137215227589790691e-02 -4.560426892660958409e-05 -5.812093451225353036e-03
-1.137215227589790691e-02 -4.560426892660958409e-05 -5.812093451225353036e-03
-1.150472701239976282e-02 -4.899468489226281587e-05 -7.876132263648068319e-05
-1.150472701239976282e-02 -4.899468489226281587e-05 -7.876132263648068319e-05
-1.150472701239976282e-02 -4.899468489226281587e-05 -7.876132263648068319e-05
-1.150472701239976282e-02 -4.899468489226281587e-05 -7.876132263648068319e-05
-1.150472701239976282e-02 -4.899468489226281587e-05 -7.876132263648068319e-05
-1.150472701239976282e-02 -4.899468489226281587e-05 -7.876132263648068319e-05
-1.150472701239976282e-02 -4.899468489226281587e-05 -7.876132263648068319e-05
-1.150472701239976282e-02 -4.899468489226281587e-05 -7.876132263648068319e-05
-1.150472701239976282e-02 -4.899468489226281587e-05 -7.876132263648068319e-05
-1.150472701239976282e-02 -4.899468489226281587e-05 -7.876132263648068319e-05
-1.150472701239976282e-02 -4.899468489226281587e-05 -7.876132263648068319e-05
-1.150472701239976282e-02 -4.899468489226281587e-05 -7.876132263648068319e-05
-1.150472701239976282e-02 -4.899468489226281587e-05 -7.876132263648068319e-05
-1.150472701239976282e-02 -4.899468489226281587e-05 -7.876132263648068319e-05
-1.150472701239976282e-02 -4.899468489226281587e-05 -7.876132263648068319e-05
-1.150472701239976282e-02 -4.899468489226281587e-05 -7.876132263648068319e-05
-1.150472701239976282e-02 -4.899468489226281587e-05 -7.876132263648068319e-05
