-1.944816785835120146e-02 -5.442314064157895148e-02 -2.902831529000169872e-04
-1.944816785835120146e-02 -5.442314064157895148e-02 -2.902831529000169872e-04
-1.944816785835120146e-02 -5.442314064157895148e-02 -2.902831529000169872e-04
-1.944816785835120146e-02 -5.442314064157895148e-02 -2.902831529000169872e-04
-1.944816785835120146e-02 -5.442314064157895148e-02 -2.902831529000169872e-04
-1.944816785835120146e-02 -5.442314064157895148e-02 -2.902831529000169872e-04
-1.944816785835120146e-02 -5.442314064157895148e-02 -2.902831529000169872e-04
-1.944816785835120146e-02 -5.442314064157895148e-02 -2.902831529000169872e-04
-1.944816785835120146e-02 -5.442314064157895148e-02 -2.902831529000169872e-04
-1.944816785835120146e-02 -5.442314064157895148e-02 -2.902831529000169872e-04
-1.944816785835120146e-02 -5.442314064157895148e-02 -2.902831529000169872e-04
-1.944816785835120146e-02 -5.442314064157895148e-02 -2.902831529000169872e-04
-1.944816785835120146e-02 -5.442314064157895148e-02 -2.902831529000169872e-04
-1.904466602844980677e-02 -6.505701099454697101e-02 -5.446804495335610605e-04
-1.904466602844980677e-02 -6.505701099454697101e-02 -5.446804495335610605e-04
-1.904466602844980677e-02 -6.505701099454697101e-02 -5.446804495335610605e-04
-1.904466602844980677e-02 -6.505701099454697101e-02 -5.446804495335610605e-04
-1.904466602844980677e-02 -6.505701099454697101e-02 -5.446804495335610605e-04
-1.904466602844980677e-02 -6.505701099454697101e-02 -5.446804495335610605e-04
-1.904466602844980677e-02 -6.505701099454697101e-02 -5.446804495335610605e-04
-1.904466602844980677e-02 -6.505701099454697101e-02 -5.446804495335610605e-04
-1.904466602844980677e-02 -6.505701099454697101e-02 -5.446804495335610605e-04
-1.904466602844980677e-02 -6.505701099454697101e-02 -5.446804495335610605e-04
-1.904466602844980677e-02 -6.505701099454697101e-02 -5.446804495335610605e-04
-1.904466602844980677e-02 -6.505701099454697101e-02 -5.446804495335610605e-04
-1.904466602844980677e-02 -6.505701099454697101e-02 -5.446804495335610605e-04
-1.904466602844980677e-02 -6.505701099454697101e-02 -5.446804495335610605e-04
-1.677802389903494673e-02 -6.174523513669055719e-02 -2.511555696083746583e-04
-1.677802389903494673e-02 -6.174523513669055719e-02 -2.511555696083746583e-04
-1.677802389903494673e-02 -6.174523513669055719e-02 -2.511555696083746583e-04
-1.677802389903494673e-02 -6.174523513669055719e-02 -2.511555696083746583e-04
-1.677802389903494673e-02 -6.174523513669055719e-02 -2.511555696083746583e-04
-1.677802389903494673e-02 -6.174523513669055719e-02 -2.511555696083746583e-04
-1.677802389903494673e-02 -6.174523513669055719e-02 -2.511555696083746583e-04
-1.677802389903494673e-02 -6.174523513669055719e-02 -2.511555696083746583e-04
-1.677802389903494673e-02 -6.174523513669055719e-02 -2.511555696083746583e-04
-1.677802389903494673e-02 -6.174523513669055719e-02 -2.511555696083746583e-04
-1.677802389903494673e-02 -6.174523513669055719e-02 -2.511555696083746583e-04
-1.677802389903494673e-02 -6.174523513669055719e-02 -2.511555696083746583e-04
-1.677802389903494673e-02 -6.174523513669055719e-02 -2.511555696083746583e-04
-1.677802389903494673e-02 -6.174523513669055719e-02 -2.511555696083746583e-04
-1.677802389903494673e-02 -6.174523513669055719e-02 -2.511555696083746583e-04
-1.969967331481875181e-02 -4.433841526721817028e-02 1.811327673860597259e-03
-1.969967331481875181e-02 -4.433841526721817028e-02 1.811327673860597259e-03
-1.969967331481875181e-02 -4.433841526721817028e-02 1.811327673860597259e-03
-1.969967331481875181e-02 -4.433841526721817028e-02 1.811327673860597259e-03
-1.969967331481875181e-02 -4.433841526721817028e-02 1.811327673860597259e-03
-1.969967331481875181e-02 -4.433841526721817028e-02 1.811327673860597259e-03
-1.969967331481875181e-02 -4.433841526721817028e-02 1.811327673860597259e-03
-1.969967331481875181e-02 -4.433841526721817028e-02 1.811327673860597259e-03
-1.969967331481875181e-02 -4.433841526721817028e-02 1.811327673860597259e-03
-1.969967331481875181e-02 -4.433841526721817028e-02 1.811327673860597259e-03
-1.969967331481875181e-02 -4.433841526721817028e-02 1.811327673860597259e-03
-1.969967331481875181e-02 -4.433841526721817028e-02 1.811327673860597259e-03
-1.165860461514467775e-02 1.030288563192327880e-02 5.291269735185761582e-03
-1.165860461514467775e-02 1.030288563192327880e-02 5.291269735185761582e-03
-1.165860461514467775e-02 1.030288563192327880e-02 5.291269735185761582e-03
-1.165860461514467775e-02 1.030288563192327880e-02 5.291269735185761582e-03
-1.165860461514467775e-02 1.030288563192327880e-02 5.291269735185761582e-03
-1.165860461514467775e-02 1.030288563192327880e-02 5.291269735185761582e-03
-1.165860461514467775e-02 1.030288563192327880e-02 5.291269735185761582e-03
-1.165860461514467775e-02 1.030288563192327880e-02 5.291269735185761582e-03
-1.165860461514467775e-02 1.030288563192327880e-02 5.291269735185761582e-03
-1.165860461514467775e-02 1.030288563192327880e-02 5.291269735185761582e-03
-1.165860461514467775e-02 1.030288563192327880e-02 5.291269735185761582e-03
5.940434080699222297e-02 6.988468785565837837e-02 -9.266222671961598517e-03
5.940434080699222297e-02 6.988468785565837837e-02 -9.266222671961598517e-03
5.940434080699222297e-02 6.988468785565837837e-02 -9.266222671961598517e-03
5.940434080699222297e-02 6.988468785565837837e-02 -9.266222671961598517e-03
5.940434080699222297e-02 6.988468785565837837e-02 -9.266222671961598517e-03
5.940434080699222297e-02 6.988468785565837837e-02 -9.266222671961598517e-03
5.940434080699222297e-02 6.988468785565837837e-02 -9.266222671961598517e-03
5.940434080699222297e-02 6.988468785565837837e-02 -9.266222671961598517e-03
5.940434080699222297e-02 6.988468785565837837e-02 -9.266222671961598517e-03
5.940434080699222297e-02 6.988468785565837837e-02 -9.266222671961598517e-03
-1.464809450884910214e-02 8.349096191665052180e-03 1.527741121164027591e-03
-1.464809450884910214e-02 8.349096191665052180e-03 1.527741121164027591e-03
-1.464809450884910214e-02 8.349096191665052180e-03 1.527741121164027591e-03
-1.464809450884910214e-02 8.349096191665052180e-03 1.527741121164027591e-03
-1.464809450884910214e-02 8.349096191665052180e-03 1.527741121164027591e-03
-1.464809450884910214e-02 8.349096191665052180e-03 1.527741121164027591e-03
-1.464809450884910214e-02 8.349096191665052180e-03 1.527741121164027591e-03
-1.464809450884910214e-02 8.349096191665052180e-03 1.527741121164027591e-03
-1.464809450884910214e-02 8.349096191665052180e-03 1.527741121164027591e-03
-1.464809450884910214e-02 8.349096191665052180e-03 1.527741121164027591e-03
-1.464809450884910214e-02 8.349096191665052180e-03 1.527741121164027591e-03
-1.464809450884910214e-02 8.349096191665052180e-03 1.527741121164027591e-03
-1.464809450884910214e-02 8.349096191665052180e-03 1.527741121164027591e-03
-1.464809450884910214e-02 8.349096191665052180e-03 1.527741121164027591e-03
-1.464809450884910214e-02 8.349096191665052180e-03 1.527741121164027591e-03
-1.464809450884910214e-02 8.349096191665052180e-03 1.527741121164027591e-03
-6.545068434346841720e-03 1.977735946920246637e-02 3.317131580153589738e-03
-6.545068434346841720e-03 1.977735946920246637e-02 3.317131580153589738e-03
-6.545068434346841720e-03 1.977735946920246637e-02 3.317131580153589738e-03
-6.545068434346841720e-03 1.977735946920246637e-02 3.317131580153589738e-03
-6.545068434346841720e-03 1.977735946920246637e-02 3.317131580153589738e-03
-6.545068434346841720e-03 1.977735946920246637e-02 3.317131580153589738e-03
-6.545068434346841720e-03 1.977735946920246637e-02 3.317131580153589738e-03
-6.545068434346841720e-03 1.977735946920246637e-02 3.317131580153589738e-03
-6.545068434346841720e-03 1.977735946920246637e-02 3.317131580153589738e-03
-6.545068434346841720e-03 1.977735946920246637e-02 3.317131580153589738e-03
-6.545068434346841720e-03 1.977735946920246637e-02 3.317131580153589738e-03
-1.646218230466585039e-02 -6.996815837785218782e-03 3.948371266801796800e-04
-1.646218230466585039e-02 -6.996815837785218782e-03 3.948371266801796800e-04
-1.646218230466585039e-02 -6.996815837785218782e-03 3.948371266801796800e-04
-1.646218230466585039e-02 -6.996815837785218782e-03 3.948371266801796800e-04
-1.646218230466585039e-02 -6.996815837785218782e-03 3.948371266801796800e-04
-1.646218230466585039e-02 -6.996815837785218782e-03 3.948371266801796800e-04
-1.646218230466585039e-02 -6.996815837785218782e-03 3.948371266801796800e-04
-1.646218230466585039e-02 -6.996815837785218782e-03 3.948371266801796800e-04
-1.646218230466585039e-02 -6.996815837785218782e-03 3.948371266801796800e-04
-1.646218230466585039e-02 -6.996815837785218782e-03 3.948371266801796800e-04
-1.646218230466585039e-02 -6.996815837785218782e-03 3.948371266801796800e-04
-2.326057068116061180e-02 -5.280952243333174312e-02 -3.948853889592686406e-04
-2.326057068116061180e-02 -5.280952243333174312e-02 -3.948853889592686406e-04
-2.326057068116061180e-02 -5.280952243333174312e-02 -3.948853889592686406e-04
-2.326057068116061180e-02 -5.280952243333174312e-02 -3.948853889592686406e-04
-2.326057068116061180e-02 -5.280952243333174312e-02 -3.948853889592686406e-04
-2.326057068116061180e-02 -5.280952243333174312e-02 -3.948853889592686406e-04
-2.326057068116061180e-02 -5.280952243333174312e-02 -3.948853889592686406e-04
-2.326057068116061180e-02 -5.280952243333174312e-02 -3.948853889592686406e-04
-2.326057068116061180e-02 -5.280952243333174312e-02 -3.948853889592686406e-04
-2.326057068116061180e-02 -5.280952243333174312e-02 -3.948853889592686406e-04
-2.326057068116061180e-02 -5.280952243333174312e-02 -3.948853889592686406e-04
-2.326057068116061180e-02 -5.280952243333174312e-02 -3.948853889592686406e-04
-2.326057068116061180e-02 -5.280952243333174312e-02 -3.948853889592686406e-04
-2.326057068116061180e-02 -5.280952243333174312e-02 -3.948853889592686406e-04
-2.074895879021504408e-02 -3.798144280851348253e-02 -7.430779447246071111e-04
-2.074895879021504408e-02 -3.798144280851348253e-02 -7.430779447246071111e-04
-2.074895879021504408e-02 -3.798144280851348253e-02 -7.430779447246071111e-04
-2.074895879021504408e-02 -3.798144280851348253e-02 -7.430779447246071111e-04
-2.074895879021504408e-02 -3.798144280851348253e-02 -7.430779447246071111e-04
-2.074895879021504408e-02 -3.798144280851348253e-02 -7.430779447246071111e-04
-2.074895879021504408e-02 -3.798144280851348253e-02 -7.430779447246071111e-04
-2.074895879021504408e-02 -3.798144280851348253e-02 -7.430779447246071111e-04
-2.074895879021504408e-02 -3.798144280851348253e-02 -7.430779447246071111e-04
-2.074895879021504408e-02 -3.798144280851348253e-02 -7.430779447246071111e-04
-2.074895879021504408e-02 -3.798144280851348253e-02 -7.430779447246071111e-04
-2.074895879021504408e-02 -3.798144280851348253e-02 -7.430779447246071111e-04
-2.074895879021504408e-02 -3.798144280851348253e-02 -7.430779447246071111e-04
-2.074895879021504408e-02 -3.798144280851348253e-02 -7.430779447246071111e-04
-8.418431457105097354e-04 2.308016830364640476e-02 -1.853439698490553719e-03
-8.418431457105097354e-04 2.308016830364640476e-02 -1.853439698490553719e-03
-8.418431457105097354e-04 2.308016830364640476e-02 -1.853439698490553719e-03
-8.418431457105097354e-04 2.308016830364640476e-02 -1.853439698490553719e-03
-8.418431457105097354e-04 2.308016830364640476e-02 -1.853439698490553719e-03
-8.418431457105097354e-04 2.308016830364640476e-02 -1.853439698490553719e-03
-8.418431457105097354e-04 2.308016830364640476e-02 -1.853439698490553719e-03
-8.418431457105097354e-04 2.308016830364640476e-02 -1.853439698490553719e-03
-8.418431457105097354e-04 2.308016830364640476e-02 -1.853439698490553719e-03
-8.418431457105097354e-04 2.308016830364640476e-02 -1.853439698490553719e-03
-8.418431457105097354e-04 2.308016830364640476e-02 -1.853439698490553719e-03
-8.418431457105097354e-04 2.308016830364640476e-02 -1.853439698490553719e-03
-8.418431457105097354e-04 2.308016830364640476e-02 -1.853439698490553719e-03
-8.418431457105097354e-04 2.308016830364640476e-02 -1.853439698490553719e-03
-8.472900916609507269e-03 2.257067654753017183e-02 1.418361514035695881e-03
-8.472900916609507269e-03 2.257067654753017183e-02 1.418361514035695881e-03
-8.472900916609507269e-03 2.257067654753017183e-02 1.418361514035695881e-03
-8.472900916609507269e-03 2.257067654753017183e-02 1.418361514035695881e-03
-8.472900916609507269e-03 2.257067654753017183e-02 1.418361514035695881e-03
-8.472900916609507269e-03 2.257067654753017183e-02 1.418361514035695881e-03
-8.472900916609507269e-03 2.257067654753017183e-02 1.418361514035695881e-03
-8.472900916609507269e-03 2.257067654753017183e-02 1.418361514035695881e-03
-8.472900916609507269e-03 2.257067654753017183e-02 1.418361514035695881e-03
-8.472900916609507269e-03 2.257067654753017183e-02 1.418361514035695881e-03
-8.472900916609507269e-03 2.257067654753017183e-02 1.418361514035695881e-03
-8.472900916609507269e-03 2.257067654753017183e-02 1.418361514035695881e-03
-8.472900916609507269e-03 2.257067654753017183e-02 1.418361514035695881e-03
-8.472900916609507269e-03 2.257067654753017183e-02 1.418361514035695881e-03
2.542886662457475438e-02 5.931078509311014935e-02 -9.695238505948483750e-04
2.542886662457475438e-02 5.931078509311014935e-02 -9.695238505948483750e-04
2.542886662457475438e-02 5.931078509311014935e-02 -9.695238505948483750e-04
2.542886662457475438e-02 5.931078509311014935e-02 -9.695238505948483750e-04
2.542886662457475438e-02 5.931078509311014935e-02 -9.695238505948483750e-04
2.542886662457475438e-02 5.931078509311014935e-02 -9.695238505948483750e-04
2.542886662457475438e-02 5.931078509311014935e-02 -9.695238505948483750e-04
2.542886662457475438e-02 5.931078509311014935e-02 -9.695238505948483750e-04
2.542886662457475438e-02 5.931078509311014935e-02 -9.695238505948483750e-04
2.542886662457475438e-02 5.931078509311014935e-02 -9.695238505948483750e-04
2.542886662457475438e-02 5.931078509311014935e-02 -9.695238505948483750e-04
2.542886662457475438e-02 5.931078509311014935e-02 -9.695238505948483750e-04
2.542886662457475438e-02 5.931078509311014935e-02 -9.695238505948483750e-04
7.363071573446526921e-03 4.412281576253976323e-02 -7.517096886453774121e-04
7.363071573446526921e-03 4.412281576253976323e-02 -7.517096886453774121e-04
7.363071573446526921e-03 4.412281576253976323e-02 -7.517096886453774121e-04
7.363071573446526921e-03 4.412281576253976323e-02 -7.517096886453774121e-04
7.363071573446526921e-03 4.412281576253976323e-02 -7.517096886453774121e-04
7.363071573446526921e-03 4.412281576253976323e-02 -7.517096886453774121e-04
7.363071573446526921e-03 4.412281576253976323e-02 -7.517096886453774121e-04
7.363071573446526921e-03 4.412281576253976323e-02 -7.517096886453774121e-04
7.363071573446526921e-03 4.412281576253976323e-02 -7.517096886453774121e-04
7.363071573446526921e-03 4.412281576253976323e-02 -7.517096886453774121e-04
7.363071573446526921e-03 4.412281576253976323e-02 -7.517096886453774121e-04
7.363071573446526921e-03 4.412281576253976323e-02 -7.517096886453774121e-04
-1.082571496537018153e-03 3.077277196715802812e-02 1.936935982845626155e-03
-1.082571496537018153e-03 3.077277196715802812e-02 1.936935982845626155e-03
-1.082571496537018153e-03 3.077277196715802812e-02 1.936935982845626155e-03
-1.082571496537018153e-03 3.077277196715802812e-02 1.936935982845626155e-03
-1.082571496537018153e-03 3.077277196715802812e-02 1.936935982845626155e-03
-1.082571496537018153e-03 3.077277196715802812e-02 1.936935982845626155e-03
-1.082571496537018153e-03 3.077277196715802812e-02 1.936935982845626155e-03
-1.082571496537018153e-03 3.077277196715802812e-02 1.936935982845626155e-03
-1.082571496537018153e-03 3.077277196715802812e-02 1.936935982845626155e-03
-1.082571496537018153e-03 3.077277196715802812e-02 1.936935982845626155e-03
-1.082571496537018153e-03 3.077277196715802812e-02 1.936935982845626155e-03
