-1.461880531294536614e-03 -6.535070887455076902e-04 -2.760813522445473150e-03
-1.461880531294536614e-03 -6.535070887455076902e-04 -2.760813522445473150e-03
-1.461880531294536614e-03 -6.535070887455076902e-04 -2.760813522445473150e-03
-1.461880531294536614e-03 -6.535070887455076902e-04 -2.760813522445473150e-03
-1.461880531294536614e-03 -6.535070887455076902e-04 -2.760813522445473150e-03
-1.461880531294536614e-03 -6.535070887455076902e-04 -2.760813522445473150e-03
-1.461880531294536614e-03 -6.535070887455076902e-04 -2.760813522445473150e-03
-1.461880531294536614e-03 -6.535070887455076902e-04 -2.760813522445473150e-03
-1.461880531294536614e-03 -6.535070887455076902e-04 -2.760813522445473150e-03
-1.461880531294536614e-03 -6.535070887455076902e-04 -2.760813522445473150e-03
-1.461880531294536614e-03 -6.535070887455076902e-04 -2.760813522445473150e-03
-1.461880531294536614e-03 -6.535070887455076902e-04 -2.760813522445473150e-03
-1.461880531294536614e-03 -6.535070887455076902e-04 -2.760813522445473150e-03
-1.461880531294536614e-03 -6.535070887455076902e-04 -2.760813522445473150e-03
-1.461880531294536614e-03 -6.535070887455076902e-04 -2.760813522445473150e-03
-1.461880531294536614e-03 -6.535070887455076902e-04 -2.760813522445473150e-03
-1.461880531294536614e-03 -6.535070887455076902e-04 -2.760813522445473150e-03
-2.413094177220472415e-03 1.488492454589771755e-03 -2.950083074316600662e-03
-2.413094177220472415e-03 1.488492454589771755e-03 -2.950083074316600662e-03
-2.413094177220472415e-03 1.488492454589771755e-03 -2.950083074316600662e-03
-2.413094177220472415e-03 1.488492454589771755e-03 -2.950083074316600662e-03
-2.413094177220472415e-03 1.488492454589771755e-03 -2.950083074316600662e-03
-2.413094177220472415e-03 1.488492454589771755e-03 -2.950083074316600662e-03
-2.413094177220472415e-03 1.488492454589771755e-03 -2.950083074316600662e-03
-2.413094177220472415e-03 1.488492454589771755e-03 -2.950083074316600662e-03
-2.413094177220472415e-03 1.488492454589771755e-03 -2.950083074316600662e-03
-2.413094177220472415e-03 1.488492454589771755e-03 -2.950083074316600662e-03
-2.413094177220472415e-03 1.488492454589771755e-03 -2.950083074316600662e-03
-2.413094177220472415e-03 1.488492454589771755e-03 -2.950083074316600662e-03
-2.413094177220472415e-03 1.488492454589771755e-03 -2.950083074316600662e-03
-2.413094177220472415e-03 1.488492454589771755e-03 -2.950083074316600662e-03
-2.413094177220472415e-03 1.488492454589771755e-03 -2.950083074316600662e-03
-2.413094177220472415e-03 1.488492454589771755e-03 -2.950083074316600662e-03
-2.413094177220472415e-03 1.488492454589771755e-03 -2.950083074316600662e-03
-3.919806212665695455e-04 -6.119657099160590030e-05 -4.016253255861295703e-03
-3.919806212665695455e-04 -6.119657099160590030e-05 -4.016253255861295703e-03
-3.919806212665695455e-04 -6.119657099160590030e-05 -4.016253255861295703e-03
-3.919806212665695455e-04 -6.119657099160590030e-05 -4.016253255861295703e-03
-3.919806212665695455e-04 -6.119657099160590030e-05 -4.016253255861295703e-03
-3.919806212665695455e-04 -6.119657099160590030e-05 -4.016253255861295703e-03
-3.919806212665695455e-04 -6.119657099160590030e-05 -4.016253255861295703e-03
-3.919806212665695455e-04 -6.119657099160590030e-05 -4.016253255861295703e-03
-3.919806212665695455e-04 -6.119657099160590030e-05 -4.016253255861295703e-03
-3.919806212665695455e-04 -6.119657099160590030e-05 -4.016253255861295703e-03
-3.919806212665695455e-04 -6.119657099160590030e-05 -4.016253255861295703e-03
-3.919806212665695455e-04 -6.119657099160590030e-05 -4.016253255861295703e-03
-3.919806212665695455e-04 -6.119657099160590030e-05 -4.016253255861295703e-03
-3.919806212665695455e-04 -6.119657099160590030e-05 -4.016253255861295703e-03
-3.919806212665695455e-04 -6.119657099160590030e-05 -4.016253255861295703e-03
-3.919806212665695455e-04 -6.119657099160590030e-05 -4.016253255861295703e-03
-3.919806212665695455e-04 -6.119657099160590030e-05 -4.016253255861295703e-03
-1.961953564155995144e-03 2.737365859948864139e-04 -1.101056086494111089e-02
-1.961953564155995144e-03 2.737365859948864139e-04 -1.101056086494111089e-02
-1.961953564155995144e-03 2.737365859948864139e-04 -1.101056086494111089e-02
-1.961953564155995144e-03 2.737365859948864139e-04 -1.101056086494111089e-02
-1.961953564155995144e-03 2.737365859948864139e-04 -1.101056086494111089e-02
-1.961953564155995144e-03 2.737365859948864139e-04 -1.101056086494111089e-02
-1.961953564155995144e-03 2.737365859948864139e-04 -1.101056086494111089e-02
-1.961953564155995144e-03 2.737365859948864139e-04 -1.101056086494111089e-02
-1.961953564155995144e-03 2.737365859948864139e-04 -1.101056086494111089e-02
-1.961953564155995144e-03 2.737365859948864139e-04 -1.101056086494111089e-02
-1.961953564155995144e-03 2.737365859948864139e-04 -1.101056086494111089e-02
-1.961953564155995144e-03 2.737365859948864139e-04 -1.101056086494111089e-02
-1.961953564155995144e-03 2.737365859948864139e-04 -1.101056086494111089e-02
-1.961953564155995144e-03 2.737365859948864139e-04 -1.101056086494111089e-02
-1.961953564155995144e-03 2.737365859948864139e-04 -1.101056086494111089e-02
-1.961953564155995144e-03 2.737365859948864139e-04 -1.101056086494111089e-02
-1.961953564155995144e-03 2.737365859948864139e-04 -1.101056086494111089e-02
-2.733649992709072385e-03 4.940972161194385169e-04 -4.799229146908414595e-03
-2.733649992709072385e-03 4.940972161194385169e-04 -4.799229146908414595e-03
-2.733649992709072385e-03 4.940972161194385169e-04 -4.799229146908414595e-03
-2.733649992709072385e-03 4.940972161194385169e-04 -4.799229146908414595e-03
-2.733649992709072385e-03 4.940972161194385169e-04 -4.799229146908414595e-03
-2.733649992709072385e-03 4.940972161194385169e-04 -4.799229146908414595e-03
-2.733649992709072385e-03 4.940972161194385169e-04 -4.799229146908414595e-03
-2.733649992709072385e-03 4.940972161194385169e-04 -4.799229146908414595e-03
-2.733649992709072385e-03 4.940972161194385169e-04 -4.799229146908414595e-03
-2.733649992709072385e-03 4.940972161194385169e-04 -4.799229146908414595e-03
-2.733649992709072385e-03 4.940972161194385169e-04 -4.799229146908414595e-03
-2.733649992709072385e-03 4.940972161194385169e-04 -4.799229146908414595e-03
-2.733649992709072385e-03 4.940972161194385169e-04 -4.799229146908414595e-03
-2.733649992709072385e-03 4.940972161194385169e-04 -4.799229146908414595e-03
-2.733649992709072385e-03 4.940972161194385169e-04 -4.799229146908414595e-03
-2.733649992709072385e-03 4.940972161194385169e-04 -4.799229146908414595e-03
-2.733649992709072385e-03 4.940972161194385169e-04 -4.799229146908414595e-03
-6.836717914011362224e-03 2.560172229037257358e-04 -2.021542072537822407e-03
-6.836717914011362224e-03 2.560172229037257358e-04 -2.021542072537822407e-03
-6.836717914011362224e-03 2.560172229037257358e-04 -2.021542072537822407e-03
-6.836717914011362224e-03 2.560172229037257358e-04 -2.021542072537822407e-03
-6.836717914011362224e-03 2.560172229037257358e-04 -2.021542072537822407e-03
-6.836717914011362224e-03 2.560172229037257358e-04 -2.021542072537822407e-03
-6.836717914011362224e-03 2.560172229037257358e-04 -2.021542072537822407e-03
-6.836717914011362224e-03 2.560172229037257358e-04 -2.021542072537822407e-03
-6.836717914011362224e-03 2.560172229037257358e-04 -2.021542072537822407e-03
-6.836717914011362224e-03 2.560172229037257358e-04 -2.021542072537822407e-03
-6.836717914011362224e-03 2.560172229037257358e-04 -2.021542072537822407e-03
-6.836717914011362224e-03 2.560172229037257358e-04 -2.021542072537822407e-03
-6.836717914011362224e-03 2.560172229037257358e-04 -2.021542072537822407e-03
-6.836717914011362224e-03 2.560172229037257358e-04 -2.021542072537822407e-03
-6.836717914011362224e-03 2.560172229037257358e-04 -2.021542072537822407e-03
-6.836717914011362224e-03 2.560172229037257358e-04 -2.021542072537822407e-03
-6.836717914011362224e-03 2.560172229037257358e-04 -2.021542072537822407e-03
-2.652593168984314353e-04 -4.823769140125510474e-04 -6.141941333657609942e-03
-2.652593168984314353e-04 -4.823769140125510474e-04 -6.141941333657609942e-03
-2.652593168984314353e-04 -4.823769140125510474e-04 -6.141941333657609942e-03
-2.652593168984314353e-04 -4.823769140125510474e-04 -6.141941333657609942e-03
-2.652593168984314353e-04 -4.823769140125510474e-04 -6.141941333657609942e-03
-2.652593168984314353e-04 -4.823769140125510474e-04 -6.141941333657609942e-03
-2.652593168984314353e-04 -4.823769140125510474e-04 -6.141941333657609942e-03
-2.652593168984314353e-04 -4.823769140125510474e-04 -6.141941333657609942e-03
-2.652593168984314353e-04 -4.823769140125510474e-04 -6.141941333657609942e-03
-2.652593168984314353e-04 -4.823769140125510474e-04 -6.141941333657609942e-03
-2.652593168984314353e-04 -4.823769140125510474e-04 -6.141941333657609942e-03
-2.652593168984314353e-04 -4.823769140125510474e-04 -6.141941333657609942e-03
-2.652593168984314353e-04 -4.823769140125510474e-04 -6.141941333657609942e-03
-2.652593168984314353e-04 -4.823769140125510474e-04 -6.141941333657609942e-03
-2.652593168984314353e-04 -4.823769140125510474e-04 -6.141941333657609942e-03
-2.652593168984314353e-04 -4.823769140125510474e-04 -6.141941333657609942e-03
-2.652593168984314353e-04 -4.823769140125510474e-04 -6.141941333657609942e-03
-2.466686141535572377e-04 6.427041453703624674e-04 -4.615301229363053329e-03
-2.466686141535572377e-04 6.427041453703624674e-04 -4.615301229363053329e-03
-2.466686141535572377e-04 6.427041453703624674e-04 -4.615301229363053329e-03
-2.466686141535572377e-04 6.427041453703624674e-04 -4.615301229363053329e-03
-2.466686141535572377e-04 6.427041453703624674e-04 -4.615301229363053329e-03
-2.466686141535572377e-04 6.427041453703624674e-04 -4.615301229363053329e-03
-2.466686141535572377e-04 6.427041453703624674e-04 -4.615301229363053329e-03
-2.466686141535572377e-04 6.427041453703624674e-04 -4.615301229363053329e-03
-2.466686141535572377e-04 6.427041453703624674e-04 -4.615301229363053329e-03
-2.466686141535572377e-04 6.427041453703624674e-04 -4.615301229363053329e-03
-2.466686141535572377e-04 6.427041453703624674e-04 -4.615301229363053329e-03
-2.466686141535572377e-04 6.427041453703624674e-04 -4.615301229363053329e-03
-2.466686141535572377e-04 6.427041453703624674e-04 -4.615301229363053329e-03
-2.466686141535572377e-04 6.427041453703624674e-04 -4.615301229363053329e-03
-2.466686141535572377e-04 6.427041453703624674e-04 -4.615301229363053329e-03
-2.466686141535572377e-04 6.427041453703624674e-04 -4.615301229363053329e-03
-2.466686141535572377e-04 6.427041453703624674e-04 -4.615301229363053329e-03
2.540845134446459083e-03 1.689691498511440571e-03 -3.040848516346903244e-03
2.540845134446459083e-03 1.689691498511440571e-03 -3.040848516346903244e-03
2.540845134446459083e-03 1.689691498511440571e-03 -3.040848516346903244e-03
2.540845134446459083e-03 1.689691498511440571e-03 -3.040848516346903244e-03
2.540845134446459083e-03 1.689691498511440571e-03 -3.040848516346903244e-03
2.540845134446459083e-03 1.689691498511440571e-03 -3.040848516346903244e-03
2.540845134446459083e-03 1.689691498511440571e-03 -3.040848516346903244e-03
2.540845134446459083e-03 1.689691498511440571e-03 -3.040848516346903244e-03
2.540845134446459083e-03 1.689691498511440571e-03 -3.040848516346903244e-03
2.540845134446459083e-03 1.689691498511440571e-03 -3.040848516346903244e-03
2.540845134446459083e-03 1.689691498511440571e-03 -3.040848516346903244e-03
2.540845134446459083e-03 1.689691498511440571e-03 -3.040848516346903244e-03
2.540845134446459083e-03 1.689691498511440571e-03 -3.040848516346903244e-03
2.540845134446459083e-03 1.689691498511440571e-03 -3.040848516346903244e-03
2.540845134446459083e-03 1.689691498511440571e-03 -3.040848516346903244e-03
2.540845134446459083e-03 1.689691498511440571e-03 -3.040848516346903244e-03
2.540845134446459083e-03 1.689691498511440571e-03 -3.040848516346903244e-03
-1.415740114093134647e-03 8.606303683596806808e-04 -3.909060090892573641e-03
-1.415740114093134647e-03 8.606303683596806808e-04 -3.909060090892573641e-03
-1.415740114093134647e-03 8.606303683596806808e-04 -3.909060090892573641e-03
-1.415740114093134647e-03 8.606303683596806808e-04 -3.909060090892573641e-03
-1.415740114093134647e-03 8.606303683596806808e-04 -3.909060090892573641e-03
-1.415740114093134647e-03 8.606303683596806808e-04 -3.909060090892573641e-03
-1.415740114093134647e-03 8.606303683596806808e-04 -3.909060090892573641e-03
-1.415740114093134647e-03 8.606303683596806808e-04 -3.909060090892573641e-03
-1.415740114093134647e-03 8.606303683596806808e-04 -3.909060090892573641e-03
-1.415740114093134647e-03 8.606303683596806808e-04 -3.909060090892573641e-03
-1.415740114093134647e-03 8.606303683596806808e-04 -3.909060090892573641e-03
-1.415740114093134647e-03 8.606303683596806808e-04 -3.909060090892573641e-03
-1.415740114093134647e-03 8.606303683596806808e-04 -3.909060090892573641e-03
-1.415740114093134647e-03 8.606303683596806808e-04 -3.909060090892573641e-03
-1.415740114093134647e-03 8.606303683596806808e-04 -3.909060090892573641e-03
-1.415740114093134647e-03 8.606303683596806808e-04 -3.909060090892573641e-03
-1.415740114093134647e-03 8.606303683596806808e-04 -3.909060090892573641e-03
-3.507604754588757034e-04 1.172059227171513840e-04 -3.643951559426727473e-03
-3.507604754588757034e-04 1.172059227171513840e-04 -3.643951559426727473e-03
-3.507604754588757034e-04 1.172059227171513840e-04 -3.643951559426727473e-03
-3.507604754588757034e-04 1.172059227171513840e-04 -3.643951559426727473e-03
-3.507604754588757034e-04 1.172059227171513840e-04 -3.643951559426727473e-03
-3.507604754588757034e-04 1.172059227171513840e-04 -3.643951559426727473e-03
-3.507604754588757034e-04 1.172059227171513840e-04 -3.643951559426727473e-03
-3.507604754588757034e-04 1.172059227171513840e-04 -3.643951559426727473e-03
-3.507604754588757034e-04 1.172059227171513840e-04 -3.643951559426727473e-03
-3.507604754588757034e-04 1.172059227171513840e-04 -3.643951559426727473e-03
-3.507604754588757034e-04 1.172059227171513840e-04 -3.643951559426727473e-03
-3.507604754588757034e-04 1.172059227171513840e-04 -3.643951559426727473e-03
-3.507604754588757034e-04 1.172059227171513840e-04 -3.643951559426727473e-03
-3.507604754588757034e-04 1.172059227171513840e-04 -3.643951559426727473e-03
-3.507604754588757034e-04 1.172059227171513840e-04 -3.643951559426727473e-03
-3.507604754588757034e-04 1.172059227171513840e-04 -3.643951559426727473e-03
-3.507604754588757034e-04 1.172059227171513840e-04 -3.643951559426727473e-03
-1.292938200968562525e-03 7.474322102841782223e-04 -3.356385414461751301e-03
-1.292938200968562525e-03 7.474322102841782223e-04 -3.356385414461751301e-03
-1.292938200968562525e-03 7.474322102841782223e-04 -3.356385414461751301e-03
-1.292938200968562525e-03 7.474322102841782223e-04 -3.356385414461751301e-03
-1.292938200968562525e-03 7.474322102841782223e-04 -3.356385414461751301e-03
-1.292938200968562525e-03 7.474322102841782223e-04 -3.356385414461751301e-03
-1.292938200968562525e-03 7.474322102841782223e-04 -3.356385414461751301e-03
-1.292938200968562525e-03 7.474322102841782223e-04 -3.356385414461751301e-03
-1.292938200968562525e-03 7.474322102841782223e-04 -3.356385414461751301e-03
-1.292938200968562525e-03 7.474322102841782223e-04 -3.356385414461751301e-03
-1.292938200968562525e-03 7.474322102841782223e-04 -3.356385414461751301e-03
-1.292938200968562525e-03 7.474322102841782223e-04 -3.356385414461751301e-03
-1.292938200968562525e-03 7.474322102841782223e-04 -3.356385414461751301e-03
-1.292938200968562525e-03 7.474322102841782223e-04 -3.356385414461751301e-03
-1.292938200968562525e-03 7.474322102841782223e-04 -3.356385414461751301e-03
-1.292938200968562525e-03 7.474322102841782223e-04 -3.356385414461751301e-03
-1.292938200968562525e-03 7.474322102841782223e-04 -3.356385414461751301e-03
-1.276631236118467520e-03 1.088013003191428546e-03 -5.028089262595937525e-03
-1.276631236118467520e-03 1.088013003191428546e-03 -5.028089262595937525e-03
-1.276631236118467520e-03 1.088013003191428546e-03 -5.028089262595937525e-03
-1.276631236118467520e-03 1.088013003191428546e-03 -5.028089262595937525e-03
-1.276631236118467520e-03 1.088013003191428546e-03 -5.028089262595937525e-03
-1.276631236118467520e-03 1.088013003191428546e-03 -5.028089262595937525e-03
-1.276631236118467520e-03 1.088013003191428546e-03 -5.028089262595937525e-03
-1.276631236118467520e-03 1.088013003191428546e-03 -5.028089262595937525e-03
-1.276631236118467520e-03 1.088013003191428546e-03 -5.028089262595937525e-03
-1.276631236118467520e-03 1.088013003191428546e-03 -5.028089262595937525e-03
-1.276631236118467520e-03 1.088013003191428546e-03 -5.028089262595937525e-03
-1.276631236118467520e-03 1.088013003191428546e-03 -5.028089262595937525e-03
-1.276631236118467520e-03 1.088013003191428546e-03 -5.028089262595937525e-03
-1.276631236118467520e-03 1.088013003191428546e-03 -5.028089262595937525e-03
-1.276631236118467520e-03 1.088013003191428546e-03 -5.028089262595937525e-03
-1.276631236118467520e-03 1.088013003191428546e-03 -5.028089262595937525e-03
-1.276631236118467520e-03 1.088013003191428546e-03 -5.028089262595937525e-03
