5.375732717291309415e-02 3.580169133018031719e-02 -1.502804369084635369e-02
-1.091179211879678146e-03 -2.710486094951435748e-02 -3.183831343446357539e-03
-1.091179211879678146e-03 -2.710486094951435748e-02 -3.183831343446357539e-03
-1.091179211879678146e-03 -2.710486094951435748e-02 -3.183831343446357539e-03
-1.091179211879678146e-03 -2.710486094951435748e-02 -3.183831343446357539e-03
-1.091179211879678146e-03 -2.710486094951435748e-02 -3.183831343446357539e-03
-1.685671206309885539e-02 -2.798182688206240359e-02 -3.709748386424465468e-03
-4.751196015372366466e-02 -2.968704033195778552e-02 -4.732366650384350545e-03
-1.609387031598095985e-03 -2.113867901115421694e-02 7.968016917940301536e-03
-1.609387031598095985e-03 -2.113867901115421694e-02 7.968016917940301536e-03
-1.609387031598095985e-03 -2.113867901115421694e-02 7.968016917940301536e-03
-1.609387031598095985e-03 -2.113867901115421694e-02 7.968016917940301536e-03
-1.609387031598095985e-03 -2.113867901115421694e-02 7.968016917940301536e-03
-1.609387031598095985e-03 -2.113867901115421694e-02 7.968016917940301536e-03
-1.609387031598095985e-03 -2.113867901115421694e-02 7.968016917940301536e-03
-1.609387031598095985e-03 -2.113867901115421694e-02 7.968016917940301536e-03
-1.609387031598095985e-03 -2.113867901115421694e-02 7.968016917940301536e-03
-1.983270793607060795e-03 -1.422880591637310302e-02 -7.611479703251249757e-03
-1.983270793607060795e-03 -1.422880591637310302e-02 -7.611479703251249757e-03
-1.983270793607060795e-03 -1.422880591637310302e-02 -7.611479703251249757e-03
-1.983270793607060795e-03 -1.422880591637310302e-02 -7.611479703251249757e-03
-1.983270793607060795e-03 -1.422880591637310302e-02 -7.611479703251249757e-03
-1.983270793607060795e-03 -1.422880591637310302e-02 -7.611479703251249757e-03
-1.983270793607060795e-03 -1.422880591637310302e-02 -7.611479703251249757e-03
-1.983270793607060795e-03 -1.422880591637310302e-02 -7.611479703251249757e-03
-1.757673993652087915e-02 -1.521473193353828704e-02 -8.346230583179719414e-03
-1.757673993652087915e-02 -1.521473193353828704e-02 -8.346230583179719414e-03
-1.757673993652087915e-02 -1.521473193353828704e-02 -8.346230583179719414e-03
-4.807482361738903143e-02 -1.714303066766676223e-02 -9.783274819988734688e-03
-4.807482361738903143e-02 -1.714303066766676223e-02 -9.783274819988734688e-03
-4.807482361738903143e-02 -1.714303066766676223e-02 -9.783274819988734688e-03
4.845069112415774371e-02 2.644341337626657587e-02 -2.807961515799853314e-02
-2.548469192601622579e-02 -1.718274965351222414e-02 -8.367153575232603308e-03
-2.548469192601622579e-02 -1.718274965351222414e-02 -8.367153575232603308e-03
-2.548469192601622579e-02 -1.718274965351222414e-02 -8.367153575232603308e-03
-2.548469192601622579e-02 -1.718274965351222414e-02 -8.367153575232603308e-03
1.446590129207971781e-02 -4.040479668102205796e-02 -2.869934105856225028e-03
1.446590129207971781e-02 -4.040479668102205796e-02 -2.869934105856225028e-03
1.446590129207971781e-02 -4.040479668102205796e-02 -2.869934105856225028e-03
-5.996332022120109961e-02 4.272895294411008238e-02 -2.696129772597461588e-02
-5.996332022120109961e-02 4.272895294411008238e-02 -2.696129772597461588e-02
-5.996332022120109961e-02 4.272895294411008238e-02 -2.696129772597461588e-02
-5.996332022120109961e-02 4.272895294411008238e-02 -2.696129772597461588e-02
6.132705052183880234e-02 -5.768497339747753055e-02 -1.420098691744564080e-02
6.132705052183880234e-02 -5.768497339747753055e-02 -1.420098691744564080e-02
-5.752218543707676018e-02 1.090410357022210744e-02 -2.104259488868666372e-02
-5.752218543707676018e-02 1.090410357022210744e-02 -2.104259488868666372e-02
-5.752218543707676018e-02 1.090410357022210744e-02 -2.104259488868666372e-02
4.365685509041861145e-02 -9.631716189158159858e-03 -1.431030982746546790e-02
4.365685509041861145e-02 -9.631716189158159858e-03 -1.431030982746546790e-02
4.365685509041861145e-02 -9.631716189158159858e-03 -1.431030982746546790e-02
4.365685509041861145e-02 -9.631716189158159858e-03 -1.431030982746546790e-02
1.315608174995496968e-02 -1.075493731461187041e-02 -1.310777866854136511e-02
1.315608174995496968e-02 -1.075493731461187041e-02 -1.310777866854136511e-02
1.315608174995496968e-02 -1.075493731461187041e-02 -1.310777866854136511e-02
1.315608174995496968e-02 -1.075493731461187041e-02 -1.310777866854136511e-02
-2.339538917979448046e-03 -1.132557821385284103e-02 -1.249684409810965582e-02
-2.339538917979448046e-03 -1.132557821385284103e-02 -1.249684409810965582e-02
-2.339538917979448046e-03 -1.132557821385284103e-02 -1.249684409810965582e-02
-2.339538917979448046e-03 -1.132557821385284103e-02 -1.249684409810965582e-02
-2.339538917979448046e-03 -1.132557821385284103e-02 -1.249684409810965582e-02
-2.339538917979448046e-03 -1.132557821385284103e-02 -1.249684409810965582e-02
5.576892057621594956e-02 3.564605470791417513e-02 -1.482956048834898830e-02
5.576892057621594956e-02 3.564605470791417513e-02 -1.482956048834898830e-02
-1.810643154578323033e-03 -1.646504451883638170e-02 -9.676482098099705581e-03
-1.810643154578323033e-03 -1.646504451883638170e-02 -9.676482098099705581e-03
-1.810643154578323033e-03 -1.646504451883638170e-02 -9.676482098099705581e-03
-1.810643154578323033e-03 -1.646504451883638170e-02 -9.676482098099705581e-03
-1.810643154578323033e-03 -1.646504451883638170e-02 -9.676482098099705581e-03
-1.810643154578323033e-03 -1.646504451883638170e-02 -9.676482098099705581e-03
-1.810643154578323033e-03 -1.646504451883638170e-02 -9.676482098099705581e-03
-1.737087153215896573e-02 -1.755684282062256601e-02 -1.050533590644311607e-02
-1.737087153215896573e-02 -1.755684282062256601e-02 -1.050533590644311607e-02
-1.737087153215896573e-02 -1.755684282062256601e-02 -1.050533590644311607e-02
-4.778394781370651212e-02 -1.969080505324209002e-02 -1.212536314308356941e-02
-4.778394781370651212e-02 -1.969080505324209002e-02 -1.212536314308356941e-02
-4.778394781370651212e-02 -1.969080505324209002e-02 -1.212536314308356941e-02
1.802726409259294837e-02 1.768266885195494686e-01 -2.744109485810755644e-02
1.802726409259294837e-02 1.768266885195494686e-01 -2.744109485810755644e-02
1.802726409259294837e-02 1.768266885195494686e-01 -2.744109485810755644e-02
1.802726409259294837e-02 1.768266885195494686e-01 -2.744109485810755644e-02
1.802726409259294837e-02 1.768266885195494686e-01 -2.744109485810755644e-02
1.802726409259294837e-02 1.768266885195494686e-01 -2.744109485810755644e-02
1.802726409259294837e-02 1.768266885195494686e-01 -2.744109485810755644e-02
1.802726409259294837e-02 1.768266885195494686e-01 -2.744109485810755644e-02
1.802726409259294837e-02 1.768266885195494686e-01 -2.744109485810755644e-02
1.802726409259294837e-02 1.768266885195494686e-01 -2.744109485810755644e-02
1.802726409259294837e-02 1.768266885195494686e-01 -2.744109485810755644e-02
1.802726409259294837e-02 1.768266885195494686e-01 -2.744109485810755644e-02
1.802726409259294837e-02 1.768266885195494686e-01 -2.744109485810755644e-02
1.802726409259294837e-02 1.768266885195494686e-01 -2.744109485810755644e-02
1.802726409259294837e-02 1.768266885195494686e-01 -2.744109485810755644e-02
-5.619708995068201096e-02 2.461057572584282593e-02 -1.497192760629536407e-02
-5.619708995068201096e-02 2.461057572584282593e-02 -1.497192760629536407e-02
-5.619708995068201096e-02 2.461057572584282593e-02 -1.497192760629536407e-02
-1.212276860806514589e-03 -2.618026215401683676e-02 1.570907764628919935e-03
-1.212276860806514589e-03 -2.618026215401683676e-02 1.570907764628919935e-03
-1.212276860806514589e-03 -2.618026215401683676e-02 1.570907764628919935e-03
-1.212276860806514589e-03 -2.618026215401683676e-02 1.570907764628919935e-03
-1.212276860806514589e-03 -2.618026215401683676e-02 1.570907764628919935e-03
-1.212276860806514589e-03 -2.618026215401683676e-02 1.570907764628919935e-03
-1.212276860806514589e-03 -2.618026215401683676e-02 1.570907764628919935e-03
-1.212276860806514589e-03 -2.618026215401683676e-02 1.570907764628919935e-03
1.600830004208937674e-02 -1.431230386864662182e-02 -1.411766427785859229e-02
1.600830004208937674e-02 -1.431230386864662182e-02 -1.411766427785859229e-02
1.600830004208937674e-02 -1.431230386864662182e-02 -1.411766427785859229e-02
1.600830004208937674e-02 -1.431230386864662182e-02 -1.411766427785859229e-02
5.376109586882872604e-02 -4.308566067569481739e-02 -2.331557878630624581e-02
5.376109586882872604e-02 -4.308566067569481739e-02 -2.331557878630624581e-02
5.376109586882872604e-02 -4.308566067569481739e-02 -2.331557878630624581e-02
5.376109586882872604e-02 -4.308566067569481739e-02 -2.331557878630624581e-02
5.376109586882872604e-02 -4.308566067569481739e-02 -2.331557878630624581e-02
-4.900831122487228630e-02 -8.413222049286097487e-03 -2.869558658449602485e-03
-4.900831122487228630e-02 -8.413222049286097487e-03 -2.869558658449602485e-03
-4.900831122487228630e-02 -8.413222049286097487e-03 -2.869558658449602485e-03
-4.900831122487228630e-02 -8.413222049286097487e-03 -2.869558658449602485e-03
1.191673359917330872e-02 -1.461389407677345792e-02 -1.598305067870322421e-02
1.191673359917330872e-02 -1.461389407677345792e-02 -1.598305067870322421e-02
1.191673359917330872e-02 -1.461389407677345792e-02 -1.598305067870322421e-02
1.191673359917330872e-02 -1.461389407677345792e-02 -1.598305067870322421e-02
1.342622833552209460e-02 -8.978422865219657864e-03 -2.913162371763797220e-03
1.342622833552209460e-02 -8.978422865219657864e-03 -2.913162371763797220e-03
1.342622833552209460e-02 -8.978422865219657864e-03 -2.913162371763797220e-03
-1.372278408050844195e-03 -2.384268468050086687e-02 1.721487593038802371e-03
-1.372278408050844195e-03 -2.384268468050086687e-02 1.721487593038802371e-03
-1.372278408050844195e-03 -2.384268468050086687e-02 1.721487593038802371e-03
-1.372278408050844195e-03 -2.384268468050086687e-02 1.721487593038802371e-03
-1.372278408050844195e-03 -2.384268468050086687e-02 1.721487593038802371e-03
-1.372278408050844195e-03 -2.384268468050086687e-02 1.721487593038802371e-03
-1.372278408050844195e-03 -2.384268468050086687e-02 1.721487593038802371e-03
1.420646865979137939e-02 -2.543276034019710530e-02 -1.622975808400620168e-02
1.420646865979137939e-02 -2.543276034019710530e-02 -1.622975808400620168e-02
-1.248782899823755801e-03 -2.649452767990352620e-02 -1.627923925239552205e-02
-1.248782899823755801e-03 -2.649452767990352620e-02 -1.627923925239552205e-02
-1.248782899823755801e-03 -2.649452767990352620e-02 -1.627923925239552205e-02
-1.248782899823755801e-03 -2.649452767990352620e-02 -1.627923925239552205e-02
-1.248782899823755801e-03 -2.649452767990352620e-02 -1.627923925239552205e-02
-1.248782899823755801e-03 -2.649452767990352620e-02 -1.627923925239552205e-02
-1.248782899823755801e-03 -2.649452767990352620e-02 -1.627923925239552205e-02
4.918390073624469283e-02 2.730774243487915295e-02 -3.255118797438445732e-02
4.918390073624469283e-02 2.730774243487915295e-02 -3.255118797438445732e-02
4.918390073624469283e-02 2.730774243487915295e-02 -3.255118797438445732e-02
4.918390073624469283e-02 2.730774243487915295e-02 -3.255118797438445732e-02
4.918390073624469283e-02 2.730774243487915295e-02 -3.255118797438445732e-02
4.918390073624469283e-02 2.730774243487915295e-02 -3.255118797438445732e-02
-3.401321382983325294e-03 4.372447115551387695e-03 -1.677998801283753227e-02
-3.401321382983325294e-03 4.372447115551387695e-03 -1.677998801283753227e-02
-3.401321382983325294e-03 4.372447115551387695e-03 -1.677998801283753227e-02
-3.401321382983325294e-03 4.372447115551387695e-03 -1.677998801283753227e-02
-3.401321382983325294e-03 4.372447115551387695e-03 -1.677998801283753227e-02
5.593310082370846203e-02 -7.347584322384156930e-02 -2.905633278400251984e-02
5.593310082370846203e-02 -7.347584322384156930e-02 -2.905633278400251984e-02
5.593310082370846203e-02 -7.347584322384156930e-02 -2.905633278400251984e-02
5.593310082370846203e-02 -7.347584322384156930e-02 -2.905633278400251984e-02
5.593310082370846203e-02 -7.347584322384156930e-02 -2.905633278400251984e-02
5.593310082370846203e-02 -7.347584322384156930e-02 -2.905633278400251984e-02
5.593310082370846203e-02 -7.347584322384156930e-02 -2.905633278400251984e-02
-3.082078319036503367e-02 -1.756535804735372477e-02 -1.130320849962306896e-02
-3.082078319036503367e-02 -1.756535804735372477e-02 -1.130320849962306896e-02
4.459618122785818928e-02 -2.278356792499763167e-02 -1.564054417076819054e-02
4.459618122785818928e-02 -2.278356792499763167e-02 -1.564054417076819054e-02
-2.235025957357444568e-02 -1.695987195860941543e-02 -5.621657016485986577e-03
1.633349308648653075e-02 1.769683257244534236e-01 -3.103711062224041167e-02
1.633349308648653075e-02 1.769683257244534236e-01 -3.103711062224041167e-02
1.633349308648653075e-02 1.769683257244534236e-01 -3.103711062224041167e-02
1.633349308648653075e-02 1.769683257244534236e-01 -3.103711062224041167e-02
1.633349308648653075e-02 1.769683257244534236e-01 -3.103711062224041167e-02
1.633349308648653075e-02 1.769683257244534236e-01 -3.103711062224041167e-02
1.633349308648653075e-02 1.769683257244534236e-01 -3.103711062224041167e-02
1.633349308648653075e-02 1.769683257244534236e-01 -3.103711062224041167e-02
1.633349308648653075e-02 1.769683257244534236e-01 -3.103711062224041167e-02
1.633349308648653075e-02 1.769683257244534236e-01 -3.103711062224041167e-02
1.633349308648653075e-02 1.769683257244534236e-01 -3.103711062224041167e-02
1.633349308648653075e-02 1.769683257244534236e-01 -3.103711062224041167e-02
1.633349308648653075e-02 1.769683257244534236e-01 -3.103711062224041167e-02
6.144634184134292743e-02 -6.027547848395342633e-02 -1.430018594421034878e-02
6.144634184134292743e-02 -6.027547848395342633e-02 -1.430018594421034878e-02
-1.916222213894457765e-02 3.003107467476748282e-02 -3.012502337988606088e-03
-1.916222213894457765e-02 3.003107467476748282e-02 -3.012502337988606088e-03
-1.916222213894457765e-02 3.003107467476748282e-02 -3.012502337988606088e-03
-9.713401474509032740e-03 -1.903763913491863732e-02 7.105981676172514611e-05
-3.202363166855078103e-02 6.107383522723758285e-02 -1.183363876163654599e-02
-3.202363166855078103e-02 6.107383522723758285e-02 -1.183363876163654599e-02
-5.968564715017490169e-02 3.939918130649931738e-02 -3.074362117579877013e-02
-5.968564715017490169e-02 3.939918130649931738e-02 -3.074362117579877013e-02
-5.968564715017490169e-02 3.939918130649931738e-02 -3.074362117579877013e-02
-5.968564715017490169e-02 3.939918130649931738e-02 -3.074362117579877013e-02
-5.968564715017490169e-02 3.939918130649931738e-02 -3.074362117579877013e-02
-5.968564715017490169e-02 3.939918130649931738e-02 -3.074362117579877013e-02
-5.968564715017490169e-02 3.939918130649931738e-02 -3.074362117579877013e-02
-2.570171840167521926e-03 -5.902062655020827962e-03 -6.325803020590783921e-03
-2.570171840167521926e-03 -5.902062655020827962e-03 -6.325803020590783921e-03
-2.570171840167521926e-03 -5.902062655020827962e-03 -6.325803020590783921e-03
-2.570171840167521926e-03 -5.902062655020827962e-03 -6.325803020590783921e-03
-2.570171840167521926e-03 -5.902062655020827962e-03 -6.325803020590783921e-03
-2.570171840167521926e-03 -5.902062655020827962e-03 -6.325803020590783921e-03
-1.816949900207567165e-02 -7.261903510023231222e-03 -7.061190692329646912e-03
-1.816949900207567165e-02 -7.261903510023231222e-03 -7.061190692329646912e-03
-4.866315145013380000e-02 -9.920128174651737796e-03 -8.498729927087070313e-03
-4.866315145013380000e-02 -9.920128174651737796e-03 -8.498729927087070313e-03
4.797977199354184347e-02 4.532779477566745152e-02 -3.010807219112643721e-02
4.797977199354184347e-02 4.532779477566745152e-02 -3.010807219112643721e-02
4.797977199354184347e-02 4.532779477566745152e-02 -3.010807219112643721e-02
4.797977199354184347e-02 4.532779477566745152e-02 -3.010807219112643721e-02
4.797977199354184347e-02 4.532779477566745152e-02 -3.010807219112643721e-02
-1.246913873766980485e-02 1.074624724341284310e-01 1.921605996873198066e-02
-1.246913873766980485e-02 1.074624724341284310e-01 1.921605996873198066e-02
-1.246913873766980485e-02 1.074624724341284310e-01 1.921605996873198066e-02
-1.246913873766980485e-02 1.074624724341284310e-01 1.921605996873198066e-02
-1.246913873766980485e-02 1.074624724341284310e-01 1.921605996873198066e-02
-1.246913873766980485e-02 1.074624724341284310e-01 1.921605996873198066e-02
-1.246913873766980485e-02 1.074624724341284310e-01 1.921605996873198066e-02
-1.246913873766980485e-02 1.074624724341284310e-01 1.921605996873198066e-02
-1.246913873766980485e-02 1.074624724341284310e-01 1.921605996873198066e-02
-1.246913873766980485e-02 1.074624724341284310e-01 1.921605996873198066e-02
-3.307202628789491367e-03 3.706100541774160623e-03 9.905885625402342451e-03
-3.307202628789491367e-03 3.706100541774160623e-03 9.905885625402342451e-03
-3.307202628789491367e-03 3.706100541774160623e-03 9.905885625402342451e-03
-3.307202628789491367e-03 3.706100541774160623e-03 9.905885625402342451e-03
-3.307202628789491367e-03 3.706100541774160623e-03 9.905885625402342451e-03
-3.307202628789491367e-03 3.706100541774160623e-03 9.905885625402342451e-03
-3.307202628789491367e-03 3.706100541774160623e-03 9.905885625402342451e-03
5.282894727016889530e-02 3.649402764162400226e-02 -1.500799389097181788e-02
-7.540265379105458819e-03 1.428765495190067181e-01 2.043815503968959141e-02
-7.540265379105458819e-03 1.428765495190067181e-01 2.043815503968959141e-02
-7.540265379105458819e-03 1.428765495190067181e-01 2.043815503968959141e-02
-7.540265379105458819e-03 1.428765495190067181e-01 2.043815503968959141e-02
-7.540265379105458819e-03 1.428765495190067181e-01 2.043815503968959141e-02
-7.540265379105458819e-03 1.428765495190067181e-01 2.043815503968959141e-02
-7.540265379105458819e-03 1.428765495190067181e-01 2.043815503968959141e-02
-7.540265379105458819e-03 1.428765495190067181e-01 2.043815503968959141e-02
-7.540265379105458819e-03 1.428765495190067181e-01 2.043815503968959141e-02
-7.540265379105458819e-03 1.428765495190067181e-01 2.043815503968959141e-02
-7.540265379105458819e-03 1.428765495190067181e-01 2.043815503968959141e-02
2.569020210995085537e-03 -9.984782907016785669e-02 -1.582444492667813007e-02
2.569020210995085537e-03 -9.984782907016785669e-02 -1.582444492667813007e-02
2.569020210995085537e-03 -9.984782907016785669e-02 -1.582444492667813007e-02
2.569020210995085537e-03 -9.984782907016785669e-02 -1.582444492667813007e-02
2.569020210995085537e-03 -9.984782907016785669e-02 -1.582444492667813007e-02
