5.827377597063188724e-03 -1.433331947527038096e-03 -1.267469118584164424e-03
5.827377597063188724e-03 -1.433331947527038096e-03 -1.267469118584164424e-03
5.827377597063188724e-03 -1.433331947527038096e-03 -1.267469118584164424e-03
5.827377597063188724e-03 -1.433331947527038096e-03 -1.267469118584164424e-03
5.827377597063188724e-03 -1.433331947527038096e-03 -1.267469118584164424e-03
5.827377597063188724e-03 -1.433331947527038096e-03 -1.267469118584164424e-03
5.827377597063188724e-03 -1.433331947527038096e-03 -1.267469118584164424e-03
5.827377597063188724e-03 -1.433331947527038096e-03 -1.267469118584164424e-03
5.827377597063188724e-03 -1.433331947527038096e-03 -1.267469118584164424e-03
5.827377597063188724e-03 -1.433331947527038096e-03 -1.267469118584164424e-03
5.827377597063188724e-03 -1.433331947527038096e-03 -1.267469118584164424e-03
5.827377597063188724e-03 -1.433331947527038096e-03 -1.267469118584164424e-03
5.827377597063188724e-03 -1.433331947527038096e-03 -1.267469118584164424e-03
5.827377597063188724e-03 -1.433331947527038096e-03 -1.267469118584164424e-03
5.827377597063188724e-03 -1.433331947527038096e-03 -1.267469118584164424e-03
5.827377597063188724e-03 -1.433331947527038096e-03 -1.267469118584164424e-03
5.827377597063188724e-03 -1.433331947527038096e-03 -1.267469118584164424e-03
-1.194173587920214228e-03 -1.304308394127545387e-04 -3.783167225790005006e-04
-1.194173587920214228e-03 -1.304308394127545387e-04 -3.783167225790005006e-04
-1.194173587920214228e-03 -1.304308394127545387e-04 -3.783167225790005006e-04
-1.194173587920214228e-03 -1.304308394127545387e-04 -3.783167225790005006e-04
-1.194173587920214228e-03 -1.304308394127545387e-04 -3.783167225790005006e-04
-1.194173587920214228e-03 -1.304308394127545387e-04 -3.783167225790005006e-04
-1.194173587920214228e-03 -1.304308394127545387e-04 -3.783167225790005006e-04
-1.194173587920214228e-03 -1.304308394127545387e-04 -3.783167225790005006e-04
-1.194173587920214228e-03 -1.304308394127545387e-04 -3.783167225790005006e-04
-1.194173587920214228e-03 -1.304308394127545387e-04 -3.783167225790005006e-04
-1.194173587920214228e-03 -1.304308394127545387e-04 -3.783167225790005006e-04
-1.194173587920214228e-03 -1.304308394127545387e-04 -3.783167225790005006e-04
-1.194173587920214228e-03 -1.304308394127545387e-04 -3.783167225790005006e-04
-1.194173587920214228e-03 -1.304308394127545387e-04 -3.783167225790005006e-04
-1.194173587920214228e-03 -1.304308394127545387e-04 -3.783167225790005006e-04
-1.194173587920214228e-03 -1.304308394127545387e-04 -3.783167225790005006e-04
-1.194173587920214228e-03 -1.304308394127545387e-04 -3.783167225790005006e-04
3.035994886388939870e-04 2.910384360443349881e-03 -9.986391677478949520e-04
3.035994886388939870e-04 2.910384360443349881e-03 -9.986391677478949520e-04
3.035994886388939870e-04 2.910384360443349881e-03 -9.986391677478949520e-04
3.035994886388939870e-04 2.910384360443349881e-03 -9.986391677478949520e-04
3.035994886388939870e-04 2.910384360443349881e-03 -9.986391677478949520e-04
3.035994886388939870e-04 2.910384360443349881e-03 -9.986391677478949520e-04
3.035994886388939870e-04 2.910384360443349881e-03 -9.986391677478949520e-04
3.035994886388939870e-04 2.910384360443349881e-03 -9.986391677478949520e-04
3.035994886388939870e-04 2.910384360443349881e-03 -9.986391677478949520e-04
3.035994886388939870e-04 2.910384360443349881e-03 -9.986391677478949520e-04
3.035994886388939870e-04 2.910384360443349881e-03 -9.986391677478949520e-04
3.035994886388939870e-04 2.910384360443349881e-03 -9.986391677478949520e-04
3.035994886388939870e-04 2.910384360443349881e-03 -9.986391677478949520e-04
3.035994886388939870e-04 2.910384360443349881e-03 -9.986391677478949520e-04
3.035994886388939870e-04 2.910384360443349881e-03 -9.986391677478949520e-04
3.035994886388939870e-04 2.910384360443349881e-03 -9.986391677478949520e-04
3.035994886388939870e-04 2.910384360443349881e-03 -9.986391677478949520e-04
-9.194636197277930925e-04 3.364364528556308860e-03 -1.246723724855090809e-03
-9.194636197277930925e-04 3.364364528556308860e-03 -1.246723724855090809e-03
-9.194636197277930925e-04 3.364364528556308860e-03 -1.246723724855090809e-03
-9.194636197277930925e-04 3.364364528556308860e-03 -1.246723724855090809e-03
-9.194636197277930925e-04 3.364364528556308860e-03 -1.246723724855090809e-03
-9.194636197277930925e-04 3.364364528556308860e-03 -1.246723724855090809e-03
-9.194636197277930925e-04 3.364364528556308860e-03 -1.246723724855090809e-03
-9.194636197277930925e-04 3.364364528556308860e-03 -1.246723724855090809e-03
-9.194636197277930925e-04 3.364364528556308860e-03 -1.246723724855090809e-03
-9.194636197277930925e-04 3.364364528556308860e-03 -1.246723724855090809e-03
-9.194636197277930925e-04 3.364364528556308860e-03 -1.246723724855090809e-03
-9.194636197277930925e-04 3.364364528556308860e-03 -1.246723724855090809e-03
-9.194636197277930925e-04 3.364364528556308860e-03 -1.246723724855090809e-03
-9.194636197277930925e-04 3.364364528556308860e-03 -1.246723724855090809e-03
-9.194636197277930925e-04 3.364364528556308860e-03 -1.246723724855090809e-03
-9.194636197277930925e-04 3.364364528556308860e-03 -1.246723724855090809e-03
-9.194636197277930925e-04 3.364364528556308860e-03 -1.246723724855090809e-03
-1.302166347819577394e-04 -5.729841083253363679e-03 2.418126829840058258e-03
-1.302166347819577394e-04 -5.729841083253363679e-03 2.418126829840058258e-03
-1.302166347819577394e-04 -5.729841083253363679e-03 2.418126829840058258e-03
-1.302166347819577394e-04 -5.729841083253363679e-03 2.418126829840058258e-03
-1.302166347819577394e-04 -5.729841083253363679e-03 2.418126829840058258e-03
-1.302166347819577394e-04 -5.729841083253363679e-03 2.418126829840058258e-03
-1.302166347819577394e-04 -5.729841083253363679e-03 2.418126829840058258e-03
-1.302166347819577394e-04 -5.729841083253363679e-03 2.418126829840058258e-03
-1.302166347819577394e-04 -5.729841083253363679e-03 2.418126829840058258e-03
-1.302166347819577394e-04 -5.729841083253363679e-03 2.418126829840058258e-03
-1.302166347819577394e-04 -5.729841083253363679e-03 2.418126829840058258e-03
-1.302166347819577394e-04 -5.729841083253363679e-03 2.418126829840058258e-03
-1.302166347819577394e-04 -5.729841083253363679e-03 2.418126829840058258e-03
-1.302166347819577394e-04 -5.729841083253363679e-03 2.418126829840058258e-03
-1.302166347819577394e-04 -5.729841083253363679e-03 2.418126829840058258e-03
-1.302166347819577394e-04 -5.729841083253363679e-03 2.418126829840058258e-03
-1.302166347819577394e-04 -5.729841083253363679e-03 2.418126829840058258e-03
5.302137622850439796e-05 -7.012333271588630425e-04 -3.870001638242259474e-03
5.302137622850439796e-05 -7.012333271588630425e-04 -3.870001638242259474e-03
5.302137622850439796e-05 -7.012333271588630425e-04 -3.870001638242259474e-03
5.302137622850439796e-05 -7.012333271588630425e-04 -3.870001638242259474e-03
5.302137622850439796e-05 -7.012333271588630425e-04 -3.870001638242259474e-03
5.302137622850439796e-05 -7.012333271588630425e-04 -3.870001638242259474e-03
5.302137622850439796e-05 -7.012333271588630425e-04 -3.870001638242259474e-03
5.302137622850439796e-05 -7.012333271588630425e-04 -3.870001638242259474e-03
5.302137622850439796e-05 -7.012333271588630425e-04 -3.870001638242259474e-03
5.302137622850439796e-05 -7.012333271588630425e-04 -3.870001638242259474e-03
5.302137622850439796e-05 -7.012333271588630425e-04 -3.870001638242259474e-03
5.302137622850439796e-05 -7.012333271588630425e-04 -3.870001638242259474e-03
5.302137622850439796e-05 -7.012333271588630425e-04 -3.870001638242259474e-03
5.302137622850439796e-05 -7.012333271588630425e-04 -3.870001638242259474e-03
5.302137622850439796e-05 -7.012333271588630425e-04 -3.870001638242259474e-03
5.302137622850439796e-05 -7.012333271588630425e-04 -3.870001638242259474e-03
5.302137622850439796e-05 -7.012333271588630425e-04 -3.870001638242259474e-03
6.004176555739117876e-05 1.959958041334499985e-03 -5.905270346182726372e-03
6.004176555739117876e-05 1.959958041334499985e-03 -5.905270346182726372e-03
6.004176555739117876e-05 1.959958041334499985e-03 -5.905270346182726372e-03
6.004176555739117876e-05 1.959958041334499985e-03 -5.905270346182726372e-03
6.004176555739117876e-05 1.959958041334499985e-03 -5.905270346182726372e-03
6.004176555739117876e-05 1.959958041334499985e-03 -5.905270346182726372e-03
6.004176555739117876e-05 1.959958041334499985e-03 -5.905270346182726372e-03
6.004176555739117876e-05 1.959958041334499985e-03 -5.905270346182726372e-03
6.004176555739117876e-05 1.959958041334499985e-03 -5.905270346182726372e-03
6.004176555739117876e-05 1.959958041334499985e-03 -5.905270346182726372e-03
6.004176555739117876e-05 1.959958041334499985e-03 -5.905270346182726372e-03
6.004176555739117876e-05 1.959958041334499985e-03 -5.905270346182726372e-03
6.004176555739117876e-05 1.959958041334499985e-03 -5.905270346182726372e-03
6.004176555739117876e-05 1.959958041334499985e-03 -5.905270346182726372e-03
6.004176555739117876e-05 1.959958041334499985e-03 -5.905270346182726372e-03
6.004176555739117876e-05 1.959958041334499985e-03 -5.905270346182726372e-03
6.004176555739117876e-05 1.959958041334499985e-03 -5.905270346182726372e-03
5.026389640843719267e-03 -3.374396459907667498e-03 -1.229330986944512927e-03
5.026389640843719267e-03 -3.374396459907667498e-03 -1.229330986944512927e-03
5.026389640843719267e-03 -3.374396459907667498e-03 -1.229330986944512927e-03
5.026389640843719267e-03 -3.374396459907667498e-03 -1.229330986944512927e-03
5.026389640843719267e-03 -3.374396459907667498e-03 -1.229330986944512927e-03
5.026389640843719267e-03 -3.374396459907667498e-03 -1.229330986944512927e-03
5.026389640843719267e-03 -3.374396459907667498e-03 -1.229330986944512927e-03
5.026389640843719267e-03 -3.374396459907667498e-03 -1.229330986944512927e-03
5.026389640843719267e-03 -3.374396459907667498e-03 -1.229330986944512927e-03
5.026389640843719267e-03 -3.374396459907667498e-03 -1.229330986944512927e-03
5.026389640843719267e-03 -3.374396459907667498e-03 -1.229330986944512927e-03
5.026389640843719267e-03 -3.374396459907667498e-03 -1.229330986944512927e-03
5.026389640843719267e-03 -3.374396459907667498e-03 -1.229330986944512927e-03
5.026389640843719267e-03 -3.374396459907667498e-03 -1.229330986944512927e-03
5.026389640843719267e-03 -3.374396459907667498e-03 -1.229330986944512927e-03
5.026389640843719267e-03 -3.374396459907667498e-03 -1.229330986944512927e-03
5.026389640843719267e-03 -3.374396459907667498e-03 -1.229330986944512927e-03
5.770635199639755769e-05 -2.064552459648559546e-03 -2.890803688906052379e-03
5.770635199639755769e-05 -2.064552459648559546e-03 -2.890803688906052379e-03
5.770635199639755769e-05 -2.064552459648559546e-03 -2.890803688906052379e-03
5.770635199639755769e-05 -2.064552459648559546e-03 -2.890803688906052379e-03
5.770635199639755769e-05 -2.064552459648559546e-03 -2.890803688906052379e-03
5.770635199639755769e-05 -2.064552459648559546e-03 -2.890803688906052379e-03
5.770635199639755769e-05 -2.064552459648559546e-03 -2.890803688906052379e-03
5.770635199639755769e-05 -2.064552459648559546e-03 -2.890803688906052379e-03
5.770635199639755769e-05 -2.064552459648559546e-03 -2.890803688906052379e-03
5.770635199639755769e-05 -2.064552459648559546e-03 -2.890803688906052379e-03
5.770635199639755769e-05 -2.064552459648559546e-03 -2.890803688906052379e-03
5.770635199639755769e-05 -2.064552459648559546e-03 -2.890803688906052379e-03
5.770635199639755769e-05 -2.064552459648559546e-03 -2.890803688906052379e-03
5.770635199639755769e-05 -2.064552459648559546e-03 -2.890803688906052379e-03
5.770635199639755769e-05 -2.064552459648559546e-03 -2.890803688906052379e-03
5.770635199639755769e-05 -2.064552459648559546e-03 -2.890803688906052379e-03
5.770635199639755769e-05 -2.064552459648559546e-03 -2.890803688906052379e-03
-3.007586504205665527e-03 -2.102789210122633576e-04 -3.714480469031944398e-03
-3.007586504205665527e-03 -2.102789210122633576e-04 -3.714480469031944398e-03
-3.007586504205665527e-03 -2.102789210122633576e-04 -3.714480469031944398e-03
-3.007586504205665527e-03 -2.102789210122633576e-04 -3.714480469031944398e-03
-3.007586504205665527e-03 -2.102789210122633576e-04 -3.714480469031944398e-03
-3.007586504205665527e-03 -2.102789210122633576e-04 -3.714480469031944398e-03
-3.007586504205665527e-03 -2.102789210122633576e-04 -3.714480469031944398e-03
-3.007586504205665527e-03 -2.102789210122633576e-04 -3.714480469031944398e-03
-3.007586504205665527e-03 -2.102789210122633576e-04 -3.714480469031944398e-03
-3.007586504205665527e-03 -2.102789210122633576e-04 -3.714480469031944398e-03
-3.007586504205665527e-03 -2.102789210122633576e-04 -3.714480469031944398e-03
-3.007586504205665527e-03 -2.102789210122633576e-04 -3.714480469031944398e-03
-3.007586504205665527e-03 -2.102789210122633576e-04 -3.714480469031944398e-03
-3.007586504205665527e-03 -2.102789210122633576e-04 -3.714480469031944398e-03
-3.007586504205665527e-03 -2.102789210122633576e-04 -3.714480469031944398e-03
-3.007586504205665527e-03 -2.102789210122633576e-04 -3.714480469031944398e-03
-3.007586504205665527e-03 -2.102789210122633576e-04 -3.714480469031944398e-03
4.765227321839062696e-03 -4.860776339743709540e-04 -2.745406051656904163e-03
4.765227321839062696e-03 -4.860776339743709540e-04 -2.745406051656904163e-03
4.765227321839062696e-03 -4.860776339743709540e-04 -2.745406051656904163e-03
4.765227321839062696e-03 -4.860776339743709540e-04 -2.745406051656904163e-03
4.765227321839062696e-03 -4.860776339743709540e-04 -2.745406051656904163e-03
4.765227321839062696e-03 -4.860776339743709540e-04 -2.745406051656904163e-03
4.765227321839062696e-03 -4.860776339743709540e-04 -2.745406051656904163e-03
4.765227321839062696e-03 -4.860776339743709540e-04 -2.745406051656904163e-03
4.765227321839062696e-03 -4.860776339743709540e-04 -2.745406051656904163e-03
4.765227321839062696e-03 -4.860776339743709540e-04 -2.745406051656904163e-03
4.765227321839062696e-03 -4.860776339743709540e-04 -2.745406051656904163e-03
4.765227321839062696e-03 -4.860776339743709540e-04 -2.745406051656904163e-03
4.765227321839062696e-03 -4.860776339743709540e-04 -2.745406051656904163e-03
4.765227321839062696e-03 -4.860776339743709540e-04 -2.745406051656904163e-03
4.765227321839062696e-03 -4.860776339743709540e-04 -2.745406051656904163e-03
4.765227321839062696e-03 -4.860776339743709540e-04 -2.745406051656904163e-03
4.765227321839062696e-03 -4.860776339743709540e-04 -2.745406051656904163e-03
3.895963968285265019e-04 4.856453817538427739e-03 2.516129285984124164e-03
3.895963968285265019e-04 4.856453817538427739e-03 2.516129285984124164e-03
3.895963968285265019e-04 4.856453817538427739e-03 2.516129285984124164e-03
3.895963968285265019e-04 4.856453817538427739e-03 2.516129285984124164e-03
3.895963968285265019e-04 4.856453817538427739e-03 2.516129285984124164e-03
3.895963968285265019e-04 4.856453817538427739e-03 2.516129285984124164e-03
3.895963968285265019e-04 4.856453817538427739e-03 2.516129285984124164e-03
3.895963968285265019e-04 4.856453817538427739e-03 2.516129285984124164e-03
3.895963968285265019e-04 4.856453817538427739e-03 2.516129285984124164e-03
3.895963968285265019e-04 4.856453817538427739e-03 2.516129285984124164e-03
3.895963968285265019e-04 4.856453817538427739e-03 2.516129285984124164e-03
3.895963968285265019e-04 4.856453817538427739e-03 2.516129285984124164e-03
3.895963968285265019e-04 4.856453817538427739e-03 2.516129285984124164e-03
3.895963968285265019e-04 4.856453817538427739e-03 2.516129285984124164e-03
3.895963968285265019e-04 4.856453817538427739e-03 2.516129285984124164e-03
3.895963968285265019e-04 4.856453817538427739e-03 2.516129285984124164e-03
3.895963968285265019e-04 4.856453817538427739e-03 2.516129285984124164e-03
