-1.567507474046464858e-02 2.830040070712577793e-02 2.421363129607748133e-02
-1.567507474046464858e-02 2.830040070712577793e-02 2.421363129607748133e-02
-2.496797227576972450e-02 -1.997787523878741950e-02 2.011558478723852322e-02
-2.496797227576972450e-02 -1.997787523878741950e-02 2.011558478723852322e-02
3.442151273717768134e-02 8.688010131898170688e-04 3.511463929156788399e-02
3.442151273717768134e-02 8.688010131898170688e-04 3.511463929156788399e-02
3.442151273717768134e-02 8.688010131898170688e-04 3.511463929156788399e-02
3.442151273717768134e-02 8.688010131898170688e-04 3.511463929156788399e-02
2.115687885020345674e-02 2.425802202800576499e-02 2.703122420241996920e-02
2.115687885020345674e-02 2.425802202800576499e-02 2.703122420241996920e-02
-3.211434137648531278e-02 -8.799884334578651464e-04 8.393425657411291568e-03
-1.361437238636572372e-03 -7.539394918542434432e-04 -4.548094815899976842e-03
-1.361437238636572372e-03 -7.539394918542434432e-04 -4.548094815899976842e-03
-1.361437238636572372e-03 -7.539394918542434432e-04 -4.548094815899976842e-03
-1.361437238636572372e-03 -7.539394918542434432e-04 -4.548094815899976842e-03
-1.361437238636572372e-03 -7.539394918542434432e-04 -4.548094815899976842e-03
-1.361437238636572372e-03 -7.539394918542434432e-04 -4.548094815899976842e-03
-1.361437238636572372e-03 -7.539394918542434432e-04 -4.548094815899976842e-03
-1.361437238636572372e-03 -7.539394918542434432e-04 -4.548094815899976842e-03
-1.361437238636572372e-03 -7.539394918542434432e-04 -4.548094815899976842e-03
-1.361437238636572372e-03 -7.539394918542434432e-04 -4.548094815899976842e-03
-1.361437238636572372e-03 -7.539394918542434432e-04 -4.548094815899976842e-03
-1.361437238636572372e-03 -7.539394918542434432e-04 -4.548094815899976842e-03
-1.361437238636572372e-03 -7.539394918542434432e-04 -4.548094815899976842e-03
-1.361437238636572372e-03 -7.539394918542434432e-04 -4.548094815899976842e-03
-3.332619999120002563e-02 -9.389494571493489650e-03 3.539951889381409700e-02
-3.332619999120002563e-02 -9.389494571493489650e-03 3.539951889381409700e-02
-3.332619999120002563e-02 -9.389494571493489650e-03 3.539951889381409700e-02
-3.332619999120002563e-02 -9.389494571493489650e-03 3.539951889381409700e-02
-1.102227395504272456e-03 1.524170470615990661e-03 -1.028492957221894752e-02
-1.102227395504272456e-03 1.524170470615990661e-03 -1.028492957221894752e-02
-1.102227395504272456e-03 1.524170470615990661e-03 -1.028492957221894752e-02
-1.102227395504272456e-03 1.524170470615990661e-03 -1.028492957221894752e-02
-1.102227395504272456e-03 1.524170470615990661e-03 -1.028492957221894752e-02
-1.102227395504272456e-03 1.524170470615990661e-03 -1.028492957221894752e-02
-1.102227395504272456e-03 1.524170470615990661e-03 -1.028492957221894752e-02
-1.102227395504272456e-03 1.524170470615990661e-03 -1.028492957221894752e-02
-1.102227395504272456e-03 1.524170470615990661e-03 -1.028492957221894752e-02
-1.102227395504272456e-03 1.524170470615990661e-03 -1.028492957221894752e-02
-1.102227395504272456e-03 1.524170470615990661e-03 -1.028492957221894752e-02
-1.102227395504272456e-03 1.524170470615990661e-03 -1.028492957221894752e-02
-1.102227395504272456e-03 1.524170470615990661e-03 -1.028492957221894752e-02
-1.102227395504272456e-03 1.524170470615990661e-03 -1.028492957221894752e-02
1.181214204539142963e-02 -2.951770457017996105e-02 3.162569624479962677e-02
1.181214204539142963e-02 -2.951770457017996105e-02 3.162569624479962677e-02
1.181214204539142963e-02 -2.951770457017996105e-02 3.162569624479962677e-02
7.714239249636579976e-05 -3.283683170709622567e-04 -2.140058509499143807e-02
7.714239249636579976e-05 -3.283683170709622567e-04 -2.140058509499143807e-02
7.714239249636579976e-05 -3.283683170709622567e-04 -2.140058509499143807e-02
7.714239249636579976e-05 -3.283683170709622567e-04 -2.140058509499143807e-02
7.714239249636579976e-05 -3.283683170709622567e-04 -2.140058509499143807e-02
7.714239249636579976e-05 -3.283683170709622567e-04 -2.140058509499143807e-02
7.714239249636579976e-05 -3.283683170709622567e-04 -2.140058509499143807e-02
7.714239249636579976e-05 -3.283683170709622567e-04 -2.140058509499143807e-02
7.714239249636579976e-05 -3.283683170709622567e-04 -2.140058509499143807e-02
7.714239249636579976e-05 -3.283683170709622567e-04 -2.140058509499143807e-02
7.714239249636579976e-05 -3.283683170709622567e-04 -2.140058509499143807e-02
7.714239249636579976e-05 -3.283683170709622567e-04 -2.140058509499143807e-02
7.714239249636579976e-05 -3.283683170709622567e-04 -2.140058509499143807e-02
7.714239249636579976e-05 -3.283683170709622567e-04 -2.140058509499143807e-02
7.714239249636579976e-05 -3.283683170709622567e-04 -2.140058509499143807e-02
7.714239249636579976e-05 -3.283683170709622567e-04 -2.140058509499143807e-02
2.024197223094322678e-03 2.498598001496816004e-04 2.944805610147758004e-02
2.024197223094322678e-03 2.498598001496816004e-04 2.944805610147758004e-02
2.024197223094322678e-03 2.498598001496816004e-04 2.944805610147758004e-02
2.024197223094322678e-03 2.498598001496816004e-04 2.944805610147758004e-02
2.024197223094322678e-03 2.498598001496816004e-04 2.944805610147758004e-02
2.024197223094322678e-03 2.498598001496816004e-04 2.944805610147758004e-02
2.024197223094322678e-03 2.498598001496816004e-04 2.944805610147758004e-02
2.024197223094322678e-03 2.498598001496816004e-04 2.944805610147758004e-02
2.024197223094322678e-03 2.498598001496816004e-04 2.944805610147758004e-02
2.024197223094322678e-03 2.498598001496816004e-04 2.944805610147758004e-02
-2.262955997230208655e-04 4.890709007871023306e-04 -1.018070097988359873e-02
-2.262955997230208655e-04 4.890709007871023306e-04 -1.018070097988359873e-02
-2.262955997230208655e-04 4.890709007871023306e-04 -1.018070097988359873e-02
-2.262955997230208655e-04 4.890709007871023306e-04 -1.018070097988359873e-02
-2.262955997230208655e-04 4.890709007871023306e-04 -1.018070097988359873e-02
-2.262955997230208655e-04 4.890709007871023306e-04 -1.018070097988359873e-02
-2.262955997230208655e-04 4.890709007871023306e-04 -1.018070097988359873e-02
-2.262955997230208655e-04 4.890709007871023306e-04 -1.018070097988359873e-02
-2.262955997230208655e-04 4.890709007871023306e-04 -1.018070097988359873e-02
-2.262955997230208655e-04 4.890709007871023306e-04 -1.018070097988359873e-02
-2.262955997230208655e-04 4.890709007871023306e-04 -1.018070097988359873e-02
-2.262955997230208655e-04 4.890709007871023306e-04 -1.018070097988359873e-02
-2.262955997230208655e-04 4.890709007871023306e-04 -1.018070097988359873e-02
-2.262955997230208655e-04 4.890709007871023306e-04 -1.018070097988359873e-02
-7.327207707069193637e-04 -2.871642468122524022e-04 -3.762644436788493280e-03
-7.327207707069193637e-04 -2.871642468122524022e-04 -3.762644436788493280e-03
-7.327207707069193637e-04 -2.871642468122524022e-04 -3.762644436788493280e-03
-7.327207707069193637e-04 -2.871642468122524022e-04 -3.762644436788493280e-03
-7.327207707069193637e-04 -2.871642468122524022e-04 -3.762644436788493280e-03
-7.327207707069193637e-04 -2.871642468122524022e-04 -3.762644436788493280e-03
-7.327207707069193637e-04 -2.871642468122524022e-04 -3.762644436788493280e-03
-7.327207707069193637e-04 -2.871642468122524022e-04 -3.762644436788493280e-03
-7.327207707069193637e-04 -2.871642468122524022e-04 -3.762644436788493280e-03
-7.327207707069193637e-04 -2.871642468122524022e-04 -3.762644436788493280e-03
-7.327207707069193637e-04 -2.871642468122524022e-04 -3.762644436788493280e-03
-7.327207707069193637e-04 -2.871642468122524022e-04 -3.762644436788493280e-03
-7.327207707069193637e-04 -2.871642468122524022e-04 -3.762644436788493280e-03
-7.327207707069193637e-04 -2.871642468122524022e-04 -3.762644436788493280e-03
1.035014176116571226e-02 3.040252589188824003e-02 1.449539342609661857e-02
-4.817029317778775965e-05 5.802270786180365597e-04 -8.998938669614150315e-03
-4.817029317778775965e-05 5.802270786180365597e-04 -8.998938669614150315e-03
-4.817029317778775965e-05 5.802270786180365597e-04 -8.998938669614150315e-03
-4.817029317778775965e-05 5.802270786180365597e-04 -8.998938669614150315e-03
-4.817029317778775965e-05 5.802270786180365597e-04 -8.998938669614150315e-03
-4.817029317778775965e-05 5.802270786180365597e-04 -8.998938669614150315e-03
-4.817029317778775965e-05 5.802270786180365597e-04 -8.998938669614150315e-03
-4.817029317778775965e-05 5.802270786180365597e-04 -8.998938669614150315e-03
-4.817029317778775965e-05 5.802270786180365597e-04 -8.998938669614150315e-03
-4.817029317778775965e-05 5.802270786180365597e-04 -8.998938669614150315e-03
-4.817029317778775965e-05 5.802270786180365597e-04 -8.998938669614150315e-03
-4.817029317778775965e-05 5.802270786180365597e-04 -8.998938669614150315e-03
-4.817029317778775965e-05 5.802270786180365597e-04 -8.998938669614150315e-03
-6.032246101887097506e-04 9.495621098120502271e-04 -1.006117956220435421e-02
-6.032246101887097506e-04 9.495621098120502271e-04 -1.006117956220435421e-02
-6.032246101887097506e-04 9.495621098120502271e-04 -1.006117956220435421e-02
-6.032246101887097506e-04 9.495621098120502271e-04 -1.006117956220435421e-02
-6.032246101887097506e-04 9.495621098120502271e-04 -1.006117956220435421e-02
-6.032246101887097506e-04 9.495621098120502271e-04 -1.006117956220435421e-02
-6.032246101887097506e-04 9.495621098120502271e-04 -1.006117956220435421e-02
-6.032246101887097506e-04 9.495621098120502271e-04 -1.006117956220435421e-02
-6.032246101887097506e-04 9.495621098120502271e-04 -1.006117956220435421e-02
-6.032246101887097506e-04 9.495621098120502271e-04 -1.006117956220435421e-02
-6.032246101887097506e-04 9.495621098120502271e-04 -1.006117956220435421e-02
-6.032246101887097506e-04 9.495621098120502271e-04 -1.006117956220435421e-02
-6.032246101887097506e-04 9.495621098120502271e-04 -1.006117956220435421e-02
-6.032246101887097506e-04 9.495621098120502271e-04 -1.006117956220435421e-02
-2.878633559981893381e-02 -1.342206862588331273e-02 -1.006469530492352764e-02
-3.158708364677305369e-02 -4.698058318168720285e-03 2.803955323553291266e-03
-2.790098573838563356e-02 -1.530466546946657007e-02 -4.453321388818085036e-04
-4.932220851274100870e-05 -8.898313799393479939e-05 -1.140863700968934580e-03
-4.932220851274100870e-05 -8.898313799393479939e-05 -1.140863700968934580e-03
-4.932220851274100870e-05 -8.898313799393479939e-05 -1.140863700968934580e-03
-4.932220851274100870e-05 -8.898313799393479939e-05 -1.140863700968934580e-03
-4.932220851274100870e-05 -8.898313799393479939e-05 -1.140863700968934580e-03
-4.932220851274100870e-05 -8.898313799393479939e-05 -1.140863700968934580e-03
-4.932220851274100870e-05 -8.898313799393479939e-05 -1.140863700968934580e-03
-4.932220851274100870e-05 -8.898313799393479939e-05 -1.140863700968934580e-03
-4.932220851274100870e-05 -8.898313799393479939e-05 -1.140863700968934580e-03
-4.932220851274100870e-05 -8.898313799393479939e-05 -1.140863700968934580e-03
-4.932220851274100870e-05 -8.898313799393479939e-05 -1.140863700968934580e-03
-4.932220851274100870e-05 -8.898313799393479939e-05 -1.140863700968934580e-03
-4.932220851274100870e-05 -8.898313799393479939e-05 -1.140863700968934580e-03
-4.932220851274100870e-05 -8.898313799393479939e-05 -1.140863700968934580e-03
-1.122538924852206285e-03 6.783183399784280254e-04 -2.009385003215225646e-02
-1.122538924852206285e-03 6.783183399784280254e-04 -2.009385003215225646e-02
-1.122538924852206285e-03 6.783183399784280254e-04 -2.009385003215225646e-02
-1.122538924852206285e-03 6.783183399784280254e-04 -2.009385003215225646e-02
-1.122538924852206285e-03 6.783183399784280254e-04 -2.009385003215225646e-02
-1.122538924852206285e-03 6.783183399784280254e-04 -2.009385003215225646e-02
-1.122538924852206285e-03 6.783183399784280254e-04 -2.009385003215225646e-02
-1.122538924852206285e-03 6.783183399784280254e-04 -2.009385003215225646e-02
-1.122538924852206285e-03 6.783183399784280254e-04 -2.009385003215225646e-02
-1.122538924852206285e-03 6.783183399784280254e-04 -2.009385003215225646e-02
-1.122538924852206285e-03 6.783183399784280254e-04 -2.009385003215225646e-02
-1.122538924852206285e-03 6.783183399784280254e-04 -2.009385003215225646e-02
-1.122538924852206285e-03 6.783183399784280254e-04 -2.009385003215225646e-02
-1.122538924852206285e-03 6.783183399784280254e-04 -2.009385003215225646e-02
8.104809459939243954e-04 6.385726449609809008e-04 -6.778601739491400824e-03
8.104809459939243954e-04 6.385726449609809008e-04 -6.778601739491400824e-03
8.104809459939243954e-04 6.385726449609809008e-04 -6.778601739491400824e-03
8.104809459939243954e-04 6.385726449609809008e-04 -6.778601739491400824e-03
8.104809459939243954e-04 6.385726449609809008e-04 -6.778601739491400824e-03
8.104809459939243954e-04 6.385726449609809008e-04 -6.778601739491400824e-03
8.104809459939243954e-04 6.385726449609809008e-04 -6.778601739491400824e-03
8.104809459939243954e-04 6.385726449609809008e-04 -6.778601739491400824e-03
8.104809459939243954e-04 6.385726449609809008e-04 -6.778601739491400824e-03
8.104809459939243954e-04 6.385726449609809008e-04 -6.778601739491400824e-03
8.104809459939243954e-04 6.385726449609809008e-04 -6.778601739491400824e-03
8.104809459939243954e-04 6.385726449609809008e-04 -6.778601739491400824e-03
8.104809459939243954e-04 6.385726449609809008e-04 -6.778601739491400824e-03
8.104809459939243954e-04 6.385726449609809008e-04 -6.778601739491400824e-03
2.036004666324412252e-02 1.897711077243399713e-02 -7.191102064015193751e-03
-5.036633080645856742e-04 5.129590025575152951e-04 -6.988727996857686808e-03
-5.036633080645856742e-04 5.129590025575152951e-04 -6.988727996857686808e-03
-5.036633080645856742e-04 5.129590025575152951e-04 -6.988727996857686808e-03
-5.036633080645856742e-04 5.129590025575152951e-04 -6.988727996857686808e-03
-5.036633080645856742e-04 5.129590025575152951e-04 -6.988727996857686808e-03
-5.036633080645856742e-04 5.129590025575152951e-04 -6.988727996857686808e-03
-5.036633080645856742e-04 5.129590025575152951e-04 -6.988727996857686808e-03
-5.036633080645856742e-04 5.129590025575152951e-04 -6.988727996857686808e-03
-5.036633080645856742e-04 5.129590025575152951e-04 -6.988727996857686808e-03
-5.036633080645856742e-04 5.129590025575152951e-04 -6.988727996857686808e-03
-5.036633080645856742e-04 5.129590025575152951e-04 -6.988727996857686808e-03
-5.036633080645856742e-04 5.129590025575152951e-04 -6.988727996857686808e-03
-5.036633080645856742e-04 5.129590025575152951e-04 -6.988727996857686808e-03
-5.036633080645856742e-04 5.129590025575152951e-04 -6.988727996857686808e-03
3.138772616195771581e-02 -4.403246543077319643e-03 1.434216451445502298e-02
-3.035105268021714986e-02 1.728830113068514571e-02 3.558046204343172370e-02
-3.035105268021714986e-02 1.728830113068514571e-02 3.558046204343172370e-02
-3.035105268021714986e-02 1.728830113068514571e-02 3.558046204343172370e-02
-3.035105268021714986e-02 1.728830113068514571e-02 3.558046204343172370e-02
-2.907426915686791430e-04 3.322429632852640091e-04 1.098062249478958669e-03
-2.907426915686791430e-04 3.322429632852640091e-04 1.098062249478958669e-03
-2.907426915686791430e-04 3.322429632852640091e-04 1.098062249478958669e-03
-2.907426915686791430e-04 3.322429632852640091e-04 1.098062249478958669e-03
-2.907426915686791430e-04 3.322429632852640091e-04 1.098062249478958669e-03
-2.907426915686791430e-04 3.322429632852640091e-04 1.098062249478958669e-03
-2.907426915686791430e-04 3.322429632852640091e-04 1.098062249478958669e-03
-2.907426915686791430e-04 3.322429632852640091e-04 1.098062249478958669e-03
-2.907426915686791430e-04 3.322429632852640091e-04 1.098062249478958669e-03
-2.907426915686791430e-04 3.322429632852640091e-04 1.098062249478958669e-03
-2.907426915686791430e-04 3.322429632852640091e-04 1.098062249478958669e-03
-2.907426915686791430e-04 3.322429632852640091e-04 1.098062249478958669e-03
-2.907426915686791430e-04 3.322429632852640091e-04 1.098062249478958669e-03
-1.733342985432560074e-02 -2.647444869819182492e-02 1.129039959163479628e-03
-3.195069010622177130e-02 5.228826964847049265e-03 2.684175272423395750e-02
-3.195069010622177130e-02 5.228826964847049265e-03 2.684175272423395750e-02
-3.022660235725706246e-02 1.132596981736574623e-02 1.315501875799473738e-02
-5.073021240795068387e-03 -3.130483864504543523e-02 1.706844821773627688e-02
3.035533551026256723e-03 -3.125155001225191076e-02 9.962744854293010405e-04
