-1.473369661338062853e-03 -1.930130045099735098e-03 -2.384994692037920722e-02
-1.473369661338062853e-03 -1.930130045099735098e-03 -2.384994692037920722e-02
-1.473369661338062853e-03 -1.930130045099735098e-03 -2.384994692037920722e-02
-1.473369661338062853e-03 -1.930130045099735098e-03 -2.384994692037920722e-02
-1.473369661338062853e-03 -1.930130045099735098e-03 -2.384994692037920722e-02
-1.473369661338062853e-03 -1.930130045099735098e-03 -2.384994692037920722e-02
-1.473369661338062853e-03 -1.930130045099735098e-03 -2.384994692037920722e-02
-1.473369661338062853e-03 -1.930130045099735098e-03 -2.384994692037920722e-02
-1.473369661338062853e-03 -1.930130045099735098e-03 -2.384994692037920722e-02
-1.473369661338062853e-03 -1.930130045099735098e-03 -2.384994692037920722e-02
-1.473369661338062853e-03 -1.930130045099735098e-03 -2.384994692037920722e-02
-1.473369661338062853e-03 -1.930130045099735098e-03 -2.384994692037920722e-02
-1.473369661338062853e-03 -1.930130045099735098e-03 -2.384994692037920722e-02
-1.473369661338062853e-03 -1.930130045099735098e-03 -2.384994692037920722e-02
-1.473369661338062853e-03 -1.930130045099735098e-03 -2.384994692037920722e-02
-1.473369661338062853e-03 -1.930130045099735098e-03 -2.384994692037920722e-02
-1.473369661338062853e-03 -1.930130045099735098e-03 -2.384994692037920722e-02
-1.796553069187054735e-03 -2.642974795845515548e-03 -1.503207556186247039e-02
-1.796553069187054735e-03 -2.642974795845515548e-03 -1.503207556186247039e-02
-1.796553069187054735e-03 -2.642974795845515548e-03 -1.503207556186247039e-02
-1.796553069187054735e-03 -2.642974795845515548e-03 -1.503207556186247039e-02
-1.796553069187054735e-03 -2.642974795845515548e-03 -1.503207556186247039e-02
-1.796553069187054735e-03 -2.642974795845515548e-03 -1.503207556186247039e-02
-1.796553069187054735e-03 -2.642974795845515548e-03 -1.503207556186247039e-02
-1.796553069187054735e-03 -2.642974795845515548e-03 -1.503207556186247039e-02
-1.796553069187054735e-03 -2.642974795845515548e-03 -1.503207556186247039e-02
-1.796553069187054735e-03 -2.642974795845515548e-03 -1.503207556186247039e-02
-1.796553069187054735e-03 -2.642974795845515548e-03 -1.503207556186247039e-02
-1.796553069187054735e-03 -2.642974795845515548e-03 -1.503207556186247039e-02
-1.796553069187054735e-03 -2.642974795845515548e-03 -1.503207556186247039e-02
-1.796553069187054735e-03 -2.642974795845515548e-03 -1.503207556186247039e-02
-1.796553069187054735e-03 -2.642974795845515548e-03 -1.503207556186247039e-02
-1.796553069187054735e-03 -2.642974795845515548e-03 -1.503207556186247039e-02
-1.796553069187054735e-03 -2.642974795845515548e-03 -1.503207556186247039e-02
-1.907454883093949796e-03 -2.816765795387110929e-04 -4.142881913375688618e-02
-1.907454883093949796e-03 -2.816765795387110929e-04 -4.142881913375688618e-02
-1.907454883093949796e-03 -2.816765795387110929e-04 -4.142881913375688618e-02
-1.907454883093949796e-03 -2.816765795387110929e-04 -4.142881913375688618e-02
-1.907454883093949796e-03 -2.816765795387110929e-04 -4.142881913375688618e-02
-1.907454883093949796e-03 -2.816765795387110929e-04 -4.142881913375688618e-02
-1.907454883093949796e-03 -2.816765795387110929e-04 -4.142881913375688618e-02
-1.907454883093949796e-03 -2.816765795387110929e-04 -4.142881913375688618e-02
-1.907454883093949796e-03 -2.816765795387110929e-04 -4.142881913375688618e-02
-1.907454883093949796e-03 -2.816765795387110929e-04 -4.142881913375688618e-02
-1.907454883093949796e-03 -2.816765795387110929e-04 -4.142881913375688618e-02
-1.907454883093949796e-03 -2.816765795387110929e-04 -4.142881913375688618e-02
-1.907454883093949796e-03 -2.816765795387110929e-04 -4.142881913375688618e-02
-1.907454883093949796e-03 -2.816765795387110929e-04 -4.142881913375688618e-02
-1.907454883093949796e-03 -2.816765795387110929e-04 -4.142881913375688618e-02
-1.907454883093949796e-03 -2.816765795387110929e-04 -4.142881913375688618e-02
-1.907454883093949796e-03 -2.816765795387110929e-04 -4.142881913375688618e-02
-1.642339759596671625e-03 -2.645499970259273907e-03 3.035239836372843891e-02
-1.642339759596671625e-03 -2.645499970259273907e-03 3.035239836372843891e-02
-1.642339759596671625e-03 -2.645499970259273907e-03 3.035239836372843891e-02
-1.642339759596671625e-03 -2.645499970259273907e-03 3.035239836372843891e-02
-1.642339759596671625e-03 -2.645499970259273907e-03 3.035239836372843891e-02
-1.642339759596671625e-03 -2.645499970259273907e-03 3.035239836372843891e-02
-1.642339759596671625e-03 -2.645499970259273907e-03 3.035239836372843891e-02
-1.642339759596671625e-03 -2.645499970259273907e-03 3.035239836372843891e-02
-1.642339759596671625e-03 -2.645499970259273907e-03 3.035239836372843891e-02
-1.642339759596671625e-03 -2.645499970259273907e-03 3.035239836372843891e-02
-1.642339759596671625e-03 -2.645499970259273907e-03 3.035239836372843891e-02
-1.642339759596671625e-03 -2.645499970259273907e-03 3.035239836372843891e-02
-1.642339759596671625e-03 -2.645499970259273907e-03 3.035239836372843891e-02
-1.642339759596671625e-03 -2.645499970259273907e-03 3.035239836372843891e-02
-1.642339759596671625e-03 -2.645499970259273907e-03 3.035239836372843891e-02
-1.642339759596671625e-03 -2.645499970259273907e-03 3.035239836372843891e-02
1.757706471370060544e-03 -5.850995999309265005e-04 -5.211841698625542529e-02
1.757706471370060544e-03 -5.850995999309265005e-04 -5.211841698625542529e-02
1.757706471370060544e-03 -5.850995999309265005e-04 -5.211841698625542529e-02
1.757706471370060544e-03 -5.850995999309265005e-04 -5.211841698625542529e-02
1.757706471370060544e-03 -5.850995999309265005e-04 -5.211841698625542529e-02
1.757706471370060544e-03 -5.850995999309265005e-04 -5.211841698625542529e-02
1.757706471370060544e-03 -5.850995999309265005e-04 -5.211841698625542529e-02
1.757706471370060544e-03 -5.850995999309265005e-04 -5.211841698625542529e-02
1.757706471370060544e-03 -5.850995999309265005e-04 -5.211841698625542529e-02
1.757706471370060544e-03 -5.850995999309265005e-04 -5.211841698625542529e-02
1.757706471370060544e-03 -5.850995999309265005e-04 -5.211841698625542529e-02
1.757706471370060544e-03 -5.850995999309265005e-04 -5.211841698625542529e-02
1.757706471370060544e-03 -5.850995999309265005e-04 -5.211841698625542529e-02
1.757706471370060544e-03 -5.850995999309265005e-04 -5.211841698625542529e-02
-2.276706703252959207e-03 2.602468533776085974e-05 -2.850142965984883356e-02
-2.276706703252959207e-03 2.602468533776085974e-05 -2.850142965984883356e-02
-2.276706703252959207e-03 2.602468533776085974e-05 -2.850142965984883356e-02
-2.276706703252959207e-03 2.602468533776085974e-05 -2.850142965984883356e-02
-2.276706703252959207e-03 2.602468533776085974e-05 -2.850142965984883356e-02
-2.276706703252959207e-03 2.602468533776085974e-05 -2.850142965984883356e-02
-2.276706703252959207e-03 2.602468533776085974e-05 -2.850142965984883356e-02
-2.276706703252959207e-03 2.602468533776085974e-05 -2.850142965984883356e-02
-2.276706703252959207e-03 2.602468533776085974e-05 -2.850142965984883356e-02
-2.276706703252959207e-03 2.602468533776085974e-05 -2.850142965984883356e-02
-2.276706703252959207e-03 2.602468533776085974e-05 -2.850142965984883356e-02
-2.276706703252959207e-03 2.602468533776085974e-05 -2.850142965984883356e-02
-2.276706703252959207e-03 2.602468533776085974e-05 -2.850142965984883356e-02
-2.276706703252959207e-03 2.602468533776085974e-05 -2.850142965984883356e-02
-2.276706703252959207e-03 2.602468533776085974e-05 -2.850142965984883356e-02
-2.276706703252959207e-03 2.602468533776085974e-05 -2.850142965984883356e-02
-2.276706703252959207e-03 2.602468533776085974e-05 -2.850142965984883356e-02
-1.376881992913907282e-03 -9.904459123222385426e-04 -1.930512137964964306e-02
-1.376881992913907282e-03 -9.904459123222385426e-04 -1.930512137964964306e-02
-1.376881992913907282e-03 -9.904459123222385426e-04 -1.930512137964964306e-02
-1.376881992913907282e-03 -9.904459123222385426e-04 -1.930512137964964306e-02
-1.376881992913907282e-03 -9.904459123222385426e-04 -1.930512137964964306e-02
-1.376881992913907282e-03 -9.904459123222385426e-04 -1.930512137964964306e-02
-1.376881992913907282e-03 -9.904459123222385426e-04 -1.930512137964964306e-02
-1.376881992913907282e-03 -9.904459123222385426e-04 -1.930512137964964306e-02
-1.376881992913907282e-03 -9.904459123222385426e-04 -1.930512137964964306e-02
-1.376881992913907282e-03 -9.904459123222385426e-04 -1.930512137964964306e-02
-1.376881992913907282e-03 -9.904459123222385426e-04 -1.930512137964964306e-02
-1.376881992913907282e-03 -9.904459123222385426e-04 -1.930512137964964306e-02
-1.376881992913907282e-03 -9.904459123222385426e-04 -1.930512137964964306e-02
-1.376881992913907282e-03 -9.904459123222385426e-04 -1.930512137964964306e-02
-1.376881992913907282e-03 -9.904459123222385426e-04 -1.930512137964964306e-02
-1.376881992913907282e-03 -9.904459123222385426e-04 -1.930512137964964306e-02
-1.376881992913907282e-03 -9.904459123222385426e-04 -1.930512137964964306e-02
-2.099941505743800271e-03 -6.919338820353115871e-04 1.663661404128375168e-02
-2.099941505743800271e-03 -6.919338820353115871e-04 1.663661404128375168e-02
-2.099941505743800271e-03 -6.919338820353115871e-04 1.663661404128375168e-02
-2.099941505743800271e-03 -6.919338820353115871e-04 1.663661404128375168e-02
-2.099941505743800271e-03 -6.919338820353115871e-04 1.663661404128375168e-02
-2.099941505743800271e-03 -6.919338820353115871e-04 1.663661404128375168e-02
-2.099941505743800271e-03 -6.919338820353115871e-04 1.663661404128375168e-02
-2.099941505743800271e-03 -6.919338820353115871e-04 1.663661404128375168e-02
-2.099941505743800271e-03 -6.919338820353115871e-04 1.663661404128375168e-02
-2.099941505743800271e-03 -6.919338820353115871e-04 1.663661404128375168e-02
-2.099941505743800271e-03 -6.919338820353115871e-04 1.663661404128375168e-02
-2.099941505743800271e-03 -6.919338820353115871e-04 1.663661404128375168e-02
-2.099941505743800271e-03 -6.919338820353115871e-04 1.663661404128375168e-02
2.858269855835864071e-04 2.053986656068290673e-04 1.550319546223468022e-04
2.858269855835864071e-04 2.053986656068290673e-04 1.550319546223468022e-04
2.858269855835864071e-04 2.053986656068290673e-04 1.550319546223468022e-04
2.858269855835864071e-04 2.053986656068290673e-04 1.550319546223468022e-04
2.858269855835864071e-04 2.053986656068290673e-04 1.550319546223468022e-04
2.858269855835864071e-04 2.053986656068290673e-04 1.550319546223468022e-04
2.858269855835864071e-04 2.053986656068290673e-04 1.550319546223468022e-04
2.858269855835864071e-04 2.053986656068290673e-04 1.550319546223468022e-04
2.858269855835864071e-04 2.053986656068290673e-04 1.550319546223468022e-04
2.858269855835864071e-04 2.053986656068290673e-04 1.550319546223468022e-04
2.858269855835864071e-04 2.053986656068290673e-04 1.550319546223468022e-04
2.858269855835864071e-04 2.053986656068290673e-04 1.550319546223468022e-04
2.858269855835864071e-04 2.053986656068290673e-04 1.550319546223468022e-04
2.858269855835864071e-04 2.053986656068290673e-04 1.550319546223468022e-04
2.858269855835864071e-04 2.053986656068290673e-04 1.550319546223468022e-04
2.858269855835864071e-04 2.053986656068290673e-04 1.550319546223468022e-04
2.858269855835864071e-04 2.053986656068290673e-04 1.550319546223468022e-04
2.694759988606382217e-04 2.903848273882266365e-03 2.034506026541903559e-02
2.694759988606382217e-04 2.903848273882266365e-03 2.034506026541903559e-02
2.694759988606382217e-04 2.903848273882266365e-03 2.034506026541903559e-02
-1.515856147311141905e-03 -3.003486120021203569e-03 -1.612191828800364421e-02
-1.515856147311141905e-03 -3.003486120021203569e-03 -1.612191828800364421e-02
-1.515856147311141905e-03 -3.003486120021203569e-03 -1.612191828800364421e-02
-1.515856147311141905e-03 -3.003486120021203569e-03 -1.612191828800364421e-02
-1.515856147311141905e-03 -3.003486120021203569e-03 -1.612191828800364421e-02
-1.515856147311141905e-03 -3.003486120021203569e-03 -1.612191828800364421e-02
-1.515856147311141905e-03 -3.003486120021203569e-03 -1.612191828800364421e-02
-1.515856147311141905e-03 -3.003486120021203569e-03 -1.612191828800364421e-02
-1.515856147311141905e-03 -3.003486120021203569e-03 -1.612191828800364421e-02
-1.515856147311141905e-03 -3.003486120021203569e-03 -1.612191828800364421e-02
-1.515856147311141905e-03 -3.003486120021203569e-03 -1.612191828800364421e-02
-1.515856147311141905e-03 -3.003486120021203569e-03 -1.612191828800364421e-02
-1.515856147311141905e-03 -3.003486120021203569e-03 -1.612191828800364421e-02
-1.515856147311141905e-03 -3.003486120021203569e-03 -1.612191828800364421e-02
-1.515856147311141905e-03 -3.003486120021203569e-03 -1.612191828800364421e-02
-1.515856147311141905e-03 -3.003486120021203569e-03 -1.612191828800364421e-02
-1.515856147311141905e-03 -3.003486120021203569e-03 -1.612191828800364421e-02
-1.265319383767921080e-03 -1.986030917079864913e-03 -5.271987361180645315e-02
-1.265319383767921080e-03 -1.986030917079864913e-03 -5.271987361180645315e-02
-1.265319383767921080e-03 -1.986030917079864913e-03 -5.271987361180645315e-02
-1.265319383767921080e-03 -1.986030917079864913e-03 -5.271987361180645315e-02
-1.265319383767921080e-03 -1.986030917079864913e-03 -5.271987361180645315e-02
-1.265319383767921080e-03 -1.986030917079864913e-03 -5.271987361180645315e-02
-1.265319383767921080e-03 -1.986030917079864913e-03 -5.271987361180645315e-02
-1.265319383767921080e-03 -1.986030917079864913e-03 -5.271987361180645315e-02
-1.265319383767921080e-03 -1.986030917079864913e-03 -5.271987361180645315e-02
-1.265319383767921080e-03 -1.986030917079864913e-03 -5.271987361180645315e-02
-1.620261984340582578e-03 -3.324696918682035207e-03 1.084071115016075650e-02
-1.620261984340582578e-03 -3.324696918682035207e-03 1.084071115016075650e-02
-1.620261984340582578e-03 -3.324696918682035207e-03 1.084071115016075650e-02
-1.620261984340582578e-03 -3.324696918682035207e-03 1.084071115016075650e-02
-1.620261984340582578e-03 -3.324696918682035207e-03 1.084071115016075650e-02
-1.620261984340582578e-03 -3.324696918682035207e-03 1.084071115016075650e-02
-1.620261984340582578e-03 -3.324696918682035207e-03 1.084071115016075650e-02
-1.620261984340582578e-03 -3.324696918682035207e-03 1.084071115016075650e-02
-1.620261984340582578e-03 -3.324696918682035207e-03 1.084071115016075650e-02
-1.620261984340582578e-03 -3.324696918682035207e-03 1.084071115016075650e-02
-1.620261984340582578e-03 -3.324696918682035207e-03 1.084071115016075650e-02
-1.620261984340582578e-03 -3.324696918682035207e-03 1.084071115016075650e-02
-1.620261984340582578e-03 -3.324696918682035207e-03 1.084071115016075650e-02
-1.620261984340582578e-03 -3.324696918682035207e-03 1.084071115016075650e-02
-1.620261984340582578e-03 -3.324696918682035207e-03 1.084071115016075650e-02
-1.620261984340582578e-03 -3.324696918682035207e-03 1.084071115016075650e-02
-1.620261984340582578e-03 -3.324696918682035207e-03 1.084071115016075650e-02
-2.877948389992951526e-03 -6.113808050856872622e-04 2.031006026681766302e-02
-2.877948389992951526e-03 -6.113808050856872622e-04 2.031006026681766302e-02
-2.877948389992951526e-03 -6.113808050856872622e-04 2.031006026681766302e-02
-2.877948389992951526e-03 -6.113808050856872622e-04 2.031006026681766302e-02
-2.877948389992951526e-03 -6.113808050856872622e-04 2.031006026681766302e-02
-2.877948389992951526e-03 -6.113808050856872622e-04 2.031006026681766302e-02
-2.877948389992951526e-03 -6.113808050856872622e-04 2.031006026681766302e-02
-2.877948389992951526e-03 -6.113808050856872622e-04 2.031006026681766302e-02
-2.877948389992951526e-03 -6.113808050856872622e-04 2.031006026681766302e-02
-2.877948389992951526e-03 -6.113808050856872622e-04 2.031006026681766302e-02
-2.877948389992951526e-03 -6.113808050856872622e-04 2.031006026681766302e-02
-2.877948389992951526e-03 -6.113808050856872622e-04 2.031006026681766302e-02
-2.877948389992951526e-03 -6.113808050856872622e-04 2.031006026681766302e-02
-2.877948389992951526e-03 -6.113808050856872622e-04 2.031006026681766302e-02
-2.877948389992951526e-03 -6.113808050856872622e-04 2.031006026681766302e-02
-2.877948389992951526e-03 -6.113808050856872622e-04 2.031006026681766302e-02
-2.877948389992951526e-03 -6.113808050856872622e-04 2.031006026681766302e-02
-1.400415955089752418e-03 -7.093288488219556039e-04 3.520957278002603830e-02
-1.400415955089752418e-03 -7.093288488219556039e-04 3.520957278002603830e-02
-1.400415955089752418e-03 -7.093288488219556039e-04 3.520957278002603830e-02
-1.400415955089752418e-03 -7.093288488219556039e-04 3.520957278002603830e-02
-1.400415955089752418e-03 -7.093288488219556039e-04 3.520957278002603830e-02
-1.400415955089752418e-03 -7.093288488219556039e-04 3.520957278002603830e-02
-1.400415955089752418e-03 -7.093288488219556039e-04 3.520957278002603830e-02
-1.400415955089752418e-03 -7.093288488219556039e-04 3.520957278002603830e-02
-1.400415955089752418e-03 -7.093288488219556039e-04 3.520957278002603830e-02
-1.400415955089752418e-03 -7.093288488219556039e-04 3.520957278002603830e-02
-1.400415955089752418e-03 -7.093288488219556039e-04 3.520957278002603830e-02
-1.400415955089752418e-03 -7.093288488219556039e-04 3.520957278002603830e-02
-1.400415955089752418e-03 -7.093288488219556039e-04 3.520957278002603830e-02
-1.400415955089752418e-03 -7.093288488219556039e-04 3.520957278002603830e-02
-1.400415955089752418e-03 -7.093288488219556039e-04 3.520957278002603830e-02
-1.400415955089752418e-03 -7.093288488219556039e-04 3.520957278002603830e-02
