-6.568197556563004462e-03 -5.968915116577090847e-03 -1.541200013762012745e-03
-6.568197556563004462e-03 -5.968915116577090847e-03 -1.541200013762012745e-03
-6.568197556563004462e-03 -5.968915116577090847e-03 -1.541200013762012745e-03
-6.568197556563004462e-03 -5.968915116577090847e-03 -1.541200013762012745e-03
-6.568197556563004462e-03 -5.968915116577090847e-03 -1.541200013762012745e-03
-6.568197556563004462e-03 -5.968915116577090847e-03 -1.541200013762012745e-03
-6.568197556563004462e-03 -5.968915116577090847e-03 -1.541200013762012745e-03
-6.568197556563004462e-03 -5.968915116577090847e-03 -1.541200013762012745e-03
-6.568197556563004462e-03 -5.968915116577090847e-03 -1.541200013762012745e-03
-6.568197556563004462e-03 -5.968915116577090847e-03 -1.541200013762012745e-03
-6.568197556563004462e-03 -5.968915116577090847e-03 -1.541200013762012745e-03
-6.568197556563004462e-03 -5.968915116577090847e-03 -1.541200013762012745e-03
-6.568197556563004462e-03 -5.968915116577090847e-03 -1.541200013762012745e-03
-6.568197556563004462e-03 -5.968915116577090847e-03 -1.541200013762012745e-03
-6.568197556563004462e-03 -5.968915116577090847e-03 -1.541200013762012745e-03
-6.568197556563004462e-03 -5.968915116577090847e-03 -1.541200013762012745e-03
-6.568197556563004462e-03 -5.968915116577090847e-03 -1.541200013762012745e-03
-5.565892130225750557e-03 -8.286690525944148678e-03 -1.385258203508985594e-03
-5.565892130225750557e-03 -8.286690525944148678e-03 -1.385258203508985594e-03
-5.565892130225750557e-03 -8.286690525944148678e-03 -1.385258203508985594e-03
-5.565892130225750557e-03 -8.286690525944148678e-03 -1.385258203508985594e-03
-5.565892130225750557e-03 -8.286690525944148678e-03 -1.385258203508985594e-03
-5.565892130225750557e-03 -8.286690525944148678e-03 -1.385258203508985594e-03
-5.565892130225750557e-03 -8.286690525944148678e-03 -1.385258203508985594e-03
-5.565892130225750557e-03 -8.286690525944148678e-03 -1.385258203508985594e-03
-5.565892130225750557e-03 -8.286690525944148678e-03 -1.385258203508985594e-03
-5.565892130225750557e-03 -8.286690525944148678e-03 -1.385258203508985594e-03
-5.565892130225750557e-03 -8.286690525944148678e-03 -1.385258203508985594e-03
-5.565892130225750557e-03 -8.286690525944148678e-03 -1.385258203508985594e-03
-5.565892130225750557e-03 -8.286690525944148678e-03 -1.385258203508985594e-03
-5.565892130225750557e-03 -8.286690525944148678e-03 -1.385258203508985594e-03
-5.565892130225750557e-03 -8.286690525944148678e-03 -1.385258203508985594e-03
-5.565892130225750557e-03 -8.286690525944148678e-03 -1.385258203508985594e-03
-5.565892130225750557e-03 -8.286690525944148678e-03 -1.385258203508985594e-03
1.354544231372014143e-02 3.942407262414488345e-04 -1.561842193454524887e-03
1.354544231372014143e-02 3.942407262414488345e-04 -1.561842193454524887e-03
1.354544231372014143e-02 3.942407262414488345e-04 -1.561842193454524887e-03
1.354544231372014143e-02 3.942407262414488345e-04 -1.561842193454524887e-03
1.354544231372014143e-02 3.942407262414488345e-04 -1.561842193454524887e-03
1.354544231372014143e-02 3.942407262414488345e-04 -1.561842193454524887e-03
1.354544231372014143e-02 3.942407262414488345e-04 -1.561842193454524887e-03
1.354544231372014143e-02 3.942407262414488345e-04 -1.561842193454524887e-03
1.354544231372014143e-02 3.942407262414488345e-04 -1.561842193454524887e-03
1.354544231372014143e-02 3.942407262414488345e-04 -1.561842193454524887e-03
1.354544231372014143e-02 3.942407262414488345e-04 -1.561842193454524887e-03
1.354544231372014143e-02 3.942407262414488345e-04 -1.561842193454524887e-03
1.354544231372014143e-02 3.942407262414488345e-04 -1.561842193454524887e-03
1.354544231372014143e-02 3.942407262414488345e-04 -1.561842193454524887e-03
1.354544231372014143e-02 3.942407262414488345e-04 -1.561842193454524887e-03
1.354544231372014143e-02 3.942407262414488345e-04 -1.561842193454524887e-03
1.354544231372014143e-02 3.942407262414488345e-04 -1.561842193454524887e-03
-9.821267223424006571e-03 6.248260670086152636e-03 2.396399520653516840e-03
-9.821267223424006571e-03 6.248260670086152636e-03 2.396399520653516840e-03
-9.821267223424006571e-03 6.248260670086152636e-03 2.396399520653516840e-03
-9.821267223424006571e-03 6.248260670086152636e-03 2.396399520653516840e-03
-9.821267223424006571e-03 6.248260670086152636e-03 2.396399520653516840e-03
-9.821267223424006571e-03 6.248260670086152636e-03 2.396399520653516840e-03
-9.821267223424006571e-03 6.248260670086152636e-03 2.396399520653516840e-03
-9.821267223424006571e-03 6.248260670086152636e-03 2.396399520653516840e-03
-9.821267223424006571e-03 6.248260670086152636e-03 2.396399520653516840e-03
-9.821267223424006571e-03 6.248260670086152636e-03 2.396399520653516840e-03
-9.821267223424006571e-03 6.248260670086152636e-03 2.396399520653516840e-03
-9.821267223424006571e-03 6.248260670086152636e-03 2.396399520653516840e-03
-9.821267223424006571e-03 6.248260670086152636e-03 2.396399520653516840e-03
-9.821267223424006571e-03 6.248260670086152636e-03 2.396399520653516840e-03
-9.821267223424006571e-03 6.248260670086152636e-03 2.396399520653516840e-03
-9.821267223424006571e-03 6.248260670086152636e-03 2.396399520653516840e-03
-9.821267223424006571e-03 6.248260670086152636e-03 2.396399520653516840e-03
-3.362392409940936737e-03 -5.013701988783000538e-03 9.685740858067662037e-03
-3.362392409940936737e-03 -5.013701988783000538e-03 9.685740858067662037e-03
-3.362392409940936737e-03 -5.013701988783000538e-03 9.685740858067662037e-03
-3.362392409940936737e-03 -5.013701988783000538e-03 9.685740858067662037e-03
-3.362392409940936737e-03 -5.013701988783000538e-03 9.685740858067662037e-03
-3.362392409940936737e-03 -5.013701988783000538e-03 9.685740858067662037e-03
-3.362392409940936737e-03 -5.013701988783000538e-03 9.685740858067662037e-03
-3.362392409940936737e-03 -5.013701988783000538e-03 9.685740858067662037e-03
-3.362392409940936737e-03 -5.013701988783000538e-03 9.685740858067662037e-03
-3.362392409940936737e-03 -5.013701988783000538e-03 9.685740858067662037e-03
-3.362392409940936737e-03 -5.013701988783000538e-03 9.685740858067662037e-03
-3.362392409940936737e-03 -5.013701988783000538e-03 9.685740858067662037e-03
-3.362392409940936737e-03 -5.013701988783000538e-03 9.685740858067662037e-03
-3.362392409940936737e-03 -5.013701988783000538e-03 9.685740858067662037e-03
-3.362392409940936737e-03 -5.013701988783000538e-03 9.685740858067662037e-03
-3.362392409940936737e-03 -5.013701988783000538e-03 9.685740858067662037e-03
-3.362392409940936737e-03 -5.013701988783000538e-03 9.685740858067662037e-03
1.004965984275573397e-03 2.004677291725398026e-03 -6.441398964559979720e-03
1.004965984275573397e-03 2.004677291725398026e-03 -6.441398964559979720e-03
1.004965984275573397e-03 2.004677291725398026e-03 -6.441398964559979720e-03
1.004965984275573397e-03 2.004677291725398026e-03 -6.441398964559979720e-03
1.004965984275573397e-03 2.004677291725398026e-03 -6.441398964559979720e-03
1.004965984275573397e-03 2.004677291725398026e-03 -6.441398964559979720e-03
1.004965984275573397e-03 2.004677291725398026e-03 -6.441398964559979720e-03
1.004965984275573397e-03 2.004677291725398026e-03 -6.441398964559979720e-03
1.004965984275573397e-03 2.004677291725398026e-03 -6.441398964559979720e-03
1.004965984275573397e-03 2.004677291725398026e-03 -6.441398964559979720e-03
1.004965984275573397e-03 2.004677291725398026e-03 -6.441398964559979720e-03
1.004965984275573397e-03 2.004677291725398026e-03 -6.441398964559979720e-03
1.004965984275573397e-03 2.004677291725398026e-03 -6.441398964559979720e-03
1.004965984275573397e-03 2.004677291725398026e-03 -6.441398964559979720e-03
1.004965984275573397e-03 2.004677291725398026e-03 -6.441398964559979720e-03
1.004965984275573397e-03 2.004677291725398026e-03 -6.441398964559979720e-03
1.004965984275573397e-03 2.004677291725398026e-03 -6.441398964559979720e-03
-3.493684730667124400e-03 1.217794163785825088e-03 -1.564084721647849424e-03
-3.493684730667124400e-03 1.217794163785825088e-03 -1.564084721647849424e-03
-3.493684730667124400e-03 1.217794163785825088e-03 -1.564084721647849424e-03
-3.493684730667124400e-03 1.217794163785825088e-03 -1.564084721647849424e-03
-3.493684730667124400e-03 1.217794163785825088e-03 -1.564084721647849424e-03
-3.493684730667124400e-03 1.217794163785825088e-03 -1.564084721647849424e-03
-3.493684730667124400e-03 1.217794163785825088e-03 -1.564084721647849424e-03
-3.493684730667124400e-03 1.217794163785825088e-03 -1.564084721647849424e-03
-3.493684730667124400e-03 1.217794163785825088e-03 -1.564084721647849424e-03
-3.493684730667124400e-03 1.217794163785825088e-03 -1.564084721647849424e-03
-3.493684730667124400e-03 1.217794163785825088e-03 -1.564084721647849424e-03
-3.493684730667124400e-03 1.217794163785825088e-03 -1.564084721647849424e-03
-3.493684730667124400e-03 1.217794163785825088e-03 -1.564084721647849424e-03
-3.493684730667124400e-03 1.217794163785825088e-03 -1.564084721647849424e-03
-3.493684730667124400e-03 1.217794163785825088e-03 -1.564084721647849424e-03
-3.493684730667124400e-03 1.217794163785825088e-03 -1.564084721647849424e-03
-3.493684730667124400e-03 1.217794163785825088e-03 -1.564084721647849424e-03
8.124417049328338386e-03 -5.504178910956586401e-03 -9.536887048549956558e-03
8.124417049328338386e-03 -5.504178910956586401e-03 -9.536887048549956558e-03
8.124417049328338386e-03 -5.504178910956586401e-03 -9.536887048549956558e-03
8.124417049328338386e-03 -5.504178910956586401e-03 -9.536887048549956558e-03
8.124417049328338386e-03 -5.504178910956586401e-03 -9.536887048549956558e-03
8.124417049328338386e-03 -5.504178910956586401e-03 -9.536887048549956558e-03
8.124417049328338386e-03 -5.504178910956586401e-03 -9.536887048549956558e-03
8.124417049328338386e-03 -5.504178910956586401e-03 -9.536887048549956558e-03
8.124417049328338386e-03 -5.504178910956586401e-03 -9.536887048549956558e-03
8.124417049328338386e-03 -5.504178910956586401e-03 -9.536887048549956558e-03
8.124417049328338386e-03 -5.504178910956586401e-03 -9.536887048549956558e-03
8.124417049328338386e-03 -5.504178910956586401e-03 -9.536887048549956558e-03
8.124417049328338386e-03 -5.504178910956586401e-03 -9.536887048549956558e-03
8.124417049328338386e-03 -5.504178910956586401e-03 -9.536887048549956558e-03
8.124417049328338386e-03 -5.504178910956586401e-03 -9.536887048549956558e-03
8.124417049328338386e-03 -5.504178910956586401e-03 -9.536887048549956558e-03
8.124417049328338386e-03 -5.504178910956586401e-03 -9.536887048549956558e-03
-7.828515305541038083e-03 -2.121158992004961406e-03 -1.516173649838217959e-03
-7.828515305541038083e-03 -2.121158992004961406e-03 -1.516173649838217959e-03
-7.828515305541038083e-03 -2.121158992004961406e-03 -1.516173649838217959e-03
-7.828515305541038083e-03 -2.121158992004961406e-03 -1.516173649838217959e-03
-7.828515305541038083e-03 -2.121158992004961406e-03 -1.516173649838217959e-03
-7.828515305541038083e-03 -2.121158992004961406e-03 -1.516173649838217959e-03
-7.828515305541038083e-03 -2.121158992004961406e-03 -1.516173649838217959e-03
-7.828515305541038083e-03 -2.121158992004961406e-03 -1.516173649838217959e-03
-7.828515305541038083e-03 -2.121158992004961406e-03 -1.516173649838217959e-03
-7.828515305541038083e-03 -2.121158992004961406e-03 -1.516173649838217959e-03
-7.828515305541038083e-03 -2.121158992004961406e-03 -1.516173649838217959e-03
-7.828515305541038083e-03 -2.121158992004961406e-03 -1.516173649838217959e-03
-7.828515305541038083e-03 -2.121158992004961406e-03 -1.516173649838217959e-03
-7.828515305541038083e-03 -2.121158992004961406e-03 -1.516173649838217959e-03
-7.828515305541038083e-03 -2.121158992004961406e-03 -1.516173649838217959e-03
-7.828515305541038083e-03 -2.121158992004961406e-03 -1.516173649838217959e-03
-7.828515305541038083e-03 -2.121158992004961406e-03 -1.516173649838217959e-03
-2.659516572875700660e-03 1.513058560875886818e-03 -1.012114491987579218e-02
-2.659516572875700660e-03 1.513058560875886818e-03 -1.012114491987579218e-02
-2.659516572875700660e-03 1.513058560875886818e-03 -1.012114491987579218e-02
-2.659516572875700660e-03 1.513058560875886818e-03 -1.012114491987579218e-02
-2.659516572875700660e-03 1.513058560875886818e-03 -1.012114491987579218e-02
-2.659516572875700660e-03 1.513058560875886818e-03 -1.012114491987579218e-02
-2.659516572875700660e-03 1.513058560875886818e-03 -1.012114491987579218e-02
-2.659516572875700660e-03 1.513058560875886818e-03 -1.012114491987579218e-02
-2.659516572875700660e-03 1.513058560875886818e-03 -1.012114491987579218e-02
-2.659516572875700660e-03 1.513058560875886818e-03 -1.012114491987579218e-02
-2.659516572875700660e-03 1.513058560875886818e-03 -1.012114491987579218e-02
-2.659516572875700660e-03 1.513058560875886818e-03 -1.012114491987579218e-02
-2.659516572875700660e-03 1.513058560875886818e-03 -1.012114491987579218e-02
-2.659516572875700660e-03 1.513058560875886818e-03 -1.012114491987579218e-02
-2.659516572875700660e-03 1.513058560875886818e-03 -1.012114491987579218e-02
-2.659516572875700660e-03 1.513058560875886818e-03 -1.012114491987579218e-02
-2.659516572875700660e-03 1.513058560875886818e-03 -1.012114491987579218e-02
5.094886805320259990e-03 2.787929282172273582e-03 -1.555660171930435542e-03
5.094886805320259990e-03 2.787929282172273582e-03 -1.555660171930435542e-03
5.094886805320259990e-03 2.787929282172273582e-03 -1.555660171930435542e-03
5.094886805320259990e-03 2.787929282172273582e-03 -1.555660171930435542e-03
5.094886805320259990e-03 2.787929282172273582e-03 -1.555660171930435542e-03
5.094886805320259990e-03 2.787929282172273582e-03 -1.555660171930435542e-03
5.094886805320259990e-03 2.787929282172273582e-03 -1.555660171930435542e-03
5.094886805320259990e-03 2.787929282172273582e-03 -1.555660171930435542e-03
5.094886805320259990e-03 2.787929282172273582e-03 -1.555660171930435542e-03
5.094886805320259990e-03 2.787929282172273582e-03 -1.555660171930435542e-03
5.094886805320259990e-03 2.787929282172273582e-03 -1.555660171930435542e-03
5.094886805320259990e-03 2.787929282172273582e-03 -1.555660171930435542e-03
5.094886805320259990e-03 2.787929282172273582e-03 -1.555660171930435542e-03
5.094886805320259990e-03 2.787929282172273582e-03 -1.555660171930435542e-03
5.094886805320259990e-03 2.787929282172273582e-03 -1.555660171930435542e-03
5.094886805320259990e-03 2.787929282172273582e-03 -1.555660171930435542e-03
5.094886805320259990e-03 2.787929282172273582e-03 -1.555660171930435542e-03
8.666714748774555221e-03 -5.799968238960931735e-03 2.556591093587767946e-04
8.666714748774555221e-03 -5.799968238960931735e-03 2.556591093587767946e-04
8.666714748774555221e-03 -5.799968238960931735e-03 2.556591093587767946e-04
8.666714748774555221e-03 -5.799968238960931735e-03 2.556591093587767946e-04
8.666714748774555221e-03 -5.799968238960931735e-03 2.556591093587767946e-04
8.666714748774555221e-03 -5.799968238960931735e-03 2.556591093587767946e-04
8.666714748774555221e-03 -5.799968238960931735e-03 2.556591093587767946e-04
8.666714748774555221e-03 -5.799968238960931735e-03 2.556591093587767946e-04
8.666714748774555221e-03 -5.799968238960931735e-03 2.556591093587767946e-04
8.666714748774555221e-03 -5.799968238960931735e-03 2.556591093587767946e-04
8.666714748774555221e-03 -5.799968238960931735e-03 2.556591093587767946e-04
8.666714748774555221e-03 -5.799968238960931735e-03 2.556591093587767946e-04
8.666714748774555221e-03 -5.799968238960931735e-03 2.556591093587767946e-04
8.666714748774555221e-03 -5.799968238960931735e-03 2.556591093587767946e-04
8.666714748774555221e-03 -5.799968238960931735e-03 2.556591093587767946e-04
8.666714748774555221e-03 -5.799968238960931735e-03 2.556591093587767946e-04
8.666714748774555221e-03 -5.799968238960931735e-03 2.556591093587767946e-04
3.030502766270952095e-03 -2.149630047633548612e-03 2.828295173611729361e-03
3.030502766270952095e-03 -2.149630047633548612e-03 2.828295173611729361e-03
3.030502766270952095e-03 -2.149630047633548612e-03 2.828295173611729361e-03
3.030502766270952095e-03 -2.149630047633548612e-03 2.828295173611729361e-03
3.030502766270952095e-03 -2.149630047633548612e-03 2.828295173611729361e-03
3.030502766270952095e-03 -2.149630047633548612e-03 2.828295173611729361e-03
3.030502766270952095e-03 -2.149630047633548612e-03 2.828295173611729361e-03
3.030502766270952095e-03 -2.149630047633548612e-03 2.828295173611729361e-03
3.030502766270952095e-03 -2.149630047633548612e-03 2.828295173611729361e-03
3.030502766270952095e-03 -2.149630047633548612e-03 2.828295173611729361e-03
3.030502766270952095e-03 -2.149630047633548612e-03 2.828295173611729361e-03
3.030502766270952095e-03 -2.149630047633548612e-03 2.828295173611729361e-03
3.030502766270952095e-03 -2.149630047633548612e-03 2.828295173611729361e-03
3.030502766270952095e-03 -2.149630047633548612e-03 2.828295173611729361e-03
3.030502766270952095e-03 -2.149630047633548612e-03 2.828295173611729361e-03
3.030502766270952095e-03 -2.149630047633548612e-03 2.828295173611729361e-03
3.030502766270952095e-03 -2.149630047633548612e-03 2.828295173611729361e-03
