1.165888158809673947e-01 -2.074971409336678375e-03 4.441658205280864594e-03
1.165888158809673947e-01 -2.074971409336678375e-03 4.441658205280864594e-03
1.165888158809673947e-01 -2.074971409336678375e-03 4.441658205280864594e-03
1.165888158809673947e-01 -2.074971409336678375e-03 4.441658205280864594e-03
1.165888158809673947e-01 -2.074971409336678375e-03 4.441658205280864594e-03
1.165888158809673947e-01 -2.074971409336678375e-03 4.441658205280864594e-03
1.165888158809673947e-01 -2.074971409336678375e-03 4.441658205280864594e-03
1.165888158809673947e-01 -2.074971409336678375e-03 4.441658205280864594e-03
1.165888158809673947e-01 -2.074971409336678375e-03 4.441658205280864594e-03
1.165888158809673947e-01 -2.074971409336678375e-03 4.441658205280864594e-03
1.165888158809673947e-01 -2.074971409336678375e-03 4.441658205280864594e-03
1.165888158809673947e-01 -2.074971409336678375e-03 4.441658205280864594e-03
1.165888158809673947e-01 -2.074971409336678375e-03 4.441658205280864594e-03
1.165888158809673947e-01 -2.074971409336678375e-03 4.441658205280864594e-03
1.165888158809673947e-01 -2.074971409336678375e-03 4.441658205280864594e-03
1.165888158809673947e-01 -2.074971409336678375e-03 4.441658205280864594e-03
1.003806057310481364e-01 -2.683911833857150191e-04 4.001913240380468306e-03
1.003806057310481364e-01 -2.683911833857150191e-04 4.001913240380468306e-03
1.003806057310481364e-01 -2.683911833857150191e-04 4.001913240380468306e-03
1.003806057310481364e-01 -2.683911833857150191e-04 4.001913240380468306e-03
1.003806057310481364e-01 -2.683911833857150191e-04 4.001913240380468306e-03
1.003806057310481364e-01 -2.683911833857150191e-04 4.001913240380468306e-03
1.003806057310481364e-01 -2.683911833857150191e-04 4.001913240380468306e-03
1.003806057310481364e-01 -2.683911833857150191e-04 4.001913240380468306e-03
1.003806057310481364e-01 -2.683911833857150191e-04 4.001913240380468306e-03
1.003806057310481364e-01 -2.683911833857150191e-04 4.001913240380468306e-03
1.003806057310481364e-01 -2.683911833857150191e-04 4.001913240380468306e-03
1.003806057310481364e-01 -2.683911833857150191e-04 4.001913240380468306e-03
1.003806057310481364e-01 -2.683911833857150191e-04 4.001913240380468306e-03
1.003806057310481364e-01 -2.683911833857150191e-04 4.001913240380468306e-03
1.003806057310481364e-01 -2.683911833857150191e-04 4.001913240380468306e-03
1.003806057310481364e-01 -2.683911833857150191e-04 4.001913240380468306e-03
9.861246590410210899e-02 -3.431617791911823639e-04 3.682832888255681281e-03
9.861246590410210899e-02 -3.431617791911823639e-04 3.682832888255681281e-03
9.861246590410210899e-02 -3.431617791911823639e-04 3.682832888255681281e-03
9.861246590410210899e-02 -3.431617791911823639e-04 3.682832888255681281e-03
9.861246590410210899e-02 -3.431617791911823639e-04 3.682832888255681281e-03
9.861246590410210899e-02 -3.431617791911823639e-04 3.682832888255681281e-03
9.861246590410210899e-02 -3.431617791911823639e-04 3.682832888255681281e-03
9.861246590410210899e-02 -3.431617791911823639e-04 3.682832888255681281e-03
9.861246590410210899e-02 -3.431617791911823639e-04 3.682832888255681281e-03
9.861246590410210899e-02 -3.431617791911823639e-04 3.682832888255681281e-03
9.861246590410210899e-02 -3.431617791911823639e-04 3.682832888255681281e-03
9.861246590410210899e-02 -3.431617791911823639e-04 3.682832888255681281e-03
9.861246590410210899e-02 -3.431617791911823639e-04 3.682832888255681281e-03
9.861246590410210899e-02 -3.431617791911823639e-04 3.682832888255681281e-03
9.861246590410210899e-02 -3.431617791911823639e-04 3.682832888255681281e-03
9.861246590410210899e-02 -3.431617791911823639e-04 3.682832888255681281e-03
-5.786260198485337208e-03 -5.556838941655734866e-03 6.968050261175958186e-04
-5.786260198485337208e-03 -5.556838941655734866e-03 6.968050261175958186e-04
-5.786260198485337208e-03 -5.556838941655734866e-03 6.968050261175958186e-04
-5.786260198485337208e-03 -5.556838941655734866e-03 6.968050261175958186e-04
-5.786260198485337208e-03 -5.556838941655734866e-03 6.968050261175958186e-04
-5.786260198485337208e-03 -5.556838941655734866e-03 6.968050261175958186e-04
-5.786260198485337208e-03 -5.556838941655734866e-03 6.968050261175958186e-04
-5.786260198485337208e-03 -5.556838941655734866e-03 6.968050261175958186e-04
-5.786260198485337208e-03 -5.556838941655734866e-03 6.968050261175958186e-04
-5.786260198485337208e-03 -5.556838941655734866e-03 6.968050261175958186e-04
-5.786260198485337208e-03 -5.556838941655734866e-03 6.968050261175958186e-04
-5.786260198485337208e-03 -5.556838941655734866e-03 6.968050261175958186e-04
-8.275790120869656180e-03 -3.266669626827143832e-03 2.337330326291591062e-04
-8.275790120869656180e-03 -3.266669626827143832e-03 2.337330326291591062e-04
-8.275790120869656180e-03 -3.266669626827143832e-03 2.337330326291591062e-04
-8.275790120869656180e-03 -3.266669626827143832e-03 2.337330326291591062e-04
-8.275790120869656180e-03 -3.266669626827143832e-03 2.337330326291591062e-04
-8.275790120869656180e-03 -3.266669626827143832e-03 2.337330326291591062e-04
-8.275790120869656180e-03 -3.266669626827143832e-03 2.337330326291591062e-04
-8.275790120869656180e-03 -3.266669626827143832e-03 2.337330326291591062e-04
-8.275790120869656180e-03 -3.266669626827143832e-03 2.337330326291591062e-04
-8.275790120869656180e-03 -3.266669626827143832e-03 2.337330326291591062e-04
-8.275790120869656180e-03 -3.266669626827143832e-03 2.337330326291591062e-04
-8.275790120869656180e-03 -3.266669626827143832e-03 2.337330326291591062e-04
7.380634327939369910e-02 -3.130407137419022323e-03 3.616452918293848549e-03
7.380634327939369910e-02 -3.130407137419022323e-03 3.616452918293848549e-03
7.380634327939369910e-02 -3.130407137419022323e-03 3.616452918293848549e-03
7.380634327939369910e-02 -3.130407137419022323e-03 3.616452918293848549e-03
7.380634327939369910e-02 -3.130407137419022323e-03 3.616452918293848549e-03
7.380634327939369910e-02 -3.130407137419022323e-03 3.616452918293848549e-03
7.380634327939369910e-02 -3.130407137419022323e-03 3.616452918293848549e-03
7.380634327939369910e-02 -3.130407137419022323e-03 3.616452918293848549e-03
7.380634327939369910e-02 -3.130407137419022323e-03 3.616452918293848549e-03
7.380634327939369910e-02 -3.130407137419022323e-03 3.616452918293848549e-03
7.380634327939369910e-02 -3.130407137419022323e-03 3.616452918293848549e-03
7.380634327939369910e-02 -3.130407137419022323e-03 3.616452918293848549e-03
7.380634327939369910e-02 -3.130407137419022323e-03 3.616452918293848549e-03
7.380634327939369910e-02 -3.130407137419022323e-03 3.616452918293848549e-03
7.380634327939369910e-02 -3.130407137419022323e-03 3.616452918293848549e-03
7.380634327939369910e-02 -3.130407137419022323e-03 3.616452918293848549e-03
7.380634327939369910e-02 -3.130407137419022323e-03 3.616452918293848549e-03
-3.894892248565238763e-03 -6.755946548282763461e-03 1.076329304159634763e-03
-3.894892248565238763e-03 -6.755946548282763461e-03 1.076329304159634763e-03
-3.894892248565238763e-03 -6.755946548282763461e-03 1.076329304159634763e-03
-3.894892248565238763e-03 -6.755946548282763461e-03 1.076329304159634763e-03
-3.894892248565238763e-03 -6.755946548282763461e-03 1.076329304159634763e-03
-3.894892248565238763e-03 -6.755946548282763461e-03 1.076329304159634763e-03
-3.894892248565238763e-03 -6.755946548282763461e-03 1.076329304159634763e-03
-3.894892248565238763e-03 -6.755946548282763461e-03 1.076329304159634763e-03
2.936096834988332141e-02 -3.146310320385193454e-03 1.553989094192497963e-03
2.936096834988332141e-02 -3.146310320385193454e-03 1.553989094192497963e-03
2.936096834988332141e-02 -3.146310320385193454e-03 1.553989094192497963e-03
2.936096834988332141e-02 -3.146310320385193454e-03 1.553989094192497963e-03
2.936096834988332141e-02 -3.146310320385193454e-03 1.553989094192497963e-03
2.936096834988332141e-02 -3.146310320385193454e-03 1.553989094192497963e-03
2.936096834988332141e-02 -3.146310320385193454e-03 1.553989094192497963e-03
2.936096834988332141e-02 -3.146310320385193454e-03 1.553989094192497963e-03
4.266192018782688500e-02 -4.128060645793685257e-03 2.469448209669065052e-03
4.266192018782688500e-02 -4.128060645793685257e-03 2.469448209669065052e-03
4.266192018782688500e-02 -4.128060645793685257e-03 2.469448209669065052e-03
4.266192018782688500e-02 -4.128060645793685257e-03 2.469448209669065052e-03
4.266192018782688500e-02 -4.128060645793685257e-03 2.469448209669065052e-03
4.266192018782688500e-02 -4.128060645793685257e-03 2.469448209669065052e-03
4.266192018782688500e-02 -4.128060645793685257e-03 2.469448209669065052e-03
4.266192018782688500e-02 -4.128060645793685257e-03 2.469448209669065052e-03
4.266192018782688500e-02 -4.128060645793685257e-03 2.469448209669065052e-03
4.266192018782688500e-02 -4.128060645793685257e-03 2.469448209669065052e-03
4.266192018782688500e-02 -4.128060645793685257e-03 2.469448209669065052e-03
4.266192018782688500e-02 -4.128060645793685257e-03 2.469448209669065052e-03
4.266192018782688500e-02 -4.128060645793685257e-03 2.469448209669065052e-03
4.266192018782688500e-02 -4.128060645793685257e-03 2.469448209669065052e-03
4.266192018782688500e-02 -4.128060645793685257e-03 2.469448209669065052e-03
4.266192018782688500e-02 -4.128060645793685257e-03 2.469448209669065052e-03
-8.738528935614173210e-02 -2.711877828729988837e-03 -2.228953465227274770e-03
-8.738528935614173210e-02 -2.711877828729988837e-03 -2.228953465227274770e-03
-8.738528935614173210e-02 -2.711877828729988837e-03 -2.228953465227274770e-03
-8.738528935614173210e-02 -2.711877828729988837e-03 -2.228953465227274770e-03
-8.738528935614173210e-02 -2.711877828729988837e-03 -2.228953465227274770e-03
-8.738528935614173210e-02 -2.711877828729988837e-03 -2.228953465227274770e-03
-8.738528935614173210e-02 -2.711877828729988837e-03 -2.228953465227274770e-03
-8.738528935614173210e-02 -2.711877828729988837e-03 -2.228953465227274770e-03
-8.738528935614173210e-02 -2.711877828729988837e-03 -2.228953465227274770e-03
-8.738528935614173210e-02 -2.711877828729988837e-03 -2.228953465227274770e-03
-9.223255822812467114e-03 1.965421974670305584e-03 -8.001879726102380632e-04
-9.223255822812467114e-03 1.965421974670305584e-03 -8.001879726102380632e-04
-9.223255822812467114e-03 1.965421974670305584e-03 -8.001879726102380632e-04
-9.223255822812467114e-03 1.965421974670305584e-03 -8.001879726102380632e-04
-9.223255822812467114e-03 1.965421974670305584e-03 -8.001879726102380632e-04
-9.223255822812467114e-03 1.965421974670305584e-03 -8.001879726102380632e-04
-9.223255822812467114e-03 1.965421974670305584e-03 -8.001879726102380632e-04
-9.223255822812467114e-03 1.965421974670305584e-03 -8.001879726102380632e-04
-9.223255822812467114e-03 1.965421974670305584e-03 -8.001879726102380632e-04
-9.223255822812467114e-03 1.965421974670305584e-03 -8.001879726102380632e-04
-9.223255822812467114e-03 1.965421974670305584e-03 -8.001879726102380632e-04
-9.223255822812467114e-03 1.965421974670305584e-03 -8.001879726102380632e-04
7.349317625296540590e-02 -2.474811597993853592e-03 3.738582801422338491e-03
7.349317625296540590e-02 -2.474811597993853592e-03 3.738582801422338491e-03
7.349317625296540590e-02 -2.474811597993853592e-03 3.738582801422338491e-03
7.349317625296540590e-02 -2.474811597993853592e-03 3.738582801422338491e-03
7.349317625296540590e-02 -2.474811597993853592e-03 3.738582801422338491e-03
7.349317625296540590e-02 -2.474811597993853592e-03 3.738582801422338491e-03
7.349317625296540590e-02 -2.474811597993853592e-03 3.738582801422338491e-03
7.349317625296540590e-02 -2.474811597993853592e-03 3.738582801422338491e-03
7.349317625296540590e-02 -2.474811597993853592e-03 3.738582801422338491e-03
7.349317625296540590e-02 -2.474811597993853592e-03 3.738582801422338491e-03
7.349317625296540590e-02 -2.474811597993853592e-03 3.738582801422338491e-03
7.349317625296540590e-02 -2.474811597993853592e-03 3.738582801422338491e-03
7.349317625296540590e-02 -2.474811597993853592e-03 3.738582801422338491e-03
7.349317625296540590e-02 -2.474811597993853592e-03 3.738582801422338491e-03
7.349317625296540590e-02 -2.474811597993853592e-03 3.738582801422338491e-03
7.349317625296540590e-02 -2.474811597993853592e-03 3.738582801422338491e-03
-5.756331318599113012e-02 -8.504361905143750962e-04 -3.292880674783287172e-03
-5.756331318599113012e-02 -8.504361905143750962e-04 -3.292880674783287172e-03
-5.756331318599113012e-02 -8.504361905143750962e-04 -3.292880674783287172e-03
-5.756331318599113012e-02 -8.504361905143750962e-04 -3.292880674783287172e-03
-5.756331318599113012e-02 -8.504361905143750962e-04 -3.292880674783287172e-03
-5.756331318599113012e-02 -8.504361905143750962e-04 -3.292880674783287172e-03
-5.756331318599113012e-02 -8.504361905143750962e-04 -3.292880674783287172e-03
-5.756331318599113012e-02 -8.504361905143750962e-04 -3.292880674783287172e-03
-5.756331318599113012e-02 -8.504361905143750962e-04 -3.292880674783287172e-03
-5.756331318599113012e-02 -8.504361905143750962e-04 -3.292880674783287172e-03
-5.756331318599113012e-02 -8.504361905143750962e-04 -3.292880674783287172e-03
-5.756331318599113012e-02 -8.504361905143750962e-04 -3.292880674783287172e-03
-5.756331318599113012e-02 -8.504361905143750962e-04 -3.292880674783287172e-03
-5.756331318599113012e-02 -8.504361905143750962e-04 -3.292880674783287172e-03
-5.756331318599113012e-02 -8.504361905143750962e-04 -3.292880674783287172e-03
-5.756331318599113012e-02 -8.504361905143750962e-04 -3.292880674783287172e-03
-1.854439009709419467e-02 3.382573864758073572e-03 -1.400007098995356171e-03
-1.854439009709419467e-02 3.382573864758073572e-03 -1.400007098995356171e-03
-1.854439009709419467e-02 3.382573864758073572e-03 -1.400007098995356171e-03
-1.854439009709419467e-02 3.382573864758073572e-03 -1.400007098995356171e-03
-1.854439009709419467e-02 3.382573864758073572e-03 -1.400007098995356171e-03
-1.854439009709419467e-02 3.382573864758073572e-03 -1.400007098995356171e-03
-1.854439009709419467e-02 3.382573864758073572e-03 -1.400007098995356171e-03
-1.854439009709419467e-02 3.382573864758073572e-03 -1.400007098995356171e-03
-1.854439009709419467e-02 3.382573864758073572e-03 -1.400007098995356171e-03
-1.854439009709419467e-02 3.382573864758073572e-03 -1.400007098995356171e-03
-1.854439009709419467e-02 3.382573864758073572e-03 -1.400007098995356171e-03
-1.854439009709419467e-02 3.382573864758073572e-03 -1.400007098995356171e-03
-1.854439009709419467e-02 3.382573864758073572e-03 -1.400007098995356171e-03
-1.854439009709419467e-02 3.382573864758073572e-03 -1.400007098995356171e-03
-3.070095246878840750e-02 -5.777654466952383133e-03 -3.152849026442889431e-04
-3.070095246878840750e-02 -5.777654466952383133e-03 -3.152849026442889431e-04
-3.070095246878840750e-02 -5.777654466952383133e-03 -3.152849026442889431e-04
-3.070095246878840750e-02 -5.777654466952383133e-03 -3.152849026442889431e-04
-3.070095246878840750e-02 -5.777654466952383133e-03 -3.152849026442889431e-04
-3.070095246878840750e-02 -5.777654466952383133e-03 -3.152849026442889431e-04
-3.070095246878840750e-02 -5.777654466952383133e-03 -3.152849026442889431e-04
-3.070095246878840750e-02 -5.777654466952383133e-03 -3.152849026442889431e-04
-3.070095246878840750e-02 -5.777654466952383133e-03 -3.152849026442889431e-04
-3.070095246878840750e-02 -5.777654466952383133e-03 -3.152849026442889431e-04
-3.070095246878840750e-02 -5.777654466952383133e-03 -3.152849026442889431e-04
