1.535647699733731428e-02 -2.755011187099001141e-03 -2.812089186235533153e-02
1.535647699733731428e-02 -2.755011187099001141e-03 -2.812089186235533153e-02
1.535647699733731428e-02 -2.755011187099001141e-03 -2.812089186235533153e-02
1.535647699733731428e-02 -2.755011187099001141e-03 -2.812089186235533153e-02
1.535647699733731428e-02 -2.755011187099001141e-03 -2.812089186235533153e-02
1.535647699733731428e-02 -2.755011187099001141e-03 -2.812089186235533153e-02
1.535647699733731428e-02 -2.755011187099001141e-03 -2.812089186235533153e-02
1.535647699733731428e-02 -2.755011187099001141e-03 -2.812089186235533153e-02
1.535647699733731428e-02 -2.755011187099001141e-03 -2.812089186235533153e-02
1.535647699733731428e-02 -2.755011187099001141e-03 -2.812089186235533153e-02
1.535647699733731428e-02 -2.755011187099001141e-03 -2.812089186235533153e-02
1.535647699733731428e-02 -2.755011187099001141e-03 -2.812089186235533153e-02
1.535647699733731428e-02 -2.755011187099001141e-03 -2.812089186235533153e-02
1.535647699733731428e-02 -2.755011187099001141e-03 -2.812089186235533153e-02
1.535647699733731428e-02 -2.755011187099001141e-03 -2.812089186235533153e-02
6.142046208754397413e-03 -1.671439708173530492e-03 3.179555063169405005e-02
6.142046208754397413e-03 -1.671439708173530492e-03 3.179555063169405005e-02
6.142046208754397413e-03 -1.671439708173530492e-03 3.179555063169405005e-02
6.142046208754397413e-03 -1.671439708173530492e-03 3.179555063169405005e-02
6.142046208754397413e-03 -1.671439708173530492e-03 3.179555063169405005e-02
6.142046208754397413e-03 -1.671439708173530492e-03 3.179555063169405005e-02
6.142046208754397413e-03 -1.671439708173530492e-03 3.179555063169405005e-02
6.142046208754397413e-03 -1.671439708173530492e-03 3.179555063169405005e-02
6.142046208754397413e-03 -1.671439708173530492e-03 3.179555063169405005e-02
1.802525079715641340e-03 3.182000083973422766e-02 -2.915889504642461827e-02
1.802525079715641340e-03 3.182000083973422766e-02 -2.915889504642461827e-02
1.802525079715641340e-03 3.182000083973422766e-02 -2.915889504642461827e-02
1.802525079715641340e-03 3.182000083973422766e-02 -2.915889504642461827e-02
1.802525079715641340e-03 3.182000083973422766e-02 -2.915889504642461827e-02
1.802525079715641340e-03 3.182000083973422766e-02 -2.915889504642461827e-02
1.802525079715641340e-03 3.182000083973422766e-02 -2.915889504642461827e-02
1.802525079715641340e-03 3.182000083973422766e-02 -2.915889504642461827e-02
-1.585904481807925287e-02 -1.002805292075352461e-03 1.272774035438555169e-02
-1.585904481807925287e-02 -1.002805292075352461e-03 1.272774035438555169e-02
-1.585904481807925287e-02 -1.002805292075352461e-03 1.272774035438555169e-02
-1.585904481807925287e-02 -1.002805292075352461e-03 1.272774035438555169e-02
-1.585904481807925287e-02 -1.002805292075352461e-03 1.272774035438555169e-02
-1.585904481807925287e-02 -1.002805292075352461e-03 1.272774035438555169e-02
-1.585904481807925287e-02 -1.002805292075352461e-03 1.272774035438555169e-02
-1.585904481807925287e-02 -1.002805292075352461e-03 1.272774035438555169e-02
-1.585904481807925287e-02 -1.002805292075352461e-03 1.272774035438555169e-02
-1.585904481807925287e-02 -1.002805292075352461e-03 1.272774035438555169e-02
-1.585904481807925287e-02 -1.002805292075352461e-03 1.272774035438555169e-02
-1.585904481807925287e-02 -1.002805292075352461e-03 1.272774035438555169e-02
-1.585904481807925287e-02 -1.002805292075352461e-03 1.272774035438555169e-02
-1.585904481807925287e-02 -1.002805292075352461e-03 1.272774035438555169e-02
-1.585904481807925287e-02 -1.002805292075352461e-03 1.272774035438555169e-02
3.129401320202465642e-04 3.292345865509054698e-02 1.651266698966051202e-02
3.129401320202465642e-04 3.292345865509054698e-02 1.651266698966051202e-02
3.129401320202465642e-04 3.292345865509054698e-02 1.651266698966051202e-02
3.129401320202465642e-04 3.292345865509054698e-02 1.651266698966051202e-02
3.129401320202465642e-04 3.292345865509054698e-02 1.651266698966051202e-02
3.129401320202465642e-04 3.292345865509054698e-02 1.651266698966051202e-02
3.129401320202465642e-04 3.292345865509054698e-02 1.651266698966051202e-02
-3.482968563808825496e-03 -1.982522314924485551e-02 6.354045520697539084e-02
-3.482968563808825496e-03 -1.982522314924485551e-02 6.354045520697539084e-02
-3.482968563808825496e-03 -1.982522314924485551e-02 6.354045520697539084e-02
-3.482968563808825496e-03 -1.982522314924485551e-02 6.354045520697539084e-02
-3.482968563808825496e-03 -1.982522314924485551e-02 6.354045520697539084e-02
-3.482968563808825496e-03 -1.982522314924485551e-02 6.354045520697539084e-02
-3.482968563808825496e-03 -1.982522314924485551e-02 6.354045520697539084e-02
-3.482968563808825496e-03 -1.982522314924485551e-02 6.354045520697539084e-02
-3.482968563808825496e-03 -1.982522314924485551e-02 6.354045520697539084e-02
-3.482968563808825496e-03 -1.982522314924485551e-02 6.354045520697539084e-02
-3.482968563808825496e-03 -1.982522314924485551e-02 6.354045520697539084e-02
-3.482968563808825496e-03 -1.982522314924485551e-02 6.354045520697539084e-02
-3.482968563808825496e-03 -1.982522314924485551e-02 6.354045520697539084e-02
2.391951151536054337e-03 -9.092729892342412551e-03 -8.002242472834944498e-02
2.391951151536054337e-03 -9.092729892342412551e-03 -8.002242472834944498e-02
2.391951151536054337e-03 -9.092729892342412551e-03 -8.002242472834944498e-02
2.391951151536054337e-03 -9.092729892342412551e-03 -8.002242472834944498e-02
2.391951151536054337e-03 -9.092729892342412551e-03 -8.002242472834944498e-02
2.391951151536054337e-03 -9.092729892342412551e-03 -8.002242472834944498e-02
2.391951151536054337e-03 -9.092729892342412551e-03 -8.002242472834944498e-02
2.391951151536054337e-03 -9.092729892342412551e-03 -8.002242472834944498e-02
2.391951151536054337e-03 -9.092729892342412551e-03 -8.002242472834944498e-02
2.391951151536054337e-03 -9.092729892342412551e-03 -8.002242472834944498e-02
9.511190445484103695e-04 2.230838634924858788e-02 -6.281190836472379940e-03
9.511190445484103695e-04 2.230838634924858788e-02 -6.281190836472379940e-03
9.511190445484103695e-04 2.230838634924858788e-02 -6.281190836472379940e-03
9.511190445484103695e-04 2.230838634924858788e-02 -6.281190836472379940e-03
9.511190445484103695e-04 2.230838634924858788e-02 -6.281190836472379940e-03
9.511190445484103695e-04 2.230838634924858788e-02 -6.281190836472379940e-03
9.511190445484103695e-04 2.230838634924858788e-02 -6.281190836472379940e-03
9.511190445484103695e-04 2.230838634924858788e-02 -6.281190836472379940e-03
9.511190445484103695e-04 2.230838634924858788e-02 -6.281190836472379940e-03
9.511190445484103695e-04 2.230838634924858788e-02 -6.281190836472379940e-03
9.511190445484103695e-04 2.230838634924858788e-02 -6.281190836472379940e-03
9.511190445484103695e-04 2.230838634924858788e-02 -6.281190836472379940e-03
9.511190445484103695e-04 2.230838634924858788e-02 -6.281190836472379940e-03
9.511190445484103695e-04 2.230838634924858788e-02 -6.281190836472379940e-03
1.183223002761635279e-03 3.817711382675298415e-02 2.029352056931244767e-03
1.183223002761635279e-03 3.817711382675298415e-02 2.029352056931244767e-03
1.183223002761635279e-03 3.817711382675298415e-02 2.029352056931244767e-03
1.183223002761635279e-03 3.817711382675298415e-02 2.029352056931244767e-03
1.183223002761635279e-03 3.817711382675298415e-02 2.029352056931244767e-03
1.183223002761635279e-03 3.817711382675298415e-02 2.029352056931244767e-03
1.183223002761635279e-03 3.817711382675298415e-02 2.029352056931244767e-03
1.183223002761635279e-03 3.817711382675298415e-02 2.029352056931244767e-03
1.183223002761635279e-03 3.817711382675298415e-02 2.029352056931244767e-03
1.183223002761635279e-03 3.817711382675298415e-02 2.029352056931244767e-03
1.183223002761635279e-03 3.817711382675298415e-02 2.029352056931244767e-03
9.366813759188012678e-04 -3.882882525138864512e-03 -3.087165615825844187e-02
9.366813759188012678e-04 -3.882882525138864512e-03 -3.087165615825844187e-02
9.366813759188012678e-04 -3.882882525138864512e-03 -3.087165615825844187e-02
9.366813759188012678e-04 -3.882882525138864512e-03 -3.087165615825844187e-02
9.366813759188012678e-04 -3.882882525138864512e-03 -3.087165615825844187e-02
9.366813759188012678e-04 -3.882882525138864512e-03 -3.087165615825844187e-02
9.366813759188012678e-04 -3.882882525138864512e-03 -3.087165615825844187e-02
9.366813759188012678e-04 -3.882882525138864512e-03 -3.087165615825844187e-02
9.366813759188012678e-04 -3.882882525138864512e-03 -3.087165615825844187e-02
9.366813759188012678e-04 -3.882882525138864512e-03 -3.087165615825844187e-02
9.366813759188012678e-04 -3.882882525138864512e-03 -3.087165615825844187e-02
9.366813759188012678e-04 -3.882882525138864512e-03 -3.087165615825844187e-02
9.366813759188012678e-04 -3.882882525138864512e-03 -3.087165615825844187e-02
9.366813759188012678e-04 -3.882882525138864512e-03 -3.087165615825844187e-02
-1.487055664585320083e-03 -3.274796730107955994e-02 7.075499864034222493e-03
-1.487055664585320083e-03 -3.274796730107955994e-02 7.075499864034222493e-03
-1.487055664585320083e-03 -3.274796730107955994e-02 7.075499864034222493e-03
-1.487055664585320083e-03 -3.274796730107955994e-02 7.075499864034222493e-03
-1.487055664585320083e-03 -3.274796730107955994e-02 7.075499864034222493e-03
-1.487055664585320083e-03 -3.274796730107955994e-02 7.075499864034222493e-03
-1.487055664585320083e-03 -3.274796730107955994e-02 7.075499864034222493e-03
-1.487055664585320083e-03 -3.274796730107955994e-02 7.075499864034222493e-03
-1.487055664585320083e-03 -3.274796730107955994e-02 7.075499864034222493e-03
-1.487055664585320083e-03 -3.274796730107955994e-02 7.075499864034222493e-03
8.283218081234309388e-04 -3.051460588928073606e-05 -2.344541390423021329e-02
8.283218081234309388e-04 -3.051460588928073606e-05 -2.344541390423021329e-02
8.283218081234309388e-04 -3.051460588928073606e-05 -2.344541390423021329e-02
8.283218081234309388e-04 -3.051460588928073606e-05 -2.344541390423021329e-02
8.283218081234309388e-04 -3.051460588928073606e-05 -2.344541390423021329e-02
8.283218081234309388e-04 -3.051460588928073606e-05 -2.344541390423021329e-02
8.283218081234309388e-04 -3.051460588928073606e-05 -2.344541390423021329e-02
8.283218081234309388e-04 -3.051460588928073606e-05 -2.344541390423021329e-02
8.283218081234309388e-04 -3.051460588928073606e-05 -2.344541390423021329e-02
8.283218081234309388e-04 -3.051460588928073606e-05 -2.344541390423021329e-02
8.283218081234309388e-04 -3.051460588928073606e-05 -2.344541390423021329e-02
8.283218081234309388e-04 -3.051460588928073606e-05 -2.344541390423021329e-02
8.283218081234309388e-04 -3.051460588928073606e-05 -2.344541390423021329e-02
8.283218081234309388e-04 -3.051460588928073606e-05 -2.344541390423021329e-02
1.595279050055730188e-03 8.270252454251883142e-03 -3.645641542585570383e-02
1.595279050055730188e-03 8.270252454251883142e-03 -3.645641542585570383e-02
1.595279050055730188e-03 8.270252454251883142e-03 -3.645641542585570383e-02
1.595279050055730188e-03 8.270252454251883142e-03 -3.645641542585570383e-02
1.595279050055730188e-03 8.270252454251883142e-03 -3.645641542585570383e-02
1.595279050055730188e-03 8.270252454251883142e-03 -3.645641542585570383e-02
1.595279050055730188e-03 8.270252454251883142e-03 -3.645641542585570383e-02
1.595279050055730188e-03 8.270252454251883142e-03 -3.645641542585570383e-02
1.595279050055730188e-03 8.270252454251883142e-03 -3.645641542585570383e-02
1.595279050055730188e-03 8.270252454251883142e-03 -3.645641542585570383e-02
1.595279050055730188e-03 8.270252454251883142e-03 -3.645641542585570383e-02
1.595279050055730188e-03 8.270252454251883142e-03 -3.645641542585570383e-02
1.595279050055730188e-03 8.270252454251883142e-03 -3.645641542585570383e-02
1.595279050055730188e-03 8.270252454251883142e-03 -3.645641542585570383e-02
-1.404392618523787710e-02 -2.105326763405426793e-03 -4.195472282714356876e-02
-1.404392618523787710e-02 -2.105326763405426793e-03 -4.195472282714356876e-02
-1.404392618523787710e-02 -2.105326763405426793e-03 -4.195472282714356876e-02
-1.404392618523787710e-02 -2.105326763405426793e-03 -4.195472282714356876e-02
-1.404392618523787710e-02 -2.105326763405426793e-03 -4.195472282714356876e-02
-1.404392618523787710e-02 -2.105326763405426793e-03 -4.195472282714356876e-02
-1.404392618523787710e-02 -2.105326763405426793e-03 -4.195472282714356876e-02
-1.404392618523787710e-02 -2.105326763405426793e-03 -4.195472282714356876e-02
-1.404392618523787710e-02 -2.105326763405426793e-03 -4.195472282714356876e-02
-1.404392618523787710e-02 -2.105326763405426793e-03 -4.195472282714356876e-02
-1.404392618523787710e-02 -2.105326763405426793e-03 -4.195472282714356876e-02
1.495584626421775018e-03 3.544896816734037243e-03 -3.924223565059205276e-02
1.495584626421775018e-03 3.544896816734037243e-03 -3.924223565059205276e-02
1.495584626421775018e-03 3.544896816734037243e-03 -3.924223565059205276e-02
1.495584626421775018e-03 3.544896816734037243e-03 -3.924223565059205276e-02
1.495584626421775018e-03 3.544896816734037243e-03 -3.924223565059205276e-02
1.495584626421775018e-03 3.544896816734037243e-03 -3.924223565059205276e-02
1.495584626421775018e-03 3.544896816734037243e-03 -3.924223565059205276e-02
1.495584626421775018e-03 3.544896816734037243e-03 -3.924223565059205276e-02
1.495584626421775018e-03 3.544896816734037243e-03 -3.924223565059205276e-02
1.495584626421775018e-03 3.544896816734037243e-03 -3.924223565059205276e-02
1.495584626421775018e-03 3.544896816734037243e-03 -3.924223565059205276e-02
1.495584626421775018e-03 3.544896816734037243e-03 -3.924223565059205276e-02
1.495584626421775018e-03 3.544896816734037243e-03 -3.924223565059205276e-02
1.495584626421775018e-03 3.544896816734037243e-03 -3.924223565059205276e-02
1.496225304373020176e-03 -1.455213891288579392e-02 -6.019688671816948722e-02
1.496225304373020176e-03 -1.455213891288579392e-02 -6.019688671816948722e-02
1.496225304373020176e-03 -1.455213891288579392e-02 -6.019688671816948722e-02
1.496225304373020176e-03 -1.455213891288579392e-02 -6.019688671816948722e-02
1.496225304373020176e-03 -1.455213891288579392e-02 -6.019688671816948722e-02
1.496225304373020176e-03 -1.455213891288579392e-02 -6.019688671816948722e-02
1.496225304373020176e-03 -1.455213891288579392e-02 -6.019688671816948722e-02
1.496225304373020176e-03 -1.455213891288579392e-02 -6.019688671816948722e-02
1.496225304373020176e-03 -1.455213891288579392e-02 -6.019688671816948722e-02
1.496225304373020176e-03 -1.455213891288579392e-02 -6.019688671816948722e-02
1.496225304373020176e-03 -1.455213891288579392e-02 -6.019688671816948722e-02
1.496225304373020176e-03 -1.455213891288579392e-02 -6.019688671816948722e-02
1.496225304373020176e-03 -1.455213891288579392e-02 -6.019688671816948722e-02
1.496225304373020176e-03 -1.455213891288579392e-02 -6.019688671816948722e-02
2.705243442407405385e-03 3.620746651537307126e-02 -2.940409433095434941e-02
2.705243442407405385e-03 3.620746651537307126e-02 -2.940409433095434941e-02
2.705243442407405385e-03 3.620746651537307126e-02 -2.940409433095434941e-02
2.705243442407405385e-03 3.620746651537307126e-02 -2.940409433095434941e-02
2.705243442407405385e-03 3.620746651537307126e-02 -2.940409433095434941e-02
-2.195988846937581979e-03 3.228083373399735084e-02 6.671799348845261490e-02
-2.195988846937581979e-03 3.228083373399735084e-02 6.671799348845261490e-02
-2.195988846937581979e-03 3.228083373399735084e-02 6.671799348845261490e-02
-2.195988846937581979e-03 3.228083373399735084e-02 6.671799348845261490e-02
-2.195988846937581979e-03 3.228083373399735084e-02 6.671799348845261490e-02
-2.195988846937581979e-03 3.228083373399735084e-02 6.671799348845261490e-02
-2.195988846937581979e-03 3.228083373399735084e-02 6.671799348845261490e-02
-2.195988846937581979e-03 3.228083373399735084e-02 6.671799348845261490e-02
-2.195988846937581979e-03 3.228083373399735084e-02 6.671799348845261490e-02
-2.195988846937581979e-03 3.228083373399735084e-02 6.671799348845261490e-02
-2.195988846937581979e-03 3.228083373399735084e-02 6.671799348845261490e-02
-2.195988846937581979e-03 3.228083373399735084e-02 6.671799348845261490e-02
-2.195988846937581979e-03 3.228083373399735084e-02 6.671799348845261490e-02
1.723173276228753131e-03 9.431854998375880164e-03 -3.856418115808356306e-02
1.723173276228753131e-03 9.431854998375880164e-03 -3.856418115808356306e-02
1.723173276228753131e-03 9.431854998375880164e-03 -3.856418115808356306e-02
1.723173276228753131e-03 9.431854998375880164e-03 -3.856418115808356306e-02
1.723173276228753131e-03 9.431854998375880164e-03 -3.856418115808356306e-02
1.723173276228753131e-03 9.431854998375880164e-03 -3.856418115808356306e-02
1.723173276228753131e-03 9.431854998375880164e-03 -3.856418115808356306e-02
1.723173276228753131e-03 9.431854998375880164e-03 -3.856418115808356306e-02
1.723173276228753131e-03 9.431854998375880164e-03 -3.856418115808356306e-02
1.723173276228753131e-03 9.431854998375880164e-03 -3.856418115808356306e-02
1.723173276228753131e-03 9.431854998375880164e-03 -3.856418115808356306e-02
1.723173276228753131e-03 9.431854998375880164e-03 -3.856418115808356306e-02
1.723173276228753131e-03 9.431854998375880164e-03 -3.856418115808356306e-02
1.723173276228753131e-03 9.431854998375880164e-03 -3.856418115808356306e-02
