-1.985858262829325754e-04 -7.001040101132661314e-04 -1.566303950478010673e-02
-1.985858262829325754e-04 -7.001040101132661314e-04 -1.566303950478010673e-02
-1.985858262829325754e-04 -7.001040101132661314e-04 -1.566303950478010673e-02
-1.985858262829325754e-04 -7.001040101132661314e-04 -1.566303950478010673e-02
-1.985858262829325754e-04 -7.001040101132661314e-04 -1.566303950478010673e-02
-1.985858262829325754e-04 -7.001040101132661314e-04 -1.566303950478010673e-02
-1.985858262829325754e-04 -7.001040101132661314e-04 -1.566303950478010673e-02
-1.985858262829325754e-04 -7.001040101132661314e-04 -1.566303950478010673e-02
-1.985858262829325754e-04 -7.001040101132661314e-04 -1.566303950478010673e-02
-1.985858262829325754e-04 -7.001040101132661314e-04 -1.566303950478010673e-02
-1.985858262829325754e-04 -7.001040101132661314e-04 -1.566303950478010673e-02
-1.985858262829325754e-04 -7.001040101132661314e-04 -1.566303950478010673e-02
-1.985858262829325754e-04 -7.001040101132661314e-04 -1.566303950478010673e-02
-1.985858262829325754e-04 -7.001040101132661314e-04 -1.566303950478010673e-02
-5.962653109312272826e-05 -9.912488206356394327e-04 -1.618570407366057284e-02
-5.962653109312272826e-05 -9.912488206356394327e-04 -1.618570407366057284e-02
-5.962653109312272826e-05 -9.912488206356394327e-04 -1.618570407366057284e-02
-5.962653109312272826e-05 -9.912488206356394327e-04 -1.618570407366057284e-02
-5.962653109312272826e-05 -9.912488206356394327e-04 -1.618570407366057284e-02
-5.962653109312272826e-05 -9.912488206356394327e-04 -1.618570407366057284e-02
2.292357802049633381e-02 -1.085460504217435757e-02 1.949485828625702535e-02
-2.975837824279901553e-04 -5.817882329232099831e-04 -1.433634529839807742e-02
-2.975837824279901553e-04 -5.817882329232099831e-04 -1.433634529839807742e-02
-2.975837824279901553e-04 -5.817882329232099831e-04 -1.433634529839807742e-02
-2.975837824279901553e-04 -5.817882329232099831e-04 -1.433634529839807742e-02
-2.975837824279901553e-04 -5.817882329232099831e-04 -1.433634529839807742e-02
-2.975837824279901553e-04 -5.817882329232099831e-04 -1.433634529839807742e-02
-2.975837824279901553e-04 -5.817882329232099831e-04 -1.433634529839807742e-02
-2.975837824279901553e-04 -5.817882329232099831e-04 -1.433634529839807742e-02
-2.975837824279901553e-04 -5.817882329232099831e-04 -1.433634529839807742e-02
-2.975837824279901553e-04 -5.817882329232099831e-04 -1.433634529839807742e-02
-2.975837824279901553e-04 -5.817882329232099831e-04 -1.433634529839807742e-02
-2.975837824279901553e-04 -5.817882329232099831e-04 -1.433634529839807742e-02
-2.975837824279901553e-04 -5.817882329232099831e-04 -1.433634529839807742e-02
-2.975837824279901553e-04 -5.817882329232099831e-04 -1.433634529839807742e-02
-7.237192661286445672e-05 -9.075122269497769723e-04 -6.877169497268266311e-03
-7.237192661286445672e-05 -9.075122269497769723e-04 -6.877169497268266311e-03
-7.237192661286445672e-05 -9.075122269497769723e-04 -6.877169497268266311e-03
-7.237192661286445672e-05 -9.075122269497769723e-04 -6.877169497268266311e-03
-7.237192661286445672e-05 -9.075122269497769723e-04 -6.877169497268266311e-03
-7.237192661286445672e-05 -9.075122269497769723e-04 -6.877169497268266311e-03
-7.237192661286445672e-05 -9.075122269497769723e-04 -6.877169497268266311e-03
-7.237192661286445672e-05 -9.075122269497769723e-04 -6.877169497268266311e-03
-7.237192661286445672e-05 -9.075122269497769723e-04 -6.877169497268266311e-03
-7.237192661286445672e-05 -9.075122269497769723e-04 -6.877169497268266311e-03
-7.237192661286445672e-05 -9.075122269497769723e-04 -6.877169497268266311e-03
-7.237192661286445672e-05 -9.075122269497769723e-04 -6.877169497268266311e-03
-7.237192661286445672e-05 -9.075122269497769723e-04 -6.877169497268266311e-03
-7.237192661286445672e-05 -9.075122269497769723e-04 -6.877169497268266311e-03
-1.841267103975478131e-04 -6.662483334169792826e-04 -1.704545142987586720e-02
-1.841267103975478131e-04 -6.662483334169792826e-04 -1.704545142987586720e-02
-1.841267103975478131e-04 -6.662483334169792826e-04 -1.704545142987586720e-02
-1.841267103975478131e-04 -6.662483334169792826e-04 -1.704545142987586720e-02
-1.841267103975478131e-04 -6.662483334169792826e-04 -1.704545142987586720e-02
-1.841267103975478131e-04 -6.662483334169792826e-04 -1.704545142987586720e-02
-1.841267103975478131e-04 -6.662483334169792826e-04 -1.704545142987586720e-02
-1.841267103975478131e-04 -6.662483334169792826e-04 -1.704545142987586720e-02
-1.841267103975478131e-04 -6.662483334169792826e-04 -1.704545142987586720e-02
-1.841267103975478131e-04 -6.662483334169792826e-04 -1.704545142987586720e-02
-1.841267103975478131e-04 -6.662483334169792826e-04 -1.704545142987586720e-02
-1.841267103975478131e-04 -6.662483334169792826e-04 -1.704545142987586720e-02
-8.531063317274737920e-04 -8.973783295150774414e-04 -5.891226550792988317e-04
-8.531063317274737920e-04 -8.973783295150774414e-04 -5.891226550792988317e-04
-8.531063317274737920e-04 -8.973783295150774414e-04 -5.891226550792988317e-04
-8.531063317274737920e-04 -8.973783295150774414e-04 -5.891226550792988317e-04
-8.531063317274737920e-04 -8.973783295150774414e-04 -5.891226550792988317e-04
-8.531063317274737920e-04 -8.973783295150774414e-04 -5.891226550792988317e-04
-8.531063317274737920e-04 -8.973783295150774414e-04 -5.891226550792988317e-04
-8.531063317274737920e-04 -8.973783295150774414e-04 -5.891226550792988317e-04
-8.531063317274737920e-04 -8.973783295150774414e-04 -5.891226550792988317e-04
-8.531063317274737920e-04 -8.973783295150774414e-04 -5.891226550792988317e-04
-8.531063317274737920e-04 -8.973783295150774414e-04 -5.891226550792988317e-04
-8.531063317274737920e-04 -8.973783295150774414e-04 -5.891226550792988317e-04
-6.715170538312661063e-04 2.420582103843486876e-02 1.442683696738720350e-02
2.918397975493983859e-04 1.832342927702386090e-04 -1.069872866384691951e-02
2.918397975493983859e-04 1.832342927702386090e-04 -1.069872866384691951e-02
2.918397975493983859e-04 1.832342927702386090e-04 -1.069872866384691951e-02
2.918397975493983859e-04 1.832342927702386090e-04 -1.069872866384691951e-02
2.918397975493983859e-04 1.832342927702386090e-04 -1.069872866384691951e-02
2.918397975493983859e-04 1.832342927702386090e-04 -1.069872866384691951e-02
2.918397975493983859e-04 1.832342927702386090e-04 -1.069872866384691951e-02
2.918397975493983859e-04 1.832342927702386090e-04 -1.069872866384691951e-02
2.918397975493983859e-04 1.832342927702386090e-04 -1.069872866384691951e-02
2.918397975493983859e-04 1.832342927702386090e-04 -1.069872866384691951e-02
2.918397975493983859e-04 1.832342927702386090e-04 -1.069872866384691951e-02
2.918397975493983859e-04 1.832342927702386090e-04 -1.069872866384691951e-02
2.918397975493983859e-04 1.832342927702386090e-04 -1.069872866384691951e-02
2.918397975493983859e-04 1.832342927702386090e-04 -1.069872866384691951e-02
-5.255624976703392182e-05 -3.846355241524347050e-04 -1.477634374041314133e-02
-5.255624976703392182e-05 -3.846355241524347050e-04 -1.477634374041314133e-02
-5.255624976703392182e-05 -3.846355241524347050e-04 -1.477634374041314133e-02
-5.255624976703392182e-05 -3.846355241524347050e-04 -1.477634374041314133e-02
-5.255624976703392182e-05 -3.846355241524347050e-04 -1.477634374041314133e-02
-5.255624976703392182e-05 -3.846355241524347050e-04 -1.477634374041314133e-02
-5.255624976703392182e-05 -3.846355241524347050e-04 -1.477634374041314133e-02
-5.255624976703392182e-05 -3.846355241524347050e-04 -1.477634374041314133e-02
-5.255624976703392182e-05 -3.846355241524347050e-04 -1.477634374041314133e-02
-5.255624976703392182e-05 -3.846355241524347050e-04 -1.477634374041314133e-02
-5.255624976703392182e-05 -3.846355241524347050e-04 -1.477634374041314133e-02
-5.255624976703392182e-05 -3.846355241524347050e-04 -1.477634374041314133e-02
-5.255624976703392182e-05 -3.846355241524347050e-04 -1.477634374041314133e-02
-5.255624976703392182e-05 -3.846355241524347050e-04 -1.477634374041314133e-02
2.610849267098368318e-03 -2.569324153067207780e-02 1.555001219031743390e-02
2.497801962320236185e-02 -3.427245053580161779e-03 2.396287810502135962e-02
3.152476258570131862e-04 4.526562542723090027e-05 -6.288641014165553475e-03
3.152476258570131862e-04 4.526562542723090027e-05 -6.288641014165553475e-03
3.152476258570131862e-04 4.526562542723090027e-05 -6.288641014165553475e-03
3.152476258570131862e-04 4.526562542723090027e-05 -6.288641014165553475e-03
3.152476258570131862e-04 4.526562542723090027e-05 -6.288641014165553475e-03
3.152476258570131862e-04 4.526562542723090027e-05 -6.288641014165553475e-03
3.152476258570131862e-04 4.526562542723090027e-05 -6.288641014165553475e-03
3.152476258570131862e-04 4.526562542723090027e-05 -6.288641014165553475e-03
3.152476258570131862e-04 4.526562542723090027e-05 -6.288641014165553475e-03
3.152476258570131862e-04 4.526562542723090027e-05 -6.288641014165553475e-03
3.152476258570131862e-04 4.526562542723090027e-05 -6.288641014165553475e-03
3.152476258570131862e-04 4.526562542723090027e-05 -6.288641014165553475e-03
2.474511447101852835e-02 2.497479994486202087e-03 1.699622808538089197e-02
-1.209385170254542730e-02 -2.301790736509669658e-02 2.519530293494974885e-02
5.473909745821285699e-04 -4.529323587546645047e-04 9.266904721206212225e-03
5.473909745821285699e-04 -4.529323587546645047e-04 9.266904721206212225e-03
5.473909745821285699e-04 -4.529323587546645047e-04 9.266904721206212225e-03
5.473909745821285699e-04 -4.529323587546645047e-04 9.266904721206212225e-03
5.473909745821285699e-04 -4.529323587546645047e-04 9.266904721206212225e-03
5.473909745821285699e-04 -4.529323587546645047e-04 9.266904721206212225e-03
5.473909745821285699e-04 -4.529323587546645047e-04 9.266904721206212225e-03
5.473909745821285699e-04 -4.529323587546645047e-04 9.266904721206212225e-03
5.473909745821285699e-04 -4.529323587546645047e-04 9.266904721206212225e-03
5.473909745821285699e-04 -4.529323587546645047e-04 9.266904721206212225e-03
-5.370015961596430638e-03 -2.541237871770057194e-02 2.224462414751139649e-02
-9.278941177701836504e-04 8.511318308359432094e-04 -2.383290894870627660e-02
-9.278941177701836504e-04 8.511318308359432094e-04 -2.383290894870627660e-02
-9.278941177701836504e-04 8.511318308359432094e-04 -2.383290894870627660e-02
-9.278941177701836504e-04 8.511318308359432094e-04 -2.383290894870627660e-02
-9.278941177701836504e-04 8.511318308359432094e-04 -2.383290894870627660e-02
-9.278941177701836504e-04 8.511318308359432094e-04 -2.383290894870627660e-02
-9.278941177701836504e-04 8.511318308359432094e-04 -2.383290894870627660e-02
-9.278941177701836504e-04 8.511318308359432094e-04 -2.383290894870627660e-02
-1.080277758359683357e-03 3.574632950169298606e-05 1.201125302675578460e-02
-1.080277758359683357e-03 3.574632950169298606e-05 1.201125302675578460e-02
-1.080277758359683357e-03 3.574632950169298606e-05 1.201125302675578460e-02
-1.080277758359683357e-03 3.574632950169298606e-05 1.201125302675578460e-02
-1.080277758359683357e-03 3.574632950169298606e-05 1.201125302675578460e-02
-1.080277758359683357e-03 3.574632950169298606e-05 1.201125302675578460e-02
-1.080277758359683357e-03 3.574632950169298606e-05 1.201125302675578460e-02
-1.080277758359683357e-03 3.574632950169298606e-05 1.201125302675578460e-02
-1.080277758359683357e-03 3.574632950169298606e-05 1.201125302675578460e-02
1.326370999825908330e-02 2.034303590860393057e-02 1.359108413746784594e-02
-2.518707611679538161e-02 7.914170972397219055e-04 2.510815824656378176e-02
2.494292328216568544e-02 -6.549821911980059121e-04 1.644378348198339418e-02
-3.990536473258421424e-05 -2.693206108309921000e-04 1.702113176640674547e-02
-2.258503282664474365e-02 -1.192400412623444497e-02 1.947242112118783425e-02
-1.040141525946291362e-04 -4.480091487396591250e-04 4.071587425582133546e-03
-1.040141525946291362e-04 -4.480091487396591250e-04 4.071587425582133546e-03
-1.040141525946291362e-04 -4.480091487396591250e-04 4.071587425582133546e-03
-1.040141525946291362e-04 -4.480091487396591250e-04 4.071587425582133546e-03
-1.040141525946291362e-04 -4.480091487396591250e-04 4.071587425582133546e-03
-1.040141525946291362e-04 -4.480091487396591250e-04 4.071587425582133546e-03
-1.040141525946291362e-04 -4.480091487396591250e-04 4.071587425582133546e-03
-1.040141525946291362e-04 -4.480091487396591250e-04 4.071587425582133546e-03
-1.040141525946291362e-04 -4.480091487396591250e-04 4.071587425582133546e-03
-1.040141525946291362e-04 -4.480091487396591250e-04 4.071587425582133546e-03
-1.040141525946291362e-04 -4.480091487396591250e-04 4.071587425582133546e-03
-1.040141525946291362e-04 -4.480091487396591250e-04 4.071587425582133546e-03
-1.040141525946291362e-04 -4.480091487396591250e-04 4.071587425582133546e-03
-2.793753940830701055e-04 -7.152088334312165646e-04 -1.834784982377649087e-02
-2.793753940830701055e-04 -7.152088334312165646e-04 -1.834784982377649087e-02
-2.793753940830701055e-04 -7.152088334312165646e-04 -1.834784982377649087e-02
-2.793753940830701055e-04 -7.152088334312165646e-04 -1.834784982377649087e-02
-2.793753940830701055e-04 -7.152088334312165646e-04 -1.834784982377649087e-02
-2.793753940830701055e-04 -7.152088334312165646e-04 -1.834784982377649087e-02
-2.793753940830701055e-04 -7.152088334312165646e-04 -1.834784982377649087e-02
-2.793753940830701055e-04 -7.152088334312165646e-04 -1.834784982377649087e-02
-2.793753940830701055e-04 -7.152088334312165646e-04 -1.834784982377649087e-02
-2.793753940830701055e-04 -7.152088334312165646e-04 -1.834784982377649087e-02
-2.793753940830701055e-04 -7.152088334312165646e-04 -1.834784982377649087e-02
-2.793753940830701055e-04 -7.152088334312165646e-04 -1.834784982377649087e-02
-6.277122039720218864e-03 -2.513488333465475552e-02 1.808387323964626148e-02
2.366372189362214717e-02 8.428091120419613919e-03 3.096255833529416857e-02
2.366372189362214717e-02 8.428091120419613919e-03 3.096255833529416857e-02
-2.417646807791536123e-02 -8.291504115270666164e-03 2.662717628172092676e-02
4.863554146569549000e-03 -2.487323389645044319e-02 -6.755502174820193079e-03
-2.762781324181663029e-04 -1.119768184045740606e-03 -9.482470643470855380e-04
-2.762781324181663029e-04 -1.119768184045740606e-03 -9.482470643470855380e-04
-2.762781324181663029e-04 -1.119768184045740606e-03 -9.482470643470855380e-04
-2.762781324181663029e-04 -1.119768184045740606e-03 -9.482470643470855380e-04
-2.762781324181663029e-04 -1.119768184045740606e-03 -9.482470643470855380e-04
-2.762781324181663029e-04 -1.119768184045740606e-03 -9.482470643470855380e-04
-2.762781324181663029e-04 -1.119768184045740606e-03 -9.482470643470855380e-04
-2.762781324181663029e-04 -1.119768184045740606e-03 -9.482470643470855380e-04
-2.762781324181663029e-04 -1.119768184045740606e-03 -9.482470643470855380e-04
-2.762781324181663029e-04 -1.119768184045740606e-03 -9.482470643470855380e-04
-2.762781324181663029e-04 -1.119768184045740606e-03 -9.482470643470855380e-04
-2.762781324181663029e-04 -1.119768184045740606e-03 -9.482470643470855380e-04
-2.762781324181663029e-04 -1.119768184045740606e-03 -9.482470643470855380e-04
7.106454386491926900e-05 -3.921497506314984213e-04 -1.205902123932837966e-02
7.106454386491926900e-05 -3.921497506314984213e-04 -1.205902123932837966e-02
7.106454386491926900e-05 -3.921497506314984213e-04 -1.205902123932837966e-02
7.106454386491926900e-05 -3.921497506314984213e-04 -1.205902123932837966e-02
7.106454386491926900e-05 -3.921497506314984213e-04 -1.205902123932837966e-02
7.106454386491926900e-05 -3.921497506314984213e-04 -1.205902123932837966e-02
7.106454386491926900e-05 -3.921497506314984213e-04 -1.205902123932837966e-02
7.106454386491926900e-05 -3.921497506314984213e-04 -1.205902123932837966e-02
7.106454386491926900e-05 -3.921497506314984213e-04 -1.205902123932837966e-02
7.106454386491926900e-05 -3.921497506314984213e-04 -1.205902123932837966e-02
7.106454386491926900e-05 -3.921497506314984213e-04 -1.205902123932837966e-02
7.106454386491926900e-05 -3.921497506314984213e-04 -1.205902123932837966e-02
7.106454386491926900e-05 -3.921497506314984213e-04 -1.205902123932837966e-02
7.106454386491926900e-05 -3.921497506314984213e-04 -1.205902123932837966e-02
-1.433227850715229623e-04 -4.107088524447919178e-04 1.585785174159261637e-02
-1.433227850715229623e-04 -4.107088524447919178e-04 1.585785174159261637e-02
-2.475570572460603080e-02 4.089521817510453905e-03 2.285053855387644828e-02
