7.294831159172503621e-04 2.139943384904530177e-04 -1.388376697247281286e-02
7.294831159172503621e-04 2.139943384904530177e-04 -1.388376697247281286e-02
7.294831159172503621e-04 2.139943384904530177e-04 -1.388376697247281286e-02
7.294831159172503621e-04 2.139943384904530177e-04 -1.388376697247281286e-02
7.294831159172503621e-04 2.139943384904530177e-04 -1.388376697247281286e-02
7.294831159172503621e-04 2.139943384904530177e-04 -1.388376697247281286e-02
7.294831159172503621e-04 2.139943384904530177e-04 -1.388376697247281286e-02
7.294831159172503621e-04 2.139943384904530177e-04 -1.388376697247281286e-02
7.294831159172503621e-04 2.139943384904530177e-04 -1.388376697247281286e-02
7.294831159172503621e-04 2.139943384904530177e-04 -1.388376697247281286e-02
7.294831159172503621e-04 2.139943384904530177e-04 -1.388376697247281286e-02
7.294831159172503621e-04 2.139943384904530177e-04 -1.388376697247281286e-02
7.294831159172503621e-04 2.139943384904530177e-04 -1.388376697247281286e-02
7.294831159172503621e-04 2.139943384904530177e-04 -1.388376697247281286e-02
2.085923888303815865e-04 1.081255878276378424e-04 1.404845228345428555e-02
2.085923888303815865e-04 1.081255878276378424e-04 1.404845228345428555e-02
2.085923888303815865e-04 1.081255878276378424e-04 1.404845228345428555e-02
2.085923888303815865e-04 1.081255878276378424e-04 1.404845228345428555e-02
2.085923888303815865e-04 1.081255878276378424e-04 1.404845228345428555e-02
2.085923888303815865e-04 1.081255878276378424e-04 1.404845228345428555e-02
2.085923888303815865e-04 1.081255878276378424e-04 1.404845228345428555e-02
2.085923888303815865e-04 1.081255878276378424e-04 1.404845228345428555e-02
2.085923888303815865e-04 1.081255878276378424e-04 1.404845228345428555e-02
2.085923888303815865e-04 1.081255878276378424e-04 1.404845228345428555e-02
2.085923888303815865e-04 1.081255878276378424e-04 1.404845228345428555e-02
1.087835329233862933e-03 5.521721615123556526e-04 4.310060393585350182e-03
1.087835329233862933e-03 5.521721615123556526e-04 4.310060393585350182e-03
1.087835329233862933e-03 5.521721615123556526e-04 4.310060393585350182e-03
1.087835329233862933e-03 5.521721615123556526e-04 4.310060393585350182e-03
1.087835329233862933e-03 5.521721615123556526e-04 4.310060393585350182e-03
1.087835329233862933e-03 5.521721615123556526e-04 4.310060393585350182e-03
1.087835329233862933e-03 5.521721615123556526e-04 4.310060393585350182e-03
1.087835329233862933e-03 5.521721615123556526e-04 4.310060393585350182e-03
1.087835329233862933e-03 5.521721615123556526e-04 4.310060393585350182e-03
1.087835329233862933e-03 5.521721615123556526e-04 4.310060393585350182e-03
1.087835329233862933e-03 5.521721615123556526e-04 4.310060393585350182e-03
2.055392646326048307e-03 3.499216835297497274e-05 -2.126104008925376251e-02
2.055392646326048307e-03 3.499216835297497274e-05 -2.126104008925376251e-02
2.055392646326048307e-03 3.499216835297497274e-05 -2.126104008925376251e-02
2.055392646326048307e-03 3.499216835297497274e-05 -2.126104008925376251e-02
2.055392646326048307e-03 3.499216835297497274e-05 -2.126104008925376251e-02
2.055392646326048307e-03 3.499216835297497274e-05 -2.126104008925376251e-02
2.055392646326048307e-03 3.499216835297497274e-05 -2.126104008925376251e-02
2.055392646326048307e-03 3.499216835297497274e-05 -2.126104008925376251e-02
2.055392646326048307e-03 3.499216835297497274e-05 -2.126104008925376251e-02
2.055392646326048307e-03 3.499216835297497274e-05 -2.126104008925376251e-02
2.055392646326048307e-03 3.499216835297497274e-05 -2.126104008925376251e-02
2.055392646326048307e-03 3.499216835297497274e-05 -2.126104008925376251e-02
2.055392646326048307e-03 3.499216835297497274e-05 -2.126104008925376251e-02
2.055392646326048307e-03 3.499216835297497274e-05 -2.126104008925376251e-02
2.055392646326048307e-03 3.499216835297497274e-05 -2.126104008925376251e-02
-4.647939308753991361e-04 1.286226391465063179e-03 -5.667887920006772079e-04
-4.647939308753991361e-04 1.286226391465063179e-03 -5.667887920006772079e-04
-4.647939308753991361e-04 1.286226391465063179e-03 -5.667887920006772079e-04
-4.647939308753991361e-04 1.286226391465063179e-03 -5.667887920006772079e-04
-4.647939308753991361e-04 1.286226391465063179e-03 -5.667887920006772079e-04
-4.647939308753991361e-04 1.286226391465063179e-03 -5.667887920006772079e-04
-4.647939308753991361e-04 1.286226391465063179e-03 -5.667887920006772079e-04
-4.647939308753991361e-04 1.286226391465063179e-03 -5.667887920006772079e-04
-4.647939308753991361e-04 1.286226391465063179e-03 -5.667887920006772079e-04
-4.647939308753991361e-04 1.286226391465063179e-03 -5.667887920006772079e-04
-4.647939308753991361e-04 1.286226391465063179e-03 -5.667887920006772079e-04
-4.647939308753991361e-04 1.286226391465063179e-03 -5.667887920006772079e-04
1.505367496073975811e-03 1.699478800250352889e-03 -9.283207612940432701e-03
1.505367496073975811e-03 1.699478800250352889e-03 -9.283207612940432701e-03
1.505367496073975811e-03 1.699478800250352889e-03 -9.283207612940432701e-03
1.505367496073975811e-03 1.699478800250352889e-03 -9.283207612940432701e-03
1.505367496073975811e-03 1.699478800250352889e-03 -9.283207612940432701e-03
1.505367496073975811e-03 1.699478800250352889e-03 -9.283207612940432701e-03
1.505367496073975811e-03 1.699478800250352889e-03 -9.283207612940432701e-03
1.505367496073975811e-03 1.699478800250352889e-03 -9.283207612940432701e-03
1.505367496073975811e-03 1.699478800250352889e-03 -9.283207612940432701e-03
1.505367496073975811e-03 1.699478800250352889e-03 -9.283207612940432701e-03
1.505367496073975811e-03 1.699478800250352889e-03 -9.283207612940432701e-03
1.505367496073975811e-03 1.699478800250352889e-03 -9.283207612940432701e-03
1.505367496073975811e-03 1.699478800250352889e-03 -9.283207612940432701e-03
5.909451064365599249e-04 1.269837325026234448e-03 1.947633187827287754e-02
-2.061840814624148199e-04 7.624752459719358333e-04 -2.159780131396523209e-02
-2.061840814624148199e-04 7.624752459719358333e-04 -2.159780131396523209e-02
-2.061840814624148199e-04 7.624752459719358333e-04 -2.159780131396523209e-02
-2.061840814624148199e-04 7.624752459719358333e-04 -2.159780131396523209e-02
-2.061840814624148199e-04 7.624752459719358333e-04 -2.159780131396523209e-02
-2.061840814624148199e-04 7.624752459719358333e-04 -2.159780131396523209e-02
-2.061840814624148199e-04 7.624752459719358333e-04 -2.159780131396523209e-02
-2.061840814624148199e-04 7.624752459719358333e-04 -2.159780131396523209e-02
-2.061840814624148199e-04 7.624752459719358333e-04 -2.159780131396523209e-02
-2.061840814624148199e-04 7.624752459719358333e-04 -2.159780131396523209e-02
-2.061840814624148199e-04 7.624752459719358333e-04 -2.159780131396523209e-02
-2.061840814624148199e-04 7.624752459719358333e-04 -2.159780131396523209e-02
-2.061840814624148199e-04 7.624752459719358333e-04 -2.159780131396523209e-02
2.334236787366191293e-03 1.771361677582392047e-05 1.518171492599442590e-02
2.334236787366191293e-03 1.771361677582392047e-05 1.518171492599442590e-02
2.334236787366191293e-03 1.771361677582392047e-05 1.518171492599442590e-02
2.334236787366191293e-03 1.771361677582392047e-05 1.518171492599442590e-02
2.334236787366191293e-03 1.771361677582392047e-05 1.518171492599442590e-02
2.334236787366191293e-03 1.771361677582392047e-05 1.518171492599442590e-02
2.334236787366191293e-03 1.771361677582392047e-05 1.518171492599442590e-02
2.334236787366191293e-03 1.771361677582392047e-05 1.518171492599442590e-02
2.334236787366191293e-03 1.771361677582392047e-05 1.518171492599442590e-02
1.376438941657592840e-03 -1.029763405503180893e-03 -5.970868039100246313e-04
1.376438941657592840e-03 -1.029763405503180893e-03 -5.970868039100246313e-04
1.376438941657592840e-03 -1.029763405503180893e-03 -5.970868039100246313e-04
1.376438941657592840e-03 -1.029763405503180893e-03 -5.970868039100246313e-04
1.376438941657592840e-03 -1.029763405503180893e-03 -5.970868039100246313e-04
1.376438941657592840e-03 -1.029763405503180893e-03 -5.970868039100246313e-04
1.376438941657592840e-03 -1.029763405503180893e-03 -5.970868039100246313e-04
1.376438941657592840e-03 -1.029763405503180893e-03 -5.970868039100246313e-04
1.376438941657592840e-03 -1.029763405503180893e-03 -5.970868039100246313e-04
1.376438941657592840e-03 -1.029763405503180893e-03 -5.970868039100246313e-04
1.376438941657592840e-03 -1.029763405503180893e-03 -5.970868039100246313e-04
1.376438941657592840e-03 -1.029763405503180893e-03 -5.970868039100246313e-04
1.376438941657592840e-03 -1.029763405503180893e-03 -5.970868039100246313e-04
5.933653955427001508e-04 2.148390917074242956e-04 1.241830620492264965e-03
5.933653955427001508e-04 2.148390917074242956e-04 1.241830620492264965e-03
5.933653955427001508e-04 2.148390917074242956e-04 1.241830620492264965e-03
5.933653955427001508e-04 2.148390917074242956e-04 1.241830620492264965e-03
5.933653955427001508e-04 2.148390917074242956e-04 1.241830620492264965e-03
5.933653955427001508e-04 2.148390917074242956e-04 1.241830620492264965e-03
5.933653955427001508e-04 2.148390917074242956e-04 1.241830620492264965e-03
5.933653955427001508e-04 2.148390917074242956e-04 1.241830620492264965e-03
5.933653955427001508e-04 2.148390917074242956e-04 1.241830620492264965e-03
5.933653955427001508e-04 2.148390917074242956e-04 1.241830620492264965e-03
5.933653955427001508e-04 2.148390917074242956e-04 1.241830620492264965e-03
5.933653955427001508e-04 2.148390917074242956e-04 1.241830620492264965e-03
1.576132496424950680e-04 -8.072417719572900748e-04 -1.057336926084763082e-02
1.576132496424950680e-04 -8.072417719572900748e-04 -1.057336926084763082e-02
1.576132496424950680e-04 -8.072417719572900748e-04 -1.057336926084763082e-02
1.576132496424950680e-04 -8.072417719572900748e-04 -1.057336926084763082e-02
1.576132496424950680e-04 -8.072417719572900748e-04 -1.057336926084763082e-02
1.576132496424950680e-04 -8.072417719572900748e-04 -1.057336926084763082e-02
1.576132496424950680e-04 -8.072417719572900748e-04 -1.057336926084763082e-02
1.576132496424950680e-04 -8.072417719572900748e-04 -1.057336926084763082e-02
1.576132496424950680e-04 -8.072417719572900748e-04 -1.057336926084763082e-02
1.576132496424950680e-04 -8.072417719572900748e-04 -1.057336926084763082e-02
1.576132496424950680e-04 -8.072417719572900748e-04 -1.057336926084763082e-02
1.576132496424950680e-04 -8.072417719572900748e-04 -1.057336926084763082e-02
1.576132496424950680e-04 -8.072417719572900748e-04 -1.057336926084763082e-02
1.576132496424950680e-04 -8.072417719572900748e-04 -1.057336926084763082e-02
2.294391553959924598e-03 -2.396901801446188821e-03 -4.455158342744167978e-03
2.294391553959924598e-03 -2.396901801446188821e-03 -4.455158342744167978e-03
2.294391553959924598e-03 -2.396901801446188821e-03 -4.455158342744167978e-03
2.294391553959924598e-03 -2.396901801446188821e-03 -4.455158342744167978e-03
2.294391553959924598e-03 -2.396901801446188821e-03 -4.455158342744167978e-03
2.294391553959924598e-03 -2.396901801446188821e-03 -4.455158342744167978e-03
2.294391553959924598e-03 -2.396901801446188821e-03 -4.455158342744167978e-03
2.294391553959924598e-03 -2.396901801446188821e-03 -4.455158342744167978e-03
2.294391553959924598e-03 -2.396901801446188821e-03 -4.455158342744167978e-03
2.294391553959924598e-03 -2.396901801446188821e-03 -4.455158342744167978e-03
2.294391553959924598e-03 -2.396901801446188821e-03 -4.455158342744167978e-03
2.294391553959924598e-03 -2.396901801446188821e-03 -4.455158342744167978e-03
2.294391553959924598e-03 -2.396901801446188821e-03 -4.455158342744167978e-03
-1.037756726133173477e-03 -5.443477756907101617e-04 4.900392830709446703e-04
-1.037756726133173477e-03 -5.443477756907101617e-04 4.900392830709446703e-04
-1.037756726133173477e-03 -5.443477756907101617e-04 4.900392830709446703e-04
-1.037756726133173477e-03 -5.443477756907101617e-04 4.900392830709446703e-04
-1.037756726133173477e-03 -5.443477756907101617e-04 4.900392830709446703e-04
-1.037756726133173477e-03 -5.443477756907101617e-04 4.900392830709446703e-04
-1.037756726133173477e-03 -5.443477756907101617e-04 4.900392830709446703e-04
-1.037756726133173477e-03 -5.443477756907101617e-04 4.900392830709446703e-04
-1.037756726133173477e-03 -5.443477756907101617e-04 4.900392830709446703e-04
-1.037756726133173477e-03 -5.443477756907101617e-04 4.900392830709446703e-04
-1.037756726133173477e-03 -5.443477756907101617e-04 4.900392830709446703e-04
-1.037756726133173477e-03 -5.443477756907101617e-04 4.900392830709446703e-04
-1.037756726133173477e-03 -5.443477756907101617e-04 4.900392830709446703e-04
3.542864384456743954e-04 4.482312132702845689e-04 1.719273936079603396e-02
3.542864384456743954e-04 4.482312132702845689e-04 1.719273936079603396e-02
3.542864384456743954e-04 4.482312132702845689e-04 1.719273936079603396e-02
3.542864384456743954e-04 4.482312132702845689e-04 1.719273936079603396e-02
3.542864384456743954e-04 4.482312132702845689e-04 1.719273936079603396e-02
3.542864384456743954e-04 4.482312132702845689e-04 1.719273936079603396e-02
-2.745917788604841647e-04 -7.235746885111936366e-04 5.630792306046656683e-03
-2.745917788604841647e-04 -7.235746885111936366e-04 5.630792306046656683e-03
-2.745917788604841647e-04 -7.235746885111936366e-04 5.630792306046656683e-03
-2.745917788604841647e-04 -7.235746885111936366e-04 5.630792306046656683e-03
-2.745917788604841647e-04 -7.235746885111936366e-04 5.630792306046656683e-03
-2.745917788604841647e-04 -7.235746885111936366e-04 5.630792306046656683e-03
-2.745917788604841647e-04 -7.235746885111936366e-04 5.630792306046656683e-03
-2.745917788604841647e-04 -7.235746885111936366e-04 5.630792306046656683e-03
-2.745917788604841647e-04 -7.235746885111936366e-04 5.630792306046656683e-03
-2.745917788604841647e-04 -7.235746885111936366e-04 5.630792306046656683e-03
-2.745917788604841647e-04 -7.235746885111936366e-04 5.630792306046656683e-03
-2.745917788604841647e-04 -7.235746885111936366e-04 5.630792306046656683e-03
4.277429933717200039e-05 -1.023357082903872048e-03 -4.874727055993613098e-03
4.277429933717200039e-05 -1.023357082903872048e-03 -4.874727055993613098e-03
4.277429933717200039e-05 -1.023357082903872048e-03 -4.874727055993613098e-03
4.277429933717200039e-05 -1.023357082903872048e-03 -4.874727055993613098e-03
4.277429933717200039e-05 -1.023357082903872048e-03 -4.874727055993613098e-03
4.277429933717200039e-05 -1.023357082903872048e-03 -4.874727055993613098e-03
4.277429933717200039e-05 -1.023357082903872048e-03 -4.874727055993613098e-03
4.277429933717200039e-05 -1.023357082903872048e-03 -4.874727055993613098e-03
4.277429933717200039e-05 -1.023357082903872048e-03 -4.874727055993613098e-03
4.277429933717200039e-05 -1.023357082903872048e-03 -4.874727055993613098e-03
4.277429933717200039e-05 -1.023357082903872048e-03 -4.874727055993613098e-03
4.277429933717200039e-05 -1.023357082903872048e-03 -4.874727055993613098e-03
2.741770579288531351e-04 -1.450029516645006539e-04 -2.444208589796896883e-03
2.741770579288531351e-04 -1.450029516645006539e-04 -2.444208589796896883e-03
2.741770579288531351e-04 -1.450029516645006539e-04 -2.444208589796896883e-03
2.741770579288531351e-04 -1.450029516645006539e-04 -2.444208589796896883e-03
2.741770579288531351e-04 -1.450029516645006539e-04 -2.444208589796896883e-03
2.741770579288531351e-04 -1.450029516645006539e-04 -2.444208589796896883e-03
2.741770579288531351e-04 -1.450029516645006539e-04 -2.444208589796896883e-03
2.741770579288531351e-04 -1.450029516645006539e-04 -2.444208589796896883e-03
2.741770579288531351e-04 -1.450029516645006539e-04 -2.444208589796896883e-03
2.741770579288531351e-04 -1.450029516645006539e-04 -2.444208589796896883e-03
2.741770579288531351e-04 -1.450029516645006539e-04 -2.444208589796896883e-03
2.741770579288531351e-04 -1.450029516645006539e-04 -2.444208589796896883e-03
2.741770579288531351e-04 -1.450029516645006539e-04 -2.444208589796896883e-03
1.375436391965051408e-04 4.158137857711990959e-06 3.809097049590618074e-03
1.375436391965051408e-04 4.158137857711990959e-06 3.809097049590618074e-03
1.375436391965051408e-04 4.158137857711990959e-06 3.809097049590618074e-03
1.375436391965051408e-04 4.158137857711990959e-06 3.809097049590618074e-03
1.375436391965051408e-04 4.158137857711990959e-06 3.809097049590618074e-03
1.375436391965051408e-04 4.158137857711990959e-06 3.809097049590618074e-03
1.375436391965051408e-04 4.158137857711990959e-06 3.809097049590618074e-03
1.375436391965051408e-04 4.158137857711990959e-06 3.809097049590618074e-03
1.375436391965051408e-04 4.158137857711990959e-06 3.809097049590618074e-03
1.375436391965051408e-04 4.158137857711990959e-06 3.809097049590618074e-03
1.375436391965051408e-04 4.158137857711990959e-06 3.809097049590618074e-03
1.375436391965051408e-04 4.158137857711990959e-06 3.809097049590618074e-03
