2.834374983946568588e-02 -1.082894015341177713e-01 2.234754637499235946e-03
2.834374983946568588e-02 -1.082894015341177713e-01 2.234754637499235946e-03
2.834374983946568588e-02 -1.082894015341177713e-01 2.234754637499235946e-03
2.834374983946568588e-02 -1.082894015341177713e-01 2.234754637499235946e-03
2.834374983946568588e-02 -1.082894015341177713e-01 2.234754637499235946e-03
2.834374983946568588e-02 -1.082894015341177713e-01 2.234754637499235946e-03
2.834374983946568588e-02 -1.082894015341177713e-01 2.234754637499235946e-03
2.834374983946568588e-02 -1.082894015341177713e-01 2.234754637499235946e-03
2.834374983946568588e-02 -1.082894015341177713e-01 2.234754637499235946e-03
2.834374983946568588e-02 -1.082894015341177713e-01 2.234754637499235946e-03
2.834374983946568588e-02 -1.082894015341177713e-01 2.234754637499235946e-03
2.834374983946568588e-02 -1.082894015341177713e-01 2.234754637499235946e-03
2.834374983946568588e-02 -1.082894015341177713e-01 2.234754637499235946e-03
3.004122042577559229e-02 -3.985130429013303277e-02 -1.987440578134424055e-03
3.004122042577559229e-02 -3.985130429013303277e-02 -1.987440578134424055e-03
3.004122042577559229e-02 -3.985130429013303277e-02 -1.987440578134424055e-03
3.004122042577559229e-02 -3.985130429013303277e-02 -1.987440578134424055e-03
3.004122042577559229e-02 -3.985130429013303277e-02 -1.987440578134424055e-03
3.004122042577559229e-02 -3.985130429013303277e-02 -1.987440578134424055e-03
3.004122042577559229e-02 -3.985130429013303277e-02 -1.987440578134424055e-03
3.004122042577559229e-02 -3.985130429013303277e-02 -1.987440578134424055e-03
-4.222829894877700579e-03 -1.041018835302042478e-01 4.313797059181792570e-03
-4.222829894877700579e-03 -1.041018835302042478e-01 4.313797059181792570e-03
-4.222829894877700579e-03 -1.041018835302042478e-01 4.313797059181792570e-03
-4.222829894877700579e-03 -1.041018835302042478e-01 4.313797059181792570e-03
-4.222829894877700579e-03 -1.041018835302042478e-01 4.313797059181792570e-03
-4.222829894877700579e-03 -1.041018835302042478e-01 4.313797059181792570e-03
-4.222829894877700579e-03 -1.041018835302042478e-01 4.313797059181792570e-03
-4.222829894877700579e-03 -1.041018835302042478e-01 4.313797059181792570e-03
-4.222829894877700579e-03 -1.041018835302042478e-01 4.313797059181792570e-03
-4.222829894877700579e-03 -1.041018835302042478e-01 4.313797059181792570e-03
-4.222829894877700579e-03 -1.041018835302042478e-01 4.313797059181792570e-03
-4.222829894877700579e-03 -1.041018835302042478e-01 4.313797059181792570e-03
-4.222829894877700579e-03 -1.041018835302042478e-01 4.313797059181792570e-03
1.498417078243653722e-02 1.362834687950634661e-03 -6.869200540359794022e-04
1.498417078243653722e-02 1.362834687950634661e-03 -6.869200540359794022e-04
6.064433512211264005e-02 3.829331990305741285e-02 -1.356293793616139120e-03
6.064433512211264005e-02 3.829331990305741285e-02 -1.356293793616139120e-03
6.064433512211264005e-02 3.829331990305741285e-02 -1.356293793616139120e-03
-6.947581747497849625e-02 4.447331609991615059e-02 9.753987584615736450e-04
-6.947581747497849625e-02 4.447331609991615059e-02 9.753987584615736450e-04
-6.947581747497849625e-02 4.447331609991615059e-02 9.753987584615736450e-04
-6.947581747497849625e-02 4.447331609991615059e-02 9.753987584615736450e-04
-6.947581747497849625e-02 4.447331609991615059e-02 9.753987584615736450e-04
-6.947581747497849625e-02 4.447331609991615059e-02 9.753987584615736450e-04
-6.947581747497849625e-02 4.447331609991615059e-02 9.753987584615736450e-04
-6.947581747497849625e-02 4.447331609991615059e-02 9.753987584615736450e-04
-6.947581747497849625e-02 4.447331609991615059e-02 9.753987584615736450e-04
-6.947581747497849625e-02 4.447331609991615059e-02 9.753987584615736450e-04
-6.315717497889028476e-02 4.529532646711498245e-02 8.592716758462036475e-04
-6.315717497889028476e-02 4.529532646711498245e-02 8.592716758462036475e-04
-6.315717497889028476e-02 4.529532646711498245e-02 8.592716758462036475e-04
-6.315717497889028476e-02 4.529532646711498245e-02 8.592716758462036475e-04
-6.315717497889028476e-02 4.529532646711498245e-02 8.592716758462036475e-04
-6.315717497889028476e-02 4.529532646711498245e-02 8.592716758462036475e-04
-6.315717497889028476e-02 4.529532646711498245e-02 8.592716758462036475e-04
-6.315717497889028476e-02 4.529532646711498245e-02 8.592716758462036475e-04
-6.315717497889028476e-02 4.529532646711498245e-02 8.592716758462036475e-04
-6.315717497889028476e-02 4.529532646711498245e-02 8.592716758462036475e-04
-6.315717497889028476e-02 4.529532646711498245e-02 8.592716758462036475e-04
-6.315717497889028476e-02 4.529532646711498245e-02 8.592716758462036475e-04
-6.315717497889028476e-02 4.529532646711498245e-02 8.592716758462036475e-04
-6.315717497889028476e-02 4.529532646711498245e-02 8.592716758462036475e-04
5.894613283793755792e-03 -9.721140000338245046e-02 1.675687139036014309e-02
5.894613283793755792e-03 -9.721140000338245046e-02 1.675687139036014309e-02
3.921135703719026699e-02 -1.004341749932754491e-01 -6.733615192698640117e-04
3.921135703719026699e-02 -1.004341749932754491e-01 -6.733615192698640117e-04
3.921135703719026699e-02 -1.004341749932754491e-01 -6.733615192698640117e-04
3.921135703719026699e-02 -1.004341749932754491e-01 -6.733615192698640117e-04
3.921135703719026699e-02 -1.004341749932754491e-01 -6.733615192698640117e-04
3.921135703719026699e-02 -1.004341749932754491e-01 -6.733615192698640117e-04
3.921135703719026699e-02 -1.004341749932754491e-01 -6.733615192698640117e-04
3.921135703719026699e-02 -1.004341749932754491e-01 -6.733615192698640117e-04
3.921135703719026699e-02 -1.004341749932754491e-01 -6.733615192698640117e-04
1.881680755357405949e-02 -1.019979257249666871e-01 4.039485388389350839e-03
1.881680755357405949e-02 -1.019979257249666871e-01 4.039485388389350839e-03
1.881680755357405949e-02 -1.019979257249666871e-01 4.039485388389350839e-03
1.881680755357405949e-02 -1.019979257249666871e-01 4.039485388389350839e-03
1.881680755357405949e-02 -1.019979257249666871e-01 4.039485388389350839e-03
1.881680755357405949e-02 -1.019979257249666871e-01 4.039485388389350839e-03
1.881680755357405949e-02 -1.019979257249666871e-01 4.039485388389350839e-03
1.881680755357405949e-02 -1.019979257249666871e-01 4.039485388389350839e-03
1.881680755357405949e-02 -1.019979257249666871e-01 4.039485388389350839e-03
1.881680755357405949e-02 -1.019979257249666871e-01 4.039485388389350839e-03
1.881680755357405949e-02 -1.019979257249666871e-01 4.039485388389350839e-03
1.881680755357405949e-02 -1.019979257249666871e-01 4.039485388389350839e-03
1.881680755357405949e-02 -1.019979257249666871e-01 4.039485388389350839e-03
1.881680755357405949e-02 -1.019979257249666871e-01 4.039485388389350839e-03
-2.216154004410541070e-03 4.349967368285947988e-02 -8.251304572291194572e-04
-2.216154004410541070e-03 4.349967368285947988e-02 -8.251304572291194572e-04
1.952259744894984175e-02 4.388348409183620569e-02 -1.336925474800378794e-03
1.952259744894984175e-02 4.388348409183620569e-02 -1.336925474800378794e-03
1.952259744894984175e-02 4.388348409183620569e-02 -1.336925474800378794e-03
1.952259744894984175e-02 4.388348409183620569e-02 -1.336925474800378794e-03
1.952259744894984175e-02 4.388348409183620569e-02 -1.336925474800378794e-03
1.952259744894984175e-02 4.388348409183620569e-02 -1.336925474800378794e-03
1.952259744894984175e-02 4.388348409183620569e-02 -1.336925474800378794e-03
1.952259744894984175e-02 4.388348409183620569e-02 -1.336925474800378794e-03
1.952259744894984175e-02 4.388348409183620569e-02 -1.336925474800378794e-03
1.952259744894984175e-02 4.388348409183620569e-02 -1.336925474800378794e-03
1.952259744894984175e-02 4.388348409183620569e-02 -1.336925474800378794e-03
1.952259744894984175e-02 4.388348409183620569e-02 -1.336925474800378794e-03
1.952259744894984175e-02 4.388348409183620569e-02 -1.336925474800378794e-03
1.952259744894984175e-02 4.388348409183620569e-02 -1.336925474800378794e-03
-4.133868925919162440e-02 4.508863154948464930e-02 9.473929173181676322e-04
-4.133868925919162440e-02 4.508863154948464930e-02 9.473929173181676322e-04
-3.777049050795823482e-02 4.426789942741181372e-02 1.078515456454173446e-03
-3.777049050795823482e-02 4.426789942741181372e-02 1.078515456454173446e-03
-3.777049050795823482e-02 4.426789942741181372e-02 1.078515456454173446e-03
-3.777049050795823482e-02 4.426789942741181372e-02 1.078515456454173446e-03
-3.777049050795823482e-02 4.426789942741181372e-02 1.078515456454173446e-03
-3.777049050795823482e-02 4.426789942741181372e-02 1.078515456454173446e-03
-3.777049050795823482e-02 4.426789942741181372e-02 1.078515456454173446e-03
-3.777049050795823482e-02 4.426789942741181372e-02 1.078515456454173446e-03
-3.777049050795823482e-02 4.426789942741181372e-02 1.078515456454173446e-03
-3.777049050795823482e-02 4.426789942741181372e-02 1.078515456454173446e-03
-3.777049050795823482e-02 4.426789942741181372e-02 1.078515456454173446e-03
1.178117050703626940e-02 4.045070000506377494e-02 8.035261869160544024e-05
1.178117050703626940e-02 4.045070000506377494e-02 8.035261869160544024e-05
1.178117050703626940e-02 4.045070000506377494e-02 8.035261869160544024e-05
1.178117050703626940e-02 4.045070000506377494e-02 8.035261869160544024e-05
1.178117050703626940e-02 4.045070000506377494e-02 8.035261869160544024e-05
5.130843982906776318e-03 4.973408905965143179e-02 -2.189567940527603618e-05
5.130843982906776318e-03 4.973408905965143179e-02 -2.189567940527603618e-05
5.130843982906776318e-03 4.973408905965143179e-02 -2.189567940527603618e-05
5.130843982906776318e-03 4.973408905965143179e-02 -2.189567940527603618e-05
5.130843982906776318e-03 4.973408905965143179e-02 -2.189567940527603618e-05
5.130843982906776318e-03 4.973408905965143179e-02 -2.189567940527603618e-05
5.130843982906776318e-03 4.973408905965143179e-02 -2.189567940527603618e-05
5.130843982906776318e-03 4.973408905965143179e-02 -2.189567940527603618e-05
5.130843982906776318e-03 4.973408905965143179e-02 -2.189567940527603618e-05
5.130843982906776318e-03 4.973408905965143179e-02 -2.189567940527603618e-05
5.130843982906776318e-03 4.973408905965143179e-02 -2.189567940527603618e-05
5.130843982906776318e-03 4.973408905965143179e-02 -2.189567940527603618e-05
5.130843982906776318e-03 4.973408905965143179e-02 -2.189567940527603618e-05
5.130843982906776318e-03 4.973408905965143179e-02 -2.189567940527603618e-05
3.008487152391815106e-02 -4.395324019700351525e-02 3.268977180953796385e-04
3.008487152391815106e-02 -4.395324019700351525e-02 3.268977180953796385e-04
3.008487152391815106e-02 -4.395324019700351525e-02 3.268977180953796385e-04
3.008487152391815106e-02 -4.395324019700351525e-02 3.268977180953796385e-04
3.008487152391815106e-02 -4.395324019700351525e-02 3.268977180953796385e-04
3.008487152391815106e-02 -4.395324019700351525e-02 3.268977180953796385e-04
2.340818937297450830e-02 -1.348572869024771727e-02 7.759980955873886643e-05
2.340818937297450830e-02 -1.348572869024771727e-02 7.759980955873886643e-05
2.340818937297450830e-02 -1.348572869024771727e-02 7.759980955873886643e-05
2.340818937297450830e-02 -1.348572869024771727e-02 7.759980955873886643e-05
2.340818937297450830e-02 -1.348572869024771727e-02 7.759980955873886643e-05
2.340818937297450830e-02 -1.348572869024771727e-02 7.759980955873886643e-05
2.340818937297450830e-02 -1.348572869024771727e-02 7.759980955873886643e-05
2.340818937297450830e-02 -1.348572869024771727e-02 7.759980955873886643e-05
-3.771105125404747294e-02 4.532768348352896742e-02 8.152101984499841164e-04
-3.771105125404747294e-02 4.532768348352896742e-02 8.152101984499841164e-04
-3.771105125404747294e-02 4.532768348352896742e-02 8.152101984499841164e-04
-3.771105125404747294e-02 4.532768348352896742e-02 8.152101984499841164e-04
-3.771105125404747294e-02 4.532768348352896742e-02 8.152101984499841164e-04
-3.771105125404747294e-02 4.532768348352896742e-02 8.152101984499841164e-04
-3.771105125404747294e-02 4.532768348352896742e-02 8.152101984499841164e-04
-3.771105125404747294e-02 4.532768348352896742e-02 8.152101984499841164e-04
-3.771105125404747294e-02 4.532768348352896742e-02 8.152101984499841164e-04
-3.771105125404747294e-02 4.532768348352896742e-02 8.152101984499841164e-04
-3.771105125404747294e-02 4.532768348352896742e-02 8.152101984499841164e-04
2.740144605890029381e-02 1.131602179589654908e-02 -8.788094106879475523e-04
2.740144605890029381e-02 1.131602179589654908e-02 -8.788094106879475523e-04
2.740144605890029381e-02 1.131602179589654908e-02 -8.788094106879475523e-04
-2.066656438422415781e-02 -9.874732957744672412e-02 6.067913556812957153e-03
-2.066656438422415781e-02 -9.874732957744672412e-02 6.067913556812957153e-03
-2.066656438422415781e-02 -9.874732957744672412e-02 6.067913556812957153e-03
-2.066656438422415781e-02 -9.874732957744672412e-02 6.067913556812957153e-03
-2.066656438422415781e-02 -9.874732957744672412e-02 6.067913556812957153e-03
-2.066656438422415781e-02 -9.874732957744672412e-02 6.067913556812957153e-03
-2.066656438422415781e-02 -9.874732957744672412e-02 6.067913556812957153e-03
-2.066656438422415781e-02 -9.874732957744672412e-02 6.067913556812957153e-03
-2.066656438422415781e-02 -9.874732957744672412e-02 6.067913556812957153e-03
-2.066656438422415781e-02 -9.874732957744672412e-02 6.067913556812957153e-03
-2.066656438422415781e-02 -9.874732957744672412e-02 6.067913556812957153e-03
-2.066656438422415781e-02 -9.874732957744672412e-02 6.067913556812957153e-03
-2.066656438422415781e-02 -9.874732957744672412e-02 6.067913556812957153e-03
-2.066656438422415781e-02 -9.874732957744672412e-02 6.067913556812957153e-03
-2.157944888321745511e-02 4.361568049558227356e-02 5.105495141569625639e-05
-2.157944888321745511e-02 4.361568049558227356e-02 5.105495141569625639e-05
-2.157944888321745511e-02 4.361568049558227356e-02 5.105495141569625639e-05
-2.157944888321745511e-02 4.361568049558227356e-02 5.105495141569625639e-05
-2.157944888321745511e-02 4.361568049558227356e-02 5.105495141569625639e-05
-2.157944888321745511e-02 4.361568049558227356e-02 5.105495141569625639e-05
-2.157944888321745511e-02 4.361568049558227356e-02 5.105495141569625639e-05
-2.157944888321745511e-02 4.361568049558227356e-02 5.105495141569625639e-05
-2.157944888321745511e-02 4.361568049558227356e-02 5.105495141569625639e-05
-2.157944888321745511e-02 4.361568049558227356e-02 5.105495141569625639e-05
-2.157944888321745511e-02 4.361568049558227356e-02 5.105495141569625639e-05
-2.157944888321745511e-02 4.361568049558227356e-02 5.105495141569625639e-05
-2.157944888321745511e-02 4.361568049558227356e-02 5.105495141569625639e-05
-6.199309518994257362e-02 4.385428368295678919e-02 2.285323841210099537e-03
-6.199309518994257362e-02 4.385428368295678919e-02 2.285323841210099537e-03
-6.199309518994257362e-02 4.385428368295678919e-02 2.285323841210099537e-03
-6.199309518994257362e-02 4.385428368295678919e-02 2.285323841210099537e-03
-6.199309518994257362e-02 4.385428368295678919e-02 2.285323841210099537e-03
-6.199309518994257362e-02 4.385428368295678919e-02 2.285323841210099537e-03
-6.199309518994257362e-02 4.385428368295678919e-02 2.285323841210099537e-03
-6.199309518994257362e-02 4.385428368295678919e-02 2.285323841210099537e-03
-6.199309518994257362e-02 4.385428368295678919e-02 2.285323841210099537e-03
-6.199309518994257362e-02 4.385428368295678919e-02 2.285323841210099537e-03
-6.199309518994257362e-02 4.385428368295678919e-02 2.285323841210099537e-03
-6.199309518994257362e-02 4.385428368295678919e-02 2.285323841210099537e-03
2.677228422245745559e-02 4.485254712192499049e-02 -1.612053015084902521e-03
2.677228422245745559e-02 4.485254712192499049e-02 -1.612053015084902521e-03
2.677228422245745559e-02 4.485254712192499049e-02 -1.612053015084902521e-03
2.677228422245745559e-02 4.485254712192499049e-02 -1.612053015084902521e-03
2.677228422245745559e-02 4.485254712192499049e-02 -1.612053015084902521e-03
2.677228422245745559e-02 4.485254712192499049e-02 -1.612053015084902521e-03
2.677228422245745559e-02 4.485254712192499049e-02 -1.612053015084902521e-03
2.677228422245745559e-02 4.485254712192499049e-02 -1.612053015084902521e-03
2.677228422245745559e-02 4.485254712192499049e-02 -1.612053015084902521e-03
2.677228422245745559e-02 4.485254712192499049e-02 -1.612053015084902521e-03
2.677228422245745559e-02 4.485254712192499049e-02 -1.612053015084902521e-03
2.677228422245745559e-02 4.485254712192499049e-02 -1.612053015084902521e-03
2.677228422245745559e-02 4.485254712192499049e-02 -1.612053015084902521e-03
3.181597480885973994e-02 -4.736325944269743210e-02 4.820348315338392892e-04
3.181597480885973994e-02 -4.736325944269743210e-02 4.820348315338392892e-04
3.181597480885973994e-02 -4.736325944269743210e-02 4.820348315338392892e-04
3.181597480885973994e-02 -4.736325944269743210e-02 4.820348315338392892e-04
3.181597480885973994e-02 -4.736325944269743210e-02 4.820348315338392892e-04
3.181597480885973994e-02 -4.736325944269743210e-02 4.820348315338392892e-04
3.181597480885973994e-02 -4.736325944269743210e-02 4.820348315338392892e-04
3.181597480885973994e-02 -4.736325944269743210e-02 4.820348315338392892e-04
2.241392114185417409e-02 -3.287531680352452634e-02 -3.120422749299488208e-05
2.241392114185417409e-02 -3.287531680352452634e-02 -3.120422749299488208e-05
2.241392114185417409e-02 -3.287531680352452634e-02 -3.120422749299488208e-05
2.241392114185417409e-02 -3.287531680352452634e-02 -3.120422749299488208e-05
2.241392114185417409e-02 -3.287531680352452634e-02 -3.120422749299488208e-05
2.241392114185417409e-02 -3.287531680352452634e-02 -3.120422749299488208e-05
2.241392114185417409e-02 -3.287531680352452634e-02 -3.120422749299488208e-05
2.241392114185417409e-02 -3.287531680352452634e-02 -3.120422749299488208e-05
-7.924121072575771030e-02 4.457928879051059612e-02 2.062020419366436888e-03
-7.924121072575771030e-02 4.457928879051059612e-02 2.062020419366436888e-03
-7.924121072575771030e-02 4.457928879051059612e-02 2.062020419366436888e-03
-7.924121072575771030e-02 4.457928879051059612e-02 2.062020419366436888e-03
-7.924121072575771030e-02 4.457928879051059612e-02 2.062020419366436888e-03
-7.924121072575771030e-02 4.457928879051059612e-02 2.062020419366436888e-03
-7.924121072575771030e-02 4.457928879051059612e-02 2.062020419366436888e-03
-7.924121072575771030e-02 4.457928879051059612e-02 2.062020419366436888e-03
-7.924121072575771030e-02 4.457928879051059612e-02 2.062020419366436888e-03
-7.924121072575771030e-02 4.457928879051059612e-02 2.062020419366436888e-03
-7.924121072575771030e-02 4.457928879051059612e-02 2.062020419366436888e-03
-7.924121072575771030e-02 4.457928879051059612e-02 2.062020419366436888e-03
-7.924121072575771030e-02 4.457928879051059612e-02 2.062020419366436888e-03
-3.755565075226637017e-02 4.483143140272002197e-02 1.168197146005245379e-03
-3.755565075226637017e-02 4.483143140272002197e-02 1.168197146005245379e-03
