3.620149676251185195e-02 -3.539635263345661254e-02 1.168334167343987665e-03
3.620149676251185195e-02 -3.539635263345661254e-02 1.168334167343987665e-03
3.620149676251185195e-02 -3.539635263345661254e-02 1.168334167343987665e-03
3.620149676251185195e-02 -3.539635263345661254e-02 1.168334167343987665e-03
3.620149676251185195e-02 -3.539635263345661254e-02 1.168334167343987665e-03
3.620149676251185195e-02 -3.539635263345661254e-02 1.168334167343987665e-03
3.620149676251185195e-02 -3.539635263345661254e-02 1.168334167343987665e-03
3.620149676251185195e-02 -3.539635263345661254e-02 1.168334167343987665e-03
3.620149676251185195e-02 -3.539635263345661254e-02 1.168334167343987665e-03
3.620149676251185195e-02 -3.539635263345661254e-02 1.168334167343987665e-03
3.620149676251185195e-02 -3.539635263345661254e-02 1.168334167343987665e-03
3.620149676251185195e-02 -3.539635263345661254e-02 1.168334167343987665e-03
3.620149676251185195e-02 -3.539635263345661254e-02 1.168334167343987665e-03
3.620149676251185195e-02 -3.539635263345661254e-02 1.168334167343987665e-03
3.620149676251185195e-02 -3.539635263345661254e-02 1.168334167343987665e-03
3.620149676251185195e-02 -3.539635263345661254e-02 1.168334167343987665e-03
-1.578821776041804126e-02 1.418632015180371249e-02 -2.278915591253556812e-03
-1.578821776041804126e-02 1.418632015180371249e-02 -2.278915591253556812e-03
-1.578821776041804126e-02 1.418632015180371249e-02 -2.278915591253556812e-03
-1.578821776041804126e-02 1.418632015180371249e-02 -2.278915591253556812e-03
-1.578821776041804126e-02 1.418632015180371249e-02 -2.278915591253556812e-03
-1.578821776041804126e-02 1.418632015180371249e-02 -2.278915591253556812e-03
-1.578821776041804126e-02 1.418632015180371249e-02 -2.278915591253556812e-03
-1.578821776041804126e-02 1.418632015180371249e-02 -2.278915591253556812e-03
-1.578821776041804126e-02 1.418632015180371249e-02 -2.278915591253556812e-03
-1.578821776041804126e-02 1.418632015180371249e-02 -2.278915591253556812e-03
-1.578821776041804126e-02 1.418632015180371249e-02 -2.278915591253556812e-03
-1.578821776041804126e-02 1.418632015180371249e-02 -2.278915591253556812e-03
-2.346571355220780728e-03 1.925214304447676016e-03 -7.869481622538865295e-04
-2.346571355220780728e-03 1.925214304447676016e-03 -7.869481622538865295e-04
-2.346571355220780728e-03 1.925214304447676016e-03 -7.869481622538865295e-04
-2.346571355220780728e-03 1.925214304447676016e-03 -7.869481622538865295e-04
-2.346571355220780728e-03 1.925214304447676016e-03 -7.869481622538865295e-04
-2.346571355220780728e-03 1.925214304447676016e-03 -7.869481622538865295e-04
-2.346571355220780728e-03 1.925214304447676016e-03 -7.869481622538865295e-04
-2.346571355220780728e-03 1.925214304447676016e-03 -7.869481622538865295e-04
-2.346571355220780728e-03 1.925214304447676016e-03 -7.869481622538865295e-04
-2.346571355220780728e-03 1.925214304447676016e-03 -7.869481622538865295e-04
3.548164185624445854e-02 -3.830886242016111332e-02 1.776766323358337438e-03
3.548164185624445854e-02 -3.830886242016111332e-02 1.776766323358337438e-03
3.548164185624445854e-02 -3.830886242016111332e-02 1.776766323358337438e-03
3.548164185624445854e-02 -3.830886242016111332e-02 1.776766323358337438e-03
3.548164185624445854e-02 -3.830886242016111332e-02 1.776766323358337438e-03
3.548164185624445854e-02 -3.830886242016111332e-02 1.776766323358337438e-03
3.548164185624445854e-02 -3.830886242016111332e-02 1.776766323358337438e-03
3.548164185624445854e-02 -3.830886242016111332e-02 1.776766323358337438e-03
3.548164185624445854e-02 -3.830886242016111332e-02 1.776766323358337438e-03
3.548164185624445854e-02 -3.830886242016111332e-02 1.776766323358337438e-03
3.548164185624445854e-02 -3.830886242016111332e-02 1.776766323358337438e-03
3.548164185624445854e-02 -3.830886242016111332e-02 1.776766323358337438e-03
3.548164185624445854e-02 -3.830886242016111332e-02 1.776766323358337438e-03
3.548164185624445854e-02 -3.830886242016111332e-02 1.776766323358337438e-03
3.548164185624445854e-02 -3.830886242016111332e-02 1.776766323358337438e-03
3.548164185624445854e-02 -3.830886242016111332e-02 1.776766323358337438e-03
-1.685142196802447145e-02 1.684528236428251002e-02 -2.692352777992701365e-03
-1.685142196802447145e-02 1.684528236428251002e-02 -2.692352777992701365e-03
-1.685142196802447145e-02 1.684528236428251002e-02 -2.692352777992701365e-03
-1.685142196802447145e-02 1.684528236428251002e-02 -2.692352777992701365e-03
-1.685142196802447145e-02 1.684528236428251002e-02 -2.692352777992701365e-03
-1.685142196802447145e-02 1.684528236428251002e-02 -2.692352777992701365e-03
-1.685142196802447145e-02 1.684528236428251002e-02 -2.692352777992701365e-03
-1.685142196802447145e-02 1.684528236428251002e-02 -2.692352777992701365e-03
3.228032453339746422e-02 -2.813445983775052575e-02 -7.236868818351997745e-04
3.228032453339746422e-02 -2.813445983775052575e-02 -7.236868818351997745e-04
3.228032453339746422e-02 -2.813445983775052575e-02 -7.236868818351997745e-04
3.228032453339746422e-02 -2.813445983775052575e-02 -7.236868818351997745e-04
3.228032453339746422e-02 -2.813445983775052575e-02 -7.236868818351997745e-04
3.228032453339746422e-02 -2.813445983775052575e-02 -7.236868818351997745e-04
3.228032453339746422e-02 -2.813445983775052575e-02 -7.236868818351997745e-04
3.228032453339746422e-02 -2.813445983775052575e-02 -7.236868818351997745e-04
3.228032453339746422e-02 -2.813445983775052575e-02 -7.236868818351997745e-04
3.228032453339746422e-02 -2.813445983775052575e-02 -7.236868818351997745e-04
3.228032453339746422e-02 -2.813445983775052575e-02 -7.236868818351997745e-04
3.228032453339746422e-02 -2.813445983775052575e-02 -7.236868818351997745e-04
3.228032453339746422e-02 -2.813445983775052575e-02 -7.236868818351997745e-04
3.228032453339746422e-02 -2.813445983775052575e-02 -7.236868818351997745e-04
3.228032453339746422e-02 -2.813445983775052575e-02 -7.236868818351997745e-04
3.228032453339746422e-02 -2.813445983775052575e-02 -7.236868818351997745e-04
3.228032453339746422e-02 -2.813445983775052575e-02 -7.236868818351997745e-04
1.884136431944100076e-02 -1.918349955836922208e-02 1.433505966064757553e-03
1.884136431944100076e-02 -1.918349955836922208e-02 1.433505966064757553e-03
1.884136431944100076e-02 -1.918349955836922208e-02 1.433505966064757553e-03
1.884136431944100076e-02 -1.918349955836922208e-02 1.433505966064757553e-03
1.884136431944100076e-02 -1.918349955836922208e-02 1.433505966064757553e-03
1.884136431944100076e-02 -1.918349955836922208e-02 1.433505966064757553e-03
1.884136431944100076e-02 -1.918349955836922208e-02 1.433505966064757553e-03
1.884136431944100076e-02 -1.918349955836922208e-02 1.433505966064757553e-03
1.884136431944100076e-02 -1.918349955836922208e-02 1.433505966064757553e-03
1.884136431944100076e-02 -1.918349955836922208e-02 1.433505966064757553e-03
1.884136431944100076e-02 -1.918349955836922208e-02 1.433505966064757553e-03
1.884136431944100076e-02 -1.918349955836922208e-02 1.433505966064757553e-03
1.884136431944100076e-02 -1.918349955836922208e-02 1.433505966064757553e-03
1.884136431944100076e-02 -1.918349955836922208e-02 1.433505966064757553e-03
1.884136431944100076e-02 -1.918349955836922208e-02 1.433505966064757553e-03
1.884136431944100076e-02 -1.918349955836922208e-02 1.433505966064757553e-03
1.968702105662041915e-02 -2.343370901579403323e-02 8.658211726106923578e-04
1.968702105662041915e-02 -2.343370901579403323e-02 8.658211726106923578e-04
1.968702105662041915e-02 -2.343370901579403323e-02 8.658211726106923578e-04
1.968702105662041915e-02 -2.343370901579403323e-02 8.658211726106923578e-04
1.968702105662041915e-02 -2.343370901579403323e-02 8.658211726106923578e-04
1.968702105662041915e-02 -2.343370901579403323e-02 8.658211726106923578e-04
1.968702105662041915e-02 -2.343370901579403323e-02 8.658211726106923578e-04
1.968702105662041915e-02 -2.343370901579403323e-02 8.658211726106923578e-04
1.968702105662041915e-02 -2.343370901579403323e-02 8.658211726106923578e-04
1.968702105662041915e-02 -2.343370901579403323e-02 8.658211726106923578e-04
1.968702105662041915e-02 -2.343370901579403323e-02 8.658211726106923578e-04
1.968702105662041915e-02 -2.343370901579403323e-02 8.658211726106923578e-04
1.968702105662041915e-02 -2.343370901579403323e-02 8.658211726106923578e-04
1.968702105662041915e-02 -2.343370901579403323e-02 8.658211726106923578e-04
1.968702105662041915e-02 -2.343370901579403323e-02 8.658211726106923578e-04
1.968702105662041915e-02 -2.343370901579403323e-02 8.658211726106923578e-04
3.493259126222849481e-02 -3.391410000108360800e-02 1.570648431928216293e-03
3.493259126222849481e-02 -3.391410000108360800e-02 1.570648431928216293e-03
3.493259126222849481e-02 -3.391410000108360800e-02 1.570648431928216293e-03
3.493259126222849481e-02 -3.391410000108360800e-02 1.570648431928216293e-03
3.493259126222849481e-02 -3.391410000108360800e-02 1.570648431928216293e-03
3.493259126222849481e-02 -3.391410000108360800e-02 1.570648431928216293e-03
3.493259126222849481e-02 -3.391410000108360800e-02 1.570648431928216293e-03
3.493259126222849481e-02 -3.391410000108360800e-02 1.570648431928216293e-03
3.493259126222849481e-02 -3.391410000108360800e-02 1.570648431928216293e-03
3.493259126222849481e-02 -3.391410000108360800e-02 1.570648431928216293e-03
3.493259126222849481e-02 -3.391410000108360800e-02 1.570648431928216293e-03
3.493259126222849481e-02 -3.391410000108360800e-02 1.570648431928216293e-03
3.493259126222849481e-02 -3.391410000108360800e-02 1.570648431928216293e-03
3.493259126222849481e-02 -3.391410000108360800e-02 1.570648431928216293e-03
3.493259126222849481e-02 -3.391410000108360800e-02 1.570648431928216293e-03
-2.338520922811309494e-02 1.791187142422755521e-02 -1.086710500158716156e-03
-2.338520922811309494e-02 1.791187142422755521e-02 -1.086710500158716156e-03
-2.338520922811309494e-02 1.791187142422755521e-02 -1.086710500158716156e-03
-2.338520922811309494e-02 1.791187142422755521e-02 -1.086710500158716156e-03
-2.338520922811309494e-02 1.791187142422755521e-02 -1.086710500158716156e-03
-2.338520922811309494e-02 1.791187142422755521e-02 -1.086710500158716156e-03
-2.338520922811309494e-02 1.791187142422755521e-02 -1.086710500158716156e-03
-2.338520922811309494e-02 1.791187142422755521e-02 -1.086710500158716156e-03
-2.338520922811309494e-02 1.791187142422755521e-02 -1.086710500158716156e-03
4.592469702172355395e-02 -4.437721971715467145e-02 1.791172750407530549e-03
4.592469702172355395e-02 -4.437721971715467145e-02 1.791172750407530549e-03
4.592469702172355395e-02 -4.437721971715467145e-02 1.791172750407530549e-03
4.592469702172355395e-02 -4.437721971715467145e-02 1.791172750407530549e-03
4.592469702172355395e-02 -4.437721971715467145e-02 1.791172750407530549e-03
4.592469702172355395e-02 -4.437721971715467145e-02 1.791172750407530549e-03
4.592469702172355395e-02 -4.437721971715467145e-02 1.791172750407530549e-03
4.592469702172355395e-02 -4.437721971715467145e-02 1.791172750407530549e-03
4.592469702172355395e-02 -4.437721971715467145e-02 1.791172750407530549e-03
4.592469702172355395e-02 -4.437721971715467145e-02 1.791172750407530549e-03
4.592469702172355395e-02 -4.437721971715467145e-02 1.791172750407530549e-03
4.592469702172355395e-02 -4.437721971715467145e-02 1.791172750407530549e-03
4.592469702172355395e-02 -4.437721971715467145e-02 1.791172750407530549e-03
4.592469702172355395e-02 -4.437721971715467145e-02 1.791172750407530549e-03
4.592469702172355395e-02 -4.437721971715467145e-02 1.791172750407530549e-03
4.592469702172355395e-02 -4.437721971715467145e-02 1.791172750407530549e-03
4.498137534956152955e-02 -4.369842942694386612e-02 1.949256958066834106e-03
4.498137534956152955e-02 -4.369842942694386612e-02 1.949256958066834106e-03
4.498137534956152955e-02 -4.369842942694386612e-02 1.949256958066834106e-03
4.498137534956152955e-02 -4.369842942694386612e-02 1.949256958066834106e-03
4.498137534956152955e-02 -4.369842942694386612e-02 1.949256958066834106e-03
4.498137534956152955e-02 -4.369842942694386612e-02 1.949256958066834106e-03
4.498137534956152955e-02 -4.369842942694386612e-02 1.949256958066834106e-03
4.498137534956152955e-02 -4.369842942694386612e-02 1.949256958066834106e-03
4.498137534956152955e-02 -4.369842942694386612e-02 1.949256958066834106e-03
4.498137534956152955e-02 -4.369842942694386612e-02 1.949256958066834106e-03
4.498137534956152955e-02 -4.369842942694386612e-02 1.949256958066834106e-03
4.498137534956152955e-02 -4.369842942694386612e-02 1.949256958066834106e-03
2.769413991241482381e-02 -2.705717869325907979e-02 1.009254994548277294e-03
2.769413991241482381e-02 -2.705717869325907979e-02 1.009254994548277294e-03
2.769413991241482381e-02 -2.705717869325907979e-02 1.009254994548277294e-03
2.769413991241482381e-02 -2.705717869325907979e-02 1.009254994548277294e-03
2.769413991241482381e-02 -2.705717869325907979e-02 1.009254994548277294e-03
2.769413991241482381e-02 -2.705717869325907979e-02 1.009254994548277294e-03
2.769413991241482381e-02 -2.705717869325907979e-02 1.009254994548277294e-03
2.769413991241482381e-02 -2.705717869325907979e-02 1.009254994548277294e-03
2.769413991241482381e-02 -2.705717869325907979e-02 1.009254994548277294e-03
2.769413991241482381e-02 -2.705717869325907979e-02 1.009254994548277294e-03
2.769413991241482381e-02 -2.705717869325907979e-02 1.009254994548277294e-03
2.769413991241482381e-02 -2.705717869325907979e-02 1.009254994548277294e-03
2.769413991241482381e-02 -2.705717869325907979e-02 1.009254994548277294e-03
2.769413991241482381e-02 -2.705717869325907979e-02 1.009254994548277294e-03
2.769413991241482381e-02 -2.705717869325907979e-02 1.009254994548277294e-03
3.709534007449789145e-02 -3.586013008052567341e-02 1.606115611815805023e-03
3.709534007449789145e-02 -3.586013008052567341e-02 1.606115611815805023e-03
3.709534007449789145e-02 -3.586013008052567341e-02 1.606115611815805023e-03
3.709534007449789145e-02 -3.586013008052567341e-02 1.606115611815805023e-03
3.709534007449789145e-02 -3.586013008052567341e-02 1.606115611815805023e-03
3.709534007449789145e-02 -3.586013008052567341e-02 1.606115611815805023e-03
3.709534007449789145e-02 -3.586013008052567341e-02 1.606115611815805023e-03
3.709534007449789145e-02 -3.586013008052567341e-02 1.606115611815805023e-03
3.709534007449789145e-02 -3.586013008052567341e-02 1.606115611815805023e-03
3.709534007449789145e-02 -3.586013008052567341e-02 1.606115611815805023e-03
3.709534007449789145e-02 -3.586013008052567341e-02 1.606115611815805023e-03
3.709534007449789145e-02 -3.586013008052567341e-02 1.606115611815805023e-03
3.709534007449789145e-02 -3.586013008052567341e-02 1.606115611815805023e-03
3.709534007449789145e-02 -3.586013008052567341e-02 1.606115611815805023e-03
3.709534007449789145e-02 -3.586013008052567341e-02 1.606115611815805023e-03
3.709534007449789145e-02 -3.586013008052567341e-02 1.606115611815805023e-03
-1.908387848327436354e-02 1.847699793969008811e-02 7.376635538766489197e-06
-8.379608230016445669e-02 8.075607460195963205e-02 -4.649237119373532401e-03
-8.379608230016445669e-02 8.075607460195963205e-02 -4.649237119373532401e-03
-8.379608230016445669e-02 8.075607460195963205e-02 -4.649237119373532401e-03
-8.379608230016445669e-02 8.075607460195963205e-02 -4.649237119373532401e-03
-8.379608230016445669e-02 8.075607460195963205e-02 -4.649237119373532401e-03
-8.379608230016445669e-02 8.075607460195963205e-02 -4.649237119373532401e-03
-8.379608230016445669e-02 8.075607460195963205e-02 -4.649237119373532401e-03
-8.379608230016445669e-02 8.075607460195963205e-02 -4.649237119373532401e-03
-8.379608230016445669e-02 8.075607460195963205e-02 -4.649237119373532401e-03
-8.379608230016445669e-02 8.075607460195963205e-02 -4.649237119373532401e-03
-8.379608230016445669e-02 8.075607460195963205e-02 -4.649237119373532401e-03
-8.379608230016445669e-02 8.075607460195963205e-02 -4.649237119373532401e-03
-8.379608230016445669e-02 8.075607460195963205e-02 -4.649237119373532401e-03
-8.379608230016445669e-02 8.075607460195963205e-02 -4.649237119373532401e-03
-8.379608230016445669e-02 8.075607460195963205e-02 -4.649237119373532401e-03
1.776356579309351647e-02 -1.805621022173004020e-02 -1.580689022956330986e-04
1.776356579309351647e-02 -1.805621022173004020e-02 -1.580689022956330986e-04
1.776356579309351647e-02 -1.805621022173004020e-02 -1.580689022956330986e-04
1.776356579309351647e-02 -1.805621022173004020e-02 -1.580689022956330986e-04
