6.286491124098229910e-04 -1.417688237788811319e-02 2.692363065303405179e-03
6.286491124098229910e-04 -1.417688237788811319e-02 2.692363065303405179e-03
6.286491124098229910e-04 -1.417688237788811319e-02 2.692363065303405179e-03
6.286491124098229910e-04 -1.417688237788811319e-02 2.692363065303405179e-03
6.286491124098229910e-04 -1.417688237788811319e-02 2.692363065303405179e-03
6.286491124098229910e-04 -1.417688237788811319e-02 2.692363065303405179e-03
6.286491124098229910e-04 -1.417688237788811319e-02 2.692363065303405179e-03
6.286491124098229910e-04 -1.417688237788811319e-02 2.692363065303405179e-03
6.286491124098229910e-04 -1.417688237788811319e-02 2.692363065303405179e-03
6.286491124098229910e-04 -1.417688237788811319e-02 2.692363065303405179e-03
6.286491124098229910e-04 -1.417688237788811319e-02 2.692363065303405179e-03
6.286491124098229910e-04 -1.417688237788811319e-02 2.692363065303405179e-03
6.286491124098229910e-04 -1.417688237788811319e-02 2.692363065303405179e-03
6.286491124098229910e-04 -1.417688237788811319e-02 2.692363065303405179e-03
6.286491124098229910e-04 -1.417688237788811319e-02 2.692363065303405179e-03
6.286491124098229910e-04 -1.417688237788811319e-02 2.692363065303405179e-03
6.286491124098229910e-04 -1.417688237788811319e-02 2.692363065303405179e-03
-6.259592711467532045e-05 1.070878971008967263e-02 -5.686827059378140627e-03
-6.259592711467532045e-05 1.070878971008967263e-02 -5.686827059378140627e-03
-6.259592711467532045e-05 1.070878971008967263e-02 -5.686827059378140627e-03
-6.259592711467532045e-05 1.070878971008967263e-02 -5.686827059378140627e-03
-6.259592711467532045e-05 1.070878971008967263e-02 -5.686827059378140627e-03
-6.259592711467532045e-05 1.070878971008967263e-02 -5.686827059378140627e-03
-6.259592711467532045e-05 1.070878971008967263e-02 -5.686827059378140627e-03
-6.259592711467532045e-05 1.070878971008967263e-02 -5.686827059378140627e-03
-6.259592711467532045e-05 1.070878971008967263e-02 -5.686827059378140627e-03
-6.259592711467532045e-05 1.070878971008967263e-02 -5.686827059378140627e-03
-6.259592711467532045e-05 1.070878971008967263e-02 -5.686827059378140627e-03
-6.259592711467532045e-05 1.070878971008967263e-02 -5.686827059378140627e-03
-6.259592711467532045e-05 1.070878971008967263e-02 -5.686827059378140627e-03
-6.259592711467532045e-05 1.070878971008967263e-02 -5.686827059378140627e-03
-6.259592711467532045e-05 1.070878971008967263e-02 -5.686827059378140627e-03
-6.259592711467532045e-05 1.070878971008967263e-02 -5.686827059378140627e-03
-6.259592711467532045e-05 1.070878971008967263e-02 -5.686827059378140627e-03
-1.087183823437256475e-02 -2.178029517140127325e-04 -8.053037470497622502e-03
-1.087183823437256475e-02 -2.178029517140127325e-04 -8.053037470497622502e-03
-1.087183823437256475e-02 -2.178029517140127325e-04 -8.053037470497622502e-03
-1.087183823437256475e-02 -2.178029517140127325e-04 -8.053037470497622502e-03
-1.087183823437256475e-02 -2.178029517140127325e-04 -8.053037470497622502e-03
-1.087183823437256475e-02 -2.178029517140127325e-04 -8.053037470497622502e-03
-1.087183823437256475e-02 -2.178029517140127325e-04 -8.053037470497622502e-03
-1.087183823437256475e-02 -2.178029517140127325e-04 -8.053037470497622502e-03
-1.087183823437256475e-02 -2.178029517140127325e-04 -8.053037470497622502e-03
-1.087183823437256475e-02 -2.178029517140127325e-04 -8.053037470497622502e-03
-1.087183823437256475e-02 -2.178029517140127325e-04 -8.053037470497622502e-03
-1.087183823437256475e-02 -2.178029517140127325e-04 -8.053037470497622502e-03
-1.087183823437256475e-02 -2.178029517140127325e-04 -8.053037470497622502e-03
-1.087183823437256475e-02 -2.178029517140127325e-04 -8.053037470497622502e-03
-1.087183823437256475e-02 -2.178029517140127325e-04 -8.053037470497622502e-03
-1.087183823437256475e-02 -2.178029517140127325e-04 -8.053037470497622502e-03
-1.087183823437256475e-02 -2.178029517140127325e-04 -8.053037470497622502e-03
-9.931248347715658509e-05 1.159591196903878886e-02 -7.565055291210614867e-03
-9.931248347715658509e-05 1.159591196903878886e-02 -7.565055291210614867e-03
-9.931248347715658509e-05 1.159591196903878886e-02 -7.565055291210614867e-03
-9.931248347715658509e-05 1.159591196903878886e-02 -7.565055291210614867e-03
-9.931248347715658509e-05 1.159591196903878886e-02 -7.565055291210614867e-03
-9.931248347715658509e-05 1.159591196903878886e-02 -7.565055291210614867e-03
-9.931248347715658509e-05 1.159591196903878886e-02 -7.565055291210614867e-03
-9.931248347715658509e-05 1.159591196903878886e-02 -7.565055291210614867e-03
-9.931248347715658509e-05 1.159591196903878886e-02 -7.565055291210614867e-03
-9.931248347715658509e-05 1.159591196903878886e-02 -7.565055291210614867e-03
-9.931248347715658509e-05 1.159591196903878886e-02 -7.565055291210614867e-03
-9.931248347715658509e-05 1.159591196903878886e-02 -7.565055291210614867e-03
-9.931248347715658509e-05 1.159591196903878886e-02 -7.565055291210614867e-03
-9.931248347715658509e-05 1.159591196903878886e-02 -7.565055291210614867e-03
-9.931248347715658509e-05 1.159591196903878886e-02 -7.565055291210614867e-03
-9.931248347715658509e-05 1.159591196903878886e-02 -7.565055291210614867e-03
-9.931248347715658509e-05 1.159591196903878886e-02 -7.565055291210614867e-03
8.989342093600156264e-03 2.799029279545277304e-04 -7.336306627126880711e-03
8.989342093600156264e-03 2.799029279545277304e-04 -7.336306627126880711e-03
8.989342093600156264e-03 2.799029279545277304e-04 -7.336306627126880711e-03
8.989342093600156264e-03 2.799029279545277304e-04 -7.336306627126880711e-03
8.989342093600156264e-03 2.799029279545277304e-04 -7.336306627126880711e-03
8.989342093600156264e-03 2.799029279545277304e-04 -7.336306627126880711e-03
8.989342093600156264e-03 2.799029279545277304e-04 -7.336306627126880711e-03
8.989342093600156264e-03 2.799029279545277304e-04 -7.336306627126880711e-03
8.989342093600156264e-03 2.799029279545277304e-04 -7.336306627126880711e-03
8.989342093600156264e-03 2.799029279545277304e-04 -7.336306627126880711e-03
8.989342093600156264e-03 2.799029279545277304e-04 -7.336306627126880711e-03
8.989342093600156264e-03 2.799029279545277304e-04 -7.336306627126880711e-03
8.989342093600156264e-03 2.799029279545277304e-04 -7.336306627126880711e-03
8.989342093600156264e-03 2.799029279545277304e-04 -7.336306627126880711e-03
8.989342093600156264e-03 2.799029279545277304e-04 -7.336306627126880711e-03
8.989342093600156264e-03 2.799029279545277304e-04 -7.336306627126880711e-03
8.989342093600156264e-03 2.799029279545277304e-04 -7.336306627126880711e-03
3.490296146597838406e-04 -2.179906507567777423e-03 2.975808735892205171e-03
3.490296146597838406e-04 -2.179906507567777423e-03 2.975808735892205171e-03
3.490296146597838406e-04 -2.179906507567777423e-03 2.975808735892205171e-03
3.490296146597838406e-04 -2.179906507567777423e-03 2.975808735892205171e-03
3.490296146597838406e-04 -2.179906507567777423e-03 2.975808735892205171e-03
3.490296146597838406e-04 -2.179906507567777423e-03 2.975808735892205171e-03
3.490296146597838406e-04 -2.179906507567777423e-03 2.975808735892205171e-03
3.490296146597838406e-04 -2.179906507567777423e-03 2.975808735892205171e-03
3.490296146597838406e-04 -2.179906507567777423e-03 2.975808735892205171e-03
3.490296146597838406e-04 -2.179906507567777423e-03 2.975808735892205171e-03
3.490296146597838406e-04 -2.179906507567777423e-03 2.975808735892205171e-03
3.490296146597838406e-04 -2.179906507567777423e-03 2.975808735892205171e-03
3.490296146597838406e-04 -2.179906507567777423e-03 2.975808735892205171e-03
3.490296146597838406e-04 -2.179906507567777423e-03 2.975808735892205171e-03
3.490296146597838406e-04 -2.179906507567777423e-03 2.975808735892205171e-03
3.490296146597838406e-04 -2.179906507567777423e-03 2.975808735892205171e-03
3.490296146597838406e-04 -2.179906507567777423e-03 2.975808735892205171e-03
-1.806170825559826835e-03 5.911191885570737936e-06 2.474300299388742987e-03
-1.806170825559826835e-03 5.911191885570737936e-06 2.474300299388742987e-03
-1.806170825559826835e-03 5.911191885570737936e-06 2.474300299388742987e-03
-1.806170825559826835e-03 5.911191885570737936e-06 2.474300299388742987e-03
-1.806170825559826835e-03 5.911191885570737936e-06 2.474300299388742987e-03
-1.806170825559826835e-03 5.911191885570737936e-06 2.474300299388742987e-03
-1.806170825559826835e-03 5.911191885570737936e-06 2.474300299388742987e-03
-1.806170825559826835e-03 5.911191885570737936e-06 2.474300299388742987e-03
-1.806170825559826835e-03 5.911191885570737936e-06 2.474300299388742987e-03
-1.806170825559826835e-03 5.911191885570737936e-06 2.474300299388742987e-03
-1.806170825559826835e-03 5.911191885570737936e-06 2.474300299388742987e-03
-1.806170825559826835e-03 5.911191885570737936e-06 2.474300299388742987e-03
-1.806170825559826835e-03 5.911191885570737936e-06 2.474300299388742987e-03
-1.806170825559826835e-03 5.911191885570737936e-06 2.474300299388742987e-03
-1.806170825559826835e-03 5.911191885570737936e-06 2.474300299388742987e-03
-1.806170825559826835e-03 5.911191885570737936e-06 2.474300299388742987e-03
-1.806170825559826835e-03 5.911191885570737936e-06 2.474300299388742987e-03
-5.114140670508266623e-04 2.967846600831328813e-02 4.555897247529324887e-03
-5.114140670508266623e-04 2.967846600831328813e-02 4.555897247529324887e-03
-5.114140670508266623e-04 2.967846600831328813e-02 4.555897247529324887e-03
-5.114140670508266623e-04 2.967846600831328813e-02 4.555897247529324887e-03
-5.114140670508266623e-04 2.967846600831328813e-02 4.555897247529324887e-03
-5.114140670508266623e-04 2.967846600831328813e-02 4.555897247529324887e-03
-5.114140670508266623e-04 2.967846600831328813e-02 4.555897247529324887e-03
-5.114140670508266623e-04 2.967846600831328813e-02 4.555897247529324887e-03
-5.114140670508266623e-04 2.967846600831328813e-02 4.555897247529324887e-03
-5.114140670508266623e-04 2.967846600831328813e-02 4.555897247529324887e-03
-5.114140670508266623e-04 2.967846600831328813e-02 4.555897247529324887e-03
-5.114140670508266623e-04 2.967846600831328813e-02 4.555897247529324887e-03
-5.114140670508266623e-04 2.967846600831328813e-02 4.555897247529324887e-03
-5.114140670508266623e-04 2.967846600831328813e-02 4.555897247529324887e-03
-5.114140670508266623e-04 2.967846600831328813e-02 4.555897247529324887e-03
-5.114140670508266623e-04 2.967846600831328813e-02 4.555897247529324887e-03
-5.114140670508266623e-04 2.967846600831328813e-02 4.555897247529324887e-03
1.015473391102854513e-02 3.128679570138445665e-04 4.655005746582916402e-03
1.015473391102854513e-02 3.128679570138445665e-04 4.655005746582916402e-03
1.015473391102854513e-02 3.128679570138445665e-04 4.655005746582916402e-03
1.015473391102854513e-02 3.128679570138445665e-04 4.655005746582916402e-03
1.015473391102854513e-02 3.128679570138445665e-04 4.655005746582916402e-03
1.015473391102854513e-02 3.128679570138445665e-04 4.655005746582916402e-03
1.015473391102854513e-02 3.128679570138445665e-04 4.655005746582916402e-03
1.015473391102854513e-02 3.128679570138445665e-04 4.655005746582916402e-03
1.015473391102854513e-02 3.128679570138445665e-04 4.655005746582916402e-03
1.015473391102854513e-02 3.128679570138445665e-04 4.655005746582916402e-03
1.015473391102854513e-02 3.128679570138445665e-04 4.655005746582916402e-03
1.015473391102854513e-02 3.128679570138445665e-04 4.655005746582916402e-03
1.015473391102854513e-02 3.128679570138445665e-04 4.655005746582916402e-03
1.015473391102854513e-02 3.128679570138445665e-04 4.655005746582916402e-03
1.015473391102854513e-02 3.128679570138445665e-04 4.655005746582916402e-03
1.015473391102854513e-02 3.128679570138445665e-04 4.655005746582916402e-03
1.015473391102854513e-02 3.128679570138445665e-04 4.655005746582916402e-03
5.544069143039427952e-04 -1.240124893413129328e-02 -1.658929106293262346e-03
5.544069143039427952e-04 -1.240124893413129328e-02 -1.658929106293262346e-03
5.544069143039427952e-04 -1.240124893413129328e-02 -1.658929106293262346e-03
5.544069143039427952e-04 -1.240124893413129328e-02 -1.658929106293262346e-03
5.544069143039427952e-04 -1.240124893413129328e-02 -1.658929106293262346e-03
5.544069143039427952e-04 -1.240124893413129328e-02 -1.658929106293262346e-03
5.544069143039427952e-04 -1.240124893413129328e-02 -1.658929106293262346e-03
5.544069143039427952e-04 -1.240124893413129328e-02 -1.658929106293262346e-03
5.544069143039427952e-04 -1.240124893413129328e-02 -1.658929106293262346e-03
5.544069143039427952e-04 -1.240124893413129328e-02 -1.658929106293262346e-03
5.544069143039427952e-04 -1.240124893413129328e-02 -1.658929106293262346e-03
5.544069143039427952e-04 -1.240124893413129328e-02 -1.658929106293262346e-03
5.544069143039427952e-04 -1.240124893413129328e-02 -1.658929106293262346e-03
5.544069143039427952e-04 -1.240124893413129328e-02 -1.658929106293262346e-03
5.544069143039427952e-04 -1.240124893413129328e-02 -1.658929106293262346e-03
5.544069143039427952e-04 -1.240124893413129328e-02 -1.658929106293262346e-03
5.544069143039427952e-04 -1.240124893413129328e-02 -1.658929106293262346e-03
-8.374716618364530518e-05 1.184693813101136972e-02 -3.816280088376522699e-03
-8.374716618364530518e-05 1.184693813101136972e-02 -3.816280088376522699e-03
-8.374716618364530518e-05 1.184693813101136972e-02 -3.816280088376522699e-03
-8.374716618364530518e-05 1.184693813101136972e-02 -3.816280088376522699e-03
-8.374716618364530518e-05 1.184693813101136972e-02 -3.816280088376522699e-03
-8.374716618364530518e-05 1.184693813101136972e-02 -3.816280088376522699e-03
-8.374716618364530518e-05 1.184693813101136972e-02 -3.816280088376522699e-03
-8.374716618364530518e-05 1.184693813101136972e-02 -3.816280088376522699e-03
-8.374716618364530518e-05 1.184693813101136972e-02 -3.816280088376522699e-03
-8.374716618364530518e-05 1.184693813101136972e-02 -3.816280088376522699e-03
-8.374716618364530518e-05 1.184693813101136972e-02 -3.816280088376522699e-03
-8.374716618364530518e-05 1.184693813101136972e-02 -3.816280088376522699e-03
-8.374716618364530518e-05 1.184693813101136972e-02 -3.816280088376522699e-03
-8.374716618364530518e-05 1.184693813101136972e-02 -3.816280088376522699e-03
-8.374716618364530518e-05 1.184693813101136972e-02 -3.816280088376522699e-03
-8.374716618364530518e-05 1.184693813101136972e-02 -3.816280088376522699e-03
-8.374716618364530518e-05 1.184693813101136972e-02 -3.816280088376522699e-03
-3.608511745274867871e-04 2.276815319851060657e-02 -7.725277289411326730e-04
-3.608511745274867871e-04 2.276815319851060657e-02 -7.725277289411326730e-04
-3.608511745274867871e-04 2.276815319851060657e-02 -7.725277289411326730e-04
-3.608511745274867871e-04 2.276815319851060657e-02 -7.725277289411326730e-04
-3.608511745274867871e-04 2.276815319851060657e-02 -7.725277289411326730e-04
-3.608511745274867871e-04 2.276815319851060657e-02 -7.725277289411326730e-04
-3.608511745274867871e-04 2.276815319851060657e-02 -7.725277289411326730e-04
-3.608511745274867871e-04 2.276815319851060657e-02 -7.725277289411326730e-04
-3.608511745274867871e-04 2.276815319851060657e-02 -7.725277289411326730e-04
-3.608511745274867871e-04 2.276815319851060657e-02 -7.725277289411326730e-04
-3.608511745274867871e-04 2.276815319851060657e-02 -7.725277289411326730e-04
-3.608511745274867871e-04 2.276815319851060657e-02 -7.725277289411326730e-04
-3.608511745274867871e-04 2.276815319851060657e-02 -7.725277289411326730e-04
-3.608511745274867871e-04 2.276815319851060657e-02 -7.725277289411326730e-04
-3.608511745274867871e-04 2.276815319851060657e-02 -7.725277289411326730e-04
-3.608511745274867871e-04 2.276815319851060657e-02 -7.725277289411326730e-04
-3.608511745274867871e-04 2.276815319851060657e-02 -7.725277289411326730e-04
-7.062566778712614513e-03 -1.318582701616693997e-04 5.317885191839543443e-04
-7.062566778712614513e-03 -1.318582701616693997e-04 5.317885191839543443e-04
-7.062566778712614513e-03 -1.318582701616693997e-04 5.317885191839543443e-04
-7.062566778712614513e-03 -1.318582701616693997e-04 5.317885191839543443e-04
-7.062566778712614513e-03 -1.318582701616693997e-04 5.317885191839543443e-04
-7.062566778712614513e-03 -1.318582701616693997e-04 5.317885191839543443e-04
-7.062566778712614513e-03 -1.318582701616693997e-04 5.317885191839543443e-04
-7.062566778712614513e-03 -1.318582701616693997e-04 5.317885191839543443e-04
-7.062566778712614513e-03 -1.318582701616693997e-04 5.317885191839543443e-04
-7.062566778712614513e-03 -1.318582701616693997e-04 5.317885191839543443e-04
-7.062566778712614513e-03 -1.318582701616693997e-04 5.317885191839543443e-04
-7.062566778712614513e-03 -1.318582701616693997e-04 5.317885191839543443e-04
-7.062566778712614513e-03 -1.318582701616693997e-04 5.317885191839543443e-04
-7.062566778712614513e-03 -1.318582701616693997e-04 5.317885191839543443e-04
-7.062566778712614513e-03 -1.318582701616693997e-04 5.317885191839543443e-04
-7.062566778712614513e-03 -1.318582701616693997e-04 5.317885191839543443e-04
-7.062566778712614513e-03 -1.318582701616693997e-04 5.317885191839543443e-04
