5.415685350980090074e-02 -2.166343304279071472e-02 -1.229437796873380541e-03
5.415685350980090074e-02 -2.166343304279071472e-02 -1.229437796873380541e-03
5.415685350980090074e-02 -2.166343304279071472e-02 -1.229437796873380541e-03
5.415685350980090074e-02 -2.166343304279071472e-02 -1.229437796873380541e-03
5.415685350980090074e-02 -2.166343304279071472e-02 -1.229437796873380541e-03
5.415685350980090074e-02 -2.166343304279071472e-02 -1.229437796873380541e-03
5.415685350980090074e-02 -2.166343304279071472e-02 -1.229437796873380541e-03
5.415685350980090074e-02 -2.166343304279071472e-02 -1.229437796873380541e-03
5.415685350980090074e-02 -2.166343304279071472e-02 -1.229437796873380541e-03
5.415685350980090074e-02 -2.166343304279071472e-02 -1.229437796873380541e-03
5.415685350980090074e-02 -2.166343304279071472e-02 -1.229437796873380541e-03
5.415685350980090074e-02 -2.166343304279071472e-02 -1.229437796873380541e-03
5.415685350980090074e-02 -2.166343304279071472e-02 -1.229437796873380541e-03
5.415685350980090074e-02 -2.166343304279071472e-02 -1.229437796873380541e-03
5.415685350980090074e-02 -2.166343304279071472e-02 -1.229437796873380541e-03
-5.689502630154136958e-02 2.327943834797138040e-02 -2.620715182147679775e-03
-5.689502630154136958e-02 2.327943834797138040e-02 -2.620715182147679775e-03
-5.689502630154136958e-02 2.327943834797138040e-02 -2.620715182147679775e-03
-5.689502630154136958e-02 2.327943834797138040e-02 -2.620715182147679775e-03
-5.689502630154136958e-02 2.327943834797138040e-02 -2.620715182147679775e-03
-5.689502630154136958e-02 2.327943834797138040e-02 -2.620715182147679775e-03
-5.689502630154136958e-02 2.327943834797138040e-02 -2.620715182147679775e-03
-5.689502630154136958e-02 2.327943834797138040e-02 -2.620715182147679775e-03
-5.689502630154136958e-02 2.327943834797138040e-02 -2.620715182147679775e-03
-5.689502630154136958e-02 2.327943834797138040e-02 -2.620715182147679775e-03
-5.689502630154136958e-02 2.327943834797138040e-02 -2.620715182147679775e-03
-5.689502630154136958e-02 2.327943834797138040e-02 -2.620715182147679775e-03
6.609869603386100967e-02 -2.141807146377813081e-02 -2.393913478030621281e-03
6.609869603386100967e-02 -2.141807146377813081e-02 -2.393913478030621281e-03
6.609869603386100967e-02 -2.141807146377813081e-02 -2.393913478030621281e-03
6.609869603386100967e-02 -2.141807146377813081e-02 -2.393913478030621281e-03
6.609869603386100967e-02 -2.141807146377813081e-02 -2.393913478030621281e-03
6.609869603386100967e-02 -2.141807146377813081e-02 -2.393913478030621281e-03
6.609869603386100967e-02 -2.141807146377813081e-02 -2.393913478030621281e-03
6.609869603386100967e-02 -2.141807146377813081e-02 -2.393913478030621281e-03
6.609869603386100967e-02 -2.141807146377813081e-02 -2.393913478030621281e-03
6.609869603386100967e-02 -2.141807146377813081e-02 -2.393913478030621281e-03
6.609869603386100967e-02 -2.141807146377813081e-02 -2.393913478030621281e-03
6.609869603386100967e-02 -2.141807146377813081e-02 -2.393913478030621281e-03
6.609869603386100967e-02 -2.141807146377813081e-02 -2.393913478030621281e-03
6.609869603386100967e-02 -2.141807146377813081e-02 -2.393913478030621281e-03
6.609869603386100967e-02 -2.141807146377813081e-02 -2.393913478030621281e-03
6.609869603386100967e-02 -2.141807146377813081e-02 -2.393913478030621281e-03
1.021652891485873571e-01 -4.044379588634616080e-02 -5.073171527253006463e-03
1.021652891485873571e-01 -4.044379588634616080e-02 -5.073171527253006463e-03
1.021652891485873571e-01 -4.044379588634616080e-02 -5.073171527253006463e-03
1.021652891485873571e-01 -4.044379588634616080e-02 -5.073171527253006463e-03
1.021652891485873571e-01 -4.044379588634616080e-02 -5.073171527253006463e-03
1.021652891485873571e-01 -4.044379588634616080e-02 -5.073171527253006463e-03
1.021652891485873571e-01 -4.044379588634616080e-02 -5.073171527253006463e-03
1.021652891485873571e-01 -4.044379588634616080e-02 -5.073171527253006463e-03
1.021652891485873571e-01 -4.044379588634616080e-02 -5.073171527253006463e-03
1.021652891485873571e-01 -4.044379588634616080e-02 -5.073171527253006463e-03
1.021652891485873571e-01 -4.044379588634616080e-02 -5.073171527253006463e-03
1.021652891485873571e-01 -4.044379588634616080e-02 -5.073171527253006463e-03
1.021652891485873571e-01 -4.044379588634616080e-02 -5.073171527253006463e-03
1.021652891485873571e-01 -4.044379588634616080e-02 -5.073171527253006463e-03
1.021652891485873571e-01 -4.044379588634616080e-02 -5.073171527253006463e-03
1.021652891485873571e-01 -4.044379588634616080e-02 -5.073171527253006463e-03
-3.213064906785143005e-02 1.417489791143537042e-02 -6.436271417601035702e-04
-3.213064906785143005e-02 1.417489791143537042e-02 -6.436271417601035702e-04
-3.213064906785143005e-02 1.417489791143537042e-02 -6.436271417601035702e-04
-3.213064906785143005e-02 1.417489791143537042e-02 -6.436271417601035702e-04
-3.213064906785143005e-02 1.417489791143537042e-02 -6.436271417601035702e-04
-3.213064906785143005e-02 1.417489791143537042e-02 -6.436271417601035702e-04
-3.213064906785143005e-02 1.417489791143537042e-02 -6.436271417601035702e-04
-3.213064906785143005e-02 1.417489791143537042e-02 -6.436271417601035702e-04
-3.213064906785143005e-02 1.417489791143537042e-02 -6.436271417601035702e-04
-3.213064906785143005e-02 1.417489791143537042e-02 -6.436271417601035702e-04
-3.213064906785143005e-02 1.417489791143537042e-02 -6.436271417601035702e-04
-3.213064906785143005e-02 1.417489791143537042e-02 -6.436271417601035702e-04
-3.213064906785143005e-02 1.417489791143537042e-02 -6.436271417601035702e-04
-3.213064906785143005e-02 1.417489791143537042e-02 -6.436271417601035702e-04
-3.213064906785143005e-02 1.417489791143537042e-02 -6.436271417601035702e-04
-3.213064906785143005e-02 1.417489791143537042e-02 -6.436271417601035702e-04
4.693549830419820046e-02 -1.792435733385272859e-02 -1.201094503036939133e-03
4.693549830419820046e-02 -1.792435733385272859e-02 -1.201094503036939133e-03
4.693549830419820046e-02 -1.792435733385272859e-02 -1.201094503036939133e-03
4.693549830419820046e-02 -1.792435733385272859e-02 -1.201094503036939133e-03
4.693549830419820046e-02 -1.792435733385272859e-02 -1.201094503036939133e-03
4.693549830419820046e-02 -1.792435733385272859e-02 -1.201094503036939133e-03
4.693549830419820046e-02 -1.792435733385272859e-02 -1.201094503036939133e-03
4.693549830419820046e-02 -1.792435733385272859e-02 -1.201094503036939133e-03
4.693549830419820046e-02 -1.792435733385272859e-02 -1.201094503036939133e-03
4.693549830419820046e-02 -1.792435733385272859e-02 -1.201094503036939133e-03
4.693549830419820046e-02 -1.792435733385272859e-02 -1.201094503036939133e-03
4.693549830419820046e-02 -1.792435733385272859e-02 -1.201094503036939133e-03
4.693549830419820046e-02 -1.792435733385272859e-02 -1.201094503036939133e-03
4.693549830419820046e-02 -1.792435733385272859e-02 -1.201094503036939133e-03
4.693549830419820046e-02 -1.792435733385272859e-02 -1.201094503036939133e-03
4.693549830419820046e-02 -1.792435733385272859e-02 -1.201094503036939133e-03
9.758657785218124991e-02 -3.284453293645807348e-02 -4.888365308801468322e-03
9.758657785218124991e-02 -3.284453293645807348e-02 -4.888365308801468322e-03
9.758657785218124991e-02 -3.284453293645807348e-02 -4.888365308801468322e-03
9.758657785218124991e-02 -3.284453293645807348e-02 -4.888365308801468322e-03
9.758657785218124991e-02 -3.284453293645807348e-02 -4.888365308801468322e-03
9.758657785218124991e-02 -3.284453293645807348e-02 -4.888365308801468322e-03
9.758657785218124991e-02 -3.284453293645807348e-02 -4.888365308801468322e-03
9.758657785218124991e-02 -3.284453293645807348e-02 -4.888365308801468322e-03
9.758657785218124991e-02 -3.284453293645807348e-02 -4.888365308801468322e-03
9.758657785218124991e-02 -3.284453293645807348e-02 -4.888365308801468322e-03
9.758657785218124991e-02 -3.284453293645807348e-02 -4.888365308801468322e-03
9.758657785218124991e-02 -3.284453293645807348e-02 -4.888365308801468322e-03
9.758657785218124991e-02 -3.284453293645807348e-02 -4.888365308801468322e-03
9.758657785218124991e-02 -3.284453293645807348e-02 -4.888365308801468322e-03
9.758657785218124991e-02 -3.284453293645807348e-02 -4.888365308801468322e-03
9.758657785218124991e-02 -3.284453293645807348e-02 -4.888365308801468322e-03
1.093057886528865652e-01 -4.021608093694051256e-02 -6.213238464911030080e-03
1.093057886528865652e-01 -4.021608093694051256e-02 -6.213238464911030080e-03
1.093057886528865652e-01 -4.021608093694051256e-02 -6.213238464911030080e-03
1.093057886528865652e-01 -4.021608093694051256e-02 -6.213238464911030080e-03
1.093057886528865652e-01 -4.021608093694051256e-02 -6.213238464911030080e-03
1.093057886528865652e-01 -4.021608093694051256e-02 -6.213238464911030080e-03
1.093057886528865652e-01 -4.021608093694051256e-02 -6.213238464911030080e-03
1.093057886528865652e-01 -4.021608093694051256e-02 -6.213238464911030080e-03
1.093057886528865652e-01 -4.021608093694051256e-02 -6.213238464911030080e-03
1.093057886528865652e-01 -4.021608093694051256e-02 -6.213238464911030080e-03
1.093057886528865652e-01 -4.021608093694051256e-02 -6.213238464911030080e-03
1.093057886528865652e-01 -4.021608093694051256e-02 -6.213238464911030080e-03
1.093057886528865652e-01 -4.021608093694051256e-02 -6.213238464911030080e-03
1.093057886528865652e-01 -4.021608093694051256e-02 -6.213238464911030080e-03
-5.906588799012836566e-02 8.292511426977566824e-03 -4.758848677241013687e-03
8.060366499740501123e-02 -2.937291113144401694e-02 -3.508661175209974292e-03
8.060366499740501123e-02 -2.937291113144401694e-02 -3.508661175209974292e-03
8.060366499740501123e-02 -2.937291113144401694e-02 -3.508661175209974292e-03
8.060366499740501123e-02 -2.937291113144401694e-02 -3.508661175209974292e-03
8.060366499740501123e-02 -2.937291113144401694e-02 -3.508661175209974292e-03
8.060366499740501123e-02 -2.937291113144401694e-02 -3.508661175209974292e-03
8.060366499740501123e-02 -2.937291113144401694e-02 -3.508661175209974292e-03
8.060366499740501123e-02 -2.937291113144401694e-02 -3.508661175209974292e-03
8.060366499740501123e-02 -2.937291113144401694e-02 -3.508661175209974292e-03
8.060366499740501123e-02 -2.937291113144401694e-02 -3.508661175209974292e-03
8.060366499740501123e-02 -2.937291113144401694e-02 -3.508661175209974292e-03
8.060366499740501123e-02 -2.937291113144401694e-02 -3.508661175209974292e-03
8.060366499740501123e-02 -2.937291113144401694e-02 -3.508661175209974292e-03
8.060366499740501123e-02 -2.937291113144401694e-02 -3.508661175209974292e-03
8.060366499740501123e-02 -2.937291113144401694e-02 -3.508661175209974292e-03
8.060366499740501123e-02 -2.937291113144401694e-02 -3.508661175209974292e-03
9.732919571932420466e-02 -3.548495023514944280e-02 -5.133220387258668679e-03
9.732919571932420466e-02 -3.548495023514944280e-02 -5.133220387258668679e-03
9.732919571932420466e-02 -3.548495023514944280e-02 -5.133220387258668679e-03
9.732919571932420466e-02 -3.548495023514944280e-02 -5.133220387258668679e-03
9.732919571932420466e-02 -3.548495023514944280e-02 -5.133220387258668679e-03
9.732919571932420466e-02 -3.548495023514944280e-02 -5.133220387258668679e-03
9.732919571932420466e-02 -3.548495023514944280e-02 -5.133220387258668679e-03
9.732919571932420466e-02 -3.548495023514944280e-02 -5.133220387258668679e-03
9.732919571932420466e-02 -3.548495023514944280e-02 -5.133220387258668679e-03
9.732919571932420466e-02 -3.548495023514944280e-02 -5.133220387258668679e-03
9.732919571932420466e-02 -3.548495023514944280e-02 -5.133220387258668679e-03
9.732919571932420466e-02 -3.548495023514944280e-02 -5.133220387258668679e-03
9.732919571932420466e-02 -3.548495023514944280e-02 -5.133220387258668679e-03
9.732919571932420466e-02 -3.548495023514944280e-02 -5.133220387258668679e-03
9.732919571932420466e-02 -3.548495023514944280e-02 -5.133220387258668679e-03
9.732919571932420466e-02 -3.548495023514944280e-02 -5.133220387258668679e-03
6.984168745403347353e-03 -3.768479789267250440e-03 1.498697091675821455e-03
6.984168745403347353e-03 -3.768479789267250440e-03 1.498697091675821455e-03
6.984168745403347353e-03 -3.768479789267250440e-03 1.498697091675821455e-03
6.984168745403347353e-03 -3.768479789267250440e-03 1.498697091675821455e-03
5.701548681254730438e-02 -2.250874137390213720e-02 -1.968298106100762994e-03
5.701548681254730438e-02 -2.250874137390213720e-02 -1.968298106100762994e-03
5.701548681254730438e-02 -2.250874137390213720e-02 -1.968298106100762994e-03
5.701548681254730438e-02 -2.250874137390213720e-02 -1.968298106100762994e-03
5.701548681254730438e-02 -2.250874137390213720e-02 -1.968298106100762994e-03
5.701548681254730438e-02 -2.250874137390213720e-02 -1.968298106100762994e-03
5.701548681254730438e-02 -2.250874137390213720e-02 -1.968298106100762994e-03
5.701548681254730438e-02 -2.250874137390213720e-02 -1.968298106100762994e-03
5.701548681254730438e-02 -2.250874137390213720e-02 -1.968298106100762994e-03
5.701548681254730438e-02 -2.250874137390213720e-02 -1.968298106100762994e-03
5.701548681254730438e-02 -2.250874137390213720e-02 -1.968298106100762994e-03
5.701548681254730438e-02 -2.250874137390213720e-02 -1.968298106100762994e-03
5.701548681254730438e-02 -2.250874137390213720e-02 -1.968298106100762994e-03
5.701548681254730438e-02 -2.250874137390213720e-02 -1.968298106100762994e-03
5.701548681254730438e-02 -2.250874137390213720e-02 -1.968298106100762994e-03
5.701548681254730438e-02 -2.250874137390213720e-02 -1.968298106100762994e-03
1.006151510517782760e-01 -3.463589277907345998e-02 -4.787269211556795766e-03
1.006151510517782760e-01 -3.463589277907345998e-02 -4.787269211556795766e-03
1.006151510517782760e-01 -3.463589277907345998e-02 -4.787269211556795766e-03
1.006151510517782760e-01 -3.463589277907345998e-02 -4.787269211556795766e-03
1.006151510517782760e-01 -3.463589277907345998e-02 -4.787269211556795766e-03
1.006151510517782760e-01 -3.463589277907345998e-02 -4.787269211556795766e-03
1.006151510517782760e-01 -3.463589277907345998e-02 -4.787269211556795766e-03
1.006151510517782760e-01 -3.463589277907345998e-02 -4.787269211556795766e-03
1.006151510517782760e-01 -3.463589277907345998e-02 -4.787269211556795766e-03
1.006151510517782760e-01 -3.463589277907345998e-02 -4.787269211556795766e-03
1.006151510517782760e-01 -3.463589277907345998e-02 -4.787269211556795766e-03
1.006151510517782760e-01 -3.463589277907345998e-02 -4.787269211556795766e-03
1.006151510517782760e-01 -3.463589277907345998e-02 -4.787269211556795766e-03
1.006151510517782760e-01 -3.463589277907345998e-02 -4.787269211556795766e-03
1.006151510517782760e-01 -3.463589277907345998e-02 -4.787269211556795766e-03
1.006151510517782760e-01 -3.463589277907345998e-02 -4.787269211556795766e-03
4.900667184418750627e-02 -1.694040101772520401e-02 -2.241725365129082319e-03
4.900667184418750627e-02 -1.694040101772520401e-02 -2.241725365129082319e-03
4.900667184418750627e-02 -1.694040101772520401e-02 -2.241725365129082319e-03
4.900667184418750627e-02 -1.694040101772520401e-02 -2.241725365129082319e-03
4.900667184418750627e-02 -1.694040101772520401e-02 -2.241725365129082319e-03
4.900667184418750627e-02 -1.694040101772520401e-02 -2.241725365129082319e-03
4.900667184418750627e-02 -1.694040101772520401e-02 -2.241725365129082319e-03
4.900667184418750627e-02 -1.694040101772520401e-02 -2.241725365129082319e-03
4.900667184418750627e-02 -1.694040101772520401e-02 -2.241725365129082319e-03
4.900667184418750627e-02 -1.694040101772520401e-02 -2.241725365129082319e-03
4.900667184418750627e-02 -1.694040101772520401e-02 -2.241725365129082319e-03
4.900667184418750627e-02 -1.694040101772520401e-02 -2.241725365129082319e-03
4.900667184418750627e-02 -1.694040101772520401e-02 -2.241725365129082319e-03
4.900667184418750627e-02 -1.694040101772520401e-02 -2.241725365129082319e-03
4.900667184418750627e-02 -1.694040101772520401e-02 -2.241725365129082319e-03
8.502372235504590536e-02 -3.094148950666861589e-02 -3.739624213683336203e-03
8.502372235504590536e-02 -3.094148950666861589e-02 -3.739624213683336203e-03
8.502372235504590536e-02 -3.094148950666861589e-02 -3.739624213683336203e-03
8.502372235504590536e-02 -3.094148950666861589e-02 -3.739624213683336203e-03
8.502372235504590536e-02 -3.094148950666861589e-02 -3.739624213683336203e-03
8.502372235504590536e-02 -3.094148950666861589e-02 -3.739624213683336203e-03
8.502372235504590536e-02 -3.094148950666861589e-02 -3.739624213683336203e-03
8.502372235504590536e-02 -3.094148950666861589e-02 -3.739624213683336203e-03
8.502372235504590536e-02 -3.094148950666861589e-02 -3.739624213683336203e-03
8.502372235504590536e-02 -3.094148950666861589e-02 -3.739624213683336203e-03
8.502372235504590536e-02 -3.094148950666861589e-02 -3.739624213683336203e-03
8.502372235504590536e-02 -3.094148950666861589e-02 -3.739624213683336203e-03
8.502372235504590536e-02 -3.094148950666861589e-02 -3.739624213683336203e-03
8.502372235504590536e-02 -3.094148950666861589e-02 -3.739624213683336203e-03
8.502372235504590536e-02 -3.094148950666861589e-02 -3.739624213683336203e-03
8.502372235504590536e-02 -3.094148950666861589e-02 -3.739624213683336203e-03
