5.640914154242220035e-04 2.075170641042243906e-03 -4.060797388436574243e-04
5.640914154242220035e-04 2.075170641042243906e-03 -4.060797388436574243e-04
5.640914154242220035e-04 2.075170641042243906e-03 -4.060797388436574243e-04
5.640914154242220035e-04 2.075170641042243906e-03 -4.060797388436574243e-04
5.640914154242220035e-04 2.075170641042243906e-03 -4.060797388436574243e-04
5.640914154242220035e-04 2.075170641042243906e-03 -4.060797388436574243e-04
5.640914154242220035e-04 2.075170641042243906e-03 -4.060797388436574243e-04
5.640914154242220035e-04 2.075170641042243906e-03 -4.060797388436574243e-04
5.640914154242220035e-04 2.075170641042243906e-03 -4.060797388436574243e-04
5.640914154242220035e-04 2.075170641042243906e-03 -4.060797388436574243e-04
5.640914154242220035e-04 2.075170641042243906e-03 -4.060797388436574243e-04
5.640914154242220035e-04 2.075170641042243906e-03 -4.060797388436574243e-04
5.640914154242220035e-04 2.075170641042243906e-03 -4.060797388436574243e-04
5.640914154242220035e-04 2.075170641042243906e-03 -4.060797388436574243e-04
5.640914154242220035e-04 2.075170641042243906e-03 -4.060797388436574243e-04
5.640914154242220035e-04 2.075170641042243906e-03 -4.060797388436574243e-04
5.640914154242220035e-04 2.075170641042243906e-03 -4.060797388436574243e-04
-7.836015541173736026e-04 1.684676723666025944e-03 8.502423360653172529e-04
-7.836015541173736026e-04 1.684676723666025944e-03 8.502423360653172529e-04
-7.836015541173736026e-04 1.684676723666025944e-03 8.502423360653172529e-04
-7.836015541173736026e-04 1.684676723666025944e-03 8.502423360653172529e-04
-7.836015541173736026e-04 1.684676723666025944e-03 8.502423360653172529e-04
-7.836015541173736026e-04 1.684676723666025944e-03 8.502423360653172529e-04
-7.836015541173736026e-04 1.684676723666025944e-03 8.502423360653172529e-04
-7.836015541173736026e-04 1.684676723666025944e-03 8.502423360653172529e-04
-7.836015541173736026e-04 1.684676723666025944e-03 8.502423360653172529e-04
-7.836015541173736026e-04 1.684676723666025944e-03 8.502423360653172529e-04
-7.836015541173736026e-04 1.684676723666025944e-03 8.502423360653172529e-04
-7.836015541173736026e-04 1.684676723666025944e-03 8.502423360653172529e-04
-7.836015541173736026e-04 1.684676723666025944e-03 8.502423360653172529e-04
-7.836015541173736026e-04 1.684676723666025944e-03 8.502423360653172529e-04
-7.836015541173736026e-04 1.684676723666025944e-03 8.502423360653172529e-04
-7.836015541173736026e-04 1.684676723666025944e-03 8.502423360653172529e-04
-7.836015541173736026e-04 1.684676723666025944e-03 8.502423360653172529e-04
-9.170670249803690444e-04 4.539350716344127401e-04 2.573211612212546878e-05
-9.170670249803690444e-04 4.539350716344127401e-04 2.573211612212546878e-05
-9.170670249803690444e-04 4.539350716344127401e-04 2.573211612212546878e-05
-9.170670249803690444e-04 4.539350716344127401e-04 2.573211612212546878e-05
-9.170670249803690444e-04 4.539350716344127401e-04 2.573211612212546878e-05
-9.170670249803690444e-04 4.539350716344127401e-04 2.573211612212546878e-05
-9.170670249803690444e-04 4.539350716344127401e-04 2.573211612212546878e-05
-9.170670249803690444e-04 4.539350716344127401e-04 2.573211612212546878e-05
-9.170670249803690444e-04 4.539350716344127401e-04 2.573211612212546878e-05
-9.170670249803690444e-04 4.539350716344127401e-04 2.573211612212546878e-05
-9.170670249803690444e-04 4.539350716344127401e-04 2.573211612212546878e-05
-9.170670249803690444e-04 4.539350716344127401e-04 2.573211612212546878e-05
-9.170670249803690444e-04 4.539350716344127401e-04 2.573211612212546878e-05
-9.170670249803690444e-04 4.539350716344127401e-04 2.573211612212546878e-05
-9.170670249803690444e-04 4.539350716344127401e-04 2.573211612212546878e-05
-9.170670249803690444e-04 4.539350716344127401e-04 2.573211612212546878e-05
-9.170670249803690444e-04 4.539350716344127401e-04 2.573211612212546878e-05
-1.750451153539380952e-03 2.652811279494311086e-03 4.140407730197741276e-04
-1.750451153539380952e-03 2.652811279494311086e-03 4.140407730197741276e-04
-1.750451153539380952e-03 2.652811279494311086e-03 4.140407730197741276e-04
-1.750451153539380952e-03 2.652811279494311086e-03 4.140407730197741276e-04
-1.750451153539380952e-03 2.652811279494311086e-03 4.140407730197741276e-04
-1.750451153539380952e-03 2.652811279494311086e-03 4.140407730197741276e-04
-1.750451153539380952e-03 2.652811279494311086e-03 4.140407730197741276e-04
-1.750451153539380952e-03 2.652811279494311086e-03 4.140407730197741276e-04
-1.750451153539380952e-03 2.652811279494311086e-03 4.140407730197741276e-04
-1.750451153539380952e-03 2.652811279494311086e-03 4.140407730197741276e-04
-1.750451153539380952e-03 2.652811279494311086e-03 4.140407730197741276e-04
-1.750451153539380952e-03 2.652811279494311086e-03 4.140407730197741276e-04
-1.750451153539380952e-03 2.652811279494311086e-03 4.140407730197741276e-04
-1.750451153539380952e-03 2.652811279494311086e-03 4.140407730197741276e-04
-1.750451153539380952e-03 2.652811279494311086e-03 4.140407730197741276e-04
-1.750451153539380952e-03 2.652811279494311086e-03 4.140407730197741276e-04
-1.750451153539380952e-03 2.652811279494311086e-03 4.140407730197741276e-04
4.207351311287174656e-05 2.452028800799649008e-03 3.298869688530582656e-04
4.207351311287174656e-05 2.452028800799649008e-03 3.298869688530582656e-04
4.207351311287174656e-05 2.452028800799649008e-03 3.298869688530582656e-04
4.207351311287174656e-05 2.452028800799649008e-03 3.298869688530582656e-04
4.207351311287174656e-05 2.452028800799649008e-03 3.298869688530582656e-04
4.207351311287174656e-05 2.452028800799649008e-03 3.298869688530582656e-04
4.207351311287174656e-05 2.452028800799649008e-03 3.298869688530582656e-04
4.207351311287174656e-05 2.452028800799649008e-03 3.298869688530582656e-04
4.207351311287174656e-05 2.452028800799649008e-03 3.298869688530582656e-04
4.207351311287174656e-05 2.452028800799649008e-03 3.298869688530582656e-04
4.207351311287174656e-05 2.452028800799649008e-03 3.298869688530582656e-04
4.207351311287174656e-05 2.452028800799649008e-03 3.298869688530582656e-04
4.207351311287174656e-05 2.452028800799649008e-03 3.298869688530582656e-04
4.207351311287174656e-05 2.452028800799649008e-03 3.298869688530582656e-04
4.207351311287174656e-05 2.452028800799649008e-03 3.298869688530582656e-04
4.207351311287174656e-05 2.452028800799649008e-03 3.298869688530582656e-04
4.207351311287174656e-05 2.452028800799649008e-03 3.298869688530582656e-04
-2.074356869273992487e-04 2.808164778566765024e-03 -1.247664992137951113e-03
-2.074356869273992487e-04 2.808164778566765024e-03 -1.247664992137951113e-03
-2.074356869273992487e-04 2.808164778566765024e-03 -1.247664992137951113e-03
-2.074356869273992487e-04 2.808164778566765024e-03 -1.247664992137951113e-03
-2.074356869273992487e-04 2.808164778566765024e-03 -1.247664992137951113e-03
-2.074356869273992487e-04 2.808164778566765024e-03 -1.247664992137951113e-03
-2.074356869273992487e-04 2.808164778566765024e-03 -1.247664992137951113e-03
-2.074356869273992487e-04 2.808164778566765024e-03 -1.247664992137951113e-03
-2.074356869273992487e-04 2.808164778566765024e-03 -1.247664992137951113e-03
-2.074356869273992487e-04 2.808164778566765024e-03 -1.247664992137951113e-03
-2.074356869273992487e-04 2.808164778566765024e-03 -1.247664992137951113e-03
-2.074356869273992487e-04 2.808164778566765024e-03 -1.247664992137951113e-03
-2.074356869273992487e-04 2.808164778566765024e-03 -1.247664992137951113e-03
-2.074356869273992487e-04 2.808164778566765024e-03 -1.247664992137951113e-03
-2.074356869273992487e-04 2.808164778566765024e-03 -1.247664992137951113e-03
-2.074356869273992487e-04 2.808164778566765024e-03 -1.247664992137951113e-03
-2.074356869273992487e-04 2.808164778566765024e-03 -1.247664992137951113e-03
9.699507972748579177e-05 9.382984286575414903e-04 1.063054733304705929e-03
9.699507972748579177e-05 9.382984286575414903e-04 1.063054733304705929e-03
9.699507972748579177e-05 9.382984286575414903e-04 1.063054733304705929e-03
9.699507972748579177e-05 9.382984286575414903e-04 1.063054733304705929e-03
9.699507972748579177e-05 9.382984286575414903e-04 1.063054733304705929e-03
9.699507972748579177e-05 9.382984286575414903e-04 1.063054733304705929e-03
9.699507972748579177e-05 9.382984286575414903e-04 1.063054733304705929e-03
9.699507972748579177e-05 9.382984286575414903e-04 1.063054733304705929e-03
9.699507972748579177e-05 9.382984286575414903e-04 1.063054733304705929e-03
9.699507972748579177e-05 9.382984286575414903e-04 1.063054733304705929e-03
9.699507972748579177e-05 9.382984286575414903e-04 1.063054733304705929e-03
9.699507972748579177e-05 9.382984286575414903e-04 1.063054733304705929e-03
9.699507972748579177e-05 9.382984286575414903e-04 1.063054733304705929e-03
9.699507972748579177e-05 9.382984286575414903e-04 1.063054733304705929e-03
9.699507972748579177e-05 9.382984286575414903e-04 1.063054733304705929e-03
9.699507972748579177e-05 9.382984286575414903e-04 1.063054733304705929e-03
9.699507972748579177e-05 9.382984286575414903e-04 1.063054733304705929e-03
7.827331634815181197e-04 2.054560774497088405e-03 6.989828951359453035e-04
7.827331634815181197e-04 2.054560774497088405e-03 6.989828951359453035e-04
7.827331634815181197e-04 2.054560774497088405e-03 6.989828951359453035e-04
7.827331634815181197e-04 2.054560774497088405e-03 6.989828951359453035e-04
7.827331634815181197e-04 2.054560774497088405e-03 6.989828951359453035e-04
7.827331634815181197e-04 2.054560774497088405e-03 6.989828951359453035e-04
7.827331634815181197e-04 2.054560774497088405e-03 6.989828951359453035e-04
7.827331634815181197e-04 2.054560774497088405e-03 6.989828951359453035e-04
7.827331634815181197e-04 2.054560774497088405e-03 6.989828951359453035e-04
7.827331634815181197e-04 2.054560774497088405e-03 6.989828951359453035e-04
7.827331634815181197e-04 2.054560774497088405e-03 6.989828951359453035e-04
7.827331634815181197e-04 2.054560774497088405e-03 6.989828951359453035e-04
7.827331634815181197e-04 2.054560774497088405e-03 6.989828951359453035e-04
7.827331634815181197e-04 2.054560774497088405e-03 6.989828951359453035e-04
7.827331634815181197e-04 2.054560774497088405e-03 6.989828951359453035e-04
7.827331634815181197e-04 2.054560774497088405e-03 6.989828951359453035e-04
7.827331634815181197e-04 2.054560774497088405e-03 6.989828951359453035e-04
-2.284755143920782702e-03 6.805648313955928175e-03 5.914916629416015932e-03
-2.284755143920782702e-03 6.805648313955928175e-03 5.914916629416015932e-03
-2.284755143920782702e-03 6.805648313955928175e-03 5.914916629416015932e-03
-2.284755143920782702e-03 6.805648313955928175e-03 5.914916629416015932e-03
-2.284755143920782702e-03 6.805648313955928175e-03 5.914916629416015932e-03
-2.284755143920782702e-03 6.805648313955928175e-03 5.914916629416015932e-03
-2.284755143920782702e-03 6.805648313955928175e-03 5.914916629416015932e-03
-2.284755143920782702e-03 6.805648313955928175e-03 5.914916629416015932e-03
-2.284755143920782702e-03 6.805648313955928175e-03 5.914916629416015932e-03
-2.284755143920782702e-03 6.805648313955928175e-03 5.914916629416015932e-03
-2.284755143920782702e-03 6.805648313955928175e-03 5.914916629416015932e-03
-2.284755143920782702e-03 6.805648313955928175e-03 5.914916629416015932e-03
-2.284755143920782702e-03 6.805648313955928175e-03 5.914916629416015932e-03
-2.284755143920782702e-03 6.805648313955928175e-03 5.914916629416015932e-03
-2.284755143920782702e-03 6.805648313955928175e-03 5.914916629416015932e-03
-2.284755143920782702e-03 6.805648313955928175e-03 5.914916629416015932e-03
-2.284755143920782702e-03 6.805648313955928175e-03 5.914916629416015932e-03
-8.363871296246938591e-04 2.492850482231932785e-03 1.452430851996457106e-03
-8.363871296246938591e-04 2.492850482231932785e-03 1.452430851996457106e-03
-8.363871296246938591e-04 2.492850482231932785e-03 1.452430851996457106e-03
-8.363871296246938591e-04 2.492850482231932785e-03 1.452430851996457106e-03
-8.363871296246938591e-04 2.492850482231932785e-03 1.452430851996457106e-03
-8.363871296246938591e-04 2.492850482231932785e-03 1.452430851996457106e-03
-8.363871296246938591e-04 2.492850482231932785e-03 1.452430851996457106e-03
-8.363871296246938591e-04 2.492850482231932785e-03 1.452430851996457106e-03
-8.363871296246938591e-04 2.492850482231932785e-03 1.452430851996457106e-03
-8.363871296246938591e-04 2.492850482231932785e-03 1.452430851996457106e-03
-8.363871296246938591e-04 2.492850482231932785e-03 1.452430851996457106e-03
-8.363871296246938591e-04 2.492850482231932785e-03 1.452430851996457106e-03
-8.363871296246938591e-04 2.492850482231932785e-03 1.452430851996457106e-03
-8.363871296246938591e-04 2.492850482231932785e-03 1.452430851996457106e-03
-8.363871296246938591e-04 2.492850482231932785e-03 1.452430851996457106e-03
-8.363871296246938591e-04 2.492850482231932785e-03 1.452430851996457106e-03
-8.363871296246938591e-04 2.492850482231932785e-03 1.452430851996457106e-03
2.793758426611683832e-05 1.003360653869942148e-03 3.243278436554104111e-05
2.793758426611683832e-05 1.003360653869942148e-03 3.243278436554104111e-05
2.793758426611683832e-05 1.003360653869942148e-03 3.243278436554104111e-05
2.793758426611683832e-05 1.003360653869942148e-03 3.243278436554104111e-05
2.793758426611683832e-05 1.003360653869942148e-03 3.243278436554104111e-05
2.793758426611683832e-05 1.003360653869942148e-03 3.243278436554104111e-05
2.793758426611683832e-05 1.003360653869942148e-03 3.243278436554104111e-05
2.793758426611683832e-05 1.003360653869942148e-03 3.243278436554104111e-05
2.793758426611683832e-05 1.003360653869942148e-03 3.243278436554104111e-05
2.793758426611683832e-05 1.003360653869942148e-03 3.243278436554104111e-05
2.793758426611683832e-05 1.003360653869942148e-03 3.243278436554104111e-05
2.793758426611683832e-05 1.003360653869942148e-03 3.243278436554104111e-05
2.793758426611683832e-05 1.003360653869942148e-03 3.243278436554104111e-05
2.793758426611683832e-05 1.003360653869942148e-03 3.243278436554104111e-05
2.793758426611683832e-05 1.003360653869942148e-03 3.243278436554104111e-05
2.793758426611683832e-05 1.003360653869942148e-03 3.243278436554104111e-05
2.793758426611683832e-05 1.003360653869942148e-03 3.243278436554104111e-05
5.346664654830145941e-04 1.230817819096499330e-03 1.270312563005498996e-03
5.346664654830145941e-04 1.230817819096499330e-03 1.270312563005498996e-03
5.346664654830145941e-04 1.230817819096499330e-03 1.270312563005498996e-03
5.346664654830145941e-04 1.230817819096499330e-03 1.270312563005498996e-03
5.346664654830145941e-04 1.230817819096499330e-03 1.270312563005498996e-03
5.346664654830145941e-04 1.230817819096499330e-03 1.270312563005498996e-03
5.346664654830145941e-04 1.230817819096499330e-03 1.270312563005498996e-03
5.346664654830145941e-04 1.230817819096499330e-03 1.270312563005498996e-03
5.346664654830145941e-04 1.230817819096499330e-03 1.270312563005498996e-03
5.346664654830145941e-04 1.230817819096499330e-03 1.270312563005498996e-03
5.346664654830145941e-04 1.230817819096499330e-03 1.270312563005498996e-03
5.346664654830145941e-04 1.230817819096499330e-03 1.270312563005498996e-03
5.346664654830145941e-04 1.230817819096499330e-03 1.270312563005498996e-03
5.346664654830145941e-04 1.230817819096499330e-03 1.270312563005498996e-03
5.346664654830145941e-04 1.230817819096499330e-03 1.270312563005498996e-03
5.346664654830145941e-04 1.230817819096499330e-03 1.270312563005498996e-03
5.346664654830145941e-04 1.230817819096499330e-03 1.270312563005498996e-03
-9.205875117572343003e-04 9.159282907772250959e-04 6.572550139865608598e-05
-9.205875117572343003e-04 9.159282907772250959e-04 6.572550139865608598e-05
-9.205875117572343003e-04 9.159282907772250959e-04 6.572550139865608598e-05
-9.205875117572343003e-04 9.159282907772250959e-04 6.572550139865608598e-05
-9.205875117572343003e-04 9.159282907772250959e-04 6.572550139865608598e-05
-9.205875117572343003e-04 9.159282907772250959e-04 6.572550139865608598e-05
-9.205875117572343003e-04 9.159282907772250959e-04 6.572550139865608598e-05
-9.205875117572343003e-04 9.159282907772250959e-04 6.572550139865608598e-05
-9.205875117572343003e-04 9.159282907772250959e-04 6.572550139865608598e-05
-9.205875117572343003e-04 9.159282907772250959e-04 6.572550139865608598e-05
-9.205875117572343003e-04 9.159282907772250959e-04 6.572550139865608598e-05
-9.205875117572343003e-04 9.159282907772250959e-04 6.572550139865608598e-05
-9.205875117572343003e-04 9.159282907772250959e-04 6.572550139865608598e-05
-9.205875117572343003e-04 9.159282907772250959e-04 6.572550139865608598e-05
-9.205875117572343003e-04 9.159282907772250959e-04 6.572550139865608598e-05
-9.205875117572343003e-04 9.159282907772250959e-04 6.572550139865608598e-05
-9.205875117572343003e-04 9.159282907772250959e-04 6.572550139865608598e-05
