-1.150870749258580544e-03 3.181240318650551801e-03 -4.243133849122029261e-03
-1.150870749258580544e-03 3.181240318650551801e-03 -4.243133849122029261e-03
-1.150870749258580544e-03 3.181240318650551801e-03 -4.243133849122029261e-03
-1.150870749258580544e-03 3.181240318650551801e-03 -4.243133849122029261e-03
-1.150870749258580544e-03 3.181240318650551801e-03 -4.243133849122029261e-03
-1.150870749258580544e-03 3.181240318650551801e-03 -4.243133849122029261e-03
-1.150870749258580544e-03 3.181240318650551801e-03 -4.243133849122029261e-03
-1.150870749258580544e-03 3.181240318650551801e-03 -4.243133849122029261e-03
-1.150870749258580544e-03 3.181240318650551801e-03 -4.243133849122029261e-03
-1.150870749258580544e-03 3.181240318650551801e-03 -4.243133849122029261e-03
-1.150870749258580544e-03 3.181240318650551801e-03 -4.243133849122029261e-03
-1.150870749258580544e-03 3.181240318650551801e-03 -4.243133849122029261e-03
-1.150870749258580544e-03 3.181240318650551801e-03 -4.243133849122029261e-03
-1.150870749258580544e-03 3.181240318650551801e-03 -4.243133849122029261e-03
-1.150870749258580544e-03 3.181240318650551801e-03 -4.243133849122029261e-03
-1.150870749258580544e-03 3.181240318650551801e-03 -4.243133849122029261e-03
-1.150870749258580544e-03 3.181240318650551801e-03 -4.243133849122029261e-03
-6.980716968089164046e-03 -3.538712372368456663e-03 -7.923376776571879054e-04
-6.980716968089164046e-03 -3.538712372368456663e-03 -7.923376776571879054e-04
-6.980716968089164046e-03 -3.538712372368456663e-03 -7.923376776571879054e-04
-6.980716968089164046e-03 -3.538712372368456663e-03 -7.923376776571879054e-04
-6.980716968089164046e-03 -3.538712372368456663e-03 -7.923376776571879054e-04
-6.980716968089164046e-03 -3.538712372368456663e-03 -7.923376776571879054e-04
-6.980716968089164046e-03 -3.538712372368456663e-03 -7.923376776571879054e-04
-6.980716968089164046e-03 -3.538712372368456663e-03 -7.923376776571879054e-04
-6.980716968089164046e-03 -3.538712372368456663e-03 -7.923376776571879054e-04
-6.980716968089164046e-03 -3.538712372368456663e-03 -7.923376776571879054e-04
-6.980716968089164046e-03 -3.538712372368456663e-03 -7.923376776571879054e-04
-6.980716968089164046e-03 -3.538712372368456663e-03 -7.923376776571879054e-04
-6.980716968089164046e-03 -3.538712372368456663e-03 -7.923376776571879054e-04
-6.980716968089164046e-03 -3.538712372368456663e-03 -7.923376776571879054e-04
-6.980716968089164046e-03 -3.538712372368456663e-03 -7.923376776571879054e-04
-6.980716968089164046e-03 -3.538712372368456663e-03 -7.923376776571879054e-04
-6.980716968089164046e-03 -3.538712372368456663e-03 -7.923376776571879054e-04
2.272462471686822680e-03 -4.883807963988267241e-04 -1.017614114250489296e-03
2.272462471686822680e-03 -4.883807963988267241e-04 -1.017614114250489296e-03
2.272462471686822680e-03 -4.883807963988267241e-04 -1.017614114250489296e-03
2.272462471686822680e-03 -4.883807963988267241e-04 -1.017614114250489296e-03
2.272462471686822680e-03 -4.883807963988267241e-04 -1.017614114250489296e-03
2.272462471686822680e-03 -4.883807963988267241e-04 -1.017614114250489296e-03
2.272462471686822680e-03 -4.883807963988267241e-04 -1.017614114250489296e-03
2.272462471686822680e-03 -4.883807963988267241e-04 -1.017614114250489296e-03
2.272462471686822680e-03 -4.883807963988267241e-04 -1.017614114250489296e-03
2.272462471686822680e-03 -4.883807963988267241e-04 -1.017614114250489296e-03
2.272462471686822680e-03 -4.883807963988267241e-04 -1.017614114250489296e-03
2.272462471686822680e-03 -4.883807963988267241e-04 -1.017614114250489296e-03
2.272462471686822680e-03 -4.883807963988267241e-04 -1.017614114250489296e-03
2.272462471686822680e-03 -4.883807963988267241e-04 -1.017614114250489296e-03
2.272462471686822680e-03 -4.883807963988267241e-04 -1.017614114250489296e-03
2.272462471686822680e-03 -4.883807963988267241e-04 -1.017614114250489296e-03
2.272462471686822680e-03 -4.883807963988267241e-04 -1.017614114250489296e-03
-8.980909723133871821e-04 -3.788051152925145382e-04 -4.134719441365076673e-03
-8.980909723133871821e-04 -3.788051152925145382e-04 -4.134719441365076673e-03
-8.980909723133871821e-04 -3.788051152925145382e-04 -4.134719441365076673e-03
-8.980909723133871821e-04 -3.788051152925145382e-04 -4.134719441365076673e-03
-8.980909723133871821e-04 -3.788051152925145382e-04 -4.134719441365076673e-03
-8.980909723133871821e-04 -3.788051152925145382e-04 -4.134719441365076673e-03
-8.980909723133871821e-04 -3.788051152925145382e-04 -4.134719441365076673e-03
-8.980909723133871821e-04 -3.788051152925145382e-04 -4.134719441365076673e-03
-8.980909723133871821e-04 -3.788051152925145382e-04 -4.134719441365076673e-03
-8.980909723133871821e-04 -3.788051152925145382e-04 -4.134719441365076673e-03
-8.980909723133871821e-04 -3.788051152925145382e-04 -4.134719441365076673e-03
-8.980909723133871821e-04 -3.788051152925145382e-04 -4.134719441365076673e-03
-8.980909723133871821e-04 -3.788051152925145382e-04 -4.134719441365076673e-03
-8.980909723133871821e-04 -3.788051152925145382e-04 -4.134719441365076673e-03
-8.980909723133871821e-04 -3.788051152925145382e-04 -4.134719441365076673e-03
-8.980909723133871821e-04 -3.788051152925145382e-04 -4.134719441365076673e-03
-8.980909723133871821e-04 -3.788051152925145382e-04 -4.134719441365076673e-03
8.416903917478185324e-03 6.043162846133449690e-04 6.948032195960469892e-04
8.416903917478185324e-03 6.043162846133449690e-04 6.948032195960469892e-04
8.416903917478185324e-03 6.043162846133449690e-04 6.948032195960469892e-04
8.416903917478185324e-03 6.043162846133449690e-04 6.948032195960469892e-04
8.416903917478185324e-03 6.043162846133449690e-04 6.948032195960469892e-04
8.416903917478185324e-03 6.043162846133449690e-04 6.948032195960469892e-04
8.416903917478185324e-03 6.043162846133449690e-04 6.948032195960469892e-04
8.416903917478185324e-03 6.043162846133449690e-04 6.948032195960469892e-04
8.416903917478185324e-03 6.043162846133449690e-04 6.948032195960469892e-04
8.416903917478185324e-03 6.043162846133449690e-04 6.948032195960469892e-04
8.416903917478185324e-03 6.043162846133449690e-04 6.948032195960469892e-04
8.416903917478185324e-03 6.043162846133449690e-04 6.948032195960469892e-04
8.416903917478185324e-03 6.043162846133449690e-04 6.948032195960469892e-04
8.416903917478185324e-03 6.043162846133449690e-04 6.948032195960469892e-04
8.416903917478185324e-03 6.043162846133449690e-04 6.948032195960469892e-04
8.416903917478185324e-03 6.043162846133449690e-04 6.948032195960469892e-04
8.416903917478185324e-03 6.043162846133449690e-04 6.948032195960469892e-04
-5.853168101289091436e-03 -2.170262986410289446e-03 -1.094455195974267233e-04
-5.853168101289091436e-03 -2.170262986410289446e-03 -1.094455195974267233e-04
-5.853168101289091436e-03 -2.170262986410289446e-03 -1.094455195974267233e-04
-5.853168101289091436e-03 -2.170262986410289446e-03 -1.094455195974267233e-04
-5.853168101289091436e-03 -2.170262986410289446e-03 -1.094455195974267233e-04
-5.853168101289091436e-03 -2.170262986410289446e-03 -1.094455195974267233e-04
-5.853168101289091436e-03 -2.170262986410289446e-03 -1.094455195974267233e-04
-5.853168101289091436e-03 -2.170262986410289446e-03 -1.094455195974267233e-04
-5.853168101289091436e-03 -2.170262986410289446e-03 -1.094455195974267233e-04
-5.853168101289091436e-03 -2.170262986410289446e-03 -1.094455195974267233e-04
-5.853168101289091436e-03 -2.170262986410289446e-03 -1.094455195974267233e-04
-5.853168101289091436e-03 -2.170262986410289446e-03 -1.094455195974267233e-04
-5.853168101289091436e-03 -2.170262986410289446e-03 -1.094455195974267233e-04
-5.853168101289091436e-03 -2.170262986410289446e-03 -1.094455195974267233e-04
-5.853168101289091436e-03 -2.170262986410289446e-03 -1.094455195974267233e-04
-5.853168101289091436e-03 -2.170262986410289446e-03 -1.094455195974267233e-04
-5.853168101289091436e-03 -2.170262986410289446e-03 -1.094455195974267233e-04
-4.255186819459059848e-03 -1.249448645299145941e-03 -8.646812204720476930e-04
-4.255186819459059848e-03 -1.249448645299145941e-03 -8.646812204720476930e-04
-4.255186819459059848e-03 -1.249448645299145941e-03 -8.646812204720476930e-04
-4.255186819459059848e-03 -1.249448645299145941e-03 -8.646812204720476930e-04
-4.255186819459059848e-03 -1.249448645299145941e-03 -8.646812204720476930e-04
-4.255186819459059848e-03 -1.249448645299145941e-03 -8.646812204720476930e-04
-4.255186819459059848e-03 -1.249448645299145941e-03 -8.646812204720476930e-04
-4.255186819459059848e-03 -1.249448645299145941e-03 -8.646812204720476930e-04
-4.255186819459059848e-03 -1.249448645299145941e-03 -8.646812204720476930e-04
-4.255186819459059848e-03 -1.249448645299145941e-03 -8.646812204720476930e-04
-4.255186819459059848e-03 -1.249448645299145941e-03 -8.646812204720476930e-04
-4.255186819459059848e-03 -1.249448645299145941e-03 -8.646812204720476930e-04
-4.255186819459059848e-03 -1.249448645299145941e-03 -8.646812204720476930e-04
-4.255186819459059848e-03 -1.249448645299145941e-03 -8.646812204720476930e-04
-4.255186819459059848e-03 -1.249448645299145941e-03 -8.646812204720476930e-04
-4.255186819459059848e-03 -1.249448645299145941e-03 -8.646812204720476930e-04
-4.255186819459059848e-03 -1.249448645299145941e-03 -8.646812204720476930e-04
2.579849467673339669e-03 1.069220151309021802e-03 -2.284123126974272125e-03
2.579849467673339669e-03 1.069220151309021802e-03 -2.284123126974272125e-03
2.579849467673339669e-03 1.069220151309021802e-03 -2.284123126974272125e-03
2.579849467673339669e-03 1.069220151309021802e-03 -2.284123126974272125e-03
2.579849467673339669e-03 1.069220151309021802e-03 -2.284123126974272125e-03
2.579849467673339669e-03 1.069220151309021802e-03 -2.284123126974272125e-03
2.579849467673339669e-03 1.069220151309021802e-03 -2.284123126974272125e-03
2.579849467673339669e-03 1.069220151309021802e-03 -2.284123126974272125e-03
2.579849467673339669e-03 1.069220151309021802e-03 -2.284123126974272125e-03
2.579849467673339669e-03 1.069220151309021802e-03 -2.284123126974272125e-03
2.579849467673339669e-03 1.069220151309021802e-03 -2.284123126974272125e-03
2.579849467673339669e-03 1.069220151309021802e-03 -2.284123126974272125e-03
2.579849467673339669e-03 1.069220151309021802e-03 -2.284123126974272125e-03
2.579849467673339669e-03 1.069220151309021802e-03 -2.284123126974272125e-03
2.579849467673339669e-03 1.069220151309021802e-03 -2.284123126974272125e-03
2.579849467673339669e-03 1.069220151309021802e-03 -2.284123126974272125e-03
2.579849467673339669e-03 1.069220151309021802e-03 -2.284123126974272125e-03
2.719929072421585492e-05 -3.616407199028656705e-03 -4.617349454764888700e-04
2.719929072421585492e-05 -3.616407199028656705e-03 -4.617349454764888700e-04
2.719929072421585492e-05 -3.616407199028656705e-03 -4.617349454764888700e-04
2.719929072421585492e-05 -3.616407199028656705e-03 -4.617349454764888700e-04
2.719929072421585492e-05 -3.616407199028656705e-03 -4.617349454764888700e-04
2.719929072421585492e-05 -3.616407199028656705e-03 -4.617349454764888700e-04
2.719929072421585492e-05 -3.616407199028656705e-03 -4.617349454764888700e-04
2.719929072421585492e-05 -3.616407199028656705e-03 -4.617349454764888700e-04
2.719929072421585492e-05 -3.616407199028656705e-03 -4.617349454764888700e-04
2.719929072421585492e-05 -3.616407199028656705e-03 -4.617349454764888700e-04
2.719929072421585492e-05 -3.616407199028656705e-03 -4.617349454764888700e-04
2.719929072421585492e-05 -3.616407199028656705e-03 -4.617349454764888700e-04
2.719929072421585492e-05 -3.616407199028656705e-03 -4.617349454764888700e-04
2.719929072421585492e-05 -3.616407199028656705e-03 -4.617349454764888700e-04
2.719929072421585492e-05 -3.616407199028656705e-03 -4.617349454764888700e-04
2.719929072421585492e-05 -3.616407199028656705e-03 -4.617349454764888700e-04
2.719929072421585492e-05 -3.616407199028656705e-03 -4.617349454764888700e-04
3.654033736903254670e-04 -2.396195903832673904e-04 -3.908619956577440852e-03
3.654033736903254670e-04 -2.396195903832673904e-04 -3.908619956577440852e-03
3.654033736903254670e-04 -2.396195903832673904e-04 -3.908619956577440852e-03
3.654033736903254670e-04 -2.396195903832673904e-04 -3.908619956577440852e-03
3.654033736903254670e-04 -2.396195903832673904e-04 -3.908619956577440852e-03
3.654033736903254670e-04 -2.396195903832673904e-04 -3.908619956577440852e-03
3.654033736903254670e-04 -2.396195903832673904e-04 -3.908619956577440852e-03
3.654033736903254670e-04 -2.396195903832673904e-04 -3.908619956577440852e-03
3.654033736903254670e-04 -2.396195903832673904e-04 -3.908619956577440852e-03
3.654033736903254670e-04 -2.396195903832673904e-04 -3.908619956577440852e-03
3.654033736903254670e-04 -2.396195903832673904e-04 -3.908619956577440852e-03
3.654033736903254670e-04 -2.396195903832673904e-04 -3.908619956577440852e-03
3.654033736903254670e-04 -2.396195903832673904e-04 -3.908619956577440852e-03
3.654033736903254670e-04 -2.396195903832673904e-04 -3.908619956577440852e-03
3.654033736903254670e-04 -2.396195903832673904e-04 -3.908619956577440852e-03
3.654033736903254670e-04 -2.396195903832673904e-04 -3.908619956577440852e-03
3.654033736903254670e-04 -2.396195903832673904e-04 -3.908619956577440852e-03
2.512794580960656804e-03 2.339314885401677646e-03 -1.684237110952438530e-03
2.512794580960656804e-03 2.339314885401677646e-03 -1.684237110952438530e-03
2.512794580960656804e-03 2.339314885401677646e-03 -1.684237110952438530e-03
2.512794580960656804e-03 2.339314885401677646e-03 -1.684237110952438530e-03
2.512794580960656804e-03 2.339314885401677646e-03 -1.684237110952438530e-03
2.512794580960656804e-03 2.339314885401677646e-03 -1.684237110952438530e-03
2.512794580960656804e-03 2.339314885401677646e-03 -1.684237110952438530e-03
2.512794580960656804e-03 2.339314885401677646e-03 -1.684237110952438530e-03
2.512794580960656804e-03 2.339314885401677646e-03 -1.684237110952438530e-03
2.512794580960656804e-03 2.339314885401677646e-03 -1.684237110952438530e-03
2.512794580960656804e-03 2.339314885401677646e-03 -1.684237110952438530e-03
2.512794580960656804e-03 2.339314885401677646e-03 -1.684237110952438530e-03
2.512794580960656804e-03 2.339314885401677646e-03 -1.684237110952438530e-03
2.512794580960656804e-03 2.339314885401677646e-03 -1.684237110952438530e-03
2.512794580960656804e-03 2.339314885401677646e-03 -1.684237110952438530e-03
2.512794580960656804e-03 2.339314885401677646e-03 -1.684237110952438530e-03
2.512794580960656804e-03 2.339314885401677646e-03 -1.684237110952438530e-03
1.724501648727191569e-03 -3.420966998044367748e-03 5.140412255327814900e-04
1.724501648727191569e-03 -3.420966998044367748e-03 5.140412255327814900e-04
1.724501648727191569e-03 -3.420966998044367748e-03 5.140412255327814900e-04
1.724501648727191569e-03 -3.420966998044367748e-03 5.140412255327814900e-04
1.724501648727191569e-03 -3.420966998044367748e-03 5.140412255327814900e-04
1.724501648727191569e-03 -3.420966998044367748e-03 5.140412255327814900e-04
1.724501648727191569e-03 -3.420966998044367748e-03 5.140412255327814900e-04
1.724501648727191569e-03 -3.420966998044367748e-03 5.140412255327814900e-04
1.724501648727191569e-03 -3.420966998044367748e-03 5.140412255327814900e-04
1.724501648727191569e-03 -3.420966998044367748e-03 5.140412255327814900e-04
1.724501648727191569e-03 -3.420966998044367748e-03 5.140412255327814900e-04
1.724501648727191569e-03 -3.420966998044367748e-03 5.140412255327814900e-04
1.724501648727191569e-03 -3.420966998044367748e-03 5.140412255327814900e-04
1.724501648727191569e-03 -3.420966998044367748e-03 5.140412255327814900e-04
1.724501648727191569e-03 -3.420966998044367748e-03 5.140412255327814900e-04
1.724501648727191569e-03 -3.420966998044367748e-03 5.140412255327814900e-04
1.724501648727191569e-03 -3.420966998044367748e-03 5.140412255327814900e-04
