2.762503452456808919e-03 -2.431984349953779379e-03 -3.596802756364972029e-03
2.762503452456808919e-03 -2.431984349953779379e-03 -3.596802756364972029e-03
2.762503452456808919e-03 -2.431984349953779379e-03 -3.596802756364972029e-03
2.762503452456808919e-03 -2.431984349953779379e-03 -3.596802756364972029e-03
2.762503452456808919e-03 -2.431984349953779379e-03 -3.596802756364972029e-03
2.762503452456808919e-03 -2.431984349953779379e-03 -3.596802756364972029e-03
2.762503452456808919e-03 -2.431984349953779379e-03 -3.596802756364972029e-03
2.762503452456808919e-03 -2.431984349953779379e-03 -3.596802756364972029e-03
2.762503452456808919e-03 -2.431984349953779379e-03 -3.596802756364972029e-03
2.762503452456808919e-03 -2.431984349953779379e-03 -3.596802756364972029e-03
2.762503452456808919e-03 -2.431984349953779379e-03 -3.596802756364972029e-03
2.762503452456808919e-03 -2.431984349953779379e-03 -3.596802756364972029e-03
2.762503452456808919e-03 -2.431984349953779379e-03 -3.596802756364972029e-03
2.762503452456808919e-03 -2.431984349953779379e-03 -3.596802756364972029e-03
2.762503452456808919e-03 -2.431984349953779379e-03 -3.596802756364972029e-03
2.762503452456808919e-03 -2.431984349953779379e-03 -3.596802756364972029e-03
2.762503452456808919e-03 -2.431984349953779379e-03 -3.596802756364972029e-03
1.377317945816698697e-03 -1.429739600007347376e-03 -3.634968473943345213e-03
1.377317945816698697e-03 -1.429739600007347376e-03 -3.634968473943345213e-03
1.377317945816698697e-03 -1.429739600007347376e-03 -3.634968473943345213e-03
1.377317945816698697e-03 -1.429739600007347376e-03 -3.634968473943345213e-03
1.377317945816698697e-03 -1.429739600007347376e-03 -3.634968473943345213e-03
1.377317945816698697e-03 -1.429739600007347376e-03 -3.634968473943345213e-03
1.377317945816698697e-03 -1.429739600007347376e-03 -3.634968473943345213e-03
1.377317945816698697e-03 -1.429739600007347376e-03 -3.634968473943345213e-03
1.377317945816698697e-03 -1.429739600007347376e-03 -3.634968473943345213e-03
1.377317945816698697e-03 -1.429739600007347376e-03 -3.634968473943345213e-03
1.377317945816698697e-03 -1.429739600007347376e-03 -3.634968473943345213e-03
1.377317945816698697e-03 -1.429739600007347376e-03 -3.634968473943345213e-03
1.377317945816698697e-03 -1.429739600007347376e-03 -3.634968473943345213e-03
1.377317945816698697e-03 -1.429739600007347376e-03 -3.634968473943345213e-03
1.377317945816698697e-03 -1.429739600007347376e-03 -3.634968473943345213e-03
1.377317945816698697e-03 -1.429739600007347376e-03 -3.634968473943345213e-03
1.377317945816698697e-03 -1.429739600007347376e-03 -3.634968473943345213e-03
-1.328248321803276056e-03 2.680968836540186667e-03 3.306345512204628134e-03
-1.328248321803276056e-03 2.680968836540186667e-03 3.306345512204628134e-03
-1.328248321803276056e-03 2.680968836540186667e-03 3.306345512204628134e-03
-1.328248321803276056e-03 2.680968836540186667e-03 3.306345512204628134e-03
-1.328248321803276056e-03 2.680968836540186667e-03 3.306345512204628134e-03
-1.328248321803276056e-03 2.680968836540186667e-03 3.306345512204628134e-03
-1.328248321803276056e-03 2.680968836540186667e-03 3.306345512204628134e-03
-1.328248321803276056e-03 2.680968836540186667e-03 3.306345512204628134e-03
-1.328248321803276056e-03 2.680968836540186667e-03 3.306345512204628134e-03
-1.328248321803276056e-03 2.680968836540186667e-03 3.306345512204628134e-03
-1.328248321803276056e-03 2.680968836540186667e-03 3.306345512204628134e-03
-1.328248321803276056e-03 2.680968836540186667e-03 3.306345512204628134e-03
-1.328248321803276056e-03 2.680968836540186667e-03 3.306345512204628134e-03
-1.328248321803276056e-03 2.680968836540186667e-03 3.306345512204628134e-03
-1.328248321803276056e-03 2.680968836540186667e-03 3.306345512204628134e-03
-1.328248321803276056e-03 2.680968836540186667e-03 3.306345512204628134e-03
-1.328248321803276056e-03 2.680968836540186667e-03 3.306345512204628134e-03
9.339957101152374097e-05 3.151863588625562762e-04 -3.697009439458869267e-03
9.339957101152374097e-05 3.151863588625562762e-04 -3.697009439458869267e-03
9.339957101152374097e-05 3.151863588625562762e-04 -3.697009439458869267e-03
9.339957101152374097e-05 3.151863588625562762e-04 -3.697009439458869267e-03
9.339957101152374097e-05 3.151863588625562762e-04 -3.697009439458869267e-03
9.339957101152374097e-05 3.151863588625562762e-04 -3.697009439458869267e-03
9.339957101152374097e-05 3.151863588625562762e-04 -3.697009439458869267e-03
9.339957101152374097e-05 3.151863588625562762e-04 -3.697009439458869267e-03
9.339957101152374097e-05 3.151863588625562762e-04 -3.697009439458869267e-03
9.339957101152374097e-05 3.151863588625562762e-04 -3.697009439458869267e-03
9.339957101152374097e-05 3.151863588625562762e-04 -3.697009439458869267e-03
9.339957101152374097e-05 3.151863588625562762e-04 -3.697009439458869267e-03
9.339957101152374097e-05 3.151863588625562762e-04 -3.697009439458869267e-03
9.339957101152374097e-05 3.151863588625562762e-04 -3.697009439458869267e-03
9.339957101152374097e-05 3.151863588625562762e-04 -3.697009439458869267e-03
9.339957101152374097e-05 3.151863588625562762e-04 -3.697009439458869267e-03
9.339957101152374097e-05 3.151863588625562762e-04 -3.697009439458869267e-03
6.263874691461741168e-04 -9.529479826588544561e-04 -4.063965695944853074e-03
6.263874691461741168e-04 -9.529479826588544561e-04 -4.063965695944853074e-03
6.263874691461741168e-04 -9.529479826588544561e-04 -4.063965695944853074e-03
6.263874691461741168e-04 -9.529479826588544561e-04 -4.063965695944853074e-03
6.263874691461741168e-04 -9.529479826588544561e-04 -4.063965695944853074e-03
6.263874691461741168e-04 -9.529479826588544561e-04 -4.063965695944853074e-03
6.263874691461741168e-04 -9.529479826588544561e-04 -4.063965695944853074e-03
6.263874691461741168e-04 -9.529479826588544561e-04 -4.063965695944853074e-03
6.263874691461741168e-04 -9.529479826588544561e-04 -4.063965695944853074e-03
6.263874691461741168e-04 -9.529479826588544561e-04 -4.063965695944853074e-03
6.263874691461741168e-04 -9.529479826588544561e-04 -4.063965695944853074e-03
6.263874691461741168e-04 -9.529479826588544561e-04 -4.063965695944853074e-03
6.263874691461741168e-04 -9.529479826588544561e-04 -4.063965695944853074e-03
6.263874691461741168e-04 -9.529479826588544561e-04 -4.063965695944853074e-03
6.263874691461741168e-04 -9.529479826588544561e-04 -4.063965695944853074e-03
6.263874691461741168e-04 -9.529479826588544561e-04 -4.063965695944853074e-03
6.263874691461741168e-04 -9.529479826588544561e-04 -4.063965695944853074e-03
1.251762569028825375e-03 -1.482809018097852941e-03 -3.405082968238890354e-03
1.251762569028825375e-03 -1.482809018097852941e-03 -3.405082968238890354e-03
1.251762569028825375e-03 -1.482809018097852941e-03 -3.405082968238890354e-03
1.251762569028825375e-03 -1.482809018097852941e-03 -3.405082968238890354e-03
1.251762569028825375e-03 -1.482809018097852941e-03 -3.405082968238890354e-03
1.251762569028825375e-03 -1.482809018097852941e-03 -3.405082968238890354e-03
1.251762569028825375e-03 -1.482809018097852941e-03 -3.405082968238890354e-03
1.251762569028825375e-03 -1.482809018097852941e-03 -3.405082968238890354e-03
1.251762569028825375e-03 -1.482809018097852941e-03 -3.405082968238890354e-03
1.251762569028825375e-03 -1.482809018097852941e-03 -3.405082968238890354e-03
1.251762569028825375e-03 -1.482809018097852941e-03 -3.405082968238890354e-03
1.251762569028825375e-03 -1.482809018097852941e-03 -3.405082968238890354e-03
1.251762569028825375e-03 -1.482809018097852941e-03 -3.405082968238890354e-03
1.251762569028825375e-03 -1.482809018097852941e-03 -3.405082968238890354e-03
1.251762569028825375e-03 -1.482809018097852941e-03 -3.405082968238890354e-03
1.251762569028825375e-03 -1.482809018097852941e-03 -3.405082968238890354e-03
1.251762569028825375e-03 -1.482809018097852941e-03 -3.405082968238890354e-03
-2.730609197297463250e-03 -5.678752432299346078e-03 -2.731657479952090406e-03
-2.730609197297463250e-03 -5.678752432299346078e-03 -2.731657479952090406e-03
-2.730609197297463250e-03 -5.678752432299346078e-03 -2.731657479952090406e-03
-2.730609197297463250e-03 -5.678752432299346078e-03 -2.731657479952090406e-03
-2.730609197297463250e-03 -5.678752432299346078e-03 -2.731657479952090406e-03
-2.730609197297463250e-03 -5.678752432299346078e-03 -2.731657479952090406e-03
-2.730609197297463250e-03 -5.678752432299346078e-03 -2.731657479952090406e-03
-2.730609197297463250e-03 -5.678752432299346078e-03 -2.731657479952090406e-03
-2.730609197297463250e-03 -5.678752432299346078e-03 -2.731657479952090406e-03
-2.730609197297463250e-03 -5.678752432299346078e-03 -2.731657479952090406e-03
-2.730609197297463250e-03 -5.678752432299346078e-03 -2.731657479952090406e-03
-2.730609197297463250e-03 -5.678752432299346078e-03 -2.731657479952090406e-03
-2.730609197297463250e-03 -5.678752432299346078e-03 -2.731657479952090406e-03
-2.730609197297463250e-03 -5.678752432299346078e-03 -2.731657479952090406e-03
-2.730609197297463250e-03 -5.678752432299346078e-03 -2.731657479952090406e-03
-2.730609197297463250e-03 -5.678752432299346078e-03 -2.731657479952090406e-03
-2.730609197297463250e-03 -5.678752432299346078e-03 -2.731657479952090406e-03
9.533934798326114402e-04 -7.197139675443418178e-04 -3.239902661260991509e-03
9.533934798326114402e-04 -7.197139675443418178e-04 -3.239902661260991509e-03
9.533934798326114402e-04 -7.197139675443418178e-04 -3.239902661260991509e-03
9.533934798326114402e-04 -7.197139675443418178e-04 -3.239902661260991509e-03
9.533934798326114402e-04 -7.197139675443418178e-04 -3.239902661260991509e-03
9.533934798326114402e-04 -7.197139675443418178e-04 -3.239902661260991509e-03
9.533934798326114402e-04 -7.197139675443418178e-04 -3.239902661260991509e-03
9.533934798326114402e-04 -7.197139675443418178e-04 -3.239902661260991509e-03
9.533934798326114402e-04 -7.197139675443418178e-04 -3.239902661260991509e-03
9.533934798326114402e-04 -7.197139675443418178e-04 -3.239902661260991509e-03
9.533934798326114402e-04 -7.197139675443418178e-04 -3.239902661260991509e-03
9.533934798326114402e-04 -7.197139675443418178e-04 -3.239902661260991509e-03
9.533934798326114402e-04 -7.197139675443418178e-04 -3.239902661260991509e-03
9.533934798326114402e-04 -7.197139675443418178e-04 -3.239902661260991509e-03
9.533934798326114402e-04 -7.197139675443418178e-04 -3.239902661260991509e-03
9.533934798326114402e-04 -7.197139675443418178e-04 -3.239902661260991509e-03
9.533934798326114402e-04 -7.197139675443418178e-04 -3.239902661260991509e-03
2.581614720188734474e-04 1.806447271499762863e-04 -3.572089415584941974e-03
2.581614720188734474e-04 1.806447271499762863e-04 -3.572089415584941974e-03
2.581614720188734474e-04 1.806447271499762863e-04 -3.572089415584941974e-03
2.581614720188734474e-04 1.806447271499762863e-04 -3.572089415584941974e-03
2.581614720188734474e-04 1.806447271499762863e-04 -3.572089415584941974e-03
2.581614720188734474e-04 1.806447271499762863e-04 -3.572089415584941974e-03
2.581614720188734474e-04 1.806447271499762863e-04 -3.572089415584941974e-03
2.581614720188734474e-04 1.806447271499762863e-04 -3.572089415584941974e-03
2.581614720188734474e-04 1.806447271499762863e-04 -3.572089415584941974e-03
2.581614720188734474e-04 1.806447271499762863e-04 -3.572089415584941974e-03
2.581614720188734474e-04 1.806447271499762863e-04 -3.572089415584941974e-03
2.581614720188734474e-04 1.806447271499762863e-04 -3.572089415584941974e-03
2.581614720188734474e-04 1.806447271499762863e-04 -3.572089415584941974e-03
2.581614720188734474e-04 1.806447271499762863e-04 -3.572089415584941974e-03
2.581614720188734474e-04 1.806447271499762863e-04 -3.572089415584941974e-03
2.581614720188734474e-04 1.806447271499762863e-04 -3.572089415584941974e-03
2.581614720188734474e-04 1.806447271499762863e-04 -3.572089415584941974e-03
1.134624788087635824e-03 -1.049995886882350293e-05 -3.366295449242007794e-03
1.134624788087635824e-03 -1.049995886882350293e-05 -3.366295449242007794e-03
1.134624788087635824e-03 -1.049995886882350293e-05 -3.366295449242007794e-03
1.134624788087635824e-03 -1.049995886882350293e-05 -3.366295449242007794e-03
1.134624788087635824e-03 -1.049995886882350293e-05 -3.366295449242007794e-03
1.134624788087635824e-03 -1.049995886882350293e-05 -3.366295449242007794e-03
1.134624788087635824e-03 -1.049995886882350293e-05 -3.366295449242007794e-03
1.134624788087635824e-03 -1.049995886882350293e-05 -3.366295449242007794e-03
1.134624788087635824e-03 -1.049995886882350293e-05 -3.366295449242007794e-03
1.134624788087635824e-03 -1.049995886882350293e-05 -3.366295449242007794e-03
1.134624788087635824e-03 -1.049995886882350293e-05 -3.366295449242007794e-03
1.134624788087635824e-03 -1.049995886882350293e-05 -3.366295449242007794e-03
1.134624788087635824e-03 -1.049995886882350293e-05 -3.366295449242007794e-03
1.134624788087635824e-03 -1.049995886882350293e-05 -3.366295449242007794e-03
1.134624788087635824e-03 -1.049995886882350293e-05 -3.366295449242007794e-03
1.134624788087635824e-03 -1.049995886882350293e-05 -3.366295449242007794e-03
1.134624788087635824e-03 -1.049995886882350293e-05 -3.366295449242007794e-03
1.481086669467457546e-03 -5.362467457047770392e-03 1.714312205833618333e-03
1.481086669467457546e-03 -5.362467457047770392e-03 1.714312205833618333e-03
1.481086669467457546e-03 -5.362467457047770392e-03 1.714312205833618333e-03
1.481086669467457546e-03 -5.362467457047770392e-03 1.714312205833618333e-03
1.481086669467457546e-03 -5.362467457047770392e-03 1.714312205833618333e-03
1.481086669467457546e-03 -5.362467457047770392e-03 1.714312205833618333e-03
1.481086669467457546e-03 -5.362467457047770392e-03 1.714312205833618333e-03
1.481086669467457546e-03 -5.362467457047770392e-03 1.714312205833618333e-03
1.481086669467457546e-03 -5.362467457047770392e-03 1.714312205833618333e-03
1.481086669467457546e-03 -5.362467457047770392e-03 1.714312205833618333e-03
1.481086669467457546e-03 -5.362467457047770392e-03 1.714312205833618333e-03
1.481086669467457546e-03 -5.362467457047770392e-03 1.714312205833618333e-03
1.481086669467457546e-03 -5.362467457047770392e-03 1.714312205833618333e-03
1.481086669467457546e-03 -5.362467457047770392e-03 1.714312205833618333e-03
1.481086669467457546e-03 -5.362467457047770392e-03 1.714312205833618333e-03
1.481086669467457546e-03 -5.362467457047770392e-03 1.714312205833618333e-03
1.481086669467457546e-03 -5.362467457047770392e-03 1.714312205833618333e-03
3.950565629333999476e-04 -8.378916438162471725e-04 -2.826106565970060852e-03
3.950565629333999476e-04 -8.378916438162471725e-04 -2.826106565970060852e-03
3.950565629333999476e-04 -8.378916438162471725e-04 -2.826106565970060852e-03
3.950565629333999476e-04 -8.378916438162471725e-04 -2.826106565970060852e-03
3.950565629333999476e-04 -8.378916438162471725e-04 -2.826106565970060852e-03
3.950565629333999476e-04 -8.378916438162471725e-04 -2.826106565970060852e-03
3.950565629333999476e-04 -8.378916438162471725e-04 -2.826106565970060852e-03
3.950565629333999476e-04 -8.378916438162471725e-04 -2.826106565970060852e-03
3.950565629333999476e-04 -8.378916438162471725e-04 -2.826106565970060852e-03
3.950565629333999476e-04 -8.378916438162471725e-04 -2.826106565970060852e-03
3.950565629333999476e-04 -8.378916438162471725e-04 -2.826106565970060852e-03
3.950565629333999476e-04 -8.378916438162471725e-04 -2.826106565970060852e-03
3.950565629333999476e-04 -8.378916438162471725e-04 -2.826106565970060852e-03
3.950565629333999476e-04 -8.378916438162471725e-04 -2.826106565970060852e-03
3.950565629333999476e-04 -8.378916438162471725e-04 -2.826106565970060852e-03
3.950565629333999476e-04 -8.378916438162471725e-04 -2.826106565970060852e-03
3.950565629333999476e-04 -8.378916438162471725e-04 -2.826106565970060852e-03
