-2.202917585740283950e-03 1.053566367148032340e-02 -1.552273241656754350e-03
-2.202917585740283950e-03 1.053566367148032340e-02 -1.552273241656754350e-03
-2.202917585740283950e-03 1.053566367148032340e-02 -1.552273241656754350e-03
-2.202917585740283950e-03 1.053566367148032340e-02 -1.552273241656754350e-03
-2.202917585740283950e-03 1.053566367148032340e-02 -1.552273241656754350e-03
-2.202917585740283950e-03 1.053566367148032340e-02 -1.552273241656754350e-03
-2.202917585740283950e-03 1.053566367148032340e-02 -1.552273241656754350e-03
-2.202917585740283950e-03 1.053566367148032340e-02 -1.552273241656754350e-03
-2.202917585740283950e-03 1.053566367148032340e-02 -1.552273241656754350e-03
-2.202917585740283950e-03 1.053566367148032340e-02 -1.552273241656754350e-03
-2.202917585740283950e-03 1.053566367148032340e-02 -1.552273241656754350e-03
-2.202917585740283950e-03 1.053566367148032340e-02 -1.552273241656754350e-03
-2.202917585740283950e-03 1.053566367148032340e-02 -1.552273241656754350e-03
-2.202917585740283950e-03 1.053566367148032340e-02 -1.552273241656754350e-03
-2.202917585740283950e-03 1.053566367148032340e-02 -1.552273241656754350e-03
-2.202917585740283950e-03 1.053566367148032340e-02 -1.552273241656754350e-03
-2.202917585740283950e-03 1.053566367148032340e-02 -1.552273241656754350e-03
-1.785187176065272316e-03 8.163105493030259341e-03 -1.406405771782273835e-02
-1.785187176065272316e-03 8.163105493030259341e-03 -1.406405771782273835e-02
-1.785187176065272316e-03 8.163105493030259341e-03 -1.406405771782273835e-02
-1.785187176065272316e-03 8.163105493030259341e-03 -1.406405771782273835e-02
-1.785187176065272316e-03 8.163105493030259341e-03 -1.406405771782273835e-02
-1.785187176065272316e-03 8.163105493030259341e-03 -1.406405771782273835e-02
-1.785187176065272316e-03 8.163105493030259341e-03 -1.406405771782273835e-02
-1.785187176065272316e-03 8.163105493030259341e-03 -1.406405771782273835e-02
-1.785187176065272316e-03 8.163105493030259341e-03 -1.406405771782273835e-02
-1.785187176065272316e-03 8.163105493030259341e-03 -1.406405771782273835e-02
-1.785187176065272316e-03 8.163105493030259341e-03 -1.406405771782273835e-02
-1.785187176065272316e-03 8.163105493030259341e-03 -1.406405771782273835e-02
-1.785187176065272316e-03 8.163105493030259341e-03 -1.406405771782273835e-02
-1.785187176065272316e-03 8.163105493030259341e-03 -1.406405771782273835e-02
-1.785187176065272316e-03 8.163105493030259341e-03 -1.406405771782273835e-02
-1.785187176065272316e-03 8.163105493030259341e-03 -1.406405771782273835e-02
-1.785187176065272316e-03 8.163105493030259341e-03 -1.406405771782273835e-02
-5.212207028942108210e-03 -4.089025373198180296e-04 -1.790409135865161970e-03
-5.212207028942108210e-03 -4.089025373198180296e-04 -1.790409135865161970e-03
-5.212207028942108210e-03 -4.089025373198180296e-04 -1.790409135865161970e-03
-5.212207028942108210e-03 -4.089025373198180296e-04 -1.790409135865161970e-03
-5.212207028942108210e-03 -4.089025373198180296e-04 -1.790409135865161970e-03
-5.212207028942108210e-03 -4.089025373198180296e-04 -1.790409135865161970e-03
-5.212207028942108210e-03 -4.089025373198180296e-04 -1.790409135865161970e-03
-5.212207028942108210e-03 -4.089025373198180296e-04 -1.790409135865161970e-03
-5.212207028942108210e-03 -4.089025373198180296e-04 -1.790409135865161970e-03
-5.212207028942108210e-03 -4.089025373198180296e-04 -1.790409135865161970e-03
-5.212207028942108210e-03 -4.089025373198180296e-04 -1.790409135865161970e-03
-5.212207028942108210e-03 -4.089025373198180296e-04 -1.790409135865161970e-03
-5.212207028942108210e-03 -4.089025373198180296e-04 -1.790409135865161970e-03
-5.212207028942108210e-03 -4.089025373198180296e-04 -1.790409135865161970e-03
-5.212207028942108210e-03 -4.089025373198180296e-04 -1.790409135865161970e-03
-5.212207028942108210e-03 -4.089025373198180296e-04 -1.790409135865161970e-03
-5.212207028942108210e-03 -4.089025373198180296e-04 -1.790409135865161970e-03
-1.196888976432136653e-03 4.037219379301425215e-03 -3.507845352860034915e-03
-1.196888976432136653e-03 4.037219379301425215e-03 -3.507845352860034915e-03
-1.196888976432136653e-03 4.037219379301425215e-03 -3.507845352860034915e-03
-1.196888976432136653e-03 4.037219379301425215e-03 -3.507845352860034915e-03
-1.196888976432136653e-03 4.037219379301425215e-03 -3.507845352860034915e-03
-1.196888976432136653e-03 4.037219379301425215e-03 -3.507845352860034915e-03
-1.196888976432136653e-03 4.037219379301425215e-03 -3.507845352860034915e-03
-1.196888976432136653e-03 4.037219379301425215e-03 -3.507845352860034915e-03
-1.196888976432136653e-03 4.037219379301425215e-03 -3.507845352860034915e-03
-1.196888976432136653e-03 4.037219379301425215e-03 -3.507845352860034915e-03
-1.196888976432136653e-03 4.037219379301425215e-03 -3.507845352860034915e-03
-1.196888976432136653e-03 4.037219379301425215e-03 -3.507845352860034915e-03
-1.196888976432136653e-03 4.037219379301425215e-03 -3.507845352860034915e-03
-1.196888976432136653e-03 4.037219379301425215e-03 -3.507845352860034915e-03
-1.196888976432136653e-03 4.037219379301425215e-03 -3.507845352860034915e-03
-1.196888976432136653e-03 4.037219379301425215e-03 -3.507845352860034915e-03
-1.196888976432136653e-03 4.037219379301425215e-03 -3.507845352860034915e-03
-1.339026979374974280e-02 -1.708632558339217601e-03 -1.662821042841553659e-02
-1.339026979374974280e-02 -1.708632558339217601e-03 -1.662821042841553659e-02
-1.339026979374974280e-02 -1.708632558339217601e-03 -1.662821042841553659e-02
-1.339026979374974280e-02 -1.708632558339217601e-03 -1.662821042841553659e-02
-1.339026979374974280e-02 -1.708632558339217601e-03 -1.662821042841553659e-02
-1.339026979374974280e-02 -1.708632558339217601e-03 -1.662821042841553659e-02
-1.339026979374974280e-02 -1.708632558339217601e-03 -1.662821042841553659e-02
-1.339026979374974280e-02 -1.708632558339217601e-03 -1.662821042841553659e-02
-1.339026979374974280e-02 -1.708632558339217601e-03 -1.662821042841553659e-02
-1.339026979374974280e-02 -1.708632558339217601e-03 -1.662821042841553659e-02
-1.339026979374974280e-02 -1.708632558339217601e-03 -1.662821042841553659e-02
-1.339026979374974280e-02 -1.708632558339217601e-03 -1.662821042841553659e-02
-1.339026979374974280e-02 -1.708632558339217601e-03 -1.662821042841553659e-02
-1.339026979374974280e-02 -1.708632558339217601e-03 -1.662821042841553659e-02
-1.339026979374974280e-02 -1.708632558339217601e-03 -1.662821042841553659e-02
-1.339026979374974280e-02 -1.708632558339217601e-03 -1.662821042841553659e-02
-1.339026979374974280e-02 -1.708632558339217601e-03 -1.662821042841553659e-02
-2.004824911309417354e-03 8.001017134636259631e-05 -7.604755470082973784e-03
-2.004824911309417354e-03 8.001017134636259631e-05 -7.604755470082973784e-03
-2.004824911309417354e-03 8.001017134636259631e-05 -7.604755470082973784e-03
-2.004824911309417354e-03 8.001017134636259631e-05 -7.604755470082973784e-03
-2.004824911309417354e-03 8.001017134636259631e-05 -7.604755470082973784e-03
-2.004824911309417354e-03 8.001017134636259631e-05 -7.604755470082973784e-03
-2.004824911309417354e-03 8.001017134636259631e-05 -7.604755470082973784e-03
-2.004824911309417354e-03 8.001017134636259631e-05 -7.604755470082973784e-03
-2.004824911309417354e-03 8.001017134636259631e-05 -7.604755470082973784e-03
-2.004824911309417354e-03 8.001017134636259631e-05 -7.604755470082973784e-03
-2.004824911309417354e-03 8.001017134636259631e-05 -7.604755470082973784e-03
-2.004824911309417354e-03 8.001017134636259631e-05 -7.604755470082973784e-03
-2.004824911309417354e-03 8.001017134636259631e-05 -7.604755470082973784e-03
-2.004824911309417354e-03 8.001017134636259631e-05 -7.604755470082973784e-03
-2.004824911309417354e-03 8.001017134636259631e-05 -7.604755470082973784e-03
-2.004824911309417354e-03 8.001017134636259631e-05 -7.604755470082973784e-03
-2.004824911309417354e-03 8.001017134636259631e-05 -7.604755470082973784e-03
-6.351707374762722430e-03 -5.928983519771953425e-04 -1.141628890859833212e-02
-6.351707374762722430e-03 -5.928983519771953425e-04 -1.141628890859833212e-02
-6.351707374762722430e-03 -5.928983519771953425e-04 -1.141628890859833212e-02
-6.351707374762722430e-03 -5.928983519771953425e-04 -1.141628890859833212e-02
-6.351707374762722430e-03 -5.928983519771953425e-04 -1.141628890859833212e-02
-6.351707374762722430e-03 -5.928983519771953425e-04 -1.141628890859833212e-02
-6.351707374762722430e-03 -5.928983519771953425e-04 -1.141628890859833212e-02
-6.351707374762722430e-03 -5.928983519771953425e-04 -1.141628890859833212e-02
-6.351707374762722430e-03 -5.928983519771953425e-04 -1.141628890859833212e-02
-6.351707374762722430e-03 -5.928983519771953425e-04 -1.141628890859833212e-02
-6.351707374762722430e-03 -5.928983519771953425e-04 -1.141628890859833212e-02
-6.351707374762722430e-03 -5.928983519771953425e-04 -1.141628890859833212e-02
-6.351707374762722430e-03 -5.928983519771953425e-04 -1.141628890859833212e-02
-6.351707374762722430e-03 -5.928983519771953425e-04 -1.141628890859833212e-02
-6.351707374762722430e-03 -5.928983519771953425e-04 -1.141628890859833212e-02
-6.351707374762722430e-03 -5.928983519771953425e-04 -1.141628890859833212e-02
-6.351707374762722430e-03 -5.928983519771953425e-04 -1.141628890859833212e-02
-2.308576826958346970e-03 1.119991121691621232e-02 -5.645699518903252515e-03
-2.308576826958346970e-03 1.119991121691621232e-02 -5.645699518903252515e-03
-2.308576826958346970e-03 1.119991121691621232e-02 -5.645699518903252515e-03
-2.308576826958346970e-03 1.119991121691621232e-02 -5.645699518903252515e-03
-2.308576826958346970e-03 1.119991121691621232e-02 -5.645699518903252515e-03
-2.308576826958346970e-03 1.119991121691621232e-02 -5.645699518903252515e-03
-2.308576826958346970e-03 1.119991121691621232e-02 -5.645699518903252515e-03
-2.308576826958346970e-03 1.119991121691621232e-02 -5.645699518903252515e-03
-2.308576826958346970e-03 1.119991121691621232e-02 -5.645699518903252515e-03
-2.308576826958346970e-03 1.119991121691621232e-02 -5.645699518903252515e-03
-2.308576826958346970e-03 1.119991121691621232e-02 -5.645699518903252515e-03
-2.308576826958346970e-03 1.119991121691621232e-02 -5.645699518903252515e-03
-2.308576826958346970e-03 1.119991121691621232e-02 -5.645699518903252515e-03
-2.308576826958346970e-03 1.119991121691621232e-02 -5.645699518903252515e-03
-2.308576826958346970e-03 1.119991121691621232e-02 -5.645699518903252515e-03
-2.308576826958346970e-03 1.119991121691621232e-02 -5.645699518903252515e-03
-2.308576826958346970e-03 1.119991121691621232e-02 -5.645699518903252515e-03
-1.115557749124860068e-02 -1.297813766201532867e-03 6.583746569085036603e-03
-1.115557749124860068e-02 -1.297813766201532867e-03 6.583746569085036603e-03
-1.115557749124860068e-02 -1.297813766201532867e-03 6.583746569085036603e-03
-1.115557749124860068e-02 -1.297813766201532867e-03 6.583746569085036603e-03
-1.115557749124860068e-02 -1.297813766201532867e-03 6.583746569085036603e-03
-1.115557749124860068e-02 -1.297813766201532867e-03 6.583746569085036603e-03
-1.115557749124860068e-02 -1.297813766201532867e-03 6.583746569085036603e-03
-1.115557749124860068e-02 -1.297813766201532867e-03 6.583746569085036603e-03
-1.115557749124860068e-02 -1.297813766201532867e-03 6.583746569085036603e-03
-1.115557749124860068e-02 -1.297813766201532867e-03 6.583746569085036603e-03
-1.115557749124860068e-02 -1.297813766201532867e-03 6.583746569085036603e-03
-1.115557749124860068e-02 -1.297813766201532867e-03 6.583746569085036603e-03
-1.115557749124860068e-02 -1.297813766201532867e-03 6.583746569085036603e-03
-1.115557749124860068e-02 -1.297813766201532867e-03 6.583746569085036603e-03
-1.115557749124860068e-02 -1.297813766201532867e-03 6.583746569085036603e-03
-1.115557749124860068e-02 -1.297813766201532867e-03 6.583746569085036603e-03
-1.115557749124860068e-02 -1.297813766201532867e-03 6.583746569085036603e-03
-1.491188371026692418e-02 -1.954225300181649909e-03 4.477182678572418431e-03
-1.491188371026692418e-02 -1.954225300181649909e-03 4.477182678572418431e-03
-1.491188371026692418e-02 -1.954225300181649909e-03 4.477182678572418431e-03
-1.491188371026692418e-02 -1.954225300181649909e-03 4.477182678572418431e-03
-1.491188371026692418e-02 -1.954225300181649909e-03 4.477182678572418431e-03
-1.491188371026692418e-02 -1.954225300181649909e-03 4.477182678572418431e-03
-1.491188371026692418e-02 -1.954225300181649909e-03 4.477182678572418431e-03
-1.491188371026692418e-02 -1.954225300181649909e-03 4.477182678572418431e-03
-1.491188371026692418e-02 -1.954225300181649909e-03 4.477182678572418431e-03
-1.491188371026692418e-02 -1.954225300181649909e-03 4.477182678572418431e-03
-1.491188371026692418e-02 -1.954225300181649909e-03 4.477182678572418431e-03
-1.491188371026692418e-02 -1.954225300181649909e-03 4.477182678572418431e-03
-1.491188371026692418e-02 -1.954225300181649909e-03 4.477182678572418431e-03
-1.491188371026692418e-02 -1.954225300181649909e-03 4.477182678572418431e-03
-1.491188371026692418e-02 -1.954225300181649909e-03 4.477182678572418431e-03
-1.491188371026692418e-02 -1.954225300181649909e-03 4.477182678572418431e-03
-1.491188371026692418e-02 -1.954225300181649909e-03 4.477182678572418431e-03
-1.156837109571784775e-03 3.209214205453778720e-03 8.958067132753729997e-03
-1.156837109571784775e-03 3.209214205453778720e-03 8.958067132753729997e-03
-1.156837109571784775e-03 3.209214205453778720e-03 8.958067132753729997e-03
-1.156837109571784775e-03 3.209214205453778720e-03 8.958067132753729997e-03
-1.156837109571784775e-03 3.209214205453778720e-03 8.958067132753729997e-03
-1.156837109571784775e-03 3.209214205453778720e-03 8.958067132753729997e-03
-1.156837109571784775e-03 3.209214205453778720e-03 8.958067132753729997e-03
-1.156837109571784775e-03 3.209214205453778720e-03 8.958067132753729997e-03
-1.156837109571784775e-03 3.209214205453778720e-03 8.958067132753729997e-03
-1.156837109571784775e-03 3.209214205453778720e-03 8.958067132753729997e-03
-1.156837109571784775e-03 3.209214205453778720e-03 8.958067132753729997e-03
-1.156837109571784775e-03 3.209214205453778720e-03 8.958067132753729997e-03
-1.156837109571784775e-03 3.209214205453778720e-03 8.958067132753729997e-03
-1.156837109571784775e-03 3.209214205453778720e-03 8.958067132753729997e-03
-1.156837109571784775e-03 3.209214205453778720e-03 8.958067132753729997e-03
-1.156837109571784775e-03 3.209214205453778720e-03 8.958067132753729997e-03
-1.156837109571784775e-03 3.209214205453778720e-03 8.958067132753729997e-03
8.667506255200073048e-03 1.727311727178777734e-03 -7.655659383950673760e-03
8.667506255200073048e-03 1.727311727178777734e-03 -7.655659383950673760e-03
8.667506255200073048e-03 1.727311727178777734e-03 -7.655659383950673760e-03
8.667506255200073048e-03 1.727311727178777734e-03 -7.655659383950673760e-03
8.667506255200073048e-03 1.727311727178777734e-03 -7.655659383950673760e-03
8.667506255200073048e-03 1.727311727178777734e-03 -7.655659383950673760e-03
8.667506255200073048e-03 1.727311727178777734e-03 -7.655659383950673760e-03
8.667506255200073048e-03 1.727311727178777734e-03 -7.655659383950673760e-03
8.667506255200073048e-03 1.727311727178777734e-03 -7.655659383950673760e-03
8.667506255200073048e-03 1.727311727178777734e-03 -7.655659383950673760e-03
8.667506255200073048e-03 1.727311727178777734e-03 -7.655659383950673760e-03
8.667506255200073048e-03 1.727311727178777734e-03 -7.655659383950673760e-03
8.667506255200073048e-03 1.727311727178777734e-03 -7.655659383950673760e-03
8.667506255200073048e-03 1.727311727178777734e-03 -7.655659383950673760e-03
8.667506255200073048e-03 1.727311727178777734e-03 -7.655659383950673760e-03
8.667506255200073048e-03 1.727311727178777734e-03 -7.655659383950673760e-03
8.667506255200073048e-03 1.727311727178777734e-03 -7.655659383950673760e-03
2.899514978951125629e-03 8.712022432722406340e-04 8.976191379797462261e-03
2.899514978951125629e-03 8.712022432722406340e-04 8.976191379797462261e-03
2.899514978951125629e-03 8.712022432722406340e-04 8.976191379797462261e-03
2.899514978951125629e-03 8.712022432722406340e-04 8.976191379797462261e-03
2.899514978951125629e-03 8.712022432722406340e-04 8.976191379797462261e-03
2.899514978951125629e-03 8.712022432722406340e-04 8.976191379797462261e-03
2.899514978951125629e-03 8.712022432722406340e-04 8.976191379797462261e-03
2.899514978951125629e-03 8.712022432722406340e-04 8.976191379797462261e-03
2.899514978951125629e-03 8.712022432722406340e-04 8.976191379797462261e-03
2.899514978951125629e-03 8.712022432722406340e-04 8.976191379797462261e-03
2.899514978951125629e-03 8.712022432722406340e-04 8.976191379797462261e-03
2.899514978951125629e-03 8.712022432722406340e-04 8.976191379797462261e-03
2.899514978951125629e-03 8.712022432722406340e-04 8.976191379797462261e-03
2.899514978951125629e-03 8.712022432722406340e-04 8.976191379797462261e-03
2.899514978951125629e-03 8.712022432722406340e-04 8.976191379797462261e-03
2.899514978951125629e-03 8.712022432722406340e-04 8.976191379797462261e-03
2.899514978951125629e-03 8.712022432722406340e-04 8.976191379797462261e-03
