-7.729031523056215450e-03 1.708824156666111788e-03 2.301697230413988701e-02
-7.729031523056215450e-03 1.708824156666111788e-03 2.301697230413988701e-02
-7.729031523056215450e-03 1.708824156666111788e-03 2.301697230413988701e-02
-7.729031523056215450e-03 1.708824156666111788e-03 2.301697230413988701e-02
-7.729031523056215450e-03 1.708824156666111788e-03 2.301697230413988701e-02
-7.729031523056215450e-03 1.708824156666111788e-03 2.301697230413988701e-02
-7.729031523056215450e-03 1.708824156666111788e-03 2.301697230413988701e-02
-7.729031523056215450e-03 1.708824156666111788e-03 2.301697230413988701e-02
-7.729031523056215450e-03 1.708824156666111788e-03 2.301697230413988701e-02
-7.729031523056215450e-03 1.708824156666111788e-03 2.301697230413988701e-02
-7.729031523056215450e-03 1.708824156666111788e-03 2.301697230413988701e-02
-7.729031523056215450e-03 1.708824156666111788e-03 2.301697230413988701e-02
-7.729031523056215450e-03 1.708824156666111788e-03 2.301697230413988701e-02
-7.729031523056215450e-03 1.708824156666111788e-03 2.301697230413988701e-02
-1.013670861288912262e-02 -5.191492654700938236e-05 -8.364521391668780503e-03
-1.013670861288912262e-02 -5.191492654700938236e-05 -8.364521391668780503e-03
-1.013670861288912262e-02 -5.191492654700938236e-05 -8.364521391668780503e-03
-1.013670861288912262e-02 -5.191492654700938236e-05 -8.364521391668780503e-03
-1.013670861288912262e-02 -5.191492654700938236e-05 -8.364521391668780503e-03
-1.013670861288912262e-02 -5.191492654700938236e-05 -8.364521391668780503e-03
-1.013670861288912262e-02 -5.191492654700938236e-05 -8.364521391668780503e-03
-1.013670861288912262e-02 -5.191492654700938236e-05 -8.364521391668780503e-03
-1.013670861288912262e-02 -5.191492654700938236e-05 -8.364521391668780503e-03
-1.013670861288912262e-02 -5.191492654700938236e-05 -8.364521391668780503e-03
-1.013670861288912262e-02 -5.191492654700938236e-05 -8.364521391668780503e-03
-1.013670861288912262e-02 -5.191492654700938236e-05 -8.364521391668780503e-03
-8.403535690524346208e-03 -1.615339898326309531e-03 2.814774632206371724e-02
-8.403535690524346208e-03 -1.615339898326309531e-03 2.814774632206371724e-02
-8.403535690524346208e-03 -1.615339898326309531e-03 2.814774632206371724e-02
-8.403535690524346208e-03 -1.615339898326309531e-03 2.814774632206371724e-02
-8.403535690524346208e-03 -1.615339898326309531e-03 2.814774632206371724e-02
-8.403535690524346208e-03 -1.615339898326309531e-03 2.814774632206371724e-02
-8.403535690524346208e-03 -1.615339898326309531e-03 2.814774632206371724e-02
-8.403535690524346208e-03 -1.615339898326309531e-03 2.814774632206371724e-02
-8.403535690524346208e-03 -1.615339898326309531e-03 2.814774632206371724e-02
-8.403535690524346208e-03 -1.615339898326309531e-03 2.814774632206371724e-02
-8.403535690524346208e-03 -1.615339898326309531e-03 2.814774632206371724e-02
-8.403535690524346208e-03 -1.615339898326309531e-03 2.814774632206371724e-02
-8.403535690524346208e-03 -1.615339898326309531e-03 2.814774632206371724e-02
-8.403535690524346208e-03 -1.615339898326309531e-03 2.814774632206371724e-02
-9.320383354292739037e-03 -1.227140896327971742e-04 1.534289006146556146e-02
-9.320383354292739037e-03 -1.227140896327971742e-04 1.534289006146556146e-02
-9.320383354292739037e-03 -1.227140896327971742e-04 1.534289006146556146e-02
-9.320383354292739037e-03 -1.227140896327971742e-04 1.534289006146556146e-02
-9.320383354292739037e-03 -1.227140896327971742e-04 1.534289006146556146e-02
-9.320383354292739037e-03 -1.227140896327971742e-04 1.534289006146556146e-02
-9.320383354292739037e-03 -1.227140896327971742e-04 1.534289006146556146e-02
-9.320383354292739037e-03 -1.227140896327971742e-04 1.534289006146556146e-02
-9.320383354292739037e-03 -1.227140896327971742e-04 1.534289006146556146e-02
-9.320383354292739037e-03 -1.227140896327971742e-04 1.534289006146556146e-02
-9.320383354292739037e-03 -1.227140896327971742e-04 1.534289006146556146e-02
-9.320383354292739037e-03 -1.227140896327971742e-04 1.534289006146556146e-02
-9.320383354292739037e-03 -1.227140896327971742e-04 1.534289006146556146e-02
-9.320383354292739037e-03 -1.227140896327971742e-04 1.534289006146556146e-02
-9.690630214185039920e-03 -5.426243087980528977e-04 -5.320056255630603581e-02
-9.690630214185039920e-03 -5.426243087980528977e-04 -5.320056255630603581e-02
-9.690630214185039920e-03 -5.426243087980528977e-04 -5.320056255630603581e-02
-9.690630214185039920e-03 -5.426243087980528977e-04 -5.320056255630603581e-02
-9.690630214185039920e-03 -5.426243087980528977e-04 -5.320056255630603581e-02
-9.690630214185039920e-03 -5.426243087980528977e-04 -5.320056255630603581e-02
-9.690630214185039920e-03 -5.426243087980528977e-04 -5.320056255630603581e-02
-9.690630214185039920e-03 -5.426243087980528977e-04 -5.320056255630603581e-02
-9.690630214185039920e-03 -5.426243087980528977e-04 -5.320056255630603581e-02
-9.690630214185039920e-03 -5.426243087980528977e-04 -5.320056255630603581e-02
-9.690630214185039920e-03 -5.426243087980528977e-04 -5.320056255630603581e-02
-9.690630214185039920e-03 -5.426243087980528977e-04 -5.320056255630603581e-02
-9.690630214185039920e-03 -5.426243087980528977e-04 -5.320056255630603581e-02
-9.690630214185039920e-03 -5.426243087980528977e-04 -5.320056255630603581e-02
-9.455483808574770277e-03 -3.675009017058833427e-05 2.706887157151091974e-02
-9.455483808574770277e-03 -3.675009017058833427e-05 2.706887157151091974e-02
-9.455483808574770277e-03 -3.675009017058833427e-05 2.706887157151091974e-02
-9.455483808574770277e-03 -3.675009017058833427e-05 2.706887157151091974e-02
-9.455483808574770277e-03 -3.675009017058833427e-05 2.706887157151091974e-02
-9.455483808574770277e-03 -3.675009017058833427e-05 2.706887157151091974e-02
-9.455483808574770277e-03 -3.675009017058833427e-05 2.706887157151091974e-02
-9.455483808574770277e-03 -3.675009017058833427e-05 2.706887157151091974e-02
-9.455483808574770277e-03 -3.675009017058833427e-05 2.706887157151091974e-02
-9.455483808574770277e-03 -3.675009017058833427e-05 2.706887157151091974e-02
-9.455483808574770277e-03 -3.675009017058833427e-05 2.706887157151091974e-02
-9.455483808574770277e-03 -3.675009017058833427e-05 2.706887157151091974e-02
-9.455483808574770277e-03 -3.675009017058833427e-05 2.706887157151091974e-02
-9.455483808574770277e-03 -3.675009017058833427e-05 2.706887157151091974e-02
-8.674363781529338679e-03 -1.531521854577382047e-03 -2.261395032238726691e-02
-8.674363781529338679e-03 -1.531521854577382047e-03 -2.261395032238726691e-02
-8.674363781529338679e-03 -1.531521854577382047e-03 -2.261395032238726691e-02
-8.674363781529338679e-03 -1.531521854577382047e-03 -2.261395032238726691e-02
-8.674363781529338679e-03 -1.531521854577382047e-03 -2.261395032238726691e-02
-8.674363781529338679e-03 -1.531521854577382047e-03 -2.261395032238726691e-02
-8.674363781529338679e-03 -1.531521854577382047e-03 -2.261395032238726691e-02
-8.674363781529338679e-03 -1.531521854577382047e-03 -2.261395032238726691e-02
-9.672213407704150639e-03 2.929704516358485472e-06 -5.792329265052601622e-02
-9.672213407704150639e-03 2.929704516358485472e-06 -5.792329265052601622e-02
-9.672213407704150639e-03 2.929704516358485472e-06 -5.792329265052601622e-02
-9.672213407704150639e-03 2.929704516358485472e-06 -5.792329265052601622e-02
-9.672213407704150639e-03 2.929704516358485472e-06 -5.792329265052601622e-02
-9.672213407704150639e-03 2.929704516358485472e-06 -5.792329265052601622e-02
-9.672213407704150639e-03 2.929704516358485472e-06 -5.792329265052601622e-02
-9.672213407704150639e-03 2.929704516358485472e-06 -5.792329265052601622e-02
-9.672213407704150639e-03 2.929704516358485472e-06 -5.792329265052601622e-02
-9.672213407704150639e-03 2.929704516358485472e-06 -5.792329265052601622e-02
-9.672213407704150639e-03 2.929704516358485472e-06 -5.792329265052601622e-02
-9.672213407704150639e-03 2.929704516358485472e-06 -5.792329265052601622e-02
-9.672213407704150639e-03 2.929704516358485472e-06 -5.792329265052601622e-02
-9.672213407704150639e-03 2.929704516358485472e-06 -5.792329265052601622e-02
-1.134392476251847720e-02 8.527996161432141453e-04 -8.002463552286981363e-02
-1.134392476251847720e-02 8.527996161432141453e-04 -8.002463552286981363e-02
-1.134392476251847720e-02 8.527996161432141453e-04 -8.002463552286981363e-02
-1.134392476251847720e-02 8.527996161432141453e-04 -8.002463552286981363e-02
-1.134392476251847720e-02 8.527996161432141453e-04 -8.002463552286981363e-02
-1.134392476251847720e-02 8.527996161432141453e-04 -8.002463552286981363e-02
-1.134392476251847720e-02 8.527996161432141453e-04 -8.002463552286981363e-02
-1.134392476251847720e-02 8.527996161432141453e-04 -8.002463552286981363e-02
-1.134392476251847720e-02 8.527996161432141453e-04 -8.002463552286981363e-02
-1.134392476251847720e-02 8.527996161432141453e-04 -8.002463552286981363e-02
-1.134392476251847720e-02 8.527996161432141453e-04 -8.002463552286981363e-02
-1.134392476251847720e-02 8.527996161432141453e-04 -8.002463552286981363e-02
-1.134392476251847720e-02 8.527996161432141453e-04 -8.002463552286981363e-02
-1.134392476251847720e-02 8.527996161432141453e-04 -8.002463552286981363e-02
-8.931309101104154685e-03 -5.327689538023698546e-04 -2.920331210474544012e-02
-8.931309101104154685e-03 -5.327689538023698546e-04 -2.920331210474544012e-02
-8.931309101104154685e-03 -5.327689538023698546e-04 -2.920331210474544012e-02
-8.931309101104154685e-03 -5.327689538023698546e-04 -2.920331210474544012e-02
-8.931309101104154685e-03 -5.327689538023698546e-04 -2.920331210474544012e-02
-8.931309101104154685e-03 -5.327689538023698546e-04 -2.920331210474544012e-02
-8.931309101104154685e-03 -5.327689538023698546e-04 -2.920331210474544012e-02
-8.931309101104154685e-03 -5.327689538023698546e-04 -2.920331210474544012e-02
-8.931309101104154685e-03 -5.327689538023698546e-04 -2.920331210474544012e-02
-8.931309101104154685e-03 -5.327689538023698546e-04 -2.920331210474544012e-02
-8.931309101104154685e-03 -5.327689538023698546e-04 -2.920331210474544012e-02
-8.931309101104154685e-03 -5.327689538023698546e-04 -2.920331210474544012e-02
-8.931309101104154685e-03 -5.327689538023698546e-04 -2.920331210474544012e-02
-1.055601237093460251e-02 3.054588674294214656e-04 -4.181652157003522968e-02
-1.055601237093460251e-02 3.054588674294214656e-04 -4.181652157003522968e-02
-1.055601237093460251e-02 3.054588674294214656e-04 -4.181652157003522968e-02
-1.055601237093460251e-02 3.054588674294214656e-04 -4.181652157003522968e-02
-1.055601237093460251e-02 3.054588674294214656e-04 -4.181652157003522968e-02
-1.055601237093460251e-02 3.054588674294214656e-04 -4.181652157003522968e-02
-1.055601237093460251e-02 3.054588674294214656e-04 -4.181652157003522968e-02
-1.055601237093460251e-02 3.054588674294214656e-04 -4.181652157003522968e-02
-1.055601237093460251e-02 3.054588674294214656e-04 -4.181652157003522968e-02
-1.055601237093460251e-02 3.054588674294214656e-04 -4.181652157003522968e-02
-1.055601237093460251e-02 3.054588674294214656e-04 -4.181652157003522968e-02
-1.055601237093460251e-02 3.054588674294214656e-04 -4.181652157003522968e-02
-1.055601237093460251e-02 3.054588674294214656e-04 -4.181652157003522968e-02
-1.055601237093460251e-02 3.054588674294214656e-04 -4.181652157003522968e-02
-1.055601237093460251e-02 3.054588674294214656e-04 -4.181652157003522968e-02
-9.365603723521010587e-03 -1.152294684727562732e-03 -6.088592935481362128e-02
-9.365603723521010587e-03 -1.152294684727562732e-03 -6.088592935481362128e-02
-9.365603723521010587e-03 -1.152294684727562732e-03 -6.088592935481362128e-02
-9.365603723521010587e-03 -1.152294684727562732e-03 -6.088592935481362128e-02
-8.814789957911364771e-03 1.104463071101053837e-03 -7.617556255407191557e-02
-8.814789957911364771e-03 1.104463071101053837e-03 -7.617556255407191557e-02
-8.814789957911364771e-03 1.104463071101053837e-03 -7.617556255407191557e-02
-8.814789957911364771e-03 1.104463071101053837e-03 -7.617556255407191557e-02
-8.814789957911364771e-03 1.104463071101053837e-03 -7.617556255407191557e-02
-8.814789957911364771e-03 1.104463071101053837e-03 -7.617556255407191557e-02
-8.814789957911364771e-03 1.104463071101053837e-03 -7.617556255407191557e-02
-8.814789957911364771e-03 1.104463071101053837e-03 -7.617556255407191557e-02
-8.814789957911364771e-03 1.104463071101053837e-03 -7.617556255407191557e-02
-8.814789957911364771e-03 1.104463071101053837e-03 -7.617556255407191557e-02
-8.814789957911364771e-03 1.104463071101053837e-03 -7.617556255407191557e-02
-8.814789957911364771e-03 1.104463071101053837e-03 -7.617556255407191557e-02
-8.814789957911364771e-03 1.104463071101053837e-03 -7.617556255407191557e-02
-8.814789957911364771e-03 1.104463071101053837e-03 -7.617556255407191557e-02
-8.814789957911364771e-03 1.104463071101053837e-03 -7.617556255407191557e-02
-1.004535618457561008e-02 1.643037631408508781e-03 1.229140120808921120e-02
-1.004535618457561008e-02 1.643037631408508781e-03 1.229140120808921120e-02
-1.004535618457561008e-02 1.643037631408508781e-03 1.229140120808921120e-02
-1.004535618457561008e-02 1.643037631408508781e-03 1.229140120808921120e-02
-1.004535618457561008e-02 1.643037631408508781e-03 1.229140120808921120e-02
-1.004535618457561008e-02 1.643037631408508781e-03 1.229140120808921120e-02
-1.004535618457561008e-02 1.643037631408508781e-03 1.229140120808921120e-02
-1.004535618457561008e-02 1.643037631408508781e-03 1.229140120808921120e-02
-1.004535618457561008e-02 1.643037631408508781e-03 1.229140120808921120e-02
-1.004535618457561008e-02 1.643037631408508781e-03 1.229140120808921120e-02
-1.004535618457561008e-02 1.643037631408508781e-03 1.229140120808921120e-02
-1.004535618457561008e-02 1.643037631408508781e-03 1.229140120808921120e-02
-1.004535618457561008e-02 1.643037631408508781e-03 1.229140120808921120e-02
-1.004535618457561008e-02 1.643037631408508781e-03 1.229140120808921120e-02
-1.004535618457561008e-02 1.643037631408508781e-03 1.229140120808921120e-02
-8.688772000570325893e-03 1.915994261796116760e-03 -6.811216714546522444e-02
-8.688772000570325893e-03 1.915994261796116760e-03 -6.811216714546522444e-02
-8.688772000570325893e-03 1.915994261796116760e-03 -6.811216714546522444e-02
-8.688772000570325893e-03 1.915994261796116760e-03 -6.811216714546522444e-02
-8.688772000570325893e-03 1.915994261796116760e-03 -6.811216714546522444e-02
-8.688772000570325893e-03 1.915994261796116760e-03 -6.811216714546522444e-02
-8.688772000570325893e-03 1.915994261796116760e-03 -6.811216714546522444e-02
-8.688772000570325893e-03 1.915994261796116760e-03 -6.811216714546522444e-02
-8.688772000570325893e-03 1.915994261796116760e-03 -6.811216714546522444e-02
-8.688772000570325893e-03 1.915994261796116760e-03 -6.811216714546522444e-02
-8.688772000570325893e-03 1.915994261796116760e-03 -6.811216714546522444e-02
-8.688772000570325893e-03 1.915994261796116760e-03 -6.811216714546522444e-02
-8.688772000570325893e-03 1.915994261796116760e-03 -6.811216714546522444e-02
-8.688772000570325893e-03 1.915994261796116760e-03 -6.811216714546522444e-02
-8.533934927862503808e-03 6.008393879831444573e-04 1.118978108678711156e-02
-8.533934927862503808e-03 6.008393879831444573e-04 1.118978108678711156e-02
-8.533934927862503808e-03 6.008393879831444573e-04 1.118978108678711156e-02
-8.533934927862503808e-03 6.008393879831444573e-04 1.118978108678711156e-02
-8.533934927862503808e-03 6.008393879831444573e-04 1.118978108678711156e-02
-8.533934927862503808e-03 6.008393879831444573e-04 1.118978108678711156e-02
-8.533934927862503808e-03 6.008393879831444573e-04 1.118978108678711156e-02
-8.533934927862503808e-03 6.008393879831444573e-04 1.118978108678711156e-02
-8.533934927862503808e-03 6.008393879831444573e-04 1.118978108678711156e-02
-9.519422745848661951e-03 1.925067809365847704e-04 -8.405366963438151706e-02
-9.519422745848661951e-03 1.925067809365847704e-04 -8.405366963438151706e-02
-9.519422745848661951e-03 1.925067809365847704e-04 -8.405366963438151706e-02
-9.519422745848661951e-03 1.925067809365847704e-04 -8.405366963438151706e-02
-9.519422745848661951e-03 1.925067809365847704e-04 -8.405366963438151706e-02
-9.519422745848661951e-03 1.925067809365847704e-04 -8.405366963438151706e-02
-9.519422745848661951e-03 1.925067809365847704e-04 -8.405366963438151706e-02
-9.519422745848661951e-03 1.925067809365847704e-04 -8.405366963438151706e-02
-9.519422745848661951e-03 1.925067809365847704e-04 -8.405366963438151706e-02
-9.519422745848661951e-03 1.925067809365847704e-04 -8.405366963438151706e-02
-9.519422745848661951e-03 1.925067809365847704e-04 -8.405366963438151706e-02
-9.519422745848661951e-03 1.925067809365847704e-04 -8.405366963438151706e-02
-9.519422745848661951e-03 1.925067809365847704e-04 -8.405366963438151706e-02
-9.519422745848661951e-03 1.925067809365847704e-04 -8.405366963438151706e-02
-9.914607158717267388e-03 -7.053501164977979410e-04 2.440799868750159057e-02
-9.914607158717267388e-03 -7.053501164977979410e-04 2.440799868750159057e-02
-9.914607158717267388e-03 -7.053501164977979410e-04 2.440799868750159057e-02
-9.914607158717267388e-03 -7.053501164977979410e-04 2.440799868750159057e-02
-9.914607158717267388e-03 -7.053501164977979410e-04 2.440799868750159057e-02
-9.914607158717267388e-03 -7.053501164977979410e-04 2.440799868750159057e-02
-9.914607158717267388e-03 -7.053501164977979410e-04 2.440799868750159057e-02
-9.914607158717267388e-03 -7.053501164977979410e-04 2.440799868750159057e-02
-9.914607158717267388e-03 -7.053501164977979410e-04 2.440799868750159057e-02
-9.914607158717267388e-03 -7.053501164977979410e-04 2.440799868750159057e-02
-9.914607158717267388e-03 -7.053501164977979410e-04 2.440799868750159057e-02
-9.914607158717267388e-03 -7.053501164977979410e-04 2.440799868750159057e-02
-9.914607158717267388e-03 -7.053501164977979410e-04 2.440799868750159057e-02
-9.914607158717267388e-03 -7.053501164977979410e-04 2.440799868750159057e-02
-1.012337825303248964e-02 4.988549299259209535e-04 -8.863668406875084560e-02
-1.012337825303248964e-02 4.988549299259209535e-04 -8.863668406875084560e-02
-1.012337825303248964e-02 4.988549299259209535e-04 -8.863668406875084560e-02
-1.012337825303248964e-02 4.988549299259209535e-04 -8.863668406875084560e-02
-1.012337825303248964e-02 4.988549299259209535e-04 -8.863668406875084560e-02
-1.012337825303248964e-02 4.988549299259209535e-04 -8.863668406875084560e-02
-1.012337825303248964e-02 4.988549299259209535e-04 -8.863668406875084560e-02
-1.012337825303248964e-02 4.988549299259209535e-04 -8.863668406875084560e-02
-1.012337825303248964e-02 4.988549299259209535e-04 -8.863668406875084560e-02
-1.012337825303248964e-02 4.988549299259209535e-04 -8.863668406875084560e-02
-1.012337825303248964e-02 4.988549299259209535e-04 -8.863668406875084560e-02
-1.012337825303248964e-02 4.988549299259209535e-04 -8.863668406875084560e-02
-1.012337825303248964e-02 4.988549299259209535e-04 -8.863668406875084560e-02
-1.012337825303248964e-02 4.988549299259209535e-04 -8.863668406875084560e-02
