2.435421577482724947e-02 -5.205791589291343391e-02 -1.746410424065964308e-03
2.435421577482724947e-02 -5.205791589291343391e-02 -1.746410424065964308e-03
2.435421577482724947e-02 -5.205791589291343391e-02 -1.746410424065964308e-03
2.435421577482724947e-02 -5.205791589291343391e-02 -1.746410424065964308e-03
2.435421577482724947e-02 -5.205791589291343391e-02 -1.746410424065964308e-03
2.435421577482724947e-02 -5.205791589291343391e-02 -1.746410424065964308e-03
2.435421577482724947e-02 -5.205791589291343391e-02 -1.746410424065964308e-03
2.707634685415243742e-02 6.846490571938297631e-02 -8.498765707145449107e-04
2.707634685415243742e-02 6.846490571938297631e-02 -8.498765707145449107e-04
2.707634685415243742e-02 6.846490571938297631e-02 -8.498765707145449107e-04
2.707634685415243742e-02 6.846490571938297631e-02 -8.498765707145449107e-04
2.707634685415243742e-02 6.846490571938297631e-02 -8.498765707145449107e-04
2.707634685415243742e-02 6.846490571938297631e-02 -8.498765707145449107e-04
2.707634685415243742e-02 6.846490571938297631e-02 -8.498765707145449107e-04
2.707634685415243742e-02 6.846490571938297631e-02 -8.498765707145449107e-04
2.707634685415243742e-02 6.846490571938297631e-02 -8.498765707145449107e-04
2.707634685415243742e-02 6.846490571938297631e-02 -8.498765707145449107e-04
2.707634685415243742e-02 6.846490571938297631e-02 -8.498765707145449107e-04
2.707634685415243742e-02 6.846490571938297631e-02 -8.498765707145449107e-04
2.707634685415243742e-02 6.846490571938297631e-02 -8.498765707145449107e-04
2.707634685415243742e-02 6.846490571938297631e-02 -8.498765707145449107e-04
-1.242423816350351345e-02 8.379517246165594374e-03 1.840095084771568162e-05
-1.242423816350351345e-02 8.379517246165594374e-03 1.840095084771568162e-05
-1.242423816350351345e-02 8.379517246165594374e-03 1.840095084771568162e-05
-1.242423816350351345e-02 8.379517246165594374e-03 1.840095084771568162e-05
-1.242423816350351345e-02 8.379517246165594374e-03 1.840095084771568162e-05
-1.242423816350351345e-02 8.379517246165594374e-03 1.840095084771568162e-05
2.152000426447546466e-02 5.965850277332403195e-02 3.306224070788073288e-04
2.152000426447546466e-02 5.965850277332403195e-02 3.306224070788073288e-04
2.152000426447546466e-02 5.965850277332403195e-02 3.306224070788073288e-04
2.152000426447546466e-02 5.965850277332403195e-02 3.306224070788073288e-04
2.152000426447546466e-02 5.965850277332403195e-02 3.306224070788073288e-04
2.152000426447546466e-02 5.965850277332403195e-02 3.306224070788073288e-04
2.152000426447546466e-02 5.965850277332403195e-02 3.306224070788073288e-04
2.152000426447546466e-02 5.965850277332403195e-02 3.306224070788073288e-04
2.152000426447546466e-02 5.965850277332403195e-02 3.306224070788073288e-04
2.152000426447546466e-02 5.965850277332403195e-02 3.306224070788073288e-04
2.152000426447546466e-02 5.965850277332403195e-02 3.306224070788073288e-04
2.152000426447546466e-02 5.965850277332403195e-02 3.306224070788073288e-04
2.152000426447546466e-02 5.965850277332403195e-02 3.306224070788073288e-04
8.968799516247632705e-03 2.486564658928446664e-02 1.387748507208569695e-04
8.968799516247632705e-03 2.486564658928446664e-02 1.387748507208569695e-04
8.968799516247632705e-03 2.486564658928446664e-02 1.387748507208569695e-04
8.968799516247632705e-03 2.486564658928446664e-02 1.387748507208569695e-04
8.968799516247632705e-03 2.486564658928446664e-02 1.387748507208569695e-04
8.968799516247632705e-03 2.486564658928446664e-02 1.387748507208569695e-04
8.968799516247632705e-03 2.486564658928446664e-02 1.387748507208569695e-04
8.968799516247632705e-03 2.486564658928446664e-02 1.387748507208569695e-04
1.549888689783712574e-02 -8.513557321672185138e-03 5.069563158918610930e-04
1.549888689783712574e-02 -8.513557321672185138e-03 5.069563158918610930e-04
1.549888689783712574e-02 -8.513557321672185138e-03 5.069563158918610930e-04
1.549888689783712574e-02 -8.513557321672185138e-03 5.069563158918610930e-04
1.549888689783712574e-02 -8.513557321672185138e-03 5.069563158918610930e-04
1.549888689783712574e-02 -8.513557321672185138e-03 5.069563158918610930e-04
1.549888689783712574e-02 -8.513557321672185138e-03 5.069563158918610930e-04
1.549888689783712574e-02 -8.513557321672185138e-03 5.069563158918610930e-04
1.549888689783712574e-02 -8.513557321672185138e-03 5.069563158918610930e-04
1.142417892973788054e-02 5.030017863467122624e-02 2.404680014520994835e-04
1.142417892973788054e-02 5.030017863467122624e-02 2.404680014520994835e-04
1.142417892973788054e-02 5.030017863467122624e-02 2.404680014520994835e-04
1.142417892973788054e-02 5.030017863467122624e-02 2.404680014520994835e-04
1.142417892973788054e-02 5.030017863467122624e-02 2.404680014520994835e-04
1.142417892973788054e-02 5.030017863467122624e-02 2.404680014520994835e-04
1.142417892973788054e-02 5.030017863467122624e-02 2.404680014520994835e-04
1.142417892973788054e-02 5.030017863467122624e-02 2.404680014520994835e-04
1.142417892973788054e-02 5.030017863467122624e-02 2.404680014520994835e-04
1.142417892973788054e-02 5.030017863467122624e-02 2.404680014520994835e-04
1.142417892973788054e-02 5.030017863467122624e-02 2.404680014520994835e-04
1.142417892973788054e-02 5.030017863467122624e-02 2.404680014520994835e-04
1.142417892973788054e-02 5.030017863467122624e-02 2.404680014520994835e-04
1.142417892973788054e-02 5.030017863467122624e-02 2.404680014520994835e-04
1.142417892973788054e-02 5.030017863467122624e-02 2.404680014520994835e-04
1.142417892973788054e-02 5.030017863467122624e-02 2.404680014520994835e-04
1.142417892973788054e-02 5.030017863467122624e-02 2.404680014520994835e-04
2.574009399969954051e-02 -4.633709537497822384e-02 -1.827108561001617587e-03
2.574009399969954051e-02 -4.633709537497822384e-02 -1.827108561001617587e-03
2.574009399969954051e-02 -4.633709537497822384e-02 -1.827108561001617587e-03
2.574009399969954051e-02 -4.633709537497822384e-02 -1.827108561001617587e-03
2.574009399969954051e-02 -4.633709537497822384e-02 -1.827108561001617587e-03
2.574009399969954051e-02 -4.633709537497822384e-02 -1.827108561001617587e-03
2.574009399969954051e-02 -4.633709537497822384e-02 -1.827108561001617587e-03
2.585534587567639431e-02 -4.618849709889634447e-02 1.265883455603611894e-03
2.585534587567639431e-02 -4.618849709889634447e-02 1.265883455603611894e-03
2.585534587567639431e-02 -4.618849709889634447e-02 1.265883455603611894e-03
2.585534587567639431e-02 -4.618849709889634447e-02 1.265883455603611894e-03
2.585534587567639431e-02 -4.618849709889634447e-02 1.265883455603611894e-03
2.585534587567639431e-02 -4.618849709889634447e-02 1.265883455603611894e-03
2.585534587567639431e-02 -4.618849709889634447e-02 1.265883455603611894e-03
2.585534587567639431e-02 -4.618849709889634447e-02 1.265883455603611894e-03
2.585534587567639431e-02 -4.618849709889634447e-02 1.265883455603611894e-03
1.367902471314009138e-03 1.665185595990913972e-03 1.501822994031359708e-04
1.367902471314009138e-03 1.665185595990913972e-03 1.501822994031359708e-04
1.367902471314009138e-03 1.665185595990913972e-03 1.501822994031359708e-04
1.367902471314009138e-03 1.665185595990913972e-03 1.501822994031359708e-04
1.367902471314009138e-03 1.665185595990913972e-03 1.501822994031359708e-04
1.367902471314009138e-03 1.665185595990913972e-03 1.501822994031359708e-04
1.367902471314009138e-03 1.665185595990913972e-03 1.501822994031359708e-04
1.367902471314009138e-03 1.665185595990913972e-03 1.501822994031359708e-04
1.367902471314009138e-03 1.665185595990913972e-03 1.501822994031359708e-04
2.401494306106103510e-02 -5.293533816009420023e-02 -4.841495782493546651e-04
2.401494306106103510e-02 -5.293533816009420023e-02 -4.841495782493546651e-04
2.401494306106103510e-02 -5.293533816009420023e-02 -4.841495782493546651e-04
2.401494306106103510e-02 -5.293533816009420023e-02 -4.841495782493546651e-04
2.401494306106103510e-02 -5.293533816009420023e-02 -4.841495782493546651e-04
2.401494306106103510e-02 -5.293533816009420023e-02 -4.841495782493546651e-04
2.401494306106103510e-02 -5.293533816009420023e-02 -4.841495782493546651e-04
2.401494306106103510e-02 -5.293533816009420023e-02 -4.841495782493546651e-04
2.401494306106103510e-02 -5.293533816009420023e-02 -4.841495782493546651e-04
-2.076654690405653481e-02 -5.495177001018046285e-03 -2.953188785282095247e-04
-2.076654690405653481e-02 -5.495177001018046285e-03 -2.953188785282095247e-04
-2.076654690405653481e-02 -5.495177001018046285e-03 -2.953188785282095247e-04
-2.076654690405653481e-02 -5.495177001018046285e-03 -2.953188785282095247e-04
-2.076654690405653481e-02 -5.495177001018046285e-03 -2.953188785282095247e-04
-2.076654690405653481e-02 -5.495177001018046285e-03 -2.953188785282095247e-04
-2.076654690405653481e-02 -5.495177001018046285e-03 -2.953188785282095247e-04
-2.076654690405653481e-02 -5.495177001018046285e-03 -2.953188785282095247e-04
-2.076654690405653481e-02 -5.495177001018046285e-03 -2.953188785282095247e-04
-2.076654690405653481e-02 -5.495177001018046285e-03 -2.953188785282095247e-04
-2.076654690405653481e-02 -5.495177001018046285e-03 -2.953188785282095247e-04
-2.076654690405653481e-02 -5.495177001018046285e-03 -2.953188785282095247e-04
-2.076654690405653481e-02 -5.495177001018046285e-03 -2.953188785282095247e-04
-2.076654690405653481e-02 -5.495177001018046285e-03 -2.953188785282095247e-04
-2.076654690405653481e-02 -5.495177001018046285e-03 -2.953188785282095247e-04
-9.135163096805495875e-03 1.155735342843297077e-02 -6.245107514415764935e-05
-9.135163096805495875e-03 1.155735342843297077e-02 -6.245107514415764935e-05
-9.135163096805495875e-03 1.155735342843297077e-02 -6.245107514415764935e-05
-9.135163096805495875e-03 1.155735342843297077e-02 -6.245107514415764935e-05
-9.135163096805495875e-03 1.155735342843297077e-02 -6.245107514415764935e-05
-9.135163096805495875e-03 1.155735342843297077e-02 -6.245107514415764935e-05
-9.135163096805495875e-03 1.155735342843297077e-02 -6.245107514415764935e-05
-9.135163096805495875e-03 1.155735342843297077e-02 -6.245107514415764935e-05
-9.135163096805495875e-03 1.155735342843297077e-02 -6.245107514415764935e-05
-9.135163096805495875e-03 1.155735342843297077e-02 -6.245107514415764935e-05
-9.135163096805495875e-03 1.155735342843297077e-02 -6.245107514415764935e-05
-9.135163096805495875e-03 1.155735342843297077e-02 -6.245107514415764935e-05
-9.135163096805495875e-03 1.155735342843297077e-02 -6.245107514415764935e-05
-9.135163096805495875e-03 1.155735342843297077e-02 -6.245107514415764935e-05
-9.135163096805495875e-03 1.155735342843297077e-02 -6.245107514415764935e-05
-9.135163096805495875e-03 1.155735342843297077e-02 -6.245107514415764935e-05
-9.135163096805495875e-03 1.155735342843297077e-02 -6.245107514415764935e-05
-1.097558791850781514e-02 -3.023000618733103460e-03 1.064571512120323846e-04
-1.097558791850781514e-02 -3.023000618733103460e-03 1.064571512120323846e-04
-1.097558791850781514e-02 -3.023000618733103460e-03 1.064571512120323846e-04
-1.097558791850781514e-02 -3.023000618733103460e-03 1.064571512120323846e-04
-1.097558791850781514e-02 -3.023000618733103460e-03 1.064571512120323846e-04
-1.097558791850781514e-02 -3.023000618733103460e-03 1.064571512120323846e-04
-1.097558791850781514e-02 -3.023000618733103460e-03 1.064571512120323846e-04
-1.097558791850781514e-02 -3.023000618733103460e-03 1.064571512120323846e-04
-1.097558791850781514e-02 -3.023000618733103460e-03 1.064571512120323846e-04
-1.855045655047414684e-04 -2.244402667083479630e-02 1.378919698528284846e-03
-1.855045655047414684e-04 -2.244402667083479630e-02 1.378919698528284846e-03
-1.855045655047414684e-04 -2.244402667083479630e-02 1.378919698528284846e-03
-1.855045655047414684e-04 -2.244402667083479630e-02 1.378919698528284846e-03
-1.855045655047414684e-04 -2.244402667083479630e-02 1.378919698528284846e-03
-1.855045655047414684e-04 -2.244402667083479630e-02 1.378919698528284846e-03
-1.855045655047414684e-04 -2.244402667083479630e-02 1.378919698528284846e-03
-1.855045655047414684e-04 -2.244402667083479630e-02 1.378919698528284846e-03
-1.855045655047414684e-04 -2.244402667083479630e-02 1.378919698528284846e-03
-1.855045655047414684e-04 -2.244402667083479630e-02 1.378919698528284846e-03
-1.855045655047414684e-04 -2.244402667083479630e-02 1.378919698528284846e-03
-1.855045655047414684e-04 -2.244402667083479630e-02 1.378919698528284846e-03
-1.855045655047414684e-04 -2.244402667083479630e-02 1.378919698528284846e-03
-1.855045655047414684e-04 -2.244402667083479630e-02 1.378919698528284846e-03
-1.855045655047414684e-04 -2.244402667083479630e-02 1.378919698528284846e-03
-1.855045655047414684e-04 -2.244402667083479630e-02 1.378919698528284846e-03
-1.855045655047414684e-04 -2.244402667083479630e-02 1.378919698528284846e-03
-4.769189032117770316e-03 -3.404512089541231190e-02 -1.891271792149615575e-03
-4.769189032117770316e-03 -3.404512089541231190e-02 -1.891271792149615575e-03
-4.769189032117770316e-03 -3.404512089541231190e-02 -1.891271792149615575e-03
-4.769189032117770316e-03 -3.404512089541231190e-02 -1.891271792149615575e-03
-4.769189032117770316e-03 -3.404512089541231190e-02 -1.891271792149615575e-03
-4.769189032117770316e-03 -3.404512089541231190e-02 -1.891271792149615575e-03
-4.769189032117770316e-03 -3.404512089541231190e-02 -1.891271792149615575e-03
-4.769189032117770316e-03 -3.404512089541231190e-02 -1.891271792149615575e-03
-4.769189032117770316e-03 -3.404512089541231190e-02 -1.891271792149615575e-03
-4.769189032117770316e-03 -3.404512089541231190e-02 -1.891271792149615575e-03
-4.769189032117770316e-03 -3.404512089541231190e-02 -1.891271792149615575e-03
-4.769189032117770316e-03 -3.404512089541231190e-02 -1.891271792149615575e-03
-4.769189032117770316e-03 -3.404512089541231190e-02 -1.891271792149615575e-03
-1.604537933105432829e-02 -7.779279617817257478e-05 -1.019349992452461481e-04
-1.604537933105432829e-02 -7.779279617817257478e-05 -1.019349992452461481e-04
-1.604537933105432829e-02 -7.779279617817257478e-05 -1.019349992452461481e-04
-1.604537933105432829e-02 -7.779279617817257478e-05 -1.019349992452461481e-04
-1.604537933105432829e-02 -7.779279617817257478e-05 -1.019349992452461481e-04
-1.604537933105432829e-02 -7.779279617817257478e-05 -1.019349992452461481e-04
-1.604537933105432829e-02 -7.779279617817257478e-05 -1.019349992452461481e-04
-1.604537933105432829e-02 -7.779279617817257478e-05 -1.019349992452461481e-04
-1.604537933105432829e-02 -7.779279617817257478e-05 -1.019349992452461481e-04
-1.604537933105432829e-02 -7.779279617817257478e-05 -1.019349992452461481e-04
-1.604537933105432829e-02 -7.779279617817257478e-05 -1.019349992452461481e-04
-1.604537933105432829e-02 -7.779279617817257478e-05 -1.019349992452461481e-04
-1.604537933105432829e-02 -7.779279617817257478e-05 -1.019349992452461481e-04
-1.604537933105432829e-02 -7.779279617817257478e-05 -1.019349992452461481e-04
-1.801629273192414948e-02 -8.889256443215285547e-03 -3.082257895413828726e-04
-1.801629273192414948e-02 -8.889256443215285547e-03 -3.082257895413828726e-04
-1.801629273192414948e-02 -8.889256443215285547e-03 -3.082257895413828726e-04
-1.801629273192414948e-02 -8.889256443215285547e-03 -3.082257895413828726e-04
-1.801629273192414948e-02 -8.889256443215285547e-03 -3.082257895413828726e-04
-1.801629273192414948e-02 -8.889256443215285547e-03 -3.082257895413828726e-04
-1.801629273192414948e-02 -8.889256443215285547e-03 -3.082257895413828726e-04
-1.801629273192414948e-02 -8.889256443215285547e-03 -3.082257895413828726e-04
-1.801629273192414948e-02 -8.889256443215285547e-03 -3.082257895413828726e-04
-1.801629273192414948e-02 -8.889256443215285547e-03 -3.082257895413828726e-04
-1.801629273192414948e-02 -8.889256443215285547e-03 -3.082257895413828726e-04
-1.801629273192414948e-02 -8.889256443215285547e-03 -3.082257895413828726e-04
-1.801629273192414948e-02 -8.889256443215285547e-03 -3.082257895413828726e-04
-1.246481151313001516e-02 -5.475423285044639030e-03 6.653452919594795081e-05
-1.246481151313001516e-02 -5.475423285044639030e-03 6.653452919594795081e-05
-1.246481151313001516e-02 -5.475423285044639030e-03 6.653452919594795081e-05
-1.246481151313001516e-02 -5.475423285044639030e-03 6.653452919594795081e-05
-1.246481151313001516e-02 -5.475423285044639030e-03 6.653452919594795081e-05
-2.013096186070328572e-02 -6.515876158872944621e-03 -3.242128960410151951e-04
-2.013096186070328572e-02 -6.515876158872944621e-03 -3.242128960410151951e-04
-2.013096186070328572e-02 -6.515876158872944621e-03 -3.242128960410151951e-04
-2.013096186070328572e-02 -6.515876158872944621e-03 -3.242128960410151951e-04
-2.013096186070328572e-02 -6.515876158872944621e-03 -3.242128960410151951e-04
-2.013096186070328572e-02 -6.515876158872944621e-03 -3.242128960410151951e-04
-2.013096186070328572e-02 -6.515876158872944621e-03 -3.242128960410151951e-04
-2.013096186070328572e-02 -6.515876158872944621e-03 -3.242128960410151951e-04
-2.013096186070328572e-02 -6.515876158872944621e-03 -3.242128960410151951e-04
-2.013096186070328572e-02 -6.515876158872944621e-03 -3.242128960410151951e-04
-2.013096186070328572e-02 -6.515876158872944621e-03 -3.242128960410151951e-04
-2.013096186070328572e-02 -6.515876158872944621e-03 -3.242128960410151951e-04
-2.013096186070328572e-02 -6.515876158872944621e-03 -3.242128960410151951e-04
-2.013096186070328572e-02 -6.515876158872944621e-03 -3.242128960410151951e-04
-2.013096186070328572e-02 -6.515876158872944621e-03 -3.242128960410151951e-04
2.656174575837259161e-02 8.894172462762964249e-02 9.086998325293354096e-05
2.656174575837259161e-02 8.894172462762964249e-02 9.086998325293354096e-05
2.656174575837259161e-02 8.894172462762964249e-02 9.086998325293354096e-05
2.656174575837259161e-02 8.894172462762964249e-02 9.086998325293354096e-05
2.656174575837259161e-02 8.894172462762964249e-02 9.086998325293354096e-05
2.656174575837259161e-02 8.894172462762964249e-02 9.086998325293354096e-05
2.656174575837259161e-02 8.894172462762964249e-02 9.086998325293354096e-05
2.656174575837259161e-02 8.894172462762964249e-02 9.086998325293354096e-05
2.656174575837259161e-02 8.894172462762964249e-02 9.086998325293354096e-05
2.656174575837259161e-02 8.894172462762964249e-02 9.086998325293354096e-05
2.656174575837259161e-02 8.894172462762964249e-02 9.086998325293354096e-05
2.656174575837259161e-02 8.894172462762964249e-02 9.086998325293354096e-05
2.656174575837259161e-02 8.894172462762964249e-02 9.086998325293354096e-05
2.656174575837259161e-02 8.894172462762964249e-02 9.086998325293354096e-05
2.656174575837259161e-02 8.894172462762964249e-02 9.086998325293354096e-05
3.313959039864171428e-04 7.355161043228852606e-04 -4.716946710578377028e-04
3.313959039864171428e-04 7.355161043228852606e-04 -4.716946710578377028e-04
3.313959039864171428e-04 7.355161043228852606e-04 -4.716946710578377028e-04
3.313959039864171428e-04 7.355161043228852606e-04 -4.716946710578377028e-04
3.313959039864171428e-04 7.355161043228852606e-04 -4.716946710578377028e-04
3.313959039864171428e-04 7.355161043228852606e-04 -4.716946710578377028e-04
3.313959039864171428e-04 7.355161043228852606e-04 -4.716946710578377028e-04
3.313959039864171428e-04 7.355161043228852606e-04 -4.716946710578377028e-04
