-6.704445801042452358e-02 -1.706547860615884732e-02 1.243015607846158915e-03
-6.704445801042452358e-02 -1.706547860615884732e-02 1.243015607846158915e-03
-6.704445801042452358e-02 -1.706547860615884732e-02 1.243015607846158915e-03
-6.704445801042452358e-02 -1.706547860615884732e-02 1.243015607846158915e-03
-6.704445801042452358e-02 -1.706547860615884732e-02 1.243015607846158915e-03
-6.704445801042452358e-02 -1.706547860615884732e-02 1.243015607846158915e-03
-6.704445801042452358e-02 -1.706547860615884732e-02 1.243015607846158915e-03
-6.704445801042452358e-02 -1.706547860615884732e-02 1.243015607846158915e-03
-6.704445801042452358e-02 -1.706547860615884732e-02 1.243015607846158915e-03
-6.704445801042452358e-02 -1.706547860615884732e-02 1.243015607846158915e-03
-6.704445801042452358e-02 -1.706547860615884732e-02 1.243015607846158915e-03
-6.704445801042452358e-02 -1.706547860615884732e-02 1.243015607846158915e-03
-6.704445801042452358e-02 -1.706547860615884732e-02 1.243015607846158915e-03
3.670631321807365371e-02 -3.025489256103636865e-02 -3.135458241755898975e-04
3.670631321807365371e-02 -3.025489256103636865e-02 -3.135458241755898975e-04
3.670631321807365371e-02 -3.025489256103636865e-02 -3.135458241755898975e-04
3.670631321807365371e-02 -3.025489256103636865e-02 -3.135458241755898975e-04
3.670631321807365371e-02 -3.025489256103636865e-02 -3.135458241755898975e-04
3.670631321807365371e-02 -3.025489256103636865e-02 -3.135458241755898975e-04
3.670631321807365371e-02 -3.025489256103636865e-02 -3.135458241755898975e-04
3.670631321807365371e-02 -3.025489256103636865e-02 -3.135458241755898975e-04
3.670631321807365371e-02 -3.025489256103636865e-02 -3.135458241755898975e-04
3.670631321807365371e-02 -3.025489256103636865e-02 -3.135458241755898975e-04
3.670631321807365371e-02 -3.025489256103636865e-02 -3.135458241755898975e-04
6.586391279739306492e-02 6.932606486992910766e-02 1.380509070137536654e-03
6.586391279739306492e-02 6.932606486992910766e-02 1.380509070137536654e-03
6.586391279739306492e-02 6.932606486992910766e-02 1.380509070137536654e-03
6.586391279739306492e-02 6.932606486992910766e-02 1.380509070137536654e-03
6.586391279739306492e-02 6.932606486992910766e-02 1.380509070137536654e-03
6.586391279739306492e-02 6.932606486992910766e-02 1.380509070137536654e-03
6.586391279739306492e-02 6.932606486992910766e-02 1.380509070137536654e-03
6.586391279739306492e-02 6.932606486992910766e-02 1.380509070137536654e-03
6.586391279739306492e-02 6.932606486992910766e-02 1.380509070137536654e-03
6.586391279739306492e-02 6.932606486992910766e-02 1.380509070137536654e-03
6.586391279739306492e-02 6.932606486992910766e-02 1.380509070137536654e-03
6.586391279739306492e-02 6.932606486992910766e-02 1.380509070137536654e-03
6.586391279739306492e-02 6.932606486992910766e-02 1.380509070137536654e-03
-3.868120966669007926e-02 2.005824566941950132e-02 2.653637401582153305e-04
-3.868120966669007926e-02 2.005824566941950132e-02 2.653637401582153305e-04
-3.868120966669007926e-02 2.005824566941950132e-02 2.653637401582153305e-04
-2.329313966788029711e-02 -2.747396902613781153e-02 3.513933604804243480e-04
-2.329313966788029711e-02 -2.747396902613781153e-02 3.513933604804243480e-04
-2.329313966788029711e-02 -2.747396902613781153e-02 3.513933604804243480e-04
-2.329313966788029711e-02 -2.747396902613781153e-02 3.513933604804243480e-04
-2.329313966788029711e-02 -2.747396902613781153e-02 3.513933604804243480e-04
-2.329313966788029711e-02 -2.747396902613781153e-02 3.513933604804243480e-04
-2.329313966788029711e-02 -2.747396902613781153e-02 3.513933604804243480e-04
-2.329313966788029711e-02 -2.747396902613781153e-02 3.513933604804243480e-04
-2.329313966788029711e-02 -2.747396902613781153e-02 3.513933604804243480e-04
-2.329313966788029711e-02 -2.747396902613781153e-02 3.513933604804243480e-04
-2.329313966788029711e-02 -2.747396902613781153e-02 3.513933604804243480e-04
4.411110441218367428e-02 -2.753820591141063062e-02 -2.724555895214321108e-04
4.411110441218367428e-02 -2.753820591141063062e-02 -2.724555895214321108e-04
4.411110441218367428e-02 -2.753820591141063062e-02 -2.724555895214321108e-04
4.411110441218367428e-02 -2.753820591141063062e-02 -2.724555895214321108e-04
4.411110441218367428e-02 -2.753820591141063062e-02 -2.724555895214321108e-04
4.411110441218367428e-02 -2.753820591141063062e-02 -2.724555895214321108e-04
4.411110441218367428e-02 -2.753820591141063062e-02 -2.724555895214321108e-04
4.411110441218367428e-02 -2.753820591141063062e-02 -2.724555895214321108e-04
4.411110441218367428e-02 -2.753820591141063062e-02 -2.724555895214321108e-04
4.411110441218367428e-02 -2.753820591141063062e-02 -2.724555895214321108e-04
4.411110441218367428e-02 -2.753820591141063062e-02 -2.724555895214321108e-04
4.411110441218367428e-02 -2.753820591141063062e-02 -2.724555895214321108e-04
4.411110441218367428e-02 -2.753820591141063062e-02 -2.724555895214321108e-04
-4.778854586168893026e-02 -3.507516684753883562e-02 6.545800135758844326e-04
-4.778854586168893026e-02 -3.507516684753883562e-02 6.545800135758844326e-04
-4.778854586168893026e-02 -3.507516684753883562e-02 6.545800135758844326e-04
-4.778854586168893026e-02 -3.507516684753883562e-02 6.545800135758844326e-04
-4.778854586168893026e-02 -3.507516684753883562e-02 6.545800135758844326e-04
-4.778854586168893026e-02 -3.507516684753883562e-02 6.545800135758844326e-04
-4.778854586168893026e-02 -3.507516684753883562e-02 6.545800135758844326e-04
-4.778854586168893026e-02 -3.507516684753883562e-02 6.545800135758844326e-04
-4.778854586168893026e-02 -3.507516684753883562e-02 6.545800135758844326e-04
-4.778854586168893026e-02 -3.507516684753883562e-02 6.545800135758844326e-04
-4.778854586168893026e-02 -3.507516684753883562e-02 6.545800135758844326e-04
-4.778854586168893026e-02 -3.507516684753883562e-02 6.545800135758844326e-04
-4.778854586168893026e-02 -3.507516684753883562e-02 6.545800135758844326e-04
-4.778854586168893026e-02 -3.507516684753883562e-02 6.545800135758844326e-04
-4.879742670085500389e-02 -3.087662959350424494e-02 7.314706344020739659e-04
-4.879742670085500389e-02 -3.087662959350424494e-02 7.314706344020739659e-04
-4.879742670085500389e-02 -3.087662959350424494e-02 7.314706344020739659e-04
-4.879742670085500389e-02 -3.087662959350424494e-02 7.314706344020739659e-04
-4.879742670085500389e-02 -3.087662959350424494e-02 7.314706344020739659e-04
-4.879742670085500389e-02 -3.087662959350424494e-02 7.314706344020739659e-04
-4.879742670085500389e-02 -3.087662959350424494e-02 7.314706344020739659e-04
-4.879742670085500389e-02 -3.087662959350424494e-02 7.314706344020739659e-04
-4.879742670085500389e-02 -3.087662959350424494e-02 7.314706344020739659e-04
-4.879742670085500389e-02 -3.087662959350424494e-02 7.314706344020739659e-04
-4.879742670085500389e-02 -3.087662959350424494e-02 7.314706344020739659e-04
-4.879742670085500389e-02 -3.087662959350424494e-02 7.314706344020739659e-04
-4.879742670085500389e-02 -3.087662959350424494e-02 7.314706344020739659e-04
9.432139489102439600e-02 -6.289495719413487618e-02 -3.635251756310260880e-03
9.432139489102439600e-02 -6.289495719413487618e-02 -3.635251756310260880e-03
9.432139489102439600e-02 -6.289495719413487618e-02 -3.635251756310260880e-03
9.432139489102439600e-02 -6.289495719413487618e-02 -3.635251756310260880e-03
9.432139489102439600e-02 -6.289495719413487618e-02 -3.635251756310260880e-03
9.432139489102439600e-02 -6.289495719413487618e-02 -3.635251756310260880e-03
9.432139489102439600e-02 -6.289495719413487618e-02 -3.635251756310260880e-03
9.432139489102439600e-02 -6.289495719413487618e-02 -3.635251756310260880e-03
9.432139489102439600e-02 -6.289495719413487618e-02 -3.635251756310260880e-03
9.432139489102439600e-02 -6.289495719413487618e-02 -3.635251756310260880e-03
9.432139489102439600e-02 -6.289495719413487618e-02 -3.635251756310260880e-03
9.432139489102439600e-02 -6.289495719413487618e-02 -3.635251756310260880e-03
9.440167397048489228e-02 -5.731249737795016119e-02 -8.993301119630675577e-04
9.440167397048489228e-02 -5.731249737795016119e-02 -8.993301119630675577e-04
9.440167397048489228e-02 -5.731249737795016119e-02 -8.993301119630675577e-04
9.440167397048489228e-02 -5.731249737795016119e-02 -8.993301119630675577e-04
9.440167397048489228e-02 -5.731249737795016119e-02 -8.993301119630675577e-04
9.440167397048489228e-02 -5.731249737795016119e-02 -8.993301119630675577e-04
9.440167397048489228e-02 -5.731249737795016119e-02 -8.993301119630675577e-04
9.440167397048489228e-02 -5.731249737795016119e-02 -8.993301119630675577e-04
9.440167397048489228e-02 -5.731249737795016119e-02 -8.993301119630675577e-04
9.440167397048489228e-02 -5.731249737795016119e-02 -8.993301119630675577e-04
9.440167397048489228e-02 -5.731249737795016119e-02 -8.993301119630675577e-04
9.440167397048489228e-02 -5.731249737795016119e-02 -8.993301119630675577e-04
-1.758971837191244947e-03 -2.992143334470358240e-02 1.487989495840402049e-05
-1.758971837191244947e-03 -2.992143334470358240e-02 1.487989495840402049e-05
-1.758971837191244947e-03 -2.992143334470358240e-02 1.487989495840402049e-05
-1.758971837191244947e-03 -2.992143334470358240e-02 1.487989495840402049e-05
-1.758971837191244947e-03 -2.992143334470358240e-02 1.487989495840402049e-05
-1.758971837191244947e-03 -2.992143334470358240e-02 1.487989495840402049e-05
-1.758971837191244947e-03 -2.992143334470358240e-02 1.487989495840402049e-05
-6.714115536698440911e-02 1.231498118870669178e-02 1.477346241713466124e-04
-6.714115536698440911e-02 1.231498118870669178e-02 1.477346241713466124e-04
-6.714115536698440911e-02 1.231498118870669178e-02 1.477346241713466124e-04
-6.714115536698440911e-02 1.231498118870669178e-02 1.477346241713466124e-04
-6.714115536698440911e-02 1.231498118870669178e-02 1.477346241713466124e-04
-6.714115536698440911e-02 1.231498118870669178e-02 1.477346241713466124e-04
-6.714115536698440911e-02 1.231498118870669178e-02 1.477346241713466124e-04
-6.714115536698440911e-02 1.231498118870669178e-02 1.477346241713466124e-04
-6.714115536698440911e-02 1.231498118870669178e-02 1.477346241713466124e-04
-6.714115536698440911e-02 1.231498118870669178e-02 1.477346241713466124e-04
-6.714115536698440911e-02 1.231498118870669178e-02 1.477346241713466124e-04
-6.714115536698440911e-02 1.231498118870669178e-02 1.477346241713466124e-04
-6.714115536698440911e-02 1.231498118870669178e-02 1.477346241713466124e-04
-6.714115536698440911e-02 1.231498118870669178e-02 1.477346241713466124e-04
5.014036641461964983e-02 -3.800668410912558248e-02 -1.984392378084690912e-03
5.014036641461964983e-02 -3.800668410912558248e-02 -1.984392378084690912e-03
5.014036641461964983e-02 -3.800668410912558248e-02 -1.984392378084690912e-03
5.014036641461964983e-02 -3.800668410912558248e-02 -1.984392378084690912e-03
5.014036641461964983e-02 -3.800668410912558248e-02 -1.984392378084690912e-03
5.014036641461964983e-02 -3.800668410912558248e-02 -1.984392378084690912e-03
5.014036641461964983e-02 -3.800668410912558248e-02 -1.984392378084690912e-03
5.014036641461964983e-02 -3.800668410912558248e-02 -1.984392378084690912e-03
5.014036641461964983e-02 -3.800668410912558248e-02 -1.984392378084690912e-03
5.014036641461964983e-02 -3.800668410912558248e-02 -1.984392378084690912e-03
5.014036641461964983e-02 -3.800668410912558248e-02 -1.984392378084690912e-03
3.238016846779707969e-02 4.385845168508420433e-02 -6.536268449399808625e-04
3.238016846779707969e-02 4.385845168508420433e-02 -6.536268449399808625e-04
3.238016846779707969e-02 4.385845168508420433e-02 -6.536268449399808625e-04
3.238016846779707969e-02 4.385845168508420433e-02 -6.536268449399808625e-04
3.238016846779707969e-02 4.385845168508420433e-02 -6.536268449399808625e-04
3.238016846779707969e-02 4.385845168508420433e-02 -6.536268449399808625e-04
3.238016846779707969e-02 4.385845168508420433e-02 -6.536268449399808625e-04
3.238016846779707969e-02 4.385845168508420433e-02 -6.536268449399808625e-04
3.238016846779707969e-02 4.385845168508420433e-02 -6.536268449399808625e-04
3.238016846779707969e-02 4.385845168508420433e-02 -6.536268449399808625e-04
3.238016846779707969e-02 4.385845168508420433e-02 -6.536268449399808625e-04
4.658026144678305974e-02 -3.552285056865707447e-02 -4.159515240169473632e-04
4.658026144678305974e-02 -3.552285056865707447e-02 -4.159515240169473632e-04
4.658026144678305974e-02 -3.552285056865707447e-02 -4.159515240169473632e-04
4.658026144678305974e-02 -3.552285056865707447e-02 -4.159515240169473632e-04
4.658026144678305974e-02 -3.552285056865707447e-02 -4.159515240169473632e-04
4.658026144678305974e-02 -3.552285056865707447e-02 -4.159515240169473632e-04
4.658026144678305974e-02 -3.552285056865707447e-02 -4.159515240169473632e-04
4.658026144678305974e-02 -3.552285056865707447e-02 -4.159515240169473632e-04
4.658026144678305974e-02 -3.552285056865707447e-02 -4.159515240169473632e-04
4.658026144678305974e-02 -3.552285056865707447e-02 -4.159515240169473632e-04
4.658026144678305974e-02 -3.552285056865707447e-02 -4.159515240169473632e-04
4.658026144678305974e-02 -3.552285056865707447e-02 -4.159515240169473632e-04
-6.246176845465952615e-02 4.603682494929629831e-03 -1.109450684498251155e-04
-6.246176845465952615e-02 4.603682494929629831e-03 -1.109450684498251155e-04
-6.246176845465952615e-02 4.603682494929629831e-03 -1.109450684498251155e-04
-6.246176845465952615e-02 4.603682494929629831e-03 -1.109450684498251155e-04
-6.246176845465952615e-02 4.603682494929629831e-03 -1.109450684498251155e-04
-6.246176845465952615e-02 4.603682494929629831e-03 -1.109450684498251155e-04
-6.246176845465952615e-02 4.603682494929629831e-03 -1.109450684498251155e-04
-6.246176845465952615e-02 4.603682494929629831e-03 -1.109450684498251155e-04
-6.246176845465952615e-02 4.603682494929629831e-03 -1.109450684498251155e-04
