1.214171310383533459e-02 -2.136075157409231956e-02 8.156780043889882981e-02
1.214171310383533459e-02 -2.136075157409231956e-02 8.156780043889882981e-02
1.214171310383533459e-02 -2.136075157409231956e-02 8.156780043889882981e-02
1.214171310383533459e-02 -2.136075157409231956e-02 8.156780043889882981e-02
1.214171310383533459e-02 -2.136075157409231956e-02 8.156780043889882981e-02
1.214171310383533459e-02 -2.136075157409231956e-02 8.156780043889882981e-02
1.214171310383533459e-02 -2.136075157409231956e-02 8.156780043889882981e-02
-1.441483467242239344e-02 -1.277357755455666224e-02 -1.276625606410289882e-01
-1.441483467242239344e-02 -1.277357755455666224e-02 -1.276625606410289882e-01
-1.441483467242239344e-02 -1.277357755455666224e-02 -1.276625606410289882e-01
-1.441483467242239344e-02 -1.277357755455666224e-02 -1.276625606410289882e-01
-1.441483467242239344e-02 -1.277357755455666224e-02 -1.276625606410289882e-01
-1.441483467242239344e-02 -1.277357755455666224e-02 -1.276625606410289882e-01
-1.441483467242239344e-02 -1.277357755455666224e-02 -1.276625606410289882e-01
-1.245938572722704238e-02 -1.273619839321885050e-02 -8.674926043320974056e-02
-1.245938572722704238e-02 -1.273619839321885050e-02 -8.674926043320974056e-02
-1.421361178058817495e-02 -1.399334522144761103e-02 -1.205585287780778503e-01
-1.272136021543690196e-02 -1.348460749752007984e-02 -1.324562921000115578e-01
-1.272136021543690196e-02 -1.348460749752007984e-02 -1.324562921000115578e-01
-1.280784808679421433e-02 -1.336878041388477392e-02 -1.244829432617843706e-01
-1.280784808679421433e-02 -1.336878041388477392e-02 -1.244829432617843706e-01
-1.389112429746943225e-02 -1.265763323442090083e-02 -1.095472973940025269e-01
-1.239294209302992632e-02 -1.234135411327726140e-02 -9.816134548086113965e-02
-1.266616520123949388e-02 -1.189172810701183414e-02 -9.056655240268865481e-02
-1.266616520123949388e-02 -1.189172810701183414e-02 -9.056655240268865481e-02
-1.470161590805733193e-02 -1.521168651705147312e-02 -1.182101240640793388e-01
-1.366513367332357343e-02 -1.242385639973913117e-02 -1.195442709063404829e-01
-1.366513367332357343e-02 -1.242385639973913117e-02 -1.195442709063404829e-01
-1.405840166427760676e-02 -1.363458315576606891e-02 -1.070346660082083928e-01
-1.405840166427760676e-02 -1.363458315576606891e-02 -1.070346660082083928e-01
-1.405840166427760676e-02 -1.363458315576606891e-02 -1.070346660082083928e-01
-1.405840166427760676e-02 -1.363458315576606891e-02 -1.070346660082083928e-01
-1.405840166427760676e-02 -1.363458315576606891e-02 -1.070346660082083928e-01
-1.405840166427760676e-02 -1.363458315576606891e-02 -1.070346660082083928e-01
-1.405840166427760676e-02 -1.363458315576606891e-02 -1.070346660082083928e-01
-1.405840166427760676e-02 -1.363458315576606891e-02 -1.070346660082083928e-01
-1.405840166427760676e-02 -1.363458315576606891e-02 -1.070346660082083928e-01
-1.523342665557047421e-02 -1.358596364144952495e-02 -9.768014700174973419e-02
-1.523342665557047421e-02 -1.358596364144952495e-02 -9.768014700174973419e-02
-1.399698948301006385e-02 -1.397518511851073009e-02 -1.011454217923214438e-01
-1.399698948301006385e-02 -1.397518511851073009e-02 -1.011454217923214438e-01
-1.399698948301006385e-02 -1.397518511851073009e-02 -1.011454217923214438e-01
-1.399698948301006385e-02 -1.397518511851073009e-02 -1.011454217923214438e-01
-1.399698948301006385e-02 -1.397518511851073009e-02 -1.011454217923214438e-01
-1.399698948301006385e-02 -1.397518511851073009e-02 -1.011454217923214438e-01
-1.399698948301006385e-02 -1.397518511851073009e-02 -1.011454217923214438e-01
-1.399698948301006385e-02 -1.397518511851073009e-02 -1.011454217923214438e-01
-1.399698948301006385e-02 -1.397518511851073009e-02 -1.011454217923214438e-01
-1.399698948301006385e-02 -1.397518511851073009e-02 -1.011454217923214438e-01
-1.399698948301006385e-02 -1.397518511851073009e-02 -1.011454217923214438e-01
-1.399698948301006385e-02 -1.397518511851073009e-02 -1.011454217923214438e-01
-1.482178352205636152e-02 -1.468246526338618484e-02 -7.987224513657589786e-02
-1.432905950767750930e-02 -1.408907127089358696e-02 -1.216347084787981758e-01
-1.432905950767750930e-02 -1.408907127089358696e-02 -1.216347084787981758e-01
-1.432905950767750930e-02 -1.408907127089358696e-02 -1.216347084787981758e-01
-1.432905950767750930e-02 -1.408907127089358696e-02 -1.216347084787981758e-01
-1.432905950767750930e-02 -1.408907127089358696e-02 -1.216347084787981758e-01
-1.432905950767750930e-02 -1.408907127089358696e-02 -1.216347084787981758e-01
-1.432905950767750930e-02 -1.408907127089358696e-02 -1.216347084787981758e-01
-8.869525380380025720e-03 -1.341691376384805331e-02 -1.077685234285426508e-01
-4.109286342240534712e-02 -7.855317043995486623e-03 7.954869208477760578e-02
-4.109286342240534712e-02 -7.855317043995486623e-03 7.954869208477760578e-02
-4.109286342240534712e-02 -7.855317043995486623e-03 7.954869208477760578e-02
-4.109286342240534712e-02 -7.855317043995486623e-03 7.954869208477760578e-02
-4.109286342240534712e-02 -7.855317043995486623e-03 7.954869208477760578e-02
-4.109286342240534712e-02 -7.855317043995486623e-03 7.954869208477760578e-02
-4.109286342240534712e-02 -7.855317043995486623e-03 7.954869208477760578e-02
-1.397527360919420189e-02 -1.515272308637951627e-02 -7.187826082566037278e-02
-1.397527360919420189e-02 -1.515272308637951627e-02 -7.187826082566037278e-02
-1.235169290052586313e-02 -1.132683919987753293e-02 -8.830375278468526046e-02
-1.367533079922190684e-02 -1.372695969241211067e-02 -1.318602925122603353e-01
-1.367533079922190684e-02 -1.372695969241211067e-02 -1.318602925122603353e-01
-1.367533079922190684e-02 -1.372695969241211067e-02 -1.318602925122603353e-01
-1.367533079922190684e-02 -1.372695969241211067e-02 -1.318602925122603353e-01
-1.367533079922190684e-02 -1.372695969241211067e-02 -1.318602925122603353e-01
-1.367533079922190684e-02 -1.372695969241211067e-02 -1.318602925122603353e-01
-1.367533079922190684e-02 -1.372695969241211067e-02 -1.318602925122603353e-01
-1.367533079922190684e-02 -1.372695969241211067e-02 -1.318602925122603353e-01
-1.367533079922190684e-02 -1.372695969241211067e-02 -1.318602925122603353e-01
-1.296169166604126295e-02 -1.275372231816481600e-02 -1.176498410913584258e-01
-1.296169166604126295e-02 -1.275372231816481600e-02 -1.176498410913584258e-01
-1.673914905578307438e-02 -1.326876783837039470e-02 -9.303947748203687806e-02
-1.673914905578307438e-02 -1.326876783837039470e-02 -9.303947748203687806e-02
-1.501065545309056629e-02 -1.346177347086283810e-02 -8.918526132915011173e-02
-1.203070544045758278e-02 -1.270689739629726062e-02 -1.009047374513417084e-01
-1.203070544045758278e-02 -1.270689739629726062e-02 -1.009047374513417084e-01
-1.353799664029352659e-02 -1.404710961226145194e-02 -1.307203325872271782e-01
-1.353799664029352659e-02 -1.404710961226145194e-02 -1.307203325872271782e-01
-1.312639451243528821e-02 -1.236320212311425165e-02 -8.800885730620766623e-02
-1.312639451243528821e-02 -1.236320212311425165e-02 -8.800885730620766623e-02
-1.405658295242471698e-02 -1.371062996083460481e-02 -1.276368599147287008e-01
-1.405658295242471698e-02 -1.371062996083460481e-02 -1.276368599147287008e-01
-1.405658295242471698e-02 -1.371062996083460481e-02 -1.276368599147287008e-01
-1.405658295242471698e-02 -1.371062996083460481e-02 -1.276368599147287008e-01
-1.405658295242471698e-02 -1.371062996083460481e-02 -1.276368599147287008e-01
-1.355752756922932317e-02 -1.394507601507086539e-02 -1.333552046272001024e-01
-1.355752756922932317e-02 -1.394507601507086539e-02 -1.333552046272001024e-01
-1.369551329878058998e-02 -1.277428089266587422e-02 -7.400497229008251576e-02
5.402242698953828304e-02 5.348449441679036659e-02 9.215042296680082956e-03
5.402242698953828304e-02 5.348449441679036659e-02 9.215042296680082956e-03
5.402242698953828304e-02 5.348449441679036659e-02 9.215042296680082956e-03
5.402242698953828304e-02 5.348449441679036659e-02 9.215042296680082956e-03
5.402242698953828304e-02 5.348449441679036659e-02 9.215042296680082956e-03
5.402242698953828304e-02 5.348449441679036659e-02 9.215042296680082956e-03
5.402242698953828304e-02 5.348449441679036659e-02 9.215042296680082956e-03
-1.359005309770822123e-02 -1.327512819073391886e-02 -8.748016324073795702e-02
-1.359005309770822123e-02 -1.327512819073391886e-02 -8.748016324073795702e-02
-1.332148676468267873e-02 -1.335231717774212901e-02 -8.416855460071845374e-02
-1.332148676468267873e-02 -1.335231717774212901e-02 -8.416855460071845374e-02
-1.443161056806411408e-02 -1.264733853013527698e-02 -1.327146845775608042e-01
-1.443161056806411408e-02 -1.264733853013527698e-02 -1.327146845775608042e-01
-1.443161056806411408e-02 -1.264733853013527698e-02 -1.327146845775608042e-01
-1.443161056806411408e-02 -1.264733853013527698e-02 -1.327146845775608042e-01
-1.443161056806411408e-02 -1.264733853013527698e-02 -1.327146845775608042e-01
-1.378788343849787768e-02 -1.567509414909331461e-02 -1.144702497116835416e-01
-1.378788343849787768e-02 -1.567509414909331461e-02 -1.144702497116835416e-01
-1.378788343849787768e-02 -1.567509414909331461e-02 -1.144702497116835416e-01
-1.410696728622027642e-02 -1.371615220322624715e-02 -1.230905858747303461e-01
-1.410696728622027642e-02 -1.371615220322624715e-02 -1.230905858747303461e-01
-1.410696728622027642e-02 -1.371615220322624715e-02 -1.230905858747303461e-01
-1.410696728622027642e-02 -1.371615220322624715e-02 -1.230905858747303461e-01
-1.410696728622027642e-02 -1.371615220322624715e-02 -1.230905858747303461e-01
-1.353510202621575897e-02 -1.409172236534098066e-02 -9.356025829842616603e-02
-1.353510202621575897e-02 -1.409172236534098066e-02 -9.356025829842616603e-02
-1.366451657826960736e-02 -1.398211791836259307e-02 -1.349415727533143372e-01
-1.366451657826960736e-02 -1.398211791836259307e-02 -1.349415727533143372e-01
-1.366451657826960736e-02 -1.398211791836259307e-02 -1.349415727533143372e-01
-1.483996876862466938e-02 -1.351217480708288149e-02 -7.287938503815764857e-02
-1.483996876862466938e-02 -1.351217480708288149e-02 -7.287938503815764857e-02
-1.421558986860957038e-02 -1.383994060738233042e-02 -9.298605124721753823e-02
-1.469720167215141787e-02 -1.370322790005864752e-02 -8.811947405249459520e-02
-1.469720167215141787e-02 -1.370322790005864752e-02 -8.811947405249459520e-02
-1.399873425329686664e-02 -1.402310028960487495e-02 -9.575831079125854406e-02
-1.399873425329686664e-02 -1.402310028960487495e-02 -9.575831079125854406e-02
-1.399873425329686664e-02 -1.402310028960487495e-02 -9.575831079125854406e-02
-1.399873425329686664e-02 -1.402310028960487495e-02 -9.575831079125854406e-02
-1.399873425329686664e-02 -1.402310028960487495e-02 -9.575831079125854406e-02
-1.399873425329686664e-02 -1.402310028960487495e-02 -9.575831079125854406e-02
-1.399873425329686664e-02 -1.402310028960487495e-02 -9.575831079125854406e-02
-1.399873425329686664e-02 -1.402310028960487495e-02 -9.575831079125854406e-02
-1.393607692521281818e-02 -1.329453942555006846e-02 -1.289812948309102536e-01
-1.393607692521281818e-02 -1.329453942555006846e-02 -1.289812948309102536e-01
1.168250045575924476e-02 -2.112906354006288678e-02 7.798981019048847885e-02
1.168250045575924476e-02 -2.112906354006288678e-02 7.798981019048847885e-02
1.168250045575924476e-02 -2.112906354006288678e-02 7.798981019048847885e-02
-1.388834590390160273e-02 -1.340705157057373031e-02 -1.120374752586120737e-01
-1.388834590390160273e-02 -1.340705157057373031e-02 -1.120374752586120737e-01
-1.459641320154554667e-02 -1.335702175966443569e-02 -1.267685481512725310e-01
-1.459641320154554667e-02 -1.335702175966443569e-02 -1.267685481512725310e-01
-1.459641320154554667e-02 -1.335702175966443569e-02 -1.267685481512725310e-01
-1.459641320154554667e-02 -1.335702175966443569e-02 -1.267685481512725310e-01
-1.459641320154554667e-02 -1.335702175966443569e-02 -1.267685481512725310e-01
-1.459641320154554667e-02 -1.335702175966443569e-02 -1.267685481512725310e-01
-1.459641320154554667e-02 -1.335702175966443569e-02 -1.267685481512725310e-01
-1.459641320154554667e-02 -1.335702175966443569e-02 -1.267685481512725310e-01
-1.206633933241282354e-02 -1.222153377073051037e-02 -7.657326686426081663e-02
-1.206633933241282354e-02 -1.222153377073051037e-02 -7.657326686426081663e-02
-1.464127846933835353e-02 -1.419554185879918357e-02 -1.295425920360146754e-01
-1.464127846933835353e-02 -1.419554185879918357e-02 -1.295425920360146754e-01
-1.464127846933835353e-02 -1.419554185879918357e-02 -1.295425920360146754e-01
-1.464127846933835353e-02 -1.419554185879918357e-02 -1.295425920360146754e-01
-1.464127846933835353e-02 -1.419554185879918357e-02 -1.295425920360146754e-01
-1.468734317187040707e-02 -1.338742590513561370e-02 -7.526733846771851977e-02
-1.399621884103494085e-02 -1.299062503859808350e-02 -1.178675819910926792e-01
-1.358194786984662228e-02 -1.348368655713184233e-02 -7.481050188659521538e-02
-1.358194786984662228e-02 -1.348368655713184233e-02 -7.481050188659521538e-02
4.969770285550381694e-02 5.008161680965415863e-02 -3.615917060200093264e-02
4.969770285550381694e-02 5.008161680965415863e-02 -3.615917060200093264e-02
4.969770285550381694e-02 5.008161680965415863e-02 -3.615917060200093264e-02
4.969770285550381694e-02 5.008161680965415863e-02 -3.615917060200093264e-02
4.969770285550381694e-02 5.008161680965415863e-02 -3.615917060200093264e-02
-1.506325485419217694e-02 -1.394631745262726527e-02 -9.325394094771735642e-02
-1.335239545902070293e-02 -1.535317613634223054e-02 -1.015320629476556130e-01
-1.335239545902070293e-02 -1.535317613634223054e-02 -1.015320629476556130e-01
-1.335239545902070293e-02 -1.535317613634223054e-02 -1.015320629476556130e-01
-1.399657115263100438e-02 -1.356400624708703484e-02 -1.175113856444307270e-01
-1.399657115263100438e-02 -1.356400624708703484e-02 -1.175113856444307270e-01
-1.367722145551182600e-02 -1.412884168471436816e-02 -8.984383011709642930e-02
-1.367722145551182600e-02 -1.412884168471436816e-02 -8.984383011709642930e-02
-1.375582301475710562e-02 -1.447275966862399642e-02 -7.593551456265273947e-02
-1.375582301475710562e-02 -1.447275966862399642e-02 -7.593551456265273947e-02
-9.920436835155310717e-03 -1.739006124706621997e-02 -1.337471844817039179e-01
-9.920436835155310717e-03 -1.739006124706621997e-02 -1.337471844817039179e-01
-9.920436835155310717e-03 -1.739006124706621997e-02 -1.337471844817039179e-01
-9.920436835155310717e-03 -1.739006124706621997e-02 -1.337471844817039179e-01
-9.920436835155310717e-03 -1.739006124706621997e-02 -1.337471844817039179e-01
-9.920436835155310717e-03 -1.739006124706621997e-02 -1.337471844817039179e-01
-9.920436835155310717e-03 -1.739006124706621997e-02 -1.337471844817039179e-01
-9.920436835155310717e-03 -1.739006124706621997e-02 -1.337471844817039179e-01
-9.920436835155310717e-03 -1.739006124706621997e-02 -1.337471844817039179e-01
-9.920436835155310717e-03 -1.739006124706621997e-02 -1.337471844817039179e-01
-9.920436835155310717e-03 -1.739006124706621997e-02 -1.337471844817039179e-01
-1.095700939141585478e-02 -1.121742628833445263e-02 -7.485883674605497973e-02
-1.383040578466331744e-02 -1.237537563921070616e-02 -9.731471423928561570e-02
-1.465286522914957881e-02 -1.446535592444881356e-02 -7.409958754284248772e-02
-1.375819153829264258e-02 -1.367623954005469170e-02 -9.141400802125383696e-02
-1.375819153829264258e-02 -1.367623954005469170e-02 -9.141400802125383696e-02
-1.559607561293844050e-02 -1.355932108209426806e-02 -7.519866880884981675e-02
-1.559607561293844050e-02 -1.355932108209426806e-02 -7.519866880884981675e-02
5.626682569307889931e-02 5.109214999134782664e-02 5.771465950567650563e-03
5.626682569307889931e-02 5.109214999134782664e-02 5.771465950567650563e-03
5.626682569307889931e-02 5.109214999134782664e-02 5.771465950567650563e-03
5.626682569307889931e-02 5.109214999134782664e-02 5.771465950567650563e-03
5.626682569307889931e-02 5.109214999134782664e-02 5.771465950567650563e-03
5.626682569307889931e-02 5.109214999134782664e-02 5.771465950567650563e-03
5.626682569307889931e-02 5.109214999134782664e-02 5.771465950567650563e-03
5.615691542220136584e-02 5.140676332140940025e-02 2.049956229753976261e-02
5.615691542220136584e-02 5.140676332140940025e-02 2.049956229753976261e-02
5.615691542220136584e-02 5.140676332140940025e-02 2.049956229753976261e-02
5.615691542220136584e-02 5.140676332140940025e-02 2.049956229753976261e-02
5.615691542220136584e-02 5.140676332140940025e-02 2.049956229753976261e-02
