-4.121884465531338443e-04 -1.409948705839493034e-03 6.937014548771274977e-03
-4.121884465531338443e-04 -1.409948705839493034e-03 6.937014548771274977e-03
-4.121884465531338443e-04 -1.409948705839493034e-03 6.937014548771274977e-03
-4.121884465531338443e-04 -1.409948705839493034e-03 6.937014548771274977e-03
-4.121884465531338443e-04 -1.409948705839493034e-03 6.937014548771274977e-03
-4.121884465531338443e-04 -1.409948705839493034e-03 6.937014548771274977e-03
-4.121884465531338443e-04 -1.409948705839493034e-03 6.937014548771274977e-03
-4.121884465531338443e-04 -1.409948705839493034e-03 6.937014548771274977e-03
-4.121884465531338443e-04 -1.409948705839493034e-03 6.937014548771274977e-03
-4.121884465531338443e-04 -1.409948705839493034e-03 6.937014548771274977e-03
-4.121884465531338443e-04 -1.409948705839493034e-03 6.937014548771274977e-03
-4.121884465531338443e-04 -1.409948705839493034e-03 6.937014548771274977e-03
1.790056779698392248e-02 -2.183758428093577481e-02 3.018157761081868146e-02
1.790056779698392248e-02 -2.183758428093577481e-02 3.018157761081868146e-02
2.581403791427592728e-02 7.615926113209985082e-03 3.174359105143988169e-02
2.581403791427592728e-02 7.615926113209985082e-03 3.174359105143988169e-02
-8.756986024784519512e-04 -1.085005691553999826e-03 -1.473243118182644348e-02
-8.756986024784519512e-04 -1.085005691553999826e-03 -1.473243118182644348e-02
-8.756986024784519512e-04 -1.085005691553999826e-03 -1.473243118182644348e-02
-8.756986024784519512e-04 -1.085005691553999826e-03 -1.473243118182644348e-02
-8.756986024784519512e-04 -1.085005691553999826e-03 -1.473243118182644348e-02
-8.756986024784519512e-04 -1.085005691553999826e-03 -1.473243118182644348e-02
-8.756986024784519512e-04 -1.085005691553999826e-03 -1.473243118182644348e-02
-8.756986024784519512e-04 -1.085005691553999826e-03 -1.473243118182644348e-02
-8.756986024784519512e-04 -1.085005691553999826e-03 -1.473243118182644348e-02
-8.756986024784519512e-04 -1.085005691553999826e-03 -1.473243118182644348e-02
-8.756986024784519512e-04 -1.085005691553999826e-03 -1.473243118182644348e-02
-8.756986024784519512e-04 -1.085005691553999826e-03 -1.473243118182644348e-02
-8.756986024784519512e-04 -1.085005691553999826e-03 -1.473243118182644348e-02
-8.756986024784519512e-04 -1.085005691553999826e-03 -1.473243118182644348e-02
-3.619642936209886697e-03 2.613077961697696239e-02 1.864441613305849177e-02
5.322212000233384269e-03 -2.806155686787826370e-02 2.632994557185489720e-02
-1.050735412556361593e-03 -1.310862076307353977e-03 5.684296281829970092e-04
-1.050735412556361593e-03 -1.310862076307353977e-03 5.684296281829970092e-04
-1.050735412556361593e-03 -1.310862076307353977e-03 5.684296281829970092e-04
-1.050735412556361593e-03 -1.310862076307353977e-03 5.684296281829970092e-04
-1.050735412556361593e-03 -1.310862076307353977e-03 5.684296281829970092e-04
-1.050735412556361593e-03 -1.310862076307353977e-03 5.684296281829970092e-04
-1.050735412556361593e-03 -1.310862076307353977e-03 5.684296281829970092e-04
-1.050735412556361593e-03 -1.310862076307353977e-03 5.684296281829970092e-04
-1.050735412556361593e-03 -1.310862076307353977e-03 5.684296281829970092e-04
-1.050735412556361593e-03 -1.310862076307353977e-03 5.684296281829970092e-04
-1.050735412556361593e-03 -1.310862076307353977e-03 5.684296281829970092e-04
-1.050735412556361593e-03 -1.310862076307353977e-03 5.684296281829970092e-04
-1.050735412556361593e-03 -1.310862076307353977e-03 5.684296281829970092e-04
-1.050735412556361593e-03 -1.310862076307353977e-03 5.684296281829970092e-04
6.919157404061723748e-03 -2.731193829032283610e-02 3.439637455445276708e-04
-3.978729875925932774e-04 -1.097862419774031303e-03 6.108962929816497134e-03
-3.978729875925932774e-04 -1.097862419774031303e-03 6.108962929816497134e-03
-3.978729875925932774e-04 -1.097862419774031303e-03 6.108962929816497134e-03
-3.978729875925932774e-04 -1.097862419774031303e-03 6.108962929816497134e-03
-3.978729875925932774e-04 -1.097862419774031303e-03 6.108962929816497134e-03
-3.978729875925932774e-04 -1.097862419774031303e-03 6.108962929816497134e-03
-3.978729875925932774e-04 -1.097862419774031303e-03 6.108962929816497134e-03
-3.978729875925932774e-04 -1.097862419774031303e-03 6.108962929816497134e-03
-3.978729875925932774e-04 -1.097862419774031303e-03 6.108962929816497134e-03
-3.978729875925932774e-04 -1.097862419774031303e-03 6.108962929816497134e-03
-3.978729875925932774e-04 -1.097862419774031303e-03 6.108962929816497134e-03
-3.978729875925932774e-04 -1.097862419774031303e-03 6.108962929816497134e-03
9.476603132283314621e-03 -2.651824317603299758e-02 6.219553993092430400e-03
-2.457525708811983400e-04 2.448031204106122880e-04 -1.286588844780936838e-02
-2.457525708811983400e-04 2.448031204106122880e-04 -1.286588844780936838e-02
-2.457525708811983400e-04 2.448031204106122880e-04 -1.286588844780936838e-02
-2.457525708811983400e-04 2.448031204106122880e-04 -1.286588844780936838e-02
-2.457525708811983400e-04 2.448031204106122880e-04 -1.286588844780936838e-02
-2.457525708811983400e-04 2.448031204106122880e-04 -1.286588844780936838e-02
-2.457525708811983400e-04 2.448031204106122880e-04 -1.286588844780936838e-02
-2.457525708811983400e-04 2.448031204106122880e-04 -1.286588844780936838e-02
-2.457525708811983400e-04 2.448031204106122880e-04 -1.286588844780936838e-02
-2.457525708811983400e-04 2.448031204106122880e-04 -1.286588844780936838e-02
-2.457525708811983400e-04 2.448031204106122880e-04 -1.286588844780936838e-02
-2.457525708811983400e-04 2.448031204106122880e-04 -1.286588844780936838e-02
-2.457525708811983400e-04 2.448031204106122880e-04 -1.286588844780936838e-02
-2.457525708811983400e-04 2.448031204106122880e-04 -1.286588844780936838e-02
1.859524279678096900e-02 1.873711432353805315e-02 2.158342881658534274e-02
2.412181480878924922e-02 -1.381463315853339625e-02 2.946314133809335711e-02
2.412181480878924922e-02 -1.381463315853339625e-02 2.946314133809335711e-02
5.550451832942089950e-03 2.594734506408275659e-02 3.163871681855956464e-02
5.550451832942089950e-03 2.594734506408275659e-02 3.163871681855956464e-02
1.080118961044010352e-03 -2.807991782493210464e-02 -1.059969505960154518e-02
-1.278898826922866870e-03 -1.169194637902742917e-03 -1.003409308115053161e-02
-1.278898826922866870e-03 -1.169194637902742917e-03 -1.003409308115053161e-02
-1.278898826922866870e-03 -1.169194637902742917e-03 -1.003409308115053161e-02
-1.278898826922866870e-03 -1.169194637902742917e-03 -1.003409308115053161e-02
-1.278898826922866870e-03 -1.169194637902742917e-03 -1.003409308115053161e-02
-1.278898826922866870e-03 -1.169194637902742917e-03 -1.003409308115053161e-02
-1.278898826922866870e-03 -1.169194637902742917e-03 -1.003409308115053161e-02
-1.278898826922866870e-03 -1.169194637902742917e-03 -1.003409308115053161e-02
-1.278898826922866870e-03 -1.169194637902742917e-03 -1.003409308115053161e-02
-1.278898826922866870e-03 -1.169194637902742917e-03 -1.003409308115053161e-02
-1.278898826922866870e-03 -1.169194637902742917e-03 -1.003409308115053161e-02
-1.278898826922866870e-03 -1.169194637902742917e-03 -1.003409308115053161e-02
-1.278898826922866870e-03 -1.169194637902742917e-03 -1.003409308115053161e-02
-1.278898826922866870e-03 -1.169194637902742917e-03 -1.003409308115053161e-02
-1.011032280521000776e-03 4.428580434871331323e-05 1.911205860448451921e-02
-2.429289337714156047e-02 -1.438630696354555386e-02 1.890225118619771882e-02
-6.285330350334811939e-03 2.597966785714106441e-02 3.215280342412280695e-02
-6.285330350334811939e-03 2.597966785714106441e-02 3.215280342412280695e-02
-6.285330350334811939e-03 2.597966785714106441e-02 3.215280342412280695e-02
2.027766973518310700e-02 1.695217600940488595e-02 1.697682990396628261e-02
-5.075725839239503961e-04 -9.223926913855210602e-04 1.754255248869070888e-02
-5.075725839239503961e-04 -9.223926913855210602e-04 1.754255248869070888e-02
-6.191967759705853391e-04 -2.026342237380479843e-03 -1.240461279375667733e-02
-6.191967759705853391e-04 -2.026342237380479843e-03 -1.240461279375667733e-02
-6.191967759705853391e-04 -2.026342237380479843e-03 -1.240461279375667733e-02
-6.191967759705853391e-04 -2.026342237380479843e-03 -1.240461279375667733e-02
-6.191967759705853391e-04 -2.026342237380479843e-03 -1.240461279375667733e-02
-6.191967759705853391e-04 -2.026342237380479843e-03 -1.240461279375667733e-02
-6.191967759705853391e-04 -2.026342237380479843e-03 -1.240461279375667733e-02
-6.191967759705853391e-04 -2.026342237380479843e-03 -1.240461279375667733e-02
-6.191967759705853391e-04 -2.026342237380479843e-03 -1.240461279375667733e-02
-6.191967759705853391e-04 -2.026342237380479843e-03 -1.240461279375667733e-02
-6.191967759705853391e-04 -2.026342237380479843e-03 -1.240461279375667733e-02
-6.191967759705853391e-04 -2.026342237380479843e-03 -1.240461279375667733e-02
-6.191967759705853391e-04 -2.026342237380479843e-03 -1.240461279375667733e-02
-6.191967759705853391e-04 -2.026342237380479843e-03 -1.240461279375667733e-02
-6.191967759705853391e-04 -2.026342237380479843e-03 -1.240461279375667733e-02
2.648880852481268547e-02 4.136632101786652353e-03 1.605440082173447205e-02
3.877846870590697520e-04 4.675845271492470520e-04 4.536832862792128732e-03
3.877846870590697520e-04 4.675845271492470520e-04 4.536832862792128732e-03
3.877846870590697520e-04 4.675845271492470520e-04 4.536832862792128732e-03
3.877846870590697520e-04 4.675845271492470520e-04 4.536832862792128732e-03
3.877846870590697520e-04 4.675845271492470520e-04 4.536832862792128732e-03
3.877846870590697520e-04 4.675845271492470520e-04 4.536832862792128732e-03
3.877846870590697520e-04 4.675845271492470520e-04 4.536832862792128732e-03
3.877846870590697520e-04 4.675845271492470520e-04 4.536832862792128732e-03
3.877846870590697520e-04 4.675845271492470520e-04 4.536832862792128732e-03
3.877846870590697520e-04 4.675845271492470520e-04 4.536832862792128732e-03
3.877846870590697520e-04 4.675845271492470520e-04 4.536832862792128732e-03
3.877846870590697520e-04 4.675845271492470520e-04 4.536832862792128732e-03
3.877846870590697520e-04 4.675845271492470520e-04 4.536832862792128732e-03
9.108819559886550954e-04 -3.221536130838993390e-03 -2.244800679198245136e-02
9.108819559886550954e-04 -3.221536130838993390e-03 -2.244800679198245136e-02
9.108819559886550954e-04 -3.221536130838993390e-03 -2.244800679198245136e-02
9.108819559886550954e-04 -3.221536130838993390e-03 -2.244800679198245136e-02
9.108819559886550954e-04 -3.221536130838993390e-03 -2.244800679198245136e-02
9.108819559886550954e-04 -3.221536130838993390e-03 -2.244800679198245136e-02
9.108819559886550954e-04 -3.221536130838993390e-03 -2.244800679198245136e-02
9.108819559886550954e-04 -3.221536130838993390e-03 -2.244800679198245136e-02
9.108819559886550954e-04 -3.221536130838993390e-03 -2.244800679198245136e-02
9.108819559886550954e-04 -3.221536130838993390e-03 -2.244800679198245136e-02
9.108819559886550954e-04 -3.221536130838993390e-03 -2.244800679198245136e-02
9.108819559886550954e-04 -3.221536130838993390e-03 -2.244800679198245136e-02
9.108819559886550954e-04 -3.221536130838993390e-03 -2.244800679198245136e-02
9.108819559886550954e-04 -3.221536130838993390e-03 -2.244800679198245136e-02
4.571885813788425026e-04 -6.448222862551079154e-04 1.394551387493090169e-02
4.571885813788425026e-04 -6.448222862551079154e-04 1.394551387493090169e-02
4.571885813788425026e-04 -6.448222862551079154e-04 1.394551387493090169e-02
4.571885813788425026e-04 -6.448222862551079154e-04 1.394551387493090169e-02
4.571885813788425026e-04 -6.448222862551079154e-04 1.394551387493090169e-02
4.571885813788425026e-04 -6.448222862551079154e-04 1.394551387493090169e-02
4.571885813788425026e-04 -6.448222862551079154e-04 1.394551387493090169e-02
4.571885813788425026e-04 -6.448222862551079154e-04 1.394551387493090169e-02
4.571885813788425026e-04 -6.448222862551079154e-04 1.394551387493090169e-02
2.806591016886635093e-06 -1.279959932280175586e-03 -2.075891595645965038e-02
2.806591016886635093e-06 -1.279959932280175586e-03 -2.075891595645965038e-02
2.806591016886635093e-06 -1.279959932280175586e-03 -2.075891595645965038e-02
2.806591016886635093e-06 -1.279959932280175586e-03 -2.075891595645965038e-02
2.806591016886635093e-06 -1.279959932280175586e-03 -2.075891595645965038e-02
2.806591016886635093e-06 -1.279959932280175586e-03 -2.075891595645965038e-02
2.806591016886635093e-06 -1.279959932280175586e-03 -2.075891595645965038e-02
2.806591016886635093e-06 -1.279959932280175586e-03 -2.075891595645965038e-02
2.806591016886635093e-06 -1.279959932280175586e-03 -2.075891595645965038e-02
2.806591016886635093e-06 -1.279959932280175586e-03 -2.075891595645965038e-02
2.806591016886635093e-06 -1.279959932280175586e-03 -2.075891595645965038e-02
2.806591016886635093e-06 -1.279959932280175586e-03 -2.075891595645965038e-02
2.806591016886635093e-06 -1.279959932280175586e-03 -2.075891595645965038e-02
2.806591016886635093e-06 -1.279959932280175586e-03 -2.075891595645965038e-02
-3.472308848637157414e-04 -9.600552846504711857e-04 -1.599834734138425724e-02
-3.472308848637157414e-04 -9.600552846504711857e-04 -1.599834734138425724e-02
-3.472308848637157414e-04 -9.600552846504711857e-04 -1.599834734138425724e-02
-3.472308848637157414e-04 -9.600552846504711857e-04 -1.599834734138425724e-02
-3.472308848637157414e-04 -9.600552846504711857e-04 -1.599834734138425724e-02
-3.472308848637157414e-04 -9.600552846504711857e-04 -1.599834734138425724e-02
-3.472308848637157414e-04 -9.600552846504711857e-04 -1.599834734138425724e-02
-3.472308848637157414e-04 -9.600552846504711857e-04 -1.599834734138425724e-02
-3.472308848637157414e-04 -9.600552846504711857e-04 -1.599834734138425724e-02
-3.472308848637157414e-04 -9.600552846504711857e-04 -1.599834734138425724e-02
-3.472308848637157414e-04 -9.600552846504711857e-04 -1.599834734138425724e-02
-3.472308848637157414e-04 -9.600552846504711857e-04 -1.599834734138425724e-02
-3.472308848637157414e-04 -9.600552846504711857e-04 -1.599834734138425724e-02
-3.472308848637157414e-04 -9.600552846504711857e-04 -1.599834734138425724e-02
-6.195074395719171040e-04 -1.907575608013946378e-04 2.086967677995706354e-03
-6.195074395719171040e-04 -1.907575608013946378e-04 2.086967677995706354e-03
-6.195074395719171040e-04 -1.907575608013946378e-04 2.086967677995706354e-03
-6.195074395719171040e-04 -1.907575608013946378e-04 2.086967677995706354e-03
-6.195074395719171040e-04 -1.907575608013946378e-04 2.086967677995706354e-03
-6.195074395719171040e-04 -1.907575608013946378e-04 2.086967677995706354e-03
-6.195074395719171040e-04 -1.907575608013946378e-04 2.086967677995706354e-03
-6.195074395719171040e-04 -1.907575608013946378e-04 2.086967677995706354e-03
-6.195074395719171040e-04 -1.907575608013946378e-04 2.086967677995706354e-03
-6.195074395719171040e-04 -1.907575608013946378e-04 2.086967677995706354e-03
-6.195074395719171040e-04 -1.907575608013946378e-04 2.086967677995706354e-03
-6.195074395719171040e-04 -1.907575608013946378e-04 2.086967677995706354e-03
-6.195074395719171040e-04 -1.907575608013946378e-04 2.086967677995706354e-03
2.699930971158456469e-02 -1.970300822961914243e-03 1.729604676907050761e-02
-2.370554048395230595e-02 -1.506155877442057894e-02 3.655274828324209593e-03
5.923146296188397386e-06 -1.150414499027521339e-03 -1.788854403269453516e-03
5.923146296188397386e-06 -1.150414499027521339e-03 -1.788854403269453516e-03
5.923146296188397386e-06 -1.150414499027521339e-03 -1.788854403269453516e-03
5.923146296188397386e-06 -1.150414499027521339e-03 -1.788854403269453516e-03
5.923146296188397386e-06 -1.150414499027521339e-03 -1.788854403269453516e-03
5.923146296188397386e-06 -1.150414499027521339e-03 -1.788854403269453516e-03
5.923146296188397386e-06 -1.150414499027521339e-03 -1.788854403269453516e-03
5.923146296188397386e-06 -1.150414499027521339e-03 -1.788854403269453516e-03
5.923146296188397386e-06 -1.150414499027521339e-03 -1.788854403269453516e-03
5.923146296188397386e-06 -1.150414499027521339e-03 -1.788854403269453516e-03
5.923146296188397386e-06 -1.150414499027521339e-03 -1.788854403269453516e-03
5.923146296188397386e-06 -1.150414499027521339e-03 -1.788854403269453516e-03
5.923146296188397386e-06 -1.150414499027521339e-03 -1.788854403269453516e-03
-2.992279744791492835e-04 4.900227412129706177e-05 -2.515999896841456668e-03
-2.992279744791492835e-04 4.900227412129706177e-05 -2.515999896841456668e-03
-2.992279744791492835e-04 4.900227412129706177e-05 -2.515999896841456668e-03
-2.992279744791492835e-04 4.900227412129706177e-05 -2.515999896841456668e-03
-2.992279744791492835e-04 4.900227412129706177e-05 -2.515999896841456668e-03
-2.992279744791492835e-04 4.900227412129706177e-05 -2.515999896841456668e-03
-2.992279744791492835e-04 4.900227412129706177e-05 -2.515999896841456668e-03
-2.992279744791492835e-04 4.900227412129706177e-05 -2.515999896841456668e-03
-2.992279744791492835e-04 4.900227412129706177e-05 -2.515999896841456668e-03
-2.992279744791492835e-04 4.900227412129706177e-05 -2.515999896841456668e-03
-2.992279744791492835e-04 4.900227412129706177e-05 -2.515999896841456668e-03
-2.992279744791492835e-04 4.900227412129706177e-05 -2.515999896841456668e-03
-2.992279744791492835e-04 4.900227412129706177e-05 -2.515999896841456668e-03
-2.992279744791492835e-04 4.900227412129706177e-05 -2.515999896841456668e-03
-4.940947149982265543e-03 2.611683663062298877e-02 2.914665056464127435e-02
-4.940947149982265543e-03 2.611683663062298877e-02 2.914665056464127435e-02
