3.744610835643060603e-04 -5.047827984679276875e-04 -6.857158301713852169e-03
3.744610835643060603e-04 -5.047827984679276875e-04 -6.857158301713852169e-03
3.744610835643060603e-04 -5.047827984679276875e-04 -6.857158301713852169e-03
3.744610835643060603e-04 -5.047827984679276875e-04 -6.857158301713852169e-03
3.744610835643060603e-04 -5.047827984679276875e-04 -6.857158301713852169e-03
3.744610835643060603e-04 -5.047827984679276875e-04 -6.857158301713852169e-03
3.744610835643060603e-04 -5.047827984679276875e-04 -6.857158301713852169e-03
3.744610835643060603e-04 -5.047827984679276875e-04 -6.857158301713852169e-03
3.744610835643060603e-04 -5.047827984679276875e-04 -6.857158301713852169e-03
3.744610835643060603e-04 -5.047827984679276875e-04 -6.857158301713852169e-03
3.744610835643060603e-04 -5.047827984679276875e-04 -6.857158301713852169e-03
3.744610835643060603e-04 -5.047827984679276875e-04 -6.857158301713852169e-03
3.744610835643060603e-04 -5.047827984679276875e-04 -6.857158301713852169e-03
3.744610835643060603e-04 -5.047827984679276875e-04 -6.857158301713852169e-03
-2.748819722550832319e-05 -3.012540195154185876e-02 3.336585254506928278e-02
-2.748819722550832319e-05 -3.012540195154185876e-02 3.336585254506928278e-02
-1.780997415692322020e-02 2.308037421145874707e-02 1.616759229931797812e-02
-1.073677124866449090e-04 9.979058548995447045e-05 -1.226673568832969789e-02
-1.073677124866449090e-04 9.979058548995447045e-05 -1.226673568832969789e-02
-1.073677124866449090e-04 9.979058548995447045e-05 -1.226673568832969789e-02
-1.073677124866449090e-04 9.979058548995447045e-05 -1.226673568832969789e-02
-1.073677124866449090e-04 9.979058548995447045e-05 -1.226673568832969789e-02
-1.073677124866449090e-04 9.979058548995447045e-05 -1.226673568832969789e-02
-1.073677124866449090e-04 9.979058548995447045e-05 -1.226673568832969789e-02
-1.073677124866449090e-04 9.979058548995447045e-05 -1.226673568832969789e-02
-1.073677124866449090e-04 9.979058548995447045e-05 -1.226673568832969789e-02
-1.073677124866449090e-04 9.979058548995447045e-05 -1.226673568832969789e-02
-1.073677124866449090e-04 9.979058548995447045e-05 -1.226673568832969789e-02
-1.073677124866449090e-04 9.979058548995447045e-05 -1.226673568832969789e-02
-1.073677124866449090e-04 9.979058548995447045e-05 -1.226673568832969789e-02
-1.073677124866449090e-04 9.979058548995447045e-05 -1.226673568832969789e-02
2.273022982130186442e-02 2.281284873689561066e-02 3.468022379258992038e-02
2.273022982130186442e-02 2.281284873689561066e-02 3.468022379258992038e-02
2.273022982130186442e-02 2.281284873689561066e-02 3.468022379258992038e-02
2.273022982130186442e-02 2.281284873689561066e-02 3.468022379258992038e-02
-1.349669152155320850e-04 -2.262889909739398964e-04 1.261390209674171509e-02
-1.349669152155320850e-04 -2.262889909739398964e-04 1.261390209674171509e-02
-1.349669152155320850e-04 -2.262889909739398964e-04 1.261390209674171509e-02
-1.349669152155320850e-04 -2.262889909739398964e-04 1.261390209674171509e-02
-1.349669152155320850e-04 -2.262889909739398964e-04 1.261390209674171509e-02
-1.349669152155320850e-04 -2.262889909739398964e-04 1.261390209674171509e-02
-1.349669152155320850e-04 -2.262889909739398964e-04 1.261390209674171509e-02
-1.349669152155320850e-04 -2.262889909739398964e-04 1.261390209674171509e-02
-1.349669152155320850e-04 -2.262889909739398964e-04 1.261390209674171509e-02
-1.349669152155320850e-04 -2.262889909739398964e-04 1.261390209674171509e-02
-1.349669152155320850e-04 -2.262889909739398964e-04 1.261390209674171509e-02
8.093365112640131531e-03 -2.875429761805984447e-02 2.104757547247226163e-02
-2.658182533886966573e-04 2.935295360776104395e-02 3.329264002713742260e-02
-2.658182533886966573e-04 2.935295360776104395e-02 3.329264002713742260e-02
2.957025102099516620e-02 -2.759820987788937953e-03 2.953640761678281643e-02
2.957025102099516620e-02 -2.759820987788937953e-03 2.953640761678281643e-02
2.957025102099516620e-02 -2.759820987788937953e-03 2.953640761678281643e-02
4.157465186396570866e-04 -9.247876698334298734e-04 1.649924095347243130e-02
4.157465186396570866e-04 -9.247876698334298734e-04 1.649924095347243130e-02
4.157465186396570866e-04 -9.247876698334298734e-04 1.649924095347243130e-02
4.157465186396570866e-04 -9.247876698334298734e-04 1.649924095347243130e-02
4.157465186396570866e-04 -9.247876698334298734e-04 1.649924095347243130e-02
-2.230248001846876424e-02 -1.982944104766441035e-02 1.612577035650330365e-02
-2.404324153864684233e-03 2.904535382443415234e-02 2.101159746636204612e-02
2.198356887952607891e-02 1.412811013729389428e-02 -9.650092860860732397e-03
2.795955402337664542e-02 9.763336961326994634e-03 3.085357752869476861e-02
2.795955402337664542e-02 9.763336961326994634e-03 3.085357752869476861e-02
-3.934337988196097424e-04 1.214832204860759324e-04 4.030078440808814236e-03
-3.934337988196097424e-04 1.214832204860759324e-04 4.030078440808814236e-03
-3.934337988196097424e-04 1.214832204860759324e-04 4.030078440808814236e-03
-3.934337988196097424e-04 1.214832204860759324e-04 4.030078440808814236e-03
-3.934337988196097424e-04 1.214832204860759324e-04 4.030078440808814236e-03
-3.934337988196097424e-04 1.214832204860759324e-04 4.030078440808814236e-03
-3.934337988196097424e-04 1.214832204860759324e-04 4.030078440808814236e-03
-3.934337988196097424e-04 1.214832204860759324e-04 4.030078440808814236e-03
-3.934337988196097424e-04 1.214832204860759324e-04 4.030078440808814236e-03
-3.934337988196097424e-04 1.214832204860759324e-04 4.030078440808814236e-03
-3.934337988196097424e-04 1.214832204860759324e-04 4.030078440808814236e-03
-3.934337988196097424e-04 1.214832204860759324e-04 4.030078440808814236e-03
-3.934337988196097424e-04 1.214832204860759324e-04 4.030078440808814236e-03
-6.056212500227019582e-04 -1.854507302483879988e-04 -1.037966521800435735e-02
-6.056212500227019582e-04 -1.854507302483879988e-04 -1.037966521800435735e-02
-6.056212500227019582e-04 -1.854507302483879988e-04 -1.037966521800435735e-02
-6.056212500227019582e-04 -1.854507302483879988e-04 -1.037966521800435735e-02
-6.056212500227019582e-04 -1.854507302483879988e-04 -1.037966521800435735e-02
-6.056212500227019582e-04 -1.854507302483879988e-04 -1.037966521800435735e-02
-6.056212500227019582e-04 -1.854507302483879988e-04 -1.037966521800435735e-02
-6.056212500227019582e-04 -1.854507302483879988e-04 -1.037966521800435735e-02
-6.056212500227019582e-04 -1.854507302483879988e-04 -1.037966521800435735e-02
-6.056212500227019582e-04 -1.854507302483879988e-04 -1.037966521800435735e-02
-6.056212500227019582e-04 -1.854507302483879988e-04 -1.037966521800435735e-02
-6.056212500227019582e-04 -1.854507302483879988e-04 -1.037966521800435735e-02
-6.056212500227019582e-04 -1.854507302483879988e-04 -1.037966521800435735e-02
-6.056212500227019582e-04 -1.854507302483879988e-04 -1.037966521800435735e-02
-1.191494042580252058e-02 -2.707397025577634037e-02 -1.059512902394808484e-02
-1.379270677518106003e-04 5.451309238041087378e-04 -7.756365359143578900e-03
-1.379270677518106003e-04 5.451309238041087378e-04 -7.756365359143578900e-03
-1.379270677518106003e-04 5.451309238041087378e-04 -7.756365359143578900e-03
-1.379270677518106003e-04 5.451309238041087378e-04 -7.756365359143578900e-03
-1.379270677518106003e-04 5.451309238041087378e-04 -7.756365359143578900e-03
-1.379270677518106003e-04 5.451309238041087378e-04 -7.756365359143578900e-03
-1.379270677518106003e-04 5.451309238041087378e-04 -7.756365359143578900e-03
-1.379270677518106003e-04 5.451309238041087378e-04 -7.756365359143578900e-03
-1.379270677518106003e-04 5.451309238041087378e-04 -7.756365359143578900e-03
-1.379270677518106003e-04 5.451309238041087378e-04 -7.756365359143578900e-03
-1.379270677518106003e-04 5.451309238041087378e-04 -7.756365359143578900e-03
-1.379270677518106003e-04 5.451309238041087378e-04 -7.756365359143578900e-03
-1.379270677518106003e-04 5.451309238041087378e-04 -7.756365359143578900e-03
-1.379270677518106003e-04 5.451309238041087378e-04 -7.756365359143578900e-03
5.339538779955011610e-04 4.239092614775202827e-04 -1.343423969400880241e-02
5.339538779955011610e-04 4.239092614775202827e-04 -1.343423969400880241e-02
5.339538779955011610e-04 4.239092614775202827e-04 -1.343423969400880241e-02
5.339538779955011610e-04 4.239092614775202827e-04 -1.343423969400880241e-02
5.339538779955011610e-04 4.239092614775202827e-04 -1.343423969400880241e-02
5.339538779955011610e-04 4.239092614775202827e-04 -1.343423969400880241e-02
5.339538779955011610e-04 4.239092614775202827e-04 -1.343423969400880241e-02
5.339538779955011610e-04 4.239092614775202827e-04 -1.343423969400880241e-02
5.339538779955011610e-04 4.239092614775202827e-04 -1.343423969400880241e-02
5.339538779955011610e-04 4.239092614775202827e-04 -1.343423969400880241e-02
5.339538779955011610e-04 4.239092614775202827e-04 -1.343423969400880241e-02
5.339538779955011610e-04 4.239092614775202827e-04 -1.343423969400880241e-02
5.339538779955011610e-04 4.239092614775202827e-04 -1.343423969400880241e-02
5.339538779955011610e-04 4.239092614775202827e-04 -1.343423969400880241e-02
5.339538779955011610e-04 4.239092614775202827e-04 -1.343423969400880241e-02
-2.904650651294449215e-02 -4.489704475257832832e-03 1.054291363361748845e-03
1.395598668606666190e-04 -4.413564771496465700e-04 -2.919447824066893557e-02
1.395598668606666190e-04 -4.413564771496465700e-04 -2.919447824066893557e-02
1.395598668606666190e-04 -4.413564771496465700e-04 -2.919447824066893557e-02
1.395598668606666190e-04 -4.413564771496465700e-04 -2.919447824066893557e-02
-7.799977735542355795e-05 -2.790931497502723013e-04 6.520785828353049644e-03
-7.799977735542355795e-05 -2.790931497502723013e-04 6.520785828353049644e-03
-7.799977735542355795e-05 -2.790931497502723013e-04 6.520785828353049644e-03
-7.799977735542355795e-05 -2.790931497502723013e-04 6.520785828353049644e-03
-7.799977735542355795e-05 -2.790931497502723013e-04 6.520785828353049644e-03
-7.799977735542355795e-05 -2.790931497502723013e-04 6.520785828353049644e-03
-7.799977735542355795e-05 -2.790931497502723013e-04 6.520785828353049644e-03
-7.799977735542355795e-05 -2.790931497502723013e-04 6.520785828353049644e-03
-7.799977735542355795e-05 -2.790931497502723013e-04 6.520785828353049644e-03
-7.799977735542355795e-05 -2.790931497502723013e-04 6.520785828353049644e-03
-7.799977735542355795e-05 -2.790931497502723013e-04 6.520785828353049644e-03
-7.799977735542355795e-05 -2.790931497502723013e-04 6.520785828353049644e-03
-7.799977735542355795e-05 -2.790931497502723013e-04 6.520785828353049644e-03
-2.004589469380917144e-02 2.125931294781324005e-02 2.071803716967232992e-02
-2.004589469380917144e-02 2.125931294781324005e-02 2.071803716967232992e-02
-7.469351703697623551e-04 -1.053438092049394439e-03 2.026963701496251394e-02
1.825132709602370756e-02 2.322750407632106356e-02 3.376918191427465132e-02
1.825132709602370756e-02 2.322750407632106356e-02 3.376918191427465132e-02
1.825132709602370756e-02 2.322750407632106356e-02 3.376918191427465132e-02
-2.433835358353599043e-02 1.626716055560070359e-02 1.727044065113932797e-02
1.682914319304453649e-02 -2.474475165715168262e-02 2.897994172127834472e-02
1.682914319304453649e-02 -2.474475165715168262e-02 2.897994172127834472e-02
-6.599780960558247278e-04 -3.947809938352787873e-04 -2.019201136877011790e-02
-6.599780960558247278e-04 -3.947809938352787873e-04 -2.019201136877011790e-02
-6.599780960558247278e-04 -3.947809938352787873e-04 -2.019201136877011790e-02
-6.599780960558247278e-04 -3.947809938352787873e-04 -2.019201136877011790e-02
-6.599780960558247278e-04 -3.947809938352787873e-04 -2.019201136877011790e-02
-6.599780960558247278e-04 -3.947809938352787873e-04 -2.019201136877011790e-02
-6.599780960558247278e-04 -3.947809938352787873e-04 -2.019201136877011790e-02
-6.599780960558247278e-04 -3.947809938352787873e-04 -2.019201136877011790e-02
-6.599780960558247278e-04 -3.947809938352787873e-04 -2.019201136877011790e-02
-6.599780960558247278e-04 -3.947809938352787873e-04 -2.019201136877011790e-02
-6.599780960558247278e-04 -3.947809938352787873e-04 -2.019201136877011790e-02
-6.599780960558247278e-04 -3.947809938352787873e-04 -2.019201136877011790e-02
-6.599780960558247278e-04 -3.947809938352787873e-04 -2.019201136877011790e-02
-6.599780960558247278e-04 -3.947809938352787873e-04 -2.019201136877011790e-02
-5.460555984183997069e-03 2.881864839692494309e-02 3.380113197548909043e-02
-5.460555984183997069e-03 2.881864839692494309e-02 3.380113197548909043e-02
-5.460555984183997069e-03 2.881864839692494309e-02 3.380113197548909043e-02
-2.436287885233302114e-02 2.039542632463154856e-02 3.437588952397999109e-02
-2.436287885233302114e-02 2.039542632463154856e-02 3.437588952397999109e-02
-2.436287885233302114e-02 2.039542632463154856e-02 3.437588952397999109e-02
-2.436287885233302114e-02 2.039542632463154856e-02 3.437588952397999109e-02
-2.436287885233302114e-02 2.039542632463154856e-02 3.437588952397999109e-02
-6.288639872707642645e-03 2.851664346552701054e-02 2.708758838573660857e-02
-2.117656654853188047e-04 -2.478790882343411689e-04 7.750115401528381853e-03
-2.117656654853188047e-04 -2.478790882343411689e-04 7.750115401528381853e-03
-2.117656654853188047e-04 -2.478790882343411689e-04 7.750115401528381853e-03
-2.117656654853188047e-04 -2.478790882343411689e-04 7.750115401528381853e-03
-2.117656654853188047e-04 -2.478790882343411689e-04 7.750115401528381853e-03
-2.117656654853188047e-04 -2.478790882343411689e-04 7.750115401528381853e-03
-2.117656654853188047e-04 -2.478790882343411689e-04 7.750115401528381853e-03
-2.117656654853188047e-04 -2.478790882343411689e-04 7.750115401528381853e-03
-2.117656654853188047e-04 -2.478790882343411689e-04 7.750115401528381853e-03
-2.117656654853188047e-04 -2.478790882343411689e-04 7.750115401528381853e-03
-2.117656654853188047e-04 -2.478790882343411689e-04 7.750115401528381853e-03
-2.117656654853188047e-04 -2.478790882343411689e-04 7.750115401528381853e-03
-2.117656654853188047e-04 -2.478790882343411689e-04 7.750115401528381853e-03
-6.114580638759072213e-04 -4.834844103779410013e-04 -3.408165028211524589e-03
-6.114580638759072213e-04 -4.834844103779410013e-04 -3.408165028211524589e-03
-6.114580638759072213e-04 -4.834844103779410013e-04 -3.408165028211524589e-03
-6.114580638759072213e-04 -4.834844103779410013e-04 -3.408165028211524589e-03
-6.114580638759072213e-04 -4.834844103779410013e-04 -3.408165028211524589e-03
-6.114580638759072213e-04 -4.834844103779410013e-04 -3.408165028211524589e-03
-6.114580638759072213e-04 -4.834844103779410013e-04 -3.408165028211524589e-03
-6.114580638759072213e-04 -4.834844103779410013e-04 -3.408165028211524589e-03
-6.114580638759072213e-04 -4.834844103779410013e-04 -3.408165028211524589e-03
-6.114580638759072213e-04 -4.834844103779410013e-04 -3.408165028211524589e-03
-6.114580638759072213e-04 -4.834844103779410013e-04 -3.408165028211524589e-03
-6.114580638759072213e-04 -4.834844103779410013e-04 -3.408165028211524589e-03
-6.114580638759072213e-04 -4.834844103779410013e-04 -3.408165028211524589e-03
-6.114580638759072213e-04 -4.834844103779410013e-04 -3.408165028211524589e-03
-1.629227763116624164e-02 -2.521799491269483690e-02 2.894789792398357736e-02
-1.629227763116624164e-02 -2.521799491269483690e-02 2.894789792398357736e-02
4.051761527092551107e-03 -2.921159085179431819e-02 -1.146591470855695162e-02
1.416719169480555769e-04 -4.005216463909902491e-04 -1.127720919716578875e-02
1.416719169480555769e-04 -4.005216463909902491e-04 -1.127720919716578875e-02
1.416719169480555769e-04 -4.005216463909902491e-04 -1.127720919716578875e-02
1.416719169480555769e-04 -4.005216463909902491e-04 -1.127720919716578875e-02
1.416719169480555769e-04 -4.005216463909902491e-04 -1.127720919716578875e-02
1.416719169480555769e-04 -4.005216463909902491e-04 -1.127720919716578875e-02
1.416719169480555769e-04 -4.005216463909902491e-04 -1.127720919716578875e-02
1.416719169480555769e-04 -4.005216463909902491e-04 -1.127720919716578875e-02
1.416719169480555769e-04 -4.005216463909902491e-04 -1.127720919716578875e-02
1.416719169480555769e-04 -4.005216463909902491e-04 -1.127720919716578875e-02
1.416719169480555769e-04 -4.005216463909902491e-04 -1.127720919716578875e-02
1.416719169480555769e-04 -4.005216463909902491e-04 -1.127720919716578875e-02
1.416719169480555769e-04 -4.005216463909902491e-04 -1.127720919716578875e-02
1.416719169480555769e-04 -4.005216463909902491e-04 -1.127720919716578875e-02
2.360883130727760900e-03 2.912071528446281282e-02 2.679818177644101296e-02
2.360883130727760900e-03 2.912071528446281282e-02 2.679818177644101296e-02
