9.209477419386127156e-03 5.941557911474586867e-03 8.484162102736572675e-04
9.209477419386127156e-03 5.941557911474586867e-03 8.484162102736572675e-04
9.209477419386127156e-03 5.941557911474586867e-03 8.484162102736572675e-04
9.209477419386127156e-03 5.941557911474586867e-03 8.484162102736572675e-04
9.209477419386127156e-03 5.941557911474586867e-03 8.484162102736572675e-04
9.209477419386127156e-03 5.941557911474586867e-03 8.484162102736572675e-04
9.209477419386127156e-03 5.941557911474586867e-03 8.484162102736572675e-04
9.209477419386127156e-03 5.941557911474586867e-03 8.484162102736572675e-04
9.209477419386127156e-03 5.941557911474586867e-03 8.484162102736572675e-04
9.209477419386127156e-03 5.941557911474586867e-03 8.484162102736572675e-04
9.209477419386127156e-03 5.941557911474586867e-03 8.484162102736572675e-04
9.209477419386127156e-03 5.941557911474586867e-03 8.484162102736572675e-04
9.209477419386127156e-03 5.941557911474586867e-03 8.484162102736572675e-04
9.209477419386127156e-03 5.941557911474586867e-03 8.484162102736572675e-04
9.209477419386127156e-03 5.941557911474586867e-03 8.484162102736572675e-04
9.209477419386127156e-03 5.941557911474586867e-03 8.484162102736572675e-04
9.209477419386127156e-03 5.941557911474586867e-03 8.484162102736572675e-04
3.645015216996692897e-04 1.736990812796698758e-04 -2.990205105487513809e-02
3.645015216996692897e-04 1.736990812796698758e-04 -2.990205105487513809e-02
3.645015216996692897e-04 1.736990812796698758e-04 -2.990205105487513809e-02
3.645015216996692897e-04 1.736990812796698758e-04 -2.990205105487513809e-02
3.645015216996692897e-04 1.736990812796698758e-04 -2.990205105487513809e-02
3.645015216996692897e-04 1.736990812796698758e-04 -2.990205105487513809e-02
3.645015216996692897e-04 1.736990812796698758e-04 -2.990205105487513809e-02
3.645015216996692897e-04 1.736990812796698758e-04 -2.990205105487513809e-02
3.645015216996692897e-04 1.736990812796698758e-04 -2.990205105487513809e-02
3.645015216996692897e-04 1.736990812796698758e-04 -2.990205105487513809e-02
3.645015216996692897e-04 1.736990812796698758e-04 -2.990205105487513809e-02
3.645015216996692897e-04 1.736990812796698758e-04 -2.990205105487513809e-02
3.645015216996692897e-04 1.736990812796698758e-04 -2.990205105487513809e-02
3.645015216996692897e-04 1.736990812796698758e-04 -2.990205105487513809e-02
3.645015216996692897e-04 1.736990812796698758e-04 -2.990205105487513809e-02
3.645015216996692897e-04 1.736990812796698758e-04 -2.990205105487513809e-02
3.645015216996692897e-04 1.736990812796698758e-04 -2.990205105487513809e-02
2.997564837327817847e-04 1.156141374463910687e-04 -1.576640406535250935e-02
2.997564837327817847e-04 1.156141374463910687e-04 -1.576640406535250935e-02
2.997564837327817847e-04 1.156141374463910687e-04 -1.576640406535250935e-02
2.997564837327817847e-04 1.156141374463910687e-04 -1.576640406535250935e-02
2.997564837327817847e-04 1.156141374463910687e-04 -1.576640406535250935e-02
2.997564837327817847e-04 1.156141374463910687e-04 -1.576640406535250935e-02
2.997564837327817847e-04 1.156141374463910687e-04 -1.576640406535250935e-02
2.997564837327817847e-04 1.156141374463910687e-04 -1.576640406535250935e-02
2.997564837327817847e-04 1.156141374463910687e-04 -1.576640406535250935e-02
2.997564837327817847e-04 1.156141374463910687e-04 -1.576640406535250935e-02
2.997564837327817847e-04 1.156141374463910687e-04 -1.576640406535250935e-02
2.997564837327817847e-04 1.156141374463910687e-04 -1.576640406535250935e-02
2.997564837327817847e-04 1.156141374463910687e-04 -1.576640406535250935e-02
2.997564837327817847e-04 1.156141374463910687e-04 -1.576640406535250935e-02
2.997564837327817847e-04 1.156141374463910687e-04 -1.576640406535250935e-02
2.997564837327817847e-04 1.156141374463910687e-04 -1.576640406535250935e-02
2.997564837327817847e-04 1.156141374463910687e-04 -1.576640406535250935e-02
1.134330814944377840e-03 1.219496313842815052e-03 2.462219853769274241e-02
1.134330814944377840e-03 1.219496313842815052e-03 2.462219853769274241e-02
1.134330814944377840e-03 1.219496313842815052e-03 2.462219853769274241e-02
1.134330814944377840e-03 1.219496313842815052e-03 2.462219853769274241e-02
1.134330814944377840e-03 1.219496313842815052e-03 2.462219853769274241e-02
1.134330814944377840e-03 1.219496313842815052e-03 2.462219853769274241e-02
1.134330814944377840e-03 1.219496313842815052e-03 2.462219853769274241e-02
1.137933514149815865e-04 7.924999376808863905e-05 -2.223620730328788875e-02
1.137933514149815865e-04 7.924999376808863905e-05 -2.223620730328788875e-02
1.137933514149815865e-04 7.924999376808863905e-05 -2.223620730328788875e-02
1.137933514149815865e-04 7.924999376808863905e-05 -2.223620730328788875e-02
1.137933514149815865e-04 7.924999376808863905e-05 -2.223620730328788875e-02
1.137933514149815865e-04 7.924999376808863905e-05 -2.223620730328788875e-02
1.137933514149815865e-04 7.924999376808863905e-05 -2.223620730328788875e-02
1.137933514149815865e-04 7.924999376808863905e-05 -2.223620730328788875e-02
1.137933514149815865e-04 7.924999376808863905e-05 -2.223620730328788875e-02
1.137933514149815865e-04 7.924999376808863905e-05 -2.223620730328788875e-02
1.137933514149815865e-04 7.924999376808863905e-05 -2.223620730328788875e-02
1.137933514149815865e-04 7.924999376808863905e-05 -2.223620730328788875e-02
1.137933514149815865e-04 7.924999376808863905e-05 -2.223620730328788875e-02
1.137933514149815865e-04 7.924999376808863905e-05 -2.223620730328788875e-02
1.137933514149815865e-04 7.924999376808863905e-05 -2.223620730328788875e-02
1.137933514149815865e-04 7.924999376808863905e-05 -2.223620730328788875e-02
1.137933514149815865e-04 7.924999376808863905e-05 -2.223620730328788875e-02
8.869798634456461245e-04 -4.286858658356355704e-03 1.875304246143167514e-02
8.869798634456461245e-04 -4.286858658356355704e-03 1.875304246143167514e-02
8.869798634456461245e-04 -4.286858658356355704e-03 1.875304246143167514e-02
8.869798634456461245e-04 -4.286858658356355704e-03 1.875304246143167514e-02
8.869798634456461245e-04 -4.286858658356355704e-03 1.875304246143167514e-02
8.869798634456461245e-04 -4.286858658356355704e-03 1.875304246143167514e-02
8.869798634456461245e-04 -4.286858658356355704e-03 1.875304246143167514e-02
8.869798634456461245e-04 -4.286858658356355704e-03 1.875304246143167514e-02
8.869798634456461245e-04 -4.286858658356355704e-03 1.875304246143167514e-02
8.869798634456461245e-04 -4.286858658356355704e-03 1.875304246143167514e-02
8.869798634456461245e-04 -4.286858658356355704e-03 1.875304246143167514e-02
8.869798634456461245e-04 -4.286858658356355704e-03 1.875304246143167514e-02
8.869798634456461245e-04 -4.286858658356355704e-03 1.875304246143167514e-02
8.869798634456461245e-04 -4.286858658356355704e-03 1.875304246143167514e-02
8.869798634456461245e-04 -4.286858658356355704e-03 1.875304246143167514e-02
8.869798634456461245e-04 -4.286858658356355704e-03 1.875304246143167514e-02
8.869798634456461245e-04 -4.286858658356355704e-03 1.875304246143167514e-02
3.799769364553288314e-04 -2.924125702260258267e-04 -2.624693685547989722e-02
3.799769364553288314e-04 -2.924125702260258267e-04 -2.624693685547989722e-02
3.799769364553288314e-04 -2.924125702260258267e-04 -2.624693685547989722e-02
3.799769364553288314e-04 -2.924125702260258267e-04 -2.624693685547989722e-02
3.799769364553288314e-04 -2.924125702260258267e-04 -2.624693685547989722e-02
3.799769364553288314e-04 -2.924125702260258267e-04 -2.624693685547989722e-02
3.799769364553288314e-04 -2.924125702260258267e-04 -2.624693685547989722e-02
3.799769364553288314e-04 -2.924125702260258267e-04 -2.624693685547989722e-02
3.799769364553288314e-04 -2.924125702260258267e-04 -2.624693685547989722e-02
3.799769364553288314e-04 -2.924125702260258267e-04 -2.624693685547989722e-02
3.799769364553288314e-04 -2.924125702260258267e-04 -2.624693685547989722e-02
3.799769364553288314e-04 -2.924125702260258267e-04 -2.624693685547989722e-02
3.799769364553288314e-04 -2.924125702260258267e-04 -2.624693685547989722e-02
3.799769364553288314e-04 -2.924125702260258267e-04 -2.624693685547989722e-02
5.317470569754479195e-03 -1.756458611076389814e-03 3.099566691319462566e-02
5.317470569754479195e-03 -1.756458611076389814e-03 3.099566691319462566e-02
5.317470569754479195e-03 -1.756458611076389814e-03 3.099566691319462566e-02
5.317470569754479195e-03 -1.756458611076389814e-03 3.099566691319462566e-02
5.317470569754479195e-03 -1.756458611076389814e-03 3.099566691319462566e-02
5.317470569754479195e-03 -1.756458611076389814e-03 3.099566691319462566e-02
5.317470569754479195e-03 -1.756458611076389814e-03 3.099566691319462566e-02
5.317470569754479195e-03 -1.756458611076389814e-03 3.099566691319462566e-02
5.317470569754479195e-03 -1.756458611076389814e-03 3.099566691319462566e-02
5.317470569754479195e-03 -1.756458611076389814e-03 3.099566691319462566e-02
5.317470569754479195e-03 -1.756458611076389814e-03 3.099566691319462566e-02
5.317470569754479195e-03 -1.756458611076389814e-03 3.099566691319462566e-02
5.317470569754479195e-03 -1.756458611076389814e-03 3.099566691319462566e-02
5.317470569754479195e-03 -1.756458611076389814e-03 3.099566691319462566e-02
8.806879511397674304e-04 -4.056715349980165308e-03 2.045548708786023434e-02
8.806879511397674304e-04 -4.056715349980165308e-03 2.045548708786023434e-02
8.806879511397674304e-04 -4.056715349980165308e-03 2.045548708786023434e-02
8.806879511397674304e-04 -4.056715349980165308e-03 2.045548708786023434e-02
8.806879511397674304e-04 -4.056715349980165308e-03 2.045548708786023434e-02
8.806879511397674304e-04 -4.056715349980165308e-03 2.045548708786023434e-02
8.806879511397674304e-04 -4.056715349980165308e-03 2.045548708786023434e-02
8.806879511397674304e-04 -4.056715349980165308e-03 2.045548708786023434e-02
8.806879511397674304e-04 -4.056715349980165308e-03 2.045548708786023434e-02
8.806879511397674304e-04 -4.056715349980165308e-03 2.045548708786023434e-02
8.806879511397674304e-04 -4.056715349980165308e-03 2.045548708786023434e-02
8.806879511397674304e-04 -4.056715349980165308e-03 2.045548708786023434e-02
8.806879511397674304e-04 -4.056715349980165308e-03 2.045548708786023434e-02
8.806879511397674304e-04 -4.056715349980165308e-03 2.045548708786023434e-02
8.806879511397674304e-04 -4.056715349980165308e-03 2.045548708786023434e-02
8.806879511397674304e-04 -4.056715349980165308e-03 2.045548708786023434e-02
8.806879511397674304e-04 -4.056715349980165308e-03 2.045548708786023434e-02
-4.789066765906318211e-03 -4.582269690751965101e-03 2.735286202775794387e-02
-4.789066765906318211e-03 -4.582269690751965101e-03 2.735286202775794387e-02
-4.789066765906318211e-03 -4.582269690751965101e-03 2.735286202775794387e-02
-4.789066765906318211e-03 -4.582269690751965101e-03 2.735286202775794387e-02
-4.789066765906318211e-03 -4.582269690751965101e-03 2.735286202775794387e-02
-4.789066765906318211e-03 -4.582269690751965101e-03 2.735286202775794387e-02
-4.789066765906318211e-03 -4.582269690751965101e-03 2.735286202775794387e-02
-4.789066765906318211e-03 -4.582269690751965101e-03 2.735286202775794387e-02
-4.789066765906318211e-03 -4.582269690751965101e-03 2.735286202775794387e-02
-4.789066765906318211e-03 -4.582269690751965101e-03 2.735286202775794387e-02
-4.789066765906318211e-03 -4.582269690751965101e-03 2.735286202775794387e-02
-4.789066765906318211e-03 -4.582269690751965101e-03 2.735286202775794387e-02
-4.789066765906318211e-03 -4.582269690751965101e-03 2.735286202775794387e-02
-4.789066765906318211e-03 -4.582269690751965101e-03 2.735286202775794387e-02
-4.789066765906318211e-03 -4.582269690751965101e-03 2.735286202775794387e-02
-4.789066765906318211e-03 -4.582269690751965101e-03 2.735286202775794387e-02
-4.789066765906318211e-03 -4.582269690751965101e-03 2.735286202775794387e-02
-1.644529427490178282e-03 5.848294148559071703e-03 2.259142871728736859e-02
-1.644529427490178282e-03 5.848294148559071703e-03 2.259142871728736859e-02
-1.644529427490178282e-03 5.848294148559071703e-03 2.259142871728736859e-02
-1.644529427490178282e-03 5.848294148559071703e-03 2.259142871728736859e-02
-1.644529427490178282e-03 5.848294148559071703e-03 2.259142871728736859e-02
-1.644529427490178282e-03 5.848294148559071703e-03 2.259142871728736859e-02
-1.644529427490178282e-03 5.848294148559071703e-03 2.259142871728736859e-02
-1.644529427490178282e-03 5.848294148559071703e-03 2.259142871728736859e-02
-1.644529427490178282e-03 5.848294148559071703e-03 2.259142871728736859e-02
-1.644529427490178282e-03 5.848294148559071703e-03 2.259142871728736859e-02
-1.644529427490178282e-03 5.848294148559071703e-03 2.259142871728736859e-02
-1.644529427490178282e-03 5.848294148559071703e-03 2.259142871728736859e-02
-1.644529427490178282e-03 5.848294148559071703e-03 2.259142871728736859e-02
-1.644529427490178282e-03 5.848294148559071703e-03 2.259142871728736859e-02
-1.644529427490178282e-03 5.848294148559071703e-03 2.259142871728736859e-02
-1.644529427490178282e-03 5.848294148559071703e-03 2.259142871728736859e-02
-1.644529427490178282e-03 5.848294148559071703e-03 2.259142871728736859e-02
4.077882254543271565e-04 -1.504717772929584085e-04 -1.501323811332738213e-02
4.077882254543271565e-04 -1.504717772929584085e-04 -1.501323811332738213e-02
4.077882254543271565e-04 -1.504717772929584085e-04 -1.501323811332738213e-02
4.077882254543271565e-04 -1.504717772929584085e-04 -1.501323811332738213e-02
4.077882254543271565e-04 -1.504717772929584085e-04 -1.501323811332738213e-02
4.077882254543271565e-04 -1.504717772929584085e-04 -1.501323811332738213e-02
4.077882254543271565e-04 -1.504717772929584085e-04 -1.501323811332738213e-02
4.077882254543271565e-04 -1.504717772929584085e-04 -1.501323811332738213e-02
4.077882254543271565e-04 -1.504717772929584085e-04 -1.501323811332738213e-02
4.077882254543271565e-04 -1.504717772929584085e-04 -1.501323811332738213e-02
4.077882254543271565e-04 -1.504717772929584085e-04 -1.501323811332738213e-02
4.077882254543271565e-04 -1.504717772929584085e-04 -1.501323811332738213e-02
4.077882254543271565e-04 -1.504717772929584085e-04 -1.501323811332738213e-02
4.077882254543271565e-04 -1.504717772929584085e-04 -1.501323811332738213e-02
4.077882254543271565e-04 -1.504717772929584085e-04 -1.501323811332738213e-02
4.077882254543271565e-04 -1.504717772929584085e-04 -1.501323811332738213e-02
4.077882254543271565e-04 -1.504717772929584085e-04 -1.501323811332738213e-02
-1.411336841548229554e-03 4.959274673690519664e-03 3.001298033164536555e-02
-1.411336841548229554e-03 4.959274673690519664e-03 3.001298033164536555e-02
-1.411336841548229554e-03 4.959274673690519664e-03 3.001298033164536555e-02
-1.411336841548229554e-03 4.959274673690519664e-03 3.001298033164536555e-02
-1.411336841548229554e-03 4.959274673690519664e-03 3.001298033164536555e-02
-1.411336841548229554e-03 4.959274673690519664e-03 3.001298033164536555e-02
-1.411336841548229554e-03 4.959274673690519664e-03 3.001298033164536555e-02
-1.411336841548229554e-03 4.959274673690519664e-03 3.001298033164536555e-02
-1.411336841548229554e-03 4.959274673690519664e-03 3.001298033164536555e-02
-1.411336841548229554e-03 4.959274673690519664e-03 3.001298033164536555e-02
-1.411336841548229554e-03 4.959274673690519664e-03 3.001298033164536555e-02
-1.411336841548229554e-03 4.959274673690519664e-03 3.001298033164536555e-02
-1.411336841548229554e-03 4.959274673690519664e-03 3.001298033164536555e-02
-1.411336841548229554e-03 4.959274673690519664e-03 3.001298033164536555e-02
-1.411336841548229554e-03 4.959274673690519664e-03 3.001298033164536555e-02
-1.411336841548229554e-03 4.959274673690519664e-03 3.001298033164536555e-02
-1.411336841548229554e-03 4.959274673690519664e-03 3.001298033164536555e-02
-1.959431112035975092e-04 5.038293989492043101e-05 -3.055505417414723646e-02
-1.959431112035975092e-04 5.038293989492043101e-05 -3.055505417414723646e-02
-1.959431112035975092e-04 5.038293989492043101e-05 -3.055505417414723646e-02
-1.959431112035975092e-04 5.038293989492043101e-05 -3.055505417414723646e-02
-1.959431112035975092e-04 5.038293989492043101e-05 -3.055505417414723646e-02
-1.959431112035975092e-04 5.038293989492043101e-05 -3.055505417414723646e-02
-1.959431112035975092e-04 5.038293989492043101e-05 -3.055505417414723646e-02
-1.959431112035975092e-04 5.038293989492043101e-05 -3.055505417414723646e-02
-1.959431112035975092e-04 5.038293989492043101e-05 -3.055505417414723646e-02
-1.959431112035975092e-04 5.038293989492043101e-05 -3.055505417414723646e-02
-1.959431112035975092e-04 5.038293989492043101e-05 -3.055505417414723646e-02
-1.959431112035975092e-04 5.038293989492043101e-05 -3.055505417414723646e-02
-1.959431112035975092e-04 5.038293989492043101e-05 -3.055505417414723646e-02
-1.959431112035975092e-04 5.038293989492043101e-05 -3.055505417414723646e-02
-1.959431112035975092e-04 5.038293989492043101e-05 -3.055505417414723646e-02
-1.959431112035975092e-04 5.038293989492043101e-05 -3.055505417414723646e-02
-1.959431112035975092e-04 5.038293989492043101e-05 -3.055505417414723646e-02
