-6.014587985137889725e-04 -8.904960513556709270e-03 -2.247600568448693270e-03
-6.014587985137889725e-04 -8.904960513556709270e-03 -2.247600568448693270e-03
-6.014587985137889725e-04 -8.904960513556709270e-03 -2.247600568448693270e-03
-6.014587985137889725e-04 -8.904960513556709270e-03 -2.247600568448693270e-03
-6.014587985137889725e-04 -8.904960513556709270e-03 -2.247600568448693270e-03
-6.014587985137889725e-04 -8.904960513556709270e-03 -2.247600568448693270e-03
-6.014587985137889725e-04 -8.904960513556709270e-03 -2.247600568448693270e-03
-6.014587985137889725e-04 -8.904960513556709270e-03 -2.247600568448693270e-03
-6.014587985137889725e-04 -8.904960513556709270e-03 -2.247600568448693270e-03
-6.014587985137889725e-04 -8.904960513556709270e-03 -2.247600568448693270e-03
-6.014587985137889725e-04 -8.904960513556709270e-03 -2.247600568448693270e-03
-6.014587985137889725e-04 -8.904960513556709270e-03 -2.247600568448693270e-03
-6.014587985137889725e-04 -8.904960513556709270e-03 -2.247600568448693270e-03
-6.014587985137889725e-04 -8.904960513556709270e-03 -2.247600568448693270e-03
-6.014587985137889725e-04 -8.904960513556709270e-03 -2.247600568448693270e-03
8.356989149544795381e-04 -1.166574680590554136e-02 -3.441998081739720827e-04
8.356989149544795381e-04 -1.166574680590554136e-02 -3.441998081739720827e-04
8.356989149544795381e-04 -1.166574680590554136e-02 -3.441998081739720827e-04
8.356989149544795381e-04 -1.166574680590554136e-02 -3.441998081739720827e-04
8.356989149544795381e-04 -1.166574680590554136e-02 -3.441998081739720827e-04
8.356989149544795381e-04 -1.166574680590554136e-02 -3.441998081739720827e-04
8.356989149544795381e-04 -1.166574680590554136e-02 -3.441998081739720827e-04
8.356989149544795381e-04 -1.166574680590554136e-02 -3.441998081739720827e-04
8.356989149544795381e-04 -1.166574680590554136e-02 -3.441998081739720827e-04
8.356989149544795381e-04 -1.166574680590554136e-02 -3.441998081739720827e-04
8.356989149544795381e-04 -1.166574680590554136e-02 -3.441998081739720827e-04
8.356989149544795381e-04 -1.166574680590554136e-02 -3.441998081739720827e-04
8.356989149544795381e-04 -1.166574680590554136e-02 -3.441998081739720827e-04
8.356989149544795381e-04 -1.166574680590554136e-02 -3.441998081739720827e-04
8.356989149544795381e-04 -1.166574680590554136e-02 -3.441998081739720827e-04
8.356989149544795381e-04 -1.166574680590554136e-02 -3.441998081739720827e-04
8.356989149544795381e-04 -1.166574680590554136e-02 -3.441998081739720827e-04
-2.192472737946484299e-03 -1.063004752170956281e-02 -1.882699320135252340e-03
-2.192472737946484299e-03 -1.063004752170956281e-02 -1.882699320135252340e-03
-2.192472737946484299e-03 -1.063004752170956281e-02 -1.882699320135252340e-03
-2.192472737946484299e-03 -1.063004752170956281e-02 -1.882699320135252340e-03
-2.192472737946484299e-03 -1.063004752170956281e-02 -1.882699320135252340e-03
-2.192472737946484299e-03 -1.063004752170956281e-02 -1.882699320135252340e-03
-2.192472737946484299e-03 -1.063004752170956281e-02 -1.882699320135252340e-03
-2.192472737946484299e-03 -1.063004752170956281e-02 -1.882699320135252340e-03
-2.192472737946484299e-03 -1.063004752170956281e-02 -1.882699320135252340e-03
-2.192472737946484299e-03 -1.063004752170956281e-02 -1.882699320135252340e-03
-2.192472737946484299e-03 -1.063004752170956281e-02 -1.882699320135252340e-03
-2.192472737946484299e-03 -1.063004752170956281e-02 -1.882699320135252340e-03
-2.192472737946484299e-03 -1.063004752170956281e-02 -1.882699320135252340e-03
-2.192472737946484299e-03 -1.063004752170956281e-02 -1.882699320135252340e-03
-2.192472737946484299e-03 -1.063004752170956281e-02 -1.882699320135252340e-03
-2.192472737946484299e-03 -1.063004752170956281e-02 -1.882699320135252340e-03
-2.192472737946484299e-03 -1.063004752170956281e-02 -1.882699320135252340e-03
4.196426707892258329e-05 -1.248466540237046576e-02 2.907990732968041350e-03
4.196426707892258329e-05 -1.248466540237046576e-02 2.907990732968041350e-03
8.249935998144771604e-04 -1.124406130327841591e-02 -2.325165624754306146e-03
8.249935998144771604e-04 -1.124406130327841591e-02 -2.325165624754306146e-03
8.249935998144771604e-04 -1.124406130327841591e-02 -2.325165624754306146e-03
8.249935998144771604e-04 -1.124406130327841591e-02 -2.325165624754306146e-03
8.249935998144771604e-04 -1.124406130327841591e-02 -2.325165624754306146e-03
8.249935998144771604e-04 -1.124406130327841591e-02 -2.325165624754306146e-03
8.249935998144771604e-04 -1.124406130327841591e-02 -2.325165624754306146e-03
8.249935998144771604e-04 -1.124406130327841591e-02 -2.325165624754306146e-03
8.249935998144771604e-04 -1.124406130327841591e-02 -2.325165624754306146e-03
8.249935998144771604e-04 -1.124406130327841591e-02 -2.325165624754306146e-03
8.249935998144771604e-04 -1.124406130327841591e-02 -2.325165624754306146e-03
8.249935998144771604e-04 -1.124406130327841591e-02 -2.325165624754306146e-03
8.249935998144771604e-04 -1.124406130327841591e-02 -2.325165624754306146e-03
8.249935998144771604e-04 -1.124406130327841591e-02 -2.325165624754306146e-03
8.249935998144771604e-04 -1.124406130327841591e-02 -2.325165624754306146e-03
8.249935998144771604e-04 -1.124406130327841591e-02 -2.325165624754306146e-03
8.249935998144771604e-04 -1.124406130327841591e-02 -2.325165624754306146e-03
2.702548236370195915e-03 -9.670099074283594609e-04 -8.654987926429007564e-03
2.702548236370195915e-03 -9.670099074283594609e-04 -8.654987926429007564e-03
2.702548236370195915e-03 -9.670099074283594609e-04 -8.654987926429007564e-03
2.702548236370195915e-03 -9.670099074283594609e-04 -8.654987926429007564e-03
2.702548236370195915e-03 -9.670099074283594609e-04 -8.654987926429007564e-03
2.702548236370195915e-03 -9.670099074283594609e-04 -8.654987926429007564e-03
2.702548236370195915e-03 -9.670099074283594609e-04 -8.654987926429007564e-03
2.702548236370195915e-03 -9.670099074283594609e-04 -8.654987926429007564e-03
2.702548236370195915e-03 -9.670099074283594609e-04 -8.654987926429007564e-03
2.702548236370195915e-03 -9.670099074283594609e-04 -8.654987926429007564e-03
2.702548236370195915e-03 -9.670099074283594609e-04 -8.654987926429007564e-03
2.702548236370195915e-03 -9.670099074283594609e-04 -8.654987926429007564e-03
-1.960459397486446001e-03 -9.420749142725958619e-03 -7.022518060014557723e-04
-1.960459397486446001e-03 -9.420749142725958619e-03 -7.022518060014557723e-04
-1.960459397486446001e-03 -9.420749142725958619e-03 -7.022518060014557723e-04
-1.960459397486446001e-03 -9.420749142725958619e-03 -7.022518060014557723e-04
-1.960459397486446001e-03 -9.420749142725958619e-03 -7.022518060014557723e-04
-1.960459397486446001e-03 -9.420749142725958619e-03 -7.022518060014557723e-04
-1.960459397486446001e-03 -9.420749142725958619e-03 -7.022518060014557723e-04
-1.960459397486446001e-03 -9.420749142725958619e-03 -7.022518060014557723e-04
-1.960459397486446001e-03 -9.420749142725958619e-03 -7.022518060014557723e-04
-1.960459397486446001e-03 -9.420749142725958619e-03 -7.022518060014557723e-04
-1.960459397486446001e-03 -9.420749142725958619e-03 -7.022518060014557723e-04
-1.960459397486446001e-03 -9.420749142725958619e-03 -7.022518060014557723e-04
-1.960459397486446001e-03 -9.420749142725958619e-03 -7.022518060014557723e-04
-1.960459397486446001e-03 -9.420749142725958619e-03 -7.022518060014557723e-04
-1.960459397486446001e-03 -9.420749142725958619e-03 -7.022518060014557723e-04
-1.960459397486446001e-03 -9.420749142725958619e-03 -7.022518060014557723e-04
-1.960459397486446001e-03 -9.420749142725958619e-03 -7.022518060014557723e-04
-1.278346069937227533e-03 -1.107955597207057642e-02 -2.933341433386384839e-03
-1.278346069937227533e-03 -1.107955597207057642e-02 -2.933341433386384839e-03
-1.278346069937227533e-03 -1.107955597207057642e-02 -2.933341433386384839e-03
-1.278346069937227533e-03 -1.107955597207057642e-02 -2.933341433386384839e-03
-1.278346069937227533e-03 -1.107955597207057642e-02 -2.933341433386384839e-03
-1.278346069937227533e-03 -1.107955597207057642e-02 -2.933341433386384839e-03
-1.278346069937227533e-03 -1.107955597207057642e-02 -2.933341433386384839e-03
-1.278346069937227533e-03 -1.107955597207057642e-02 -2.933341433386384839e-03
-1.278346069937227533e-03 -1.107955597207057642e-02 -2.933341433386384839e-03
-1.278346069937227533e-03 -1.107955597207057642e-02 -2.933341433386384839e-03
-1.278346069937227533e-03 -1.107955597207057642e-02 -2.933341433386384839e-03
-1.278346069937227533e-03 -1.107955597207057642e-02 -2.933341433386384839e-03
-1.278346069937227533e-03 -1.107955597207057642e-02 -2.933341433386384839e-03
-1.278346069937227533e-03 -1.107955597207057642e-02 -2.933341433386384839e-03
-1.278346069937227533e-03 -1.107955597207057642e-02 -2.933341433386384839e-03
-1.095372018094996694e-03 -1.038731553327012710e-02 -1.299798887700331224e-03
-1.095372018094996694e-03 -1.038731553327012710e-02 -1.299798887700331224e-03
-1.095372018094996694e-03 -1.038731553327012710e-02 -1.299798887700331224e-03
-1.095372018094996694e-03 -1.038731553327012710e-02 -1.299798887700331224e-03
-1.095372018094996694e-03 -1.038731553327012710e-02 -1.299798887700331224e-03
-1.095372018094996694e-03 -1.038731553327012710e-02 -1.299798887700331224e-03
-1.095372018094996694e-03 -1.038731553327012710e-02 -1.299798887700331224e-03
-1.095372018094996694e-03 -1.038731553327012710e-02 -1.299798887700331224e-03
-1.095372018094996694e-03 -1.038731553327012710e-02 -1.299798887700331224e-03
-1.095372018094996694e-03 -1.038731553327012710e-02 -1.299798887700331224e-03
-1.095372018094996694e-03 -1.038731553327012710e-02 -1.299798887700331224e-03
-1.095372018094996694e-03 -1.038731553327012710e-02 -1.299798887700331224e-03
-1.095372018094996694e-03 -1.038731553327012710e-02 -1.299798887700331224e-03
-1.095372018094996694e-03 -1.038731553327012710e-02 -1.299798887700331224e-03
-1.095372018094996694e-03 -1.038731553327012710e-02 -1.299798887700331224e-03
-1.128117637146269434e-03 -1.042697372444633536e-02 7.875264131932862080e-04
-1.128117637146269434e-03 -1.042697372444633536e-02 7.875264131932862080e-04
-1.128117637146269434e-03 -1.042697372444633536e-02 7.875264131932862080e-04
-1.128117637146269434e-03 -1.042697372444633536e-02 7.875264131932862080e-04
-1.128117637146269434e-03 -1.042697372444633536e-02 7.875264131932862080e-04
-1.128117637146269434e-03 -1.042697372444633536e-02 7.875264131932862080e-04
-2.163664572743199260e-03 -9.624922581309289932e-03 3.517429158556217503e-04
-2.163664572743199260e-03 -9.624922581309289932e-03 3.517429158556217503e-04
-2.163664572743199260e-03 -9.624922581309289932e-03 3.517429158556217503e-04
-2.163664572743199260e-03 -9.624922581309289932e-03 3.517429158556217503e-04
-2.163664572743199260e-03 -9.624922581309289932e-03 3.517429158556217503e-04
-2.163664572743199260e-03 -9.624922581309289932e-03 3.517429158556217503e-04
-2.163664572743199260e-03 -9.624922581309289932e-03 3.517429158556217503e-04
-2.163664572743199260e-03 -9.624922581309289932e-03 3.517429158556217503e-04
-2.163664572743199260e-03 -9.624922581309289932e-03 3.517429158556217503e-04
-2.163664572743199260e-03 -9.624922581309289932e-03 3.517429158556217503e-04
-2.163664572743199260e-03 -9.624922581309289932e-03 3.517429158556217503e-04
-2.163664572743199260e-03 -9.624922581309289932e-03 3.517429158556217503e-04
-2.163664572743199260e-03 -9.624922581309289932e-03 3.517429158556217503e-04
-2.163664572743199260e-03 -9.624922581309289932e-03 3.517429158556217503e-04
-2.163664572743199260e-03 -9.624922581309289932e-03 3.517429158556217503e-04
-2.163664572743199260e-03 -9.624922581309289932e-03 3.517429158556217503e-04
-2.163664572743199260e-03 -9.624922581309289932e-03 3.517429158556217503e-04
-4.068746980991517007e-03 -1.291298124683965334e-02 1.153380061225150674e-03
-4.068746980991517007e-03 -1.291298124683965334e-02 1.153380061225150674e-03
-4.068746980991517007e-03 -1.291298124683965334e-02 1.153380061225150674e-03
-2.626301968545057680e-03 -8.553649254769146726e-03 -1.552452845766272294e-03
-2.626301968545057680e-03 -8.553649254769146726e-03 -1.552452845766272294e-03
-2.626301968545057680e-03 -8.553649254769146726e-03 -1.552452845766272294e-03
-2.626301968545057680e-03 -8.553649254769146726e-03 -1.552452845766272294e-03
-2.626301968545057680e-03 -8.553649254769146726e-03 -1.552452845766272294e-03
-2.626301968545057680e-03 -8.553649254769146726e-03 -1.552452845766272294e-03
-2.626301968545057680e-03 -8.553649254769146726e-03 -1.552452845766272294e-03
-2.626301968545057680e-03 -8.553649254769146726e-03 -1.552452845766272294e-03
-2.626301968545057680e-03 -8.553649254769146726e-03 -1.552452845766272294e-03
-2.626301968545057680e-03 -8.553649254769146726e-03 -1.552452845766272294e-03
-2.626301968545057680e-03 -8.553649254769146726e-03 -1.552452845766272294e-03
-2.626301968545057680e-03 -8.553649254769146726e-03 -1.552452845766272294e-03
-2.626301968545057680e-03 -8.553649254769146726e-03 -1.552452845766272294e-03
1.909473654578535545e-04 -6.099582555704696762e-03 -5.159027412576229314e-03
1.909473654578535545e-04 -6.099582555704696762e-03 -5.159027412576229314e-03
1.909473654578535545e-04 -6.099582555704696762e-03 -5.159027412576229314e-03
1.909473654578535545e-04 -6.099582555704696762e-03 -5.159027412576229314e-03
1.909473654578535545e-04 -6.099582555704696762e-03 -5.159027412576229314e-03
1.909473654578535545e-04 -6.099582555704696762e-03 -5.159027412576229314e-03
1.909473654578535545e-04 -6.099582555704696762e-03 -5.159027412576229314e-03
1.909473654578535545e-04 -6.099582555704696762e-03 -5.159027412576229314e-03
1.909473654578535545e-04 -6.099582555704696762e-03 -5.159027412576229314e-03
1.909473654578535545e-04 -6.099582555704696762e-03 -5.159027412576229314e-03
1.909473654578535545e-04 -6.099582555704696762e-03 -5.159027412576229314e-03
1.909473654578535545e-04 -6.099582555704696762e-03 -5.159027412576229314e-03
-2.789168791423751043e-03 -1.160258781822011941e-02 9.623130148126348565e-04
-2.789168791423751043e-03 -1.160258781822011941e-02 9.623130148126348565e-04
-2.789168791423751043e-03 -1.160258781822011941e-02 9.623130148126348565e-04
-2.789168791423751043e-03 -1.160258781822011941e-02 9.623130148126348565e-04
-2.789168791423751043e-03 -1.160258781822011941e-02 9.623130148126348565e-04
-2.789168791423751043e-03 -1.160258781822011941e-02 9.623130148126348565e-04
-2.789168791423751043e-03 -1.160258781822011941e-02 9.623130148126348565e-04
-2.789168791423751043e-03 -1.160258781822011941e-02 9.623130148126348565e-04
-2.789168791423751043e-03 -1.160258781822011941e-02 9.623130148126348565e-04
-2.789168791423751043e-03 -1.160258781822011941e-02 9.623130148126348565e-04
-2.789168791423751043e-03 -1.160258781822011941e-02 9.623130148126348565e-04
-2.789168791423751043e-03 -1.160258781822011941e-02 9.623130148126348565e-04
-2.789168791423751043e-03 -1.160258781822011941e-02 9.623130148126348565e-04
-2.789168791423751043e-03 -1.160258781822011941e-02 9.623130148126348565e-04
-2.789168791423751043e-03 -1.160258781822011941e-02 9.623130148126348565e-04
-2.789168791423751043e-03 -1.160258781822011941e-02 9.623130148126348565e-04
-2.789168791423751043e-03 -1.160258781822011941e-02 9.623130148126348565e-04
-6.056822894660371728e-03 -7.951987084323670213e-03 -6.585643943097553576e-04
-6.056822894660371728e-03 -7.951987084323670213e-03 -6.585643943097553576e-04
-6.056822894660371728e-03 -7.951987084323670213e-03 -6.585643943097553576e-04
-6.056822894660371728e-03 -7.951987084323670213e-03 -6.585643943097553576e-04
-6.056822894660371728e-03 -7.951987084323670213e-03 -6.585643943097553576e-04
-6.056822894660371728e-03 -7.951987084323670213e-03 -6.585643943097553576e-04
-6.056822894660371728e-03 -7.951987084323670213e-03 -6.585643943097553576e-04
-6.056822894660371728e-03 -7.951987084323670213e-03 -6.585643943097553576e-04
-6.056822894660371728e-03 -7.951987084323670213e-03 -6.585643943097553576e-04
-6.056822894660371728e-03 -7.951987084323670213e-03 -6.585643943097553576e-04
-6.056822894660371728e-03 -7.951987084323670213e-03 -6.585643943097553576e-04
-6.056822894660371728e-03 -7.951987084323670213e-03 -6.585643943097553576e-04
-6.056822894660371728e-03 -7.951987084323670213e-03 -6.585643943097553576e-04
-6.056822894660371728e-03 -7.951987084323670213e-03 -6.585643943097553576e-04
-6.056822894660371728e-03 -7.951987084323670213e-03 -6.585643943097553576e-04
-6.056822894660371728e-03 -7.951987084323670213e-03 -6.585643943097553576e-04
-6.056822894660371728e-03 -7.951987084323670213e-03 -6.585643943097553576e-04
