-4.610164744345274235e-02 1.339417549604121627e-01 2.561634943046718627e-02
-4.610164744345274235e-02 1.339417549604121627e-01 2.561634943046718627e-02
-4.610164744345274235e-02 1.339417549604121627e-01 2.561634943046718627e-02
-4.610164744345274235e-02 1.339417549604121627e-01 2.561634943046718627e-02
-4.386848276751870168e-03 -6.097634989075092007e-03 9.724442488405191098e-02
-4.386848276751870168e-03 -6.097634989075092007e-03 9.724442488405191098e-02
-4.386848276751870168e-03 -6.097634989075092007e-03 9.724442488405191098e-02
-4.386848276751870168e-03 -6.097634989075092007e-03 9.724442488405191098e-02
-4.386848276751870168e-03 -6.097634989075092007e-03 9.724442488405191098e-02
-4.386848276751870168e-03 -6.097634989075092007e-03 9.724442488405191098e-02
-4.386848276751870168e-03 -6.097634989075092007e-03 9.724442488405191098e-02
-4.386848276751870168e-03 -6.097634989075092007e-03 9.724442488405191098e-02
-4.386848276751870168e-03 -6.097634989075092007e-03 9.724442488405191098e-02
-4.386848276751870168e-03 -6.097634989075092007e-03 9.724442488405191098e-02
1.217153626719058856e-01 4.793215608868638643e-03 3.358614396600231866e-02
-1.356655266775929625e-01 -4.050096628617860448e-03 -1.188661388447673044e-03
-8.095945676244022116e-02 -9.802170054726094817e-02 7.823971014328206033e-03
4.729250608704980291e-02 1.234307094434060476e-01 3.344188275299536661e-02
4.729250608704980291e-02 1.234307094434060476e-01 3.344188275299536661e-02
-1.046790993093338340e-01 -7.609522552576412913e-02 5.031289231438808643e-03
-1.046790993093338340e-01 -7.609522552576412913e-02 5.031289231438808643e-03
-9.210470411416793457e-02 -8.660354637142227141e-02 3.282246256357831959e-02
-9.210470411416793457e-02 -8.660354637142227141e-02 3.282246256357831959e-02
-9.210470411416793457e-02 -8.660354637142227141e-02 3.282246256357831959e-02
-9.210470411416793457e-02 -8.660354637142227141e-02 3.282246256357831959e-02
-9.210470411416793457e-02 -8.660354637142227141e-02 3.282246256357831959e-02
-2.383310249803514275e-02 1.390911117010047438e-01 4.769995638895041003e-03
-4.019306492283064580e-02 1.356078251467832674e-01 -1.814840815246365063e-03
-1.275248270192424482e-01 3.938990162306196113e-02 2.814625548304917901e-02
-1.275248270192424482e-01 3.938990162306196113e-02 2.814625548304917901e-02
-1.275248270192424482e-01 3.938990162306196113e-02 2.814625548304917901e-02
-1.275248270192424482e-01 3.938990162306196113e-02 2.814625548304917901e-02
-1.275248270192424482e-01 3.938990162306196113e-02 2.814625548304917901e-02
-1.275248270192424482e-01 3.938990162306196113e-02 2.814625548304917901e-02
-1.275248270192424482e-01 3.938990162306196113e-02 2.814625548304917901e-02
1.029022403784331241e-01 -4.260460190640965455e-02 5.462103075516261050e-03
1.029022403784331241e-01 -4.260460190640965455e-02 5.462103075516261050e-03
1.029022403784331241e-01 -4.260460190640965455e-02 5.462103075516261050e-03
1.029022403784331241e-01 -4.260460190640965455e-02 5.462103075516261050e-03
-3.949392732232714052e-03 1.993246462136915448e-02 9.855774336303096961e-02
-3.949392732232714052e-03 1.993246462136915448e-02 9.855774336303096961e-02
-3.949392732232714052e-03 1.993246462136915448e-02 9.855774336303096961e-02
-3.949392732232714052e-03 1.993246462136915448e-02 9.855774336303096961e-02
-3.949392732232714052e-03 1.993246462136915448e-02 9.855774336303096961e-02
-3.949392732232714052e-03 1.993246462136915448e-02 9.855774336303096961e-02
-3.949392732232714052e-03 1.993246462136915448e-02 9.855774336303096961e-02
-3.949392732232714052e-03 1.993246462136915448e-02 9.855774336303096961e-02
-3.949392732232714052e-03 1.993246462136915448e-02 9.855774336303096961e-02
-9.545611349679722357e-02 -8.552962734337347939e-02 2.005034727413033610e-02
-9.545611349679722357e-02 -8.552962734337347939e-02 2.005034727413033610e-02
-9.545611349679722357e-02 -8.552962734337347939e-02 2.005034727413033610e-02
3.955033072520458548e-02 -2.398061691479148050e-01 4.296645179795181846e-02
3.955033072520458548e-02 -2.398061691479148050e-01 4.296645179795181846e-02
3.955033072520458548e-02 -2.398061691479148050e-01 4.296645179795181846e-02
3.955033072520458548e-02 -2.398061691479148050e-01 4.296645179795181846e-02
3.955033072520458548e-02 -2.398061691479148050e-01 4.296645179795181846e-02
3.955033072520458548e-02 -2.398061691479148050e-01 4.296645179795181846e-02
3.955033072520458548e-02 -2.398061691479148050e-01 4.296645179795181846e-02
3.955033072520458548e-02 -2.398061691479148050e-01 4.296645179795181846e-02
3.955033072520458548e-02 -2.398061691479148050e-01 4.296645179795181846e-02
3.955033072520458548e-02 -2.398061691479148050e-01 4.296645179795181846e-02
3.955033072520458548e-02 -2.398061691479148050e-01 4.296645179795181846e-02
3.955033072520458548e-02 -2.398061691479148050e-01 4.296645179795181846e-02
3.955033072520458548e-02 -2.398061691479148050e-01 4.296645179795181846e-02
3.955033072520458548e-02 -2.398061691479148050e-01 4.296645179795181846e-02
-2.013201861545249258e-02 1.396714521617356541e-01 2.085722648320179409e-02
-5.533661682112847591e-03 -3.042201435916730076e-02 8.689817254523178602e-02
-5.533661682112847591e-03 -3.042201435916730076e-02 8.689817254523178602e-02
-5.533661682112847591e-03 -3.042201435916730076e-02 8.689817254523178602e-02
-5.533661682112847591e-03 -3.042201435916730076e-02 8.689817254523178602e-02
-5.533661682112847591e-03 -3.042201435916730076e-02 8.689817254523178602e-02
-5.533661682112847591e-03 -3.042201435916730076e-02 8.689817254523178602e-02
-5.533661682112847591e-03 -3.042201435916730076e-02 8.689817254523178602e-02
-5.533661682112847591e-03 -3.042201435916730076e-02 8.689817254523178602e-02
-5.533661682112847591e-03 -3.042201435916730076e-02 8.689817254523178602e-02
1.186149313530079352e-01 3.315777135585452895e-02 3.463466451529240153e-02
1.186149313530079352e-01 3.315777135585452895e-02 3.463466451529240153e-02
2.089139457372318417e-02 -1.637309073011120608e-01 2.930523063400421527e-02
2.089139457372318417e-02 -1.637309073011120608e-01 2.930523063400421527e-02
2.089139457372318417e-02 -1.637309073011120608e-01 2.930523063400421527e-02
2.089139457372318417e-02 -1.637309073011120608e-01 2.930523063400421527e-02
2.089139457372318417e-02 -1.637309073011120608e-01 2.930523063400421527e-02
2.089139457372318417e-02 -1.637309073011120608e-01 2.930523063400421527e-02
2.089139457372318417e-02 -1.637309073011120608e-01 2.930523063400421527e-02
-4.101942402545920123e-03 8.268528955493178317e-03 1.014177346499830906e-01
-4.101942402545920123e-03 8.268528955493178317e-03 1.014177346499830906e-01
-4.101942402545920123e-03 8.268528955493178317e-03 1.014177346499830906e-01
-4.101942402545920123e-03 8.268528955493178317e-03 1.014177346499830906e-01
-4.101942402545920123e-03 8.268528955493178317e-03 1.014177346499830906e-01
-4.101942402545920123e-03 8.268528955493178317e-03 1.014177346499830906e-01
-4.101942402545920123e-03 8.268528955493178317e-03 1.014177346499830906e-01
-4.101942402545920123e-03 8.268528955493178317e-03 1.014177346499830906e-01
-4.101942402545920123e-03 8.268528955493178317e-03 1.014177346499830906e-01
-8.728498581296297021e-02 -9.317887085261782054e-02 1.452571901108138698e-02
-6.678652195275505687e-02 1.249869691070269462e-01 8.144414714217753509e-03
-6.678652195275505687e-02 1.249869691070269462e-01 8.144414714217753509e-03
3.342161903079441526e-02 -2.143000210425853869e-01 3.889953039548325192e-02
3.342161903079441526e-02 -2.143000210425853869e-01 3.889953039548325192e-02
3.342161903079441526e-02 -2.143000210425853869e-01 3.889953039548325192e-02
3.342161903079441526e-02 -2.143000210425853869e-01 3.889953039548325192e-02
3.342161903079441526e-02 -2.143000210425853869e-01 3.889953039548325192e-02
3.342161903079441526e-02 -2.143000210425853869e-01 3.889953039548325192e-02
3.342161903079441526e-02 -2.143000210425853869e-01 3.889953039548325192e-02
3.342161903079441526e-02 -2.143000210425853869e-01 3.889953039548325192e-02
3.342161903079441526e-02 -2.143000210425853869e-01 3.889953039548325192e-02
3.342161903079441526e-02 -2.143000210425853869e-01 3.889953039548325192e-02
3.342161903079441526e-02 -2.143000210425853869e-01 3.889953039548325192e-02
3.342161903079441526e-02 -2.143000210425853869e-01 3.889953039548325192e-02
3.342161903079441526e-02 -2.143000210425853869e-01 3.889953039548325192e-02
1.029045615541143571e-01 6.648707863461048029e-02 8.407657929112306860e-03
1.029045615541143571e-01 6.648707863461048029e-02 8.407657929112306860e-03
1.029045615541143571e-01 6.648707863461048029e-02 8.407657929112306860e-03
1.029045615541143571e-01 6.648707863461048029e-02 8.407657929112306860e-03
1.029045615541143571e-01 6.648707863461048029e-02 8.407657929112306860e-03
1.029045615541143571e-01 6.648707863461048029e-02 8.407657929112306860e-03
1.029045615541143571e-01 6.648707863461048029e-02 8.407657929112306860e-03
1.029045615541143571e-01 6.648707863461048029e-02 8.407657929112306860e-03
-1.359676927125029744e-01 1.603536920477560690e-02 1.260668619337193888e-02
-6.355306898625899537e-02 1.267842217940343685e-01 2.373606714627294820e-02
-6.355306898625899537e-02 1.267842217940343685e-01 2.373606714627294820e-02
-6.355306898625899537e-02 1.267842217940343685e-01 2.373606714627294820e-02
-8.542935268326476428e-02 1.127511781417510350e-01 1.640016504689225177e-02
-8.542935268326476428e-02 1.127511781417510350e-01 1.640016504689225177e-02
-3.262835898689438185e-02 1.376576581410390021e-01 1.675909233980692539e-02
-9.314031936336408801e-02 -8.797052199185201316e-02 1.559524331339226001e-02
-9.314031936336408801e-02 -8.797052199185201316e-02 1.559524331339226001e-02
3.738486891541249746e-02 -2.382651608009060396e-01 4.199863811923147672e-02
3.738486891541249746e-02 -2.382651608009060396e-01 4.199863811923147672e-02
3.738486891541249746e-02 -2.382651608009060396e-01 4.199863811923147672e-02
3.738486891541249746e-02 -2.382651608009060396e-01 4.199863811923147672e-02
3.738486891541249746e-02 -2.382651608009060396e-01 4.199863811923147672e-02
3.738486891541249746e-02 -2.382651608009060396e-01 4.199863811923147672e-02
3.738486891541249746e-02 -2.382651608009060396e-01 4.199863811923147672e-02
3.738486891541249746e-02 -2.382651608009060396e-01 4.199863811923147672e-02
3.738486891541249746e-02 -2.382651608009060396e-01 4.199863811923147672e-02
3.738486891541249746e-02 -2.382651608009060396e-01 4.199863811923147672e-02
3.738486891541249746e-02 -2.382651608009060396e-01 4.199863811923147672e-02
3.738486891541249746e-02 -2.382651608009060396e-01 4.199863811923147672e-02
3.738486891541249746e-02 -2.382651608009060396e-01 4.199863811923147672e-02
3.305127211934412446e-02 -2.036707839519630026e-01 3.602848243753177526e-02
3.305127211934412446e-02 -2.036707839519630026e-01 3.602848243753177526e-02
3.305127211934412446e-02 -2.036707839519630026e-01 3.602848243753177526e-02
3.305127211934412446e-02 -2.036707839519630026e-01 3.602848243753177526e-02
3.305127211934412446e-02 -2.036707839519630026e-01 3.602848243753177526e-02
3.305127211934412446e-02 -2.036707839519630026e-01 3.602848243753177526e-02
3.305127211934412446e-02 -2.036707839519630026e-01 3.602848243753177526e-02
3.305127211934412446e-02 -2.036707839519630026e-01 3.602848243753177526e-02
3.305127211934412446e-02 -2.036707839519630026e-01 3.602848243753177526e-02
3.305127211934412446e-02 -2.036707839519630026e-01 3.602848243753177526e-02
3.305127211934412446e-02 -2.036707839519630026e-01 3.602848243753177526e-02
3.305127211934412446e-02 -2.036707839519630026e-01 3.602848243753177526e-02
3.305127211934412446e-02 -2.036707839519630026e-01 3.602848243753177526e-02
3.305127211934412446e-02 -2.036707839519630026e-01 3.602848243753177526e-02
-7.554377237828897862e-02 1.196141430707663433e-01 2.722761109300830470e-02
-7.554377237828897862e-02 1.196141430707663433e-01 2.722761109300830470e-02
-7.554377237828897862e-02 1.196141430707663433e-01 2.722761109300830470e-02
3.938060169218310369e-02 -2.502907061621663098e-01 4.347644167358201417e-02
3.938060169218310369e-02 -2.502907061621663098e-01 4.347644167358201417e-02
3.938060169218310369e-02 -2.502907061621663098e-01 4.347644167358201417e-02
3.938060169218310369e-02 -2.502907061621663098e-01 4.347644167358201417e-02
3.938060169218310369e-02 -2.502907061621663098e-01 4.347644167358201417e-02
3.938060169218310369e-02 -2.502907061621663098e-01 4.347644167358201417e-02
3.938060169218310369e-02 -2.502907061621663098e-01 4.347644167358201417e-02
3.938060169218310369e-02 -2.502907061621663098e-01 4.347644167358201417e-02
3.938060169218310369e-02 -2.502907061621663098e-01 4.347644167358201417e-02
3.938060169218310369e-02 -2.502907061621663098e-01 4.347644167358201417e-02
3.938060169218310369e-02 -2.502907061621663098e-01 4.347644167358201417e-02
3.938060169218310369e-02 -2.502907061621663098e-01 4.347644167358201417e-02
3.938060169218310369e-02 -2.502907061621663098e-01 4.347644167358201417e-02
3.938060169218310369e-02 -2.502907061621663098e-01 4.347644167358201417e-02
-7.023618074052934146e-02 1.231322784944451909e-01 6.604321134605948586e-03
-4.179750699013054516e-02 1.351936598572483217e-01 8.120458408900247532e-03
-9.923168480238074574e-02 -8.198939388526460537e-02 9.207961882893352795e-03
-7.203605620992480085e-02 1.222211816075015334e-01 2.423244030668170873e-02
-6.708068579555573341e-02 1.248432448274449102e-01 1.724526317270685255e-02
-6.708068579555573341e-02 1.248432448274449102e-01 1.724526317270685255e-02
-6.324768049008637483e-02 1.247611701998984080e-01 3.457554530799492737e-02
-6.324768049008637483e-02 1.247611701998984080e-01 3.457554530799492737e-02
-6.324768049008637483e-02 1.247611701998984080e-01 3.457554530799492737e-02
-6.324768049008637483e-02 1.247611701998984080e-01 3.457554530799492737e-02
-6.324768049008637483e-02 1.247611701998984080e-01 3.457554530799492737e-02
-6.324768049008637483e-02 1.247611701998984080e-01 3.457554530799492737e-02
-6.324768049008637483e-02 1.247611701998984080e-01 3.457554530799492737e-02
3.284684041978006008e-02 -2.131886595199187773e-01 3.893310463863420418e-02
3.284684041978006008e-02 -2.131886595199187773e-01 3.893310463863420418e-02
3.284684041978006008e-02 -2.131886595199187773e-01 3.893310463863420418e-02
3.284684041978006008e-02 -2.131886595199187773e-01 3.893310463863420418e-02
3.284684041978006008e-02 -2.131886595199187773e-01 3.893310463863420418e-02
3.284684041978006008e-02 -2.131886595199187773e-01 3.893310463863420418e-02
3.284684041978006008e-02 -2.131886595199187773e-01 3.893310463863420418e-02
3.284684041978006008e-02 -2.131886595199187773e-01 3.893310463863420418e-02
3.284684041978006008e-02 -2.131886595199187773e-01 3.893310463863420418e-02
3.284684041978006008e-02 -2.131886595199187773e-01 3.893310463863420418e-02
3.284684041978006008e-02 -2.131886595199187773e-01 3.893310463863420418e-02
3.284684041978006008e-02 -2.131886595199187773e-01 3.893310463863420418e-02
3.284684041978006008e-02 -2.131886595199187773e-01 3.893310463863420418e-02
-6.143116979611710007e-03 -4.866555228419981553e-03 9.442594168382095754e-02
-6.143116979611710007e-03 -4.866555228419981553e-03 9.442594168382095754e-02
-6.143116979611710007e-03 -4.866555228419981553e-03 9.442594168382095754e-02
-6.143116979611710007e-03 -4.866555228419981553e-03 9.442594168382095754e-02
-6.143116979611710007e-03 -4.866555228419981553e-03 9.442594168382095754e-02
-6.143116979611710007e-03 -4.866555228419981553e-03 9.442594168382095754e-02
4.221731346708061661e-02 -2.686282177864685039e-01 4.598203088605833100e-02
4.221731346708061661e-02 -2.686282177864685039e-01 4.598203088605833100e-02
4.221731346708061661e-02 -2.686282177864685039e-01 4.598203088605833100e-02
4.221731346708061661e-02 -2.686282177864685039e-01 4.598203088605833100e-02
4.221731346708061661e-02 -2.686282177864685039e-01 4.598203088605833100e-02
4.221731346708061661e-02 -2.686282177864685039e-01 4.598203088605833100e-02
4.221731346708061661e-02 -2.686282177864685039e-01 4.598203088605833100e-02
4.221731346708061661e-02 -2.686282177864685039e-01 4.598203088605833100e-02
4.221731346708061661e-02 -2.686282177864685039e-01 4.598203088605833100e-02
4.221731346708061661e-02 -2.686282177864685039e-01 4.598203088605833100e-02
4.221731346708061661e-02 -2.686282177864685039e-01 4.598203088605833100e-02
4.221731346708061661e-02 -2.686282177864685039e-01 4.598203088605833100e-02
-6.039143795872793305e-03 3.209641588024783609e-02 9.306094659641156452e-02
-6.039143795872793305e-03 3.209641588024783609e-02 9.306094659641156452e-02
-6.039143795872793305e-03 3.209641588024783609e-02 9.306094659641156452e-02
-1.242235615636183704e-01 5.065630800383749688e-02 3.268508679112791526e-02
-1.242235615636183704e-01 5.065630800383749688e-02 3.268508679112791526e-02
-1.242235615636183704e-01 5.065630800383749688e-02 3.268508679112791526e-02
-1.242235615636183704e-01 5.065630800383749688e-02 3.268508679112791526e-02
-1.242235615636183704e-01 5.065630800383749688e-02 3.268508679112791526e-02
-1.242235615636183704e-01 5.065630800383749688e-02 3.268508679112791526e-02
3.569842911187109946e-02 -2.388718914554069928e-01 4.111771515081472095e-02
3.569842911187109946e-02 -2.388718914554069928e-01 4.111771515081472095e-02
3.569842911187109946e-02 -2.388718914554069928e-01 4.111771515081472095e-02
3.569842911187109946e-02 -2.388718914554069928e-01 4.111771515081472095e-02
3.569842911187109946e-02 -2.388718914554069928e-01 4.111771515081472095e-02
3.569842911187109946e-02 -2.388718914554069928e-01 4.111771515081472095e-02
3.569842911187109946e-02 -2.388718914554069928e-01 4.111771515081472095e-02
3.569842911187109946e-02 -2.388718914554069928e-01 4.111771515081472095e-02
3.569842911187109946e-02 -2.388718914554069928e-01 4.111771515081472095e-02
3.569842911187109946e-02 -2.388718914554069928e-01 4.111771515081472095e-02
3.569842911187109946e-02 -2.388718914554069928e-01 4.111771515081472095e-02
3.569842911187109946e-02 -2.388718914554069928e-01 4.111771515081472095e-02
3.569842911187109946e-02 -2.388718914554069928e-01 4.111771515081472095e-02
-5.367969975536891064e-02 1.311320511552998280e-01 1.692189577644900855e-02
-6.947860437473619977e-02 1.235384367883096690e-01 -5.323245896558721248e-04
