-1.178775051383757280e-02 -2.501256782426670988e-02 -9.880590028684202442e-06
-1.178775051383757280e-02 -2.501256782426670988e-02 -9.880590028684202442e-06
-1.178775051383757280e-02 -2.501256782426670988e-02 -9.880590028684202442e-06
-1.178775051383757280e-02 -2.501256782426670988e-02 -9.880590028684202442e-06
-1.178775051383757280e-02 -2.501256782426670988e-02 -9.880590028684202442e-06
-1.178775051383757280e-02 -2.501256782426670988e-02 -9.880590028684202442e-06
-1.178775051383757280e-02 -2.501256782426670988e-02 -9.880590028684202442e-06
-1.178775051383757280e-02 -2.501256782426670988e-02 -9.880590028684202442e-06
-1.178775051383757280e-02 -2.501256782426670988e-02 -9.880590028684202442e-06
-1.178775051383757280e-02 -2.501256782426670988e-02 -9.880590028684202442e-06
-1.178775051383757280e-02 -2.501256782426670988e-02 -9.880590028684202442e-06
-1.178775051383757280e-02 -2.501256782426670988e-02 -9.880590028684202442e-06
-1.178775051383757280e-02 -2.501256782426670988e-02 -9.880590028684202442e-06
-1.178775051383757280e-02 -2.501256782426670988e-02 -9.880590028684202442e-06
-1.178775051383757280e-02 -2.501256782426670988e-02 -9.880590028684202442e-06
-1.178775051383757280e-02 -2.501256782426670988e-02 -9.880590028684202442e-06
-1.178775051383757280e-02 -2.501256782426670988e-02 -9.880590028684202442e-06
-8.268629470489822011e-03 2.978651114056526938e-02 -1.323470769654631896e-05
-8.268629470489822011e-03 2.978651114056526938e-02 -1.323470769654631896e-05
-8.268629470489822011e-03 2.978651114056526938e-02 -1.323470769654631896e-05
-8.268629470489822011e-03 2.978651114056526938e-02 -1.323470769654631896e-05
-8.268629470489822011e-03 2.978651114056526938e-02 -1.323470769654631896e-05
-8.268629470489822011e-03 2.978651114056526938e-02 -1.323470769654631896e-05
-8.268629470489822011e-03 2.978651114056526938e-02 -1.323470769654631896e-05
-8.268629470489822011e-03 2.978651114056526938e-02 -1.323470769654631896e-05
-8.268629470489822011e-03 2.978651114056526938e-02 -1.323470769654631896e-05
-8.268629470489822011e-03 2.978651114056526938e-02 -1.323470769654631896e-05
-8.268629470489822011e-03 2.978651114056526938e-02 -1.323470769654631896e-05
-8.268629470489822011e-03 2.978651114056526938e-02 -1.323470769654631896e-05
-8.268629470489822011e-03 2.978651114056526938e-02 -1.323470769654631896e-05
-8.268629470489822011e-03 2.978651114056526938e-02 -1.323470769654631896e-05
-8.268629470489822011e-03 2.978651114056526938e-02 -1.323470769654631896e-05
-8.268629470489822011e-03 2.978651114056526938e-02 -1.323470769654631896e-05
-8.268629470489822011e-03 2.978651114056526938e-02 -1.323470769654631896e-05
-6.197531684061046570e-03 -3.309869844999382971e-04 -6.707185566665149756e-03
-6.197531684061046570e-03 -3.309869844999382971e-04 -6.707185566665149756e-03
-6.197531684061046570e-03 -3.309869844999382971e-04 -6.707185566665149756e-03
-6.197531684061046570e-03 -3.309869844999382971e-04 -6.707185566665149756e-03
-6.197531684061046570e-03 -3.309869844999382971e-04 -6.707185566665149756e-03
-6.197531684061046570e-03 -3.309869844999382971e-04 -6.707185566665149756e-03
-6.197531684061046570e-03 -3.309869844999382971e-04 -6.707185566665149756e-03
-6.197531684061046570e-03 -3.309869844999382971e-04 -6.707185566665149756e-03
-6.197531684061046570e-03 -3.309869844999382971e-04 -6.707185566665149756e-03
-6.197531684061046570e-03 -3.309869844999382971e-04 -6.707185566665149756e-03
-6.197531684061046570e-03 -3.309869844999382971e-04 -6.707185566665149756e-03
-6.197531684061046570e-03 -3.309869844999382971e-04 -6.707185566665149756e-03
-6.197531684061046570e-03 -3.309869844999382971e-04 -6.707185566665149756e-03
-6.197531684061046570e-03 -3.309869844999382971e-04 -6.707185566665149756e-03
-6.197531684061046570e-03 -3.309869844999382971e-04 -6.707185566665149756e-03
-6.197531684061046570e-03 -3.309869844999382971e-04 -6.707185566665149756e-03
-6.197531684061046570e-03 -3.309869844999382971e-04 -6.707185566665149756e-03
-1.716736803603929884e-02 -1.769398886581162109e-02 3.940839980100599438e-05
-1.716736803603929884e-02 -1.769398886581162109e-02 3.940839980100599438e-05
-1.716736803603929884e-02 -1.769398886581162109e-02 3.940839980100599438e-05
-1.716736803603929884e-02 -1.769398886581162109e-02 3.940839980100599438e-05
-1.716736803603929884e-02 -1.769398886581162109e-02 3.940839980100599438e-05
-1.716736803603929884e-02 -1.769398886581162109e-02 3.940839980100599438e-05
-1.716736803603929884e-02 -1.769398886581162109e-02 3.940839980100599438e-05
-1.716736803603929884e-02 -1.769398886581162109e-02 3.940839980100599438e-05
-1.716736803603929884e-02 -1.769398886581162109e-02 3.940839980100599438e-05
-1.716736803603929884e-02 -1.769398886581162109e-02 3.940839980100599438e-05
-1.716736803603929884e-02 -1.769398886581162109e-02 3.940839980100599438e-05
-1.716736803603929884e-02 -1.769398886581162109e-02 3.940839980100599438e-05
-1.716736803603929884e-02 -1.769398886581162109e-02 3.940839980100599438e-05
-1.716736803603929884e-02 -1.769398886581162109e-02 3.940839980100599438e-05
-1.716736803603929884e-02 -1.769398886581162109e-02 3.940839980100599438e-05
-1.716736803603929884e-02 -1.769398886581162109e-02 3.940839980100599438e-05
-1.716736803603929884e-02 -1.769398886581162109e-02 3.940839980100599438e-05
5.660781860746585264e-04 -9.469082186180487887e-03 1.813998591021333956e-02
5.660781860746585264e-04 -9.469082186180487887e-03 1.813998591021333956e-02
5.660781860746585264e-04 -9.469082186180487887e-03 1.813998591021333956e-02
5.660781860746585264e-04 -9.469082186180487887e-03 1.813998591021333956e-02
5.660781860746585264e-04 -9.469082186180487887e-03 1.813998591021333956e-02
5.660781860746585264e-04 -9.469082186180487887e-03 1.813998591021333956e-02
5.660781860746585264e-04 -9.469082186180487887e-03 1.813998591021333956e-02
5.660781860746585264e-04 -9.469082186180487887e-03 1.813998591021333956e-02
5.660781860746585264e-04 -9.469082186180487887e-03 1.813998591021333956e-02
5.660781860746585264e-04 -9.469082186180487887e-03 1.813998591021333956e-02
7.434250978975761454e-04 -2.184249309373457060e-05 -6.834058319324345238e-03
7.434250978975761454e-04 -2.184249309373457060e-05 -6.834058319324345238e-03
7.434250978975761454e-04 -2.184249309373457060e-05 -6.834058319324345238e-03
7.434250978975761454e-04 -2.184249309373457060e-05 -6.834058319324345238e-03
7.434250978975761454e-04 -2.184249309373457060e-05 -6.834058319324345238e-03
7.434250978975761454e-04 -2.184249309373457060e-05 -6.834058319324345238e-03
7.434250978975761454e-04 -2.184249309373457060e-05 -6.834058319324345238e-03
7.434250978975761454e-04 -2.184249309373457060e-05 -6.834058319324345238e-03
7.434250978975761454e-04 -2.184249309373457060e-05 -6.834058319324345238e-03
7.434250978975761454e-04 -2.184249309373457060e-05 -6.834058319324345238e-03
7.434250978975761454e-04 -2.184249309373457060e-05 -6.834058319324345238e-03
7.434250978975761454e-04 -2.184249309373457060e-05 -6.834058319324345238e-03
7.434250978975761454e-04 -2.184249309373457060e-05 -6.834058319324345238e-03
7.434250978975761454e-04 -2.184249309373457060e-05 -6.834058319324345238e-03
7.434250978975761454e-04 -2.184249309373457060e-05 -6.834058319324345238e-03
7.434250978975761454e-04 -2.184249309373457060e-05 -6.834058319324345238e-03
7.434250978975761454e-04 -2.184249309373457060e-05 -6.834058319324345238e-03
1.670332725305402610e-04 -2.189610653842857108e-02 -1.768824472111607538e-02
1.670332725305402610e-04 -2.189610653842857108e-02 -1.768824472111607538e-02
1.670332725305402610e-04 -2.189610653842857108e-02 -1.768824472111607538e-02
1.670332725305402610e-04 -2.189610653842857108e-02 -1.768824472111607538e-02
1.670332725305402610e-04 -2.189610653842857108e-02 -1.768824472111607538e-02
1.670332725305402610e-04 -2.189610653842857108e-02 -1.768824472111607538e-02
1.670332725305402610e-04 -2.189610653842857108e-02 -1.768824472111607538e-02
1.670332725305402610e-04 -2.189610653842857108e-02 -1.768824472111607538e-02
1.670332725305402610e-04 -2.189610653842857108e-02 -1.768824472111607538e-02
1.670332725305402610e-04 -2.189610653842857108e-02 -1.768824472111607538e-02
1.670332725305402610e-04 -2.189610653842857108e-02 -1.768824472111607538e-02
1.670332725305402610e-04 -2.189610653842857108e-02 -1.768824472111607538e-02
1.670332725305402610e-04 -2.189610653842857108e-02 -1.768824472111607538e-02
1.670332725305402610e-04 -2.189610653842857108e-02 -1.768824472111607538e-02
1.670332725305402610e-04 -2.189610653842857108e-02 -1.768824472111607538e-02
1.670332725305402610e-04 -2.189610653842857108e-02 -1.768824472111607538e-02
1.670332725305402610e-04 -2.189610653842857108e-02 -1.768824472111607538e-02
1.446578643688375791e-02 -6.725467237298221601e-04 -8.969361527043116095e-03
1.446578643688375791e-02 -6.725467237298221601e-04 -8.969361527043116095e-03
1.446578643688375791e-02 -6.725467237298221601e-04 -8.969361527043116095e-03
1.446578643688375791e-02 -6.725467237298221601e-04 -8.969361527043116095e-03
1.446578643688375791e-02 -6.725467237298221601e-04 -8.969361527043116095e-03
1.446578643688375791e-02 -6.725467237298221601e-04 -8.969361527043116095e-03
1.446578643688375791e-02 -6.725467237298221601e-04 -8.969361527043116095e-03
1.446578643688375791e-02 -6.725467237298221601e-04 -8.969361527043116095e-03
1.446578643688375791e-02 -6.725467237298221601e-04 -8.969361527043116095e-03
1.446578643688375791e-02 -6.725467237298221601e-04 -8.969361527043116095e-03
1.446578643688375791e-02 -6.725467237298221601e-04 -8.969361527043116095e-03
1.446578643688375791e-02 -6.725467237298221601e-04 -8.969361527043116095e-03
1.446578643688375791e-02 -6.725467237298221601e-04 -8.969361527043116095e-03
1.446578643688375791e-02 -6.725467237298221601e-04 -8.969361527043116095e-03
1.446578643688375791e-02 -6.725467237298221601e-04 -8.969361527043116095e-03
1.446578643688375791e-02 -6.725467237298221601e-04 -8.969361527043116095e-03
1.446578643688375791e-02 -6.725467237298221601e-04 -8.969361527043116095e-03
6.507640537312155138e-04 -6.244466598309621197e-03 -4.280865314394922440e-03
6.507640537312155138e-04 -6.244466598309621197e-03 -4.280865314394922440e-03
6.507640537312155138e-04 -6.244466598309621197e-03 -4.280865314394922440e-03
6.507640537312155138e-04 -6.244466598309621197e-03 -4.280865314394922440e-03
6.507640537312155138e-04 -6.244466598309621197e-03 -4.280865314394922440e-03
6.507640537312155138e-04 -6.244466598309621197e-03 -4.280865314394922440e-03
6.507640537312155138e-04 -6.244466598309621197e-03 -4.280865314394922440e-03
6.507640537312155138e-04 -6.244466598309621197e-03 -4.280865314394922440e-03
6.507640537312155138e-04 -6.244466598309621197e-03 -4.280865314394922440e-03
6.507640537312155138e-04 -6.244466598309621197e-03 -4.280865314394922440e-03
6.507640537312155138e-04 -6.244466598309621197e-03 -4.280865314394922440e-03
6.507640537312155138e-04 -6.244466598309621197e-03 -4.280865314394922440e-03
6.507640537312155138e-04 -6.244466598309621197e-03 -4.280865314394922440e-03
6.507640537312155138e-04 -6.244466598309621197e-03 -4.280865314394922440e-03
6.507640537312155138e-04 -6.244466598309621197e-03 -4.280865314394922440e-03
6.507640537312155138e-04 -6.244466598309621197e-03 -4.280865314394922440e-03
6.507640537312155138e-04 -6.244466598309621197e-03 -4.280865314394922440e-03
1.387264415340296909e-02 -8.246244564554354450e-04 3.648877589330718364e-03
1.387264415340296909e-02 -8.246244564554354450e-04 3.648877589330718364e-03
1.387264415340296909e-02 -8.246244564554354450e-04 3.648877589330718364e-03
1.387264415340296909e-02 -8.246244564554354450e-04 3.648877589330718364e-03
1.387264415340296909e-02 -8.246244564554354450e-04 3.648877589330718364e-03
1.387264415340296909e-02 -8.246244564554354450e-04 3.648877589330718364e-03
1.387264415340296909e-02 -8.246244564554354450e-04 3.648877589330718364e-03
1.387264415340296909e-02 -8.246244564554354450e-04 3.648877589330718364e-03
1.387264415340296909e-02 -8.246244564554354450e-04 3.648877589330718364e-03
1.387264415340296909e-02 -8.246244564554354450e-04 3.648877589330718364e-03
1.387264415340296909e-02 -8.246244564554354450e-04 3.648877589330718364e-03
1.387264415340296909e-02 -8.246244564554354450e-04 3.648877589330718364e-03
1.387264415340296909e-02 -8.246244564554354450e-04 3.648877589330718364e-03
1.387264415340296909e-02 -8.246244564554354450e-04 3.648877589330718364e-03
1.387264415340296909e-02 -8.246244564554354450e-04 3.648877589330718364e-03
1.387264415340296909e-02 -8.246244564554354450e-04 3.648877589330718364e-03
1.387264415340296909e-02 -8.246244564554354450e-04 3.648877589330718364e-03
1.362529736449091117e-02 -5.410117319270855291e-03 8.887053597861002685e-05
1.362529736449091117e-02 -5.410117319270855291e-03 8.887053597861002685e-05
1.362529736449091117e-02 -5.410117319270855291e-03 8.887053597861002685e-05
1.362529736449091117e-02 -5.410117319270855291e-03 8.887053597861002685e-05
1.362529736449091117e-02 -5.410117319270855291e-03 8.887053597861002685e-05
1.362529736449091117e-02 -5.410117319270855291e-03 8.887053597861002685e-05
1.362529736449091117e-02 -5.410117319270855291e-03 8.887053597861002685e-05
1.362529736449091117e-02 -5.410117319270855291e-03 8.887053597861002685e-05
1.362529736449091117e-02 -5.410117319270855291e-03 8.887053597861002685e-05
1.362529736449091117e-02 -5.410117319270855291e-03 8.887053597861002685e-05
1.362529736449091117e-02 -5.410117319270855291e-03 8.887053597861002685e-05
1.362529736449091117e-02 -5.410117319270855291e-03 8.887053597861002685e-05
1.362529736449091117e-02 -5.410117319270855291e-03 8.887053597861002685e-05
1.362529736449091117e-02 -5.410117319270855291e-03 8.887053597861002685e-05
1.362529736449091117e-02 -5.410117319270855291e-03 8.887053597861002685e-05
1.362529736449091117e-02 -5.410117319270855291e-03 8.887053597861002685e-05
1.362529736449091117e-02 -5.410117319270855291e-03 8.887053597861002685e-05
-1.635170462630716054e-02 1.111637316139517384e-02 2.461172926854788418e-04
-1.635170462630716054e-02 1.111637316139517384e-02 2.461172926854788418e-04
-1.635170462630716054e-02 1.111637316139517384e-02 2.461172926854788418e-04
-1.635170462630716054e-02 1.111637316139517384e-02 2.461172926854788418e-04
-1.635170462630716054e-02 1.111637316139517384e-02 2.461172926854788418e-04
-1.635170462630716054e-02 1.111637316139517384e-02 2.461172926854788418e-04
-1.635170462630716054e-02 1.111637316139517384e-02 2.461172926854788418e-04
-1.635170462630716054e-02 1.111637316139517384e-02 2.461172926854788418e-04
-1.635170462630716054e-02 1.111637316139517384e-02 2.461172926854788418e-04
-1.635170462630716054e-02 1.111637316139517384e-02 2.461172926854788418e-04
-1.635170462630716054e-02 1.111637316139517384e-02 2.461172926854788418e-04
-1.635170462630716054e-02 1.111637316139517384e-02 2.461172926854788418e-04
-1.635170462630716054e-02 1.111637316139517384e-02 2.461172926854788418e-04
-1.635170462630716054e-02 1.111637316139517384e-02 2.461172926854788418e-04
-1.635170462630716054e-02 1.111637316139517384e-02 2.461172926854788418e-04
-1.968362926819469672e-04 -3.051556618205161081e-02 -1.691569836818503439e-02
-1.968362926819469672e-04 -3.051556618205161081e-02 -1.691569836818503439e-02
-1.968362926819469672e-04 -3.051556618205161081e-02 -1.691569836818503439e-02
-1.968362926819469672e-04 -3.051556618205161081e-02 -1.691569836818503439e-02
-1.968362926819469672e-04 -3.051556618205161081e-02 -1.691569836818503439e-02
-1.968362926819469672e-04 -3.051556618205161081e-02 -1.691569836818503439e-02
-1.968362926819469672e-04 -3.051556618205161081e-02 -1.691569836818503439e-02
-1.968362926819469672e-04 -3.051556618205161081e-02 -1.691569836818503439e-02
-1.968362926819469672e-04 -3.051556618205161081e-02 -1.691569836818503439e-02
-1.968362926819469672e-04 -3.051556618205161081e-02 -1.691569836818503439e-02
-1.968362926819469672e-04 -3.051556618205161081e-02 -1.691569836818503439e-02
-1.968362926819469672e-04 -3.051556618205161081e-02 -1.691569836818503439e-02
-1.968362926819469672e-04 -3.051556618205161081e-02 -1.691569836818503439e-02
-1.968362926819469672e-04 -3.051556618205161081e-02 -1.691569836818503439e-02
-2.006225459481282558e-02 3.428563645688662009e-02 1.927294685068851876e-04
-2.006225459481282558e-02 3.428563645688662009e-02 1.927294685068851876e-04
-2.006225459481282558e-02 3.428563645688662009e-02 1.927294685068851876e-04
-2.006225459481282558e-02 3.428563645688662009e-02 1.927294685068851876e-04
-2.006225459481282558e-02 3.428563645688662009e-02 1.927294685068851876e-04
-2.006225459481282558e-02 3.428563645688662009e-02 1.927294685068851876e-04
-2.006225459481282558e-02 3.428563645688662009e-02 1.927294685068851876e-04
-2.006225459481282558e-02 3.428563645688662009e-02 1.927294685068851876e-04
-2.006225459481282558e-02 3.428563645688662009e-02 1.927294685068851876e-04
-2.006225459481282558e-02 3.428563645688662009e-02 1.927294685068851876e-04
-2.006225459481282558e-02 3.428563645688662009e-02 1.927294685068851876e-04
-2.006225459481282558e-02 3.428563645688662009e-02 1.927294685068851876e-04
-2.006225459481282558e-02 3.428563645688662009e-02 1.927294685068851876e-04
-2.006225459481282558e-02 3.428563645688662009e-02 1.927294685068851876e-04
-2.006225459481282558e-02 3.428563645688662009e-02 1.927294685068851876e-04
-2.006225459481282558e-02 3.428563645688662009e-02 1.927294685068851876e-04
-2.006225459481282558e-02 3.428563645688662009e-02 1.927294685068851876e-04
