-1.659156900076165508e-02 3.543771086857083752e-02 -9.411535837738731203e-05
-1.659156900076165508e-02 3.543771086857083752e-02 -9.411535837738731203e-05
-1.659156900076165508e-02 3.543771086857083752e-02 -9.411535837738731203e-05
-1.659156900076165508e-02 3.543771086857083752e-02 -9.411535837738731203e-05
-1.659156900076165508e-02 3.543771086857083752e-02 -9.411535837738731203e-05
-1.659156900076165508e-02 3.543771086857083752e-02 -9.411535837738731203e-05
-1.659156900076165508e-02 3.543771086857083752e-02 -9.411535837738731203e-05
-1.659156900076165508e-02 3.543771086857083752e-02 -9.411535837738731203e-05
-1.659156900076165508e-02 3.543771086857083752e-02 -9.411535837738731203e-05
-1.659156900076165508e-02 3.543771086857083752e-02 -9.411535837738731203e-05
-1.659156900076165508e-02 3.543771086857083752e-02 -9.411535837738731203e-05
-1.659156900076165508e-02 3.543771086857083752e-02 -9.411535837738731203e-05
-1.659156900076165508e-02 3.543771086857083752e-02 -9.411535837738731203e-05
-1.659156900076165508e-02 3.543771086857083752e-02 -9.411535837738731203e-05
-1.659156900076165508e-02 3.543771086857083752e-02 -9.411535837738731203e-05
-1.659156900076165508e-02 3.543771086857083752e-02 -9.411535837738731203e-05
-1.659156900076165508e-02 3.543771086857083752e-02 -9.411535837738731203e-05
7.385547776182842077e-03 -1.597024611585827827e-02 -1.533723665889170267e-03
7.385547776182842077e-03 -1.597024611585827827e-02 -1.533723665889170267e-03
7.385547776182842077e-03 -1.597024611585827827e-02 -1.533723665889170267e-03
7.385547776182842077e-03 -1.597024611585827827e-02 -1.533723665889170267e-03
7.385547776182842077e-03 -1.597024611585827827e-02 -1.533723665889170267e-03
7.385547776182842077e-03 -1.597024611585827827e-02 -1.533723665889170267e-03
7.385547776182842077e-03 -1.597024611585827827e-02 -1.533723665889170267e-03
7.385547776182842077e-03 -1.597024611585827827e-02 -1.533723665889170267e-03
7.385547776182842077e-03 -1.597024611585827827e-02 -1.533723665889170267e-03
7.385547776182842077e-03 -1.597024611585827827e-02 -1.533723665889170267e-03
7.385547776182842077e-03 -1.597024611585827827e-02 -1.533723665889170267e-03
7.385547776182842077e-03 -1.597024611585827827e-02 -1.533723665889170267e-03
7.385547776182842077e-03 -1.597024611585827827e-02 -1.533723665889170267e-03
7.385547776182842077e-03 -1.597024611585827827e-02 -1.533723665889170267e-03
7.385547776182842077e-03 -1.597024611585827827e-02 -1.533723665889170267e-03
7.385547776182842077e-03 -1.597024611585827827e-02 -1.533723665889170267e-03
7.385547776182842077e-03 -1.597024611585827827e-02 -1.533723665889170267e-03
-1.262825367195314491e-02 2.673739331165314939e-02 -1.405025992279444920e-02
-1.262825367195314491e-02 2.673739331165314939e-02 -1.405025992279444920e-02
-1.262825367195314491e-02 2.673739331165314939e-02 -1.405025992279444920e-02
-1.262825367195314491e-02 2.673739331165314939e-02 -1.405025992279444920e-02
-1.262825367195314491e-02 2.673739331165314939e-02 -1.405025992279444920e-02
-1.262825367195314491e-02 2.673739331165314939e-02 -1.405025992279444920e-02
-1.262825367195314491e-02 2.673739331165314939e-02 -1.405025992279444920e-02
-1.262825367195314491e-02 2.673739331165314939e-02 -1.405025992279444920e-02
-1.262825367195314491e-02 2.673739331165314939e-02 -1.405025992279444920e-02
-1.262825367195314491e-02 2.673739331165314939e-02 -1.405025992279444920e-02
-1.262825367195314491e-02 2.673739331165314939e-02 -1.405025992279444920e-02
-1.262825367195314491e-02 2.673739331165314939e-02 -1.405025992279444920e-02
-1.262825367195314491e-02 2.673739331165314939e-02 -1.405025992279444920e-02
-1.262825367195314491e-02 2.673739331165314939e-02 -1.405025992279444920e-02
-1.262825367195314491e-02 2.673739331165314939e-02 -1.405025992279444920e-02
-1.262825367195314491e-02 2.673739331165314939e-02 -1.405025992279444920e-02
-1.262825367195314491e-02 2.673739331165314939e-02 -1.405025992279444920e-02
-6.064966910087196336e-03 1.302357123462603676e-02 1.050608506116455267e-02
-6.064966910087196336e-03 1.302357123462603676e-02 1.050608506116455267e-02
-6.064966910087196336e-03 1.302357123462603676e-02 1.050608506116455267e-02
-6.064966910087196336e-03 1.302357123462603676e-02 1.050608506116455267e-02
-6.064966910087196336e-03 1.302357123462603676e-02 1.050608506116455267e-02
-6.064966910087196336e-03 1.302357123462603676e-02 1.050608506116455267e-02
-6.064966910087196336e-03 1.302357123462603676e-02 1.050608506116455267e-02
-6.064966910087196336e-03 1.302357123462603676e-02 1.050608506116455267e-02
-6.064966910087196336e-03 1.302357123462603676e-02 1.050608506116455267e-02
-6.064966910087196336e-03 1.302357123462603676e-02 1.050608506116455267e-02
-6.064966910087196336e-03 1.302357123462603676e-02 1.050608506116455267e-02
-6.064966910087196336e-03 1.302357123462603676e-02 1.050608506116455267e-02
-6.064966910087196336e-03 1.302357123462603676e-02 1.050608506116455267e-02
-6.064966910087196336e-03 1.302357123462603676e-02 1.050608506116455267e-02
-6.064966910087196336e-03 1.302357123462603676e-02 1.050608506116455267e-02
-6.064966910087196336e-03 1.302357123462603676e-02 1.050608506116455267e-02
-6.064966910087196336e-03 1.302357123462603676e-02 1.050608506116455267e-02
2.346863581585826447e-02 -2.468551209742301036e-02 -1.639065229010592747e-02
2.346863581585826447e-02 -2.468551209742301036e-02 -1.639065229010592747e-02
2.346863581585826447e-02 -2.468551209742301036e-02 -1.639065229010592747e-02
2.346863581585826447e-02 -2.468551209742301036e-02 -1.639065229010592747e-02
2.346863581585826447e-02 -2.468551209742301036e-02 -1.639065229010592747e-02
2.346863581585826447e-02 -2.468551209742301036e-02 -1.639065229010592747e-02
2.346863581585826447e-02 -2.468551209742301036e-02 -1.639065229010592747e-02
2.346863581585826447e-02 -2.468551209742301036e-02 -1.639065229010592747e-02
-1.027562255603857791e-02 2.210921732925144947e-02 1.767323449643848701e-02
-1.027562255603857791e-02 2.210921732925144947e-02 1.767323449643848701e-02
-1.027562255603857791e-02 2.210921732925144947e-02 1.767323449643848701e-02
-1.027562255603857791e-02 2.210921732925144947e-02 1.767323449643848701e-02
-1.027562255603857791e-02 2.210921732925144947e-02 1.767323449643848701e-02
-1.027562255603857791e-02 2.210921732925144947e-02 1.767323449643848701e-02
-1.027562255603857791e-02 2.210921732925144947e-02 1.767323449643848701e-02
-1.027562255603857791e-02 2.210921732925144947e-02 1.767323449643848701e-02
-1.027562255603857791e-02 2.210921732925144947e-02 1.767323449643848701e-02
-1.027562255603857791e-02 2.210921732925144947e-02 1.767323449643848701e-02
-1.027562255603857791e-02 2.210921732925144947e-02 1.767323449643848701e-02
1.401298518913975284e-02 -3.007933518804237899e-02 1.412892307752123752e-02
1.401298518913975284e-02 -3.007933518804237899e-02 1.412892307752123752e-02
1.401298518913975284e-02 -3.007933518804237899e-02 1.412892307752123752e-02
1.401298518913975284e-02 -3.007933518804237899e-02 1.412892307752123752e-02
1.401298518913975284e-02 -3.007933518804237899e-02 1.412892307752123752e-02
1.401298518913975284e-02 -3.007933518804237899e-02 1.412892307752123752e-02
1.401298518913975284e-02 -3.007933518804237899e-02 1.412892307752123752e-02
1.401298518913975284e-02 -3.007933518804237899e-02 1.412892307752123752e-02
1.401298518913975284e-02 -3.007933518804237899e-02 1.412892307752123752e-02
1.401298518913975284e-02 -3.007933518804237899e-02 1.412892307752123752e-02
1.401298518913975284e-02 -3.007933518804237899e-02 1.412892307752123752e-02
1.401298518913975284e-02 -3.007933518804237899e-02 1.412892307752123752e-02
1.401298518913975284e-02 -3.007933518804237899e-02 1.412892307752123752e-02
1.401298518913975284e-02 -3.007933518804237899e-02 1.412892307752123752e-02
1.401298518913975284e-02 -3.007933518804237899e-02 1.412892307752123752e-02
1.401298518913975284e-02 -3.007933518804237899e-02 1.412892307752123752e-02
1.401298518913975284e-02 -3.007933518804237899e-02 1.412892307752123752e-02
1.302105217804520182e-02 -2.834317891960113842e-02 -1.629380270237060918e-02
1.302105217804520182e-02 -2.834317891960113842e-02 -1.629380270237060918e-02
1.302105217804520182e-02 -2.834317891960113842e-02 -1.629380270237060918e-02
1.302105217804520182e-02 -2.834317891960113842e-02 -1.629380270237060918e-02
1.302105217804520182e-02 -2.834317891960113842e-02 -1.629380270237060918e-02
1.302105217804520182e-02 -2.834317891960113842e-02 -1.629380270237060918e-02
1.302105217804520182e-02 -2.834317891960113842e-02 -1.629380270237060918e-02
1.302105217804520182e-02 -2.834317891960113842e-02 -1.629380270237060918e-02
1.302105217804520182e-02 -2.834317891960113842e-02 -1.629380270237060918e-02
1.302105217804520182e-02 -2.834317891960113842e-02 -1.629380270237060918e-02
1.302105217804520182e-02 -2.834317891960113842e-02 -1.629380270237060918e-02
1.302105217804520182e-02 -2.834317891960113842e-02 -1.629380270237060918e-02
1.302105217804520182e-02 -2.834317891960113842e-02 -1.629380270237060918e-02
1.302105217804520182e-02 -2.834317891960113842e-02 -1.629380270237060918e-02
1.302105217804520182e-02 -2.834317891960113842e-02 -1.629380270237060918e-02
1.302105217804520182e-02 -2.834317891960113842e-02 -1.629380270237060918e-02
1.302105217804520182e-02 -2.834317891960113842e-02 -1.629380270237060918e-02
1.335115486043635981e-02 -2.895331813491764522e-02 -1.054025892006370431e-02
1.335115486043635981e-02 -2.895331813491764522e-02 -1.054025892006370431e-02
1.335115486043635981e-02 -2.895331813491764522e-02 -1.054025892006370431e-02
1.335115486043635981e-02 -2.895331813491764522e-02 -1.054025892006370431e-02
1.335115486043635981e-02 -2.895331813491764522e-02 -1.054025892006370431e-02
1.335115486043635981e-02 -2.895331813491764522e-02 -1.054025892006370431e-02
1.335115486043635981e-02 -2.895331813491764522e-02 -1.054025892006370431e-02
1.335115486043635981e-02 -2.895331813491764522e-02 -1.054025892006370431e-02
1.335115486043635981e-02 -2.895331813491764522e-02 -1.054025892006370431e-02
1.335115486043635981e-02 -2.895331813491764522e-02 -1.054025892006370431e-02
1.335115486043635981e-02 -2.895331813491764522e-02 -1.054025892006370431e-02
1.335115486043635981e-02 -2.895331813491764522e-02 -1.054025892006370431e-02
1.335115486043635981e-02 -2.895331813491764522e-02 -1.054025892006370431e-02
1.335115486043635981e-02 -2.895331813491764522e-02 -1.054025892006370431e-02
1.335115486043635981e-02 -2.895331813491764522e-02 -1.054025892006370431e-02
1.335115486043635981e-02 -2.895331813491764522e-02 -1.054025892006370431e-02
1.335115486043635981e-02 -2.895331813491764522e-02 -1.054025892006370431e-02
-2.655396948910903471e-02 2.238100807457197791e-02 -1.759188961909550347e-02
-2.655396948910903471e-02 2.238100807457197791e-02 -1.759188961909550347e-02
-2.655396948910903471e-02 2.238100807457197791e-02 -1.759188961909550347e-02
-2.655396948910903471e-02 2.238100807457197791e-02 -1.759188961909550347e-02
-2.655396948910903471e-02 2.238100807457197791e-02 -1.759188961909550347e-02
-2.655396948910903471e-02 2.238100807457197791e-02 -1.759188961909550347e-02
-2.655396948910903471e-02 2.238100807457197791e-02 -1.759188961909550347e-02
-2.655396948910903471e-02 2.238100807457197791e-02 -1.759188961909550347e-02
-2.655396948910903471e-02 2.238100807457197791e-02 -1.759188961909550347e-02
-2.655396948910903471e-02 2.238100807457197791e-02 -1.759188961909550347e-02
2.695648014907388312e-02 -2.325528928432614093e-02 -1.901923585550985979e-02
2.695648014907388312e-02 -2.325528928432614093e-02 -1.901923585550985979e-02
2.695648014907388312e-02 -2.325528928432614093e-02 -1.901923585550985979e-02
2.695648014907388312e-02 -2.325528928432614093e-02 -1.901923585550985979e-02
2.695648014907388312e-02 -2.325528928432614093e-02 -1.901923585550985979e-02
2.695648014907388312e-02 -2.325528928432614093e-02 -1.901923585550985979e-02
2.695648014907388312e-02 -2.325528928432614093e-02 -1.901923585550985979e-02
2.695648014907388312e-02 -2.325528928432614093e-02 -1.901923585550985979e-02
2.695648014907388312e-02 -2.325528928432614093e-02 -1.901923585550985979e-02
8.072357065047343003e-03 -3.195043882844714189e-02 -1.679328477185881158e-02
8.072357065047343003e-03 -3.195043882844714189e-02 -1.679328477185881158e-02
8.072357065047343003e-03 -3.195043882844714189e-02 -1.679328477185881158e-02
8.072357065047343003e-03 -3.195043882844714189e-02 -1.679328477185881158e-02
8.072357065047343003e-03 -3.195043882844714189e-02 -1.679328477185881158e-02
2.571470765611517592e-02 -2.338025027889669566e-02 -1.410432333861244732e-02
2.571470765611517592e-02 -2.338025027889669566e-02 -1.410432333861244732e-02
2.571470765611517592e-02 -2.338025027889669566e-02 -1.410432333861244732e-02
2.571470765611517592e-02 -2.338025027889669566e-02 -1.410432333861244732e-02
1.427192582855871250e-02 -2.915277487687307698e-02 -2.016763892596478563e-02
1.427192582855871250e-02 -2.915277487687307698e-02 -2.016763892596478563e-02
1.427192582855871250e-02 -2.915277487687307698e-02 -2.016763892596478563e-02
1.427192582855871250e-02 -2.915277487687307698e-02 -2.016763892596478563e-02
1.427192582855871250e-02 -2.915277487687307698e-02 -2.016763892596478563e-02
1.427192582855871250e-02 -2.915277487687307698e-02 -2.016763892596478563e-02
1.427192582855871250e-02 -2.915277487687307698e-02 -2.016763892596478563e-02
1.427192582855871250e-02 -2.915277487687307698e-02 -2.016763892596478563e-02
1.427192582855871250e-02 -2.915277487687307698e-02 -2.016763892596478563e-02
1.427192582855871250e-02 -2.915277487687307698e-02 -2.016763892596478563e-02
-1.527060293378111958e-02 3.264058163446321992e-02 1.825551628366671973e-03
-1.527060293378111958e-02 3.264058163446321992e-02 1.825551628366671973e-03
-1.527060293378111958e-02 3.264058163446321992e-02 1.825551628366671973e-03
-1.527060293378111958e-02 3.264058163446321992e-02 1.825551628366671973e-03
-1.527060293378111958e-02 3.264058163446321992e-02 1.825551628366671973e-03
-1.527060293378111958e-02 3.264058163446321992e-02 1.825551628366671973e-03
-1.527060293378111958e-02 3.264058163446321992e-02 1.825551628366671973e-03
-1.527060293378111958e-02 3.264058163446321992e-02 1.825551628366671973e-03
-1.527060293378111958e-02 3.264058163446321992e-02 1.825551628366671973e-03
-1.527060293378111958e-02 3.264058163446321992e-02 1.825551628366671973e-03
-1.527060293378111958e-02 3.264058163446321992e-02 1.825551628366671973e-03
-1.527060293378111958e-02 3.264058163446321992e-02 1.825551628366671973e-03
-1.527060293378111958e-02 3.264058163446321992e-02 1.825551628366671973e-03
-1.527060293378111958e-02 3.264058163446321992e-02 1.825551628366671973e-03
-1.527060293378111958e-02 3.264058163446321992e-02 1.825551628366671973e-03
-1.527060293378111958e-02 3.264058163446321992e-02 1.825551628366671973e-03
-1.527060293378111958e-02 3.264058163446321992e-02 1.825551628366671973e-03
-6.670292372397223710e-03 3.058681046814948346e-02 -1.117499728338480942e-02
-6.670292372397223710e-03 3.058681046814948346e-02 -1.117499728338480942e-02
-6.670292372397223710e-03 3.058681046814948346e-02 -1.117499728338480942e-02
-6.670292372397223710e-03 3.058681046814948346e-02 -1.117499728338480942e-02
-6.670292372397223710e-03 3.058681046814948346e-02 -1.117499728338480942e-02
-6.670292372397223710e-03 3.058681046814948346e-02 -1.117499728338480942e-02
-6.670292372397223710e-03 3.058681046814948346e-02 -1.117499728338480942e-02
-6.670292372397223710e-03 3.058681046814948346e-02 -1.117499728338480942e-02
