1.182235402611290891e-03 -5.482546155004343162e-03 1.338328948838845428e-02
1.182235402611290891e-03 -5.482546155004343162e-03 1.338328948838845428e-02
1.182235402611290891e-03 -5.482546155004343162e-03 1.338328948838845428e-02
1.182235402611290891e-03 -5.482546155004343162e-03 1.338328948838845428e-02
1.182235402611290891e-03 -5.482546155004343162e-03 1.338328948838845428e-02
1.182235402611290891e-03 -5.482546155004343162e-03 1.338328948838845428e-02
1.182235402611290891e-03 -5.482546155004343162e-03 1.338328948838845428e-02
1.182235402611290891e-03 -5.482546155004343162e-03 1.338328948838845428e-02
1.182235402611290891e-03 -5.482546155004343162e-03 1.338328948838845428e-02
1.182235402611290891e-03 -5.482546155004343162e-03 1.338328948838845428e-02
1.182235402611290891e-03 -5.482546155004343162e-03 1.338328948838845428e-02
1.182235402611290891e-03 -5.482546155004343162e-03 1.338328948838845428e-02
1.182235402611290891e-03 -5.482546155004343162e-03 1.338328948838845428e-02
1.182235402611290891e-03 -5.482546155004343162e-03 1.338328948838845428e-02
1.182235402611290891e-03 -5.482546155004343162e-03 1.338328948838845428e-02
1.182235402611290891e-03 -5.482546155004343162e-03 1.338328948838845428e-02
1.182235402611290891e-03 -5.482546155004343162e-03 1.338328948838845428e-02
-1.800853486280482724e-03 1.203722378633008405e-02 1.057070995043593933e-02
-1.800853486280482724e-03 1.203722378633008405e-02 1.057070995043593933e-02
-1.800853486280482724e-03 1.203722378633008405e-02 1.057070995043593933e-02
-1.800853486280482724e-03 1.203722378633008405e-02 1.057070995043593933e-02
-1.800853486280482724e-03 1.203722378633008405e-02 1.057070995043593933e-02
-1.800853486280482724e-03 1.203722378633008405e-02 1.057070995043593933e-02
-1.800853486280482724e-03 1.203722378633008405e-02 1.057070995043593933e-02
-1.800853486280482724e-03 1.203722378633008405e-02 1.057070995043593933e-02
-1.800853486280482724e-03 1.203722378633008405e-02 1.057070995043593933e-02
-1.800853486280482724e-03 1.203722378633008405e-02 1.057070995043593933e-02
-1.800853486280482724e-03 1.203722378633008405e-02 1.057070995043593933e-02
-1.800853486280482724e-03 1.203722378633008405e-02 1.057070995043593933e-02
-1.800853486280482724e-03 1.203722378633008405e-02 1.057070995043593933e-02
-1.800853486280482724e-03 1.203722378633008405e-02 1.057070995043593933e-02
-1.800853486280482724e-03 1.203722378633008405e-02 1.057070995043593933e-02
-1.800853486280482724e-03 1.203722378633008405e-02 1.057070995043593933e-02
-1.800853486280482724e-03 1.203722378633008405e-02 1.057070995043593933e-02
2.664151404659717212e-03 -1.376191126623821370e-02 -9.119653123206703654e-03
2.664151404659717212e-03 -1.376191126623821370e-02 -9.119653123206703654e-03
2.664151404659717212e-03 -1.376191126623821370e-02 -9.119653123206703654e-03
2.664151404659717212e-03 -1.376191126623821370e-02 -9.119653123206703654e-03
2.664151404659717212e-03 -1.376191126623821370e-02 -9.119653123206703654e-03
2.664151404659717212e-03 -1.376191126623821370e-02 -9.119653123206703654e-03
2.664151404659717212e-03 -1.376191126623821370e-02 -9.119653123206703654e-03
2.664151404659717212e-03 -1.376191126623821370e-02 -9.119653123206703654e-03
2.664151404659717212e-03 -1.376191126623821370e-02 -9.119653123206703654e-03
2.664151404659717212e-03 -1.376191126623821370e-02 -9.119653123206703654e-03
2.664151404659717212e-03 -1.376191126623821370e-02 -9.119653123206703654e-03
2.664151404659717212e-03 -1.376191126623821370e-02 -9.119653123206703654e-03
2.664151404659717212e-03 -1.376191126623821370e-02 -9.119653123206703654e-03
2.664151404659717212e-03 -1.376191126623821370e-02 -9.119653123206703654e-03
2.664151404659717212e-03 -1.376191126623821370e-02 -9.119653123206703654e-03
2.664151404659717212e-03 -1.376191126623821370e-02 -9.119653123206703654e-03
2.664151404659717212e-03 -1.376191126623821370e-02 -9.119653123206703654e-03
1.529099865159218481e-03 -7.297378809242533425e-03 7.082987268859861248e-03
1.529099865159218481e-03 -7.297378809242533425e-03 7.082987268859861248e-03
1.529099865159218481e-03 -7.297378809242533425e-03 7.082987268859861248e-03
1.529099865159218481e-03 -7.297378809242533425e-03 7.082987268859861248e-03
1.529099865159218481e-03 -7.297378809242533425e-03 7.082987268859861248e-03
1.529099865159218481e-03 -7.297378809242533425e-03 7.082987268859861248e-03
1.529099865159218481e-03 -7.297378809242533425e-03 7.082987268859861248e-03
1.529099865159218481e-03 -7.297378809242533425e-03 7.082987268859861248e-03
1.529099865159218481e-03 -7.297378809242533425e-03 7.082987268859861248e-03
1.529099865159218481e-03 -7.297378809242533425e-03 7.082987268859861248e-03
1.529099865159218481e-03 -7.297378809242533425e-03 7.082987268859861248e-03
1.529099865159218481e-03 -7.297378809242533425e-03 7.082987268859861248e-03
1.529099865159218481e-03 -7.297378809242533425e-03 7.082987268859861248e-03
1.529099865159218481e-03 -7.297378809242533425e-03 7.082987268859861248e-03
1.529099865159218481e-03 -7.297378809242533425e-03 7.082987268859861248e-03
1.529099865159218481e-03 -7.297378809242533425e-03 7.082987268859861248e-03
1.529099865159218481e-03 -7.297378809242533425e-03 7.082987268859861248e-03
1.574019435066872571e-03 -7.363957190235407256e-03 -5.638392101006122620e-03
1.574019435066872571e-03 -7.363957190235407256e-03 -5.638392101006122620e-03
1.574019435066872571e-03 -7.363957190235407256e-03 -5.638392101006122620e-03
1.574019435066872571e-03 -7.363957190235407256e-03 -5.638392101006122620e-03
1.574019435066872571e-03 -7.363957190235407256e-03 -5.638392101006122620e-03
1.574019435066872571e-03 -7.363957190235407256e-03 -5.638392101006122620e-03
1.574019435066872571e-03 -7.363957190235407256e-03 -5.638392101006122620e-03
1.574019435066872571e-03 -7.363957190235407256e-03 -5.638392101006122620e-03
1.574019435066872571e-03 -7.363957190235407256e-03 -5.638392101006122620e-03
1.574019435066872571e-03 -7.363957190235407256e-03 -5.638392101006122620e-03
1.574019435066872571e-03 -7.363957190235407256e-03 -5.638392101006122620e-03
1.574019435066872571e-03 -7.363957190235407256e-03 -5.638392101006122620e-03
1.574019435066872571e-03 -7.363957190235407256e-03 -5.638392101006122620e-03
1.574019435066872571e-03 -7.363957190235407256e-03 -5.638392101006122620e-03
1.574019435066872571e-03 -7.363957190235407256e-03 -5.638392101006122620e-03
1.574019435066872571e-03 -7.363957190235407256e-03 -5.638392101006122620e-03
1.574019435066872571e-03 -7.363957190235407256e-03 -5.638392101006122620e-03
-1.112556203169521446e-02 -1.927760032184899427e-03 8.175282662394593031e-03
-1.112556203169521446e-02 -1.927760032184899427e-03 8.175282662394593031e-03
-1.112556203169521446e-02 -1.927760032184899427e-03 8.175282662394593031e-03
-1.112556203169521446e-02 -1.927760032184899427e-03 8.175282662394593031e-03
-1.112556203169521446e-02 -1.927760032184899427e-03 8.175282662394593031e-03
-1.112556203169521446e-02 -1.927760032184899427e-03 8.175282662394593031e-03
-1.112556203169521446e-02 -1.927760032184899427e-03 8.175282662394593031e-03
-1.112556203169521446e-02 -1.927760032184899427e-03 8.175282662394593031e-03
-1.112556203169521446e-02 -1.927760032184899427e-03 8.175282662394593031e-03
-1.112556203169521446e-02 -1.927760032184899427e-03 8.175282662394593031e-03
-1.112556203169521446e-02 -1.927760032184899427e-03 8.175282662394593031e-03
-1.112556203169521446e-02 -1.927760032184899427e-03 8.175282662394593031e-03
-1.112556203169521446e-02 -1.927760032184899427e-03 8.175282662394593031e-03
-1.112556203169521446e-02 -1.927760032184899427e-03 8.175282662394593031e-03
-1.112556203169521446e-02 -1.927760032184899427e-03 8.175282662394593031e-03
-1.112556203169521446e-02 -1.927760032184899427e-03 8.175282662394593031e-03
-1.112556203169521446e-02 -1.927760032184899427e-03 8.175282662394593031e-03
7.160256599819474731e-05 -7.276988576421575261e-05 -5.494316393561447277e-03
7.160256599819474731e-05 -7.276988576421575261e-05 -5.494316393561447277e-03
7.160256599819474731e-05 -7.276988576421575261e-05 -5.494316393561447277e-03
7.160256599819474731e-05 -7.276988576421575261e-05 -5.494316393561447277e-03
7.160256599819474731e-05 -7.276988576421575261e-05 -5.494316393561447277e-03
7.160256599819474731e-05 -7.276988576421575261e-05 -5.494316393561447277e-03
7.160256599819474731e-05 -7.276988576421575261e-05 -5.494316393561447277e-03
7.160256599819474731e-05 -7.276988576421575261e-05 -5.494316393561447277e-03
7.160256599819474731e-05 -7.276988576421575261e-05 -5.494316393561447277e-03
7.160256599819474731e-05 -7.276988576421575261e-05 -5.494316393561447277e-03
7.160256599819474731e-05 -7.276988576421575261e-05 -5.494316393561447277e-03
7.160256599819474731e-05 -7.276988576421575261e-05 -5.494316393561447277e-03
7.160256599819474731e-05 -7.276988576421575261e-05 -5.494316393561447277e-03
7.160256599819474731e-05 -7.276988576421575261e-05 -5.494316393561447277e-03
7.160256599819474731e-05 -7.276988576421575261e-05 -5.494316393561447277e-03
7.160256599819474731e-05 -7.276988576421575261e-05 -5.494316393561447277e-03
7.160256599819474731e-05 -7.276988576421575261e-05 -5.494316393561447277e-03
-7.566719297422037915e-04 6.152941394656413765e-03 -5.670023224182698610e-04
-7.566719297422037915e-04 6.152941394656413765e-03 -5.670023224182698610e-04
-7.566719297422037915e-04 6.152941394656413765e-03 -5.670023224182698610e-04
-7.566719297422037915e-04 6.152941394656413765e-03 -5.670023224182698610e-04
-7.566719297422037915e-04 6.152941394656413765e-03 -5.670023224182698610e-04
-7.566719297422037915e-04 6.152941394656413765e-03 -5.670023224182698610e-04
-7.566719297422037915e-04 6.152941394656413765e-03 -5.670023224182698610e-04
-7.566719297422037915e-04 6.152941394656413765e-03 -5.670023224182698610e-04
-7.566719297422037915e-04 6.152941394656413765e-03 -5.670023224182698610e-04
-7.566719297422037915e-04 6.152941394656413765e-03 -5.670023224182698610e-04
-7.566719297422037915e-04 6.152941394656413765e-03 -5.670023224182698610e-04
-7.566719297422037915e-04 6.152941394656413765e-03 -5.670023224182698610e-04
-7.566719297422037915e-04 6.152941394656413765e-03 -5.670023224182698610e-04
-7.566719297422037915e-04 6.152941394656413765e-03 -5.670023224182698610e-04
-7.566719297422037915e-04 6.152941394656413765e-03 -5.670023224182698610e-04
-7.566719297422037915e-04 6.152941394656413765e-03 -5.670023224182698610e-04
-7.566719297422037915e-04 6.152941394656413765e-03 -5.670023224182698610e-04
1.773343127199752609e-03 -8.441040702291685224e-03 -1.820706123052203557e-02
1.773343127199752609e-03 -8.441040702291685224e-03 -1.820706123052203557e-02
1.773343127199752609e-03 -8.441040702291685224e-03 -1.820706123052203557e-02
1.773343127199752609e-03 -8.441040702291685224e-03 -1.820706123052203557e-02
1.773343127199752609e-03 -8.441040702291685224e-03 -1.820706123052203557e-02
1.773343127199752609e-03 -8.441040702291685224e-03 -1.820706123052203557e-02
1.773343127199752609e-03 -8.441040702291685224e-03 -1.820706123052203557e-02
1.773343127199752609e-03 -8.441040702291685224e-03 -1.820706123052203557e-02
1.773343127199752609e-03 -8.441040702291685224e-03 -1.820706123052203557e-02
1.773343127199752609e-03 -8.441040702291685224e-03 -1.820706123052203557e-02
1.773343127199752609e-03 -8.441040702291685224e-03 -1.820706123052203557e-02
1.773343127199752609e-03 -8.441040702291685224e-03 -1.820706123052203557e-02
1.773343127199752609e-03 -8.441040702291685224e-03 -1.820706123052203557e-02
1.773343127199752609e-03 -8.441040702291685224e-03 -1.820706123052203557e-02
1.773343127199752609e-03 -8.441040702291685224e-03 -1.820706123052203557e-02
1.773343127199752609e-03 -8.441040702291685224e-03 -1.820706123052203557e-02
1.773343127199752609e-03 -8.441040702291685224e-03 -1.820706123052203557e-02
-4.042883595662544183e-05 2.073578744695350924e-03 -6.538155610087496503e-03
-4.042883595662544183e-05 2.073578744695350924e-03 -6.538155610087496503e-03
-4.042883595662544183e-05 2.073578744695350924e-03 -6.538155610087496503e-03
-4.042883595662544183e-05 2.073578744695350924e-03 -6.538155610087496503e-03
-4.042883595662544183e-05 2.073578744695350924e-03 -6.538155610087496503e-03
-4.042883595662544183e-05 2.073578744695350924e-03 -6.538155610087496503e-03
-4.042883595662544183e-05 2.073578744695350924e-03 -6.538155610087496503e-03
-4.042883595662544183e-05 2.073578744695350924e-03 -6.538155610087496503e-03
-4.042883595662544183e-05 2.073578744695350924e-03 -6.538155610087496503e-03
-4.042883595662544183e-05 2.073578744695350924e-03 -6.538155610087496503e-03
-4.042883595662544183e-05 2.073578744695350924e-03 -6.538155610087496503e-03
-4.042883595662544183e-05 2.073578744695350924e-03 -6.538155610087496503e-03
-4.042883595662544183e-05 2.073578744695350924e-03 -6.538155610087496503e-03
-4.042883595662544183e-05 2.073578744695350924e-03 -6.538155610087496503e-03
-4.042883595662544183e-05 2.073578744695350924e-03 -6.538155610087496503e-03
-4.042883595662544183e-05 2.073578744695350924e-03 -6.538155610087496503e-03
-4.042883595662544183e-05 2.073578744695350924e-03 -6.538155610087496503e-03
-2.077993959801564816e-03 1.347285598226734965e-02 2.870784123218786225e-03
-2.077993959801564816e-03 1.347285598226734965e-02 2.870784123218786225e-03
-2.077993959801564816e-03 1.347285598226734965e-02 2.870784123218786225e-03
-2.077993959801564816e-03 1.347285598226734965e-02 2.870784123218786225e-03
-2.077993959801564816e-03 1.347285598226734965e-02 2.870784123218786225e-03
-2.077993959801564816e-03 1.347285598226734965e-02 2.870784123218786225e-03
-2.077993959801564816e-03 1.347285598226734965e-02 2.870784123218786225e-03
-2.077993959801564816e-03 1.347285598226734965e-02 2.870784123218786225e-03
-2.077993959801564816e-03 1.347285598226734965e-02 2.870784123218786225e-03
-2.077993959801564816e-03 1.347285598226734965e-02 2.870784123218786225e-03
-2.077993959801564816e-03 1.347285598226734965e-02 2.870784123218786225e-03
-2.077993959801564816e-03 1.347285598226734965e-02 2.870784123218786225e-03
-2.077993959801564816e-03 1.347285598226734965e-02 2.870784123218786225e-03
-2.077993959801564816e-03 1.347285598226734965e-02 2.870784123218786225e-03
-2.077993959801564816e-03 1.347285598226734965e-02 2.870784123218786225e-03
-2.077993959801564816e-03 1.347285598226734965e-02 2.870784123218786225e-03
-2.077993959801564816e-03 1.347285598226734965e-02 2.870784123218786225e-03
1.940503552818111273e-03 -9.500122363051461891e-03 -7.020650420885647322e-03
1.940503552818111273e-03 -9.500122363051461891e-03 -7.020650420885647322e-03
1.940503552818111273e-03 -9.500122363051461891e-03 -7.020650420885647322e-03
1.940503552818111273e-03 -9.500122363051461891e-03 -7.020650420885647322e-03
1.940503552818111273e-03 -9.500122363051461891e-03 -7.020650420885647322e-03
1.940503552818111273e-03 -9.500122363051461891e-03 -7.020650420885647322e-03
1.940503552818111273e-03 -9.500122363051461891e-03 -7.020650420885647322e-03
1.940503552818111273e-03 -9.500122363051461891e-03 -7.020650420885647322e-03
1.940503552818111273e-03 -9.500122363051461891e-03 -7.020650420885647322e-03
1.940503552818111273e-03 -9.500122363051461891e-03 -7.020650420885647322e-03
1.940503552818111273e-03 -9.500122363051461891e-03 -7.020650420885647322e-03
1.940503552818111273e-03 -9.500122363051461891e-03 -7.020650420885647322e-03
1.940503552818111273e-03 -9.500122363051461891e-03 -7.020650420885647322e-03
1.940503552818111273e-03 -9.500122363051461891e-03 -7.020650420885647322e-03
1.940503552818111273e-03 -9.500122363051461891e-03 -7.020650420885647322e-03
1.940503552818111273e-03 -9.500122363051461891e-03 -7.020650420885647322e-03
1.940503552818111273e-03 -9.500122363051461891e-03 -7.020650420885647322e-03
1.205765485492904868e-02 2.015299803449921955e-03 1.151111377694181634e-02
1.205765485492904868e-02 2.015299803449921955e-03 1.151111377694181634e-02
1.205765485492904868e-02 2.015299803449921955e-03 1.151111377694181634e-02
1.205765485492904868e-02 2.015299803449921955e-03 1.151111377694181634e-02
1.205765485492904868e-02 2.015299803449921955e-03 1.151111377694181634e-02
1.205765485492904868e-02 2.015299803449921955e-03 1.151111377694181634e-02
1.205765485492904868e-02 2.015299803449921955e-03 1.151111377694181634e-02
1.205765485492904868e-02 2.015299803449921955e-03 1.151111377694181634e-02
1.205765485492904868e-02 2.015299803449921955e-03 1.151111377694181634e-02
1.205765485492904868e-02 2.015299803449921955e-03 1.151111377694181634e-02
1.205765485492904868e-02 2.015299803449921955e-03 1.151111377694181634e-02
1.205765485492904868e-02 2.015299803449921955e-03 1.151111377694181634e-02
1.205765485492904868e-02 2.015299803449921955e-03 1.151111377694181634e-02
1.205765485492904868e-02 2.015299803449921955e-03 1.151111377694181634e-02
1.205765485492904868e-02 2.015299803449921955e-03 1.151111377694181634e-02
1.205765485492904868e-02 2.015299803449921955e-03 1.151111377694181634e-02
1.205765485492904868e-02 2.015299803449921955e-03 1.151111377694181634e-02
5.508761167422071905e-03 9.138649306424818236e-04 1.447963295709622442e-02
5.508761167422071905e-03 9.138649306424818236e-04 1.447963295709622442e-02
5.508761167422071905e-03 9.138649306424818236e-04 1.447963295709622442e-02
5.508761167422071905e-03 9.138649306424818236e-04 1.447963295709622442e-02
5.508761167422071905e-03 9.138649306424818236e-04 1.447963295709622442e-02
5.508761167422071905e-03 9.138649306424818236e-04 1.447963295709622442e-02
5.508761167422071905e-03 9.138649306424818236e-04 1.447963295709622442e-02
5.508761167422071905e-03 9.138649306424818236e-04 1.447963295709622442e-02
5.508761167422071905e-03 9.138649306424818236e-04 1.447963295709622442e-02
5.508761167422071905e-03 9.138649306424818236e-04 1.447963295709622442e-02
5.508761167422071905e-03 9.138649306424818236e-04 1.447963295709622442e-02
5.508761167422071905e-03 9.138649306424818236e-04 1.447963295709622442e-02
5.508761167422071905e-03 9.138649306424818236e-04 1.447963295709622442e-02
5.508761167422071905e-03 9.138649306424818236e-04 1.447963295709622442e-02
5.508761167422071905e-03 9.138649306424818236e-04 1.447963295709622442e-02
5.508761167422071905e-03 9.138649306424818236e-04 1.447963295709622442e-02
5.508761167422071905e-03 9.138649306424818236e-04 1.447963295709622442e-02
