1.130213172169459018e-01 5.203026627855193015e-02 -4.512975480817427339e-03
1.130213172169459018e-01 5.203026627855193015e-02 -4.512975480817427339e-03
1.130213172169459018e-01 5.203026627855193015e-02 -4.512975480817427339e-03
1.130213172169459018e-01 5.203026627855193015e-02 -4.512975480817427339e-03
1.130213172169459018e-01 5.203026627855193015e-02 -4.512975480817427339e-03
1.130213172169459018e-01 5.203026627855193015e-02 -4.512975480817427339e-03
1.130213172169459018e-01 5.203026627855193015e-02 -4.512975480817427339e-03
1.130213172169459018e-01 5.203026627855193015e-02 -4.512975480817427339e-03
1.130213172169459018e-01 5.203026627855193015e-02 -4.512975480817427339e-03
1.130213172169459018e-01 5.203026627855193015e-02 -4.512975480817427339e-03
1.130213172169459018e-01 5.203026627855193015e-02 -4.512975480817427339e-03
1.130213172169459018e-01 5.203026627855193015e-02 -4.512975480817427339e-03
1.130213172169459018e-01 5.203026627855193015e-02 -4.512975480817427339e-03
1.130213172169459018e-01 5.203026627855193015e-02 -4.512975480817427339e-03
2.134377677277678187e-02 -1.228321095340167701e-01 -4.902255900744422953e-03
2.134377677277678187e-02 -1.228321095340167701e-01 -4.902255900744422953e-03
2.134377677277678187e-02 -1.228321095340167701e-01 -4.902255900744422953e-03
2.134377677277678187e-02 -1.228321095340167701e-01 -4.902255900744422953e-03
2.134377677277678187e-02 -1.228321095340167701e-01 -4.902255900744422953e-03
2.134377677277678187e-02 -1.228321095340167701e-01 -4.902255900744422953e-03
2.134377677277678187e-02 -1.228321095340167701e-01 -4.902255900744422953e-03
2.134377677277678187e-02 -1.228321095340167701e-01 -4.902255900744422953e-03
2.134377677277678187e-02 -1.228321095340167701e-01 -4.902255900744422953e-03
2.134377677277678187e-02 -1.228321095340167701e-01 -4.902255900744422953e-03
2.134377677277678187e-02 -1.228321095340167701e-01 -4.902255900744422953e-03
2.272969550058952584e-02 -4.762121854259377882e-03 5.283490260076602330e-02
-1.565977420148815386e-02 5.677657253158068960e-04 5.494683341881374805e-02
-1.565977420148815386e-02 5.677657253158068960e-04 5.494683341881374805e-02
-1.565977420148815386e-02 5.677657253158068960e-04 5.494683341881374805e-02
-1.565977420148815386e-02 5.677657253158068960e-04 5.494683341881374805e-02
-1.565977420148815386e-02 5.677657253158068960e-04 5.494683341881374805e-02
-1.565977420148815386e-02 5.677657253158068960e-04 5.494683341881374805e-02
1.078446537557576912e-01 -6.072397743594217662e-02 -6.768379538815896129e-03
1.078446537557576912e-01 -6.072397743594217662e-02 -6.768379538815896129e-03
1.078446537557576912e-01 -6.072397743594217662e-02 -6.768379538815896129e-03
1.078446537557576912e-01 -6.072397743594217662e-02 -6.768379538815896129e-03
1.078446537557576912e-01 -6.072397743594217662e-02 -6.768379538815896129e-03
1.078446537557576912e-01 -6.072397743594217662e-02 -6.768379538815896129e-03
1.078446537557576912e-01 -6.072397743594217662e-02 -6.768379538815896129e-03
1.078446537557576912e-01 -6.072397743594217662e-02 -6.768379538815896129e-03
1.078446537557576912e-01 -6.072397743594217662e-02 -6.768379538815896129e-03
1.078446537557576912e-01 -6.072397743594217662e-02 -6.768379538815896129e-03
1.078446537557576912e-01 -6.072397743594217662e-02 -6.768379538815896129e-03
-8.808727231579700778e-02 -9.352619668885266135e-02 -1.527290374785914484e-03
-8.808727231579700778e-02 -9.352619668885266135e-02 -1.527290374785914484e-03
-8.808727231579700778e-02 -9.352619668885266135e-02 -1.527290374785914484e-03
-8.808727231579700778e-02 -9.352619668885266135e-02 -1.527290374785914484e-03
-8.808727231579700778e-02 -9.352619668885266135e-02 -1.527290374785914484e-03
-8.808727231579700778e-02 -9.352619668885266135e-02 -1.527290374785914484e-03
-8.808727231579700778e-02 -9.352619668885266135e-02 -1.527290374785914484e-03
-8.808727231579700778e-02 -9.352619668885266135e-02 -1.527290374785914484e-03
-8.808727231579700778e-02 -9.352619668885266135e-02 -1.527290374785914484e-03
2.444537439618434116e-02 -3.585591510262287236e-03 5.289190741208037172e-02
2.444537439618434116e-02 -3.585591510262287236e-03 5.289190741208037172e-02
2.444537439618434116e-02 -3.585591510262287236e-03 5.289190741208037172e-02
-8.502625359852430953e-02 9.864654497622682428e-02 -2.262554288911862704e-03
-8.502625359852430953e-02 9.864654497622682428e-02 -2.262554288911862704e-03
-8.502625359852430953e-02 9.864654497622682428e-02 -2.262554288911862704e-03
-8.502625359852430953e-02 9.864654497622682428e-02 -2.262554288911862704e-03
-8.502625359852430953e-02 9.864654497622682428e-02 -2.262554288911862704e-03
-1.971550507570062755e-02 1.071192640272892495e-02 5.437695205848254443e-02
-1.971550507570062755e-02 1.071192640272892495e-02 5.437695205848254443e-02
-1.971550507570062755e-02 1.071192640272892495e-02 5.437695205848254443e-02
-1.971550507570062755e-02 1.071192640272892495e-02 5.437695205848254443e-02
-1.266450870420898767e-01 -2.727505520619728785e-02 -5.161884402043076178e-03
-1.266450870420898767e-01 -2.727505520619728785e-02 -5.161884402043076178e-03
-1.266450870420898767e-01 -2.727505520619728785e-02 -5.161884402043076178e-03
-1.266450870420898767e-01 -2.727505520619728785e-02 -5.161884402043076178e-03
-1.266450870420898767e-01 -2.727505520619728785e-02 -5.161884402043076178e-03
-1.266450870420898767e-01 -2.727505520619728785e-02 -5.161884402043076178e-03
-1.266450870420898767e-01 -2.727505520619728785e-02 -5.161884402043076178e-03
-1.266450870420898767e-01 -2.727505520619728785e-02 -5.161884402043076178e-03
-1.266450870420898767e-01 -2.727505520619728785e-02 -5.161884402043076178e-03
-1.266450870420898767e-01 -2.727505520619728785e-02 -5.161884402043076178e-03
-4.106951629798794717e-02 1.534894364760793113e-02 5.001269986657352201e-02
-4.106951629798794717e-02 1.534894364760793113e-02 5.001269986657352201e-02
-4.106951629798794717e-02 1.534894364760793113e-02 5.001269986657352201e-02
-4.106951629798794717e-02 1.534894364760793113e-02 5.001269986657352201e-02
-4.106951629798794717e-02 1.534894364760793113e-02 5.001269986657352201e-02
-4.106951629798794717e-02 1.534894364760793113e-02 5.001269986657352201e-02
-4.106951629798794717e-02 1.534894364760793113e-02 5.001269986657352201e-02
-4.106951629798794717e-02 1.534894364760793113e-02 5.001269986657352201e-02
-4.106951629798794717e-02 1.534894364760793113e-02 5.001269986657352201e-02
-4.106951629798794717e-02 1.534894364760793113e-02 5.001269986657352201e-02
-4.106951629798794717e-02 1.534894364760793113e-02 5.001269986657352201e-02
-4.106951629798794717e-02 1.534894364760793113e-02 5.001269986657352201e-02
-4.106951629798794717e-02 1.534894364760793113e-02 5.001269986657352201e-02
-2.936423361621064761e-03 1.315055828305252694e-01 -5.538813289615270204e-03
-2.936423361621064761e-03 1.315055828305252694e-01 -5.538813289615270204e-03
-2.936423361621064761e-03 1.315055828305252694e-01 -5.538813289615270204e-03
-2.936423361621064761e-03 1.315055828305252694e-01 -5.538813289615270204e-03
-2.936423361621064761e-03 1.315055828305252694e-01 -5.538813289615270204e-03
-2.936423361621064761e-03 1.315055828305252694e-01 -5.538813289615270204e-03
-2.936423361621064761e-03 1.315055828305252694e-01 -5.538813289615270204e-03
6.255160835574566369e-02 -1.042734339929658471e-01 -5.587070020126427838e-03
6.255160835574566369e-02 -1.042734339929658471e-01 -5.587070020126427838e-03
6.255160835574566369e-02 -1.042734339929658471e-01 -5.587070020126427838e-03
6.255160835574566369e-02 -1.042734339929658471e-01 -5.587070020126427838e-03
6.255160835574566369e-02 -1.042734339929658471e-01 -5.587070020126427838e-03
6.255160835574566369e-02 -1.042734339929658471e-01 -5.587070020126427838e-03
6.255160835574566369e-02 -1.042734339929658471e-01 -5.587070020126427838e-03
6.255160835574566369e-02 -1.042734339929658471e-01 -5.587070020126427838e-03
6.255160835574566369e-02 -1.042734339929658471e-01 -5.587070020126427838e-03
6.255160835574566369e-02 -1.042734339929658471e-01 -5.587070020126427838e-03
6.255160835574566369e-02 -1.042734339929658471e-01 -5.587070020126427838e-03
6.255160835574566369e-02 -1.042734339929658471e-01 -5.587070020126427838e-03
6.255160835574566369e-02 -1.042734339929658471e-01 -5.587070020126427838e-03
2.246093876014157789e-02 -7.837661649162568425e-03 5.447264197250504397e-02
2.246093876014157789e-02 -7.837661649162568425e-03 5.447264197250504397e-02
2.246093876014157789e-02 -7.837661649162568425e-03 5.447264197250504397e-02
2.246093876014157789e-02 -7.837661649162568425e-03 5.447264197250504397e-02
2.246093876014157789e-02 -7.837661649162568425e-03 5.447264197250504397e-02
2.246093876014157789e-02 -7.837661649162568425e-03 5.447264197250504397e-02
2.246093876014157789e-02 -7.837661649162568425e-03 5.447264197250504397e-02
2.246093876014157789e-02 -7.837661649162568425e-03 5.447264197250504397e-02
2.246093876014157789e-02 -7.837661649162568425e-03 5.447264197250504397e-02
2.246093876014157789e-02 -7.837661649162568425e-03 5.447264197250504397e-02
2.246093876014157789e-02 -7.837661649162568425e-03 5.447264197250504397e-02
2.246093876014157789e-02 -7.837661649162568425e-03 5.447264197250504397e-02
2.246093876014157789e-02 -7.837661649162568425e-03 5.447264197250504397e-02
2.246093876014157789e-02 -7.837661649162568425e-03 5.447264197250504397e-02
2.246093876014157789e-02 -7.837661649162568425e-03 5.447264197250504397e-02
-7.147850756153303897e-02 1.098997009424561022e-01 -4.920942611309007952e-03
-7.147850756153303897e-02 1.098997009424561022e-01 -4.920942611309007952e-03
-7.147850756153303897e-02 1.098997009424561022e-01 -4.920942611309007952e-03
-7.147850756153303897e-02 1.098997009424561022e-01 -4.920942611309007952e-03
-7.147850756153303897e-02 1.098997009424561022e-01 -4.920942611309007952e-03
-7.147850756153303897e-02 1.098997009424561022e-01 -4.920942611309007952e-03
-7.147850756153303897e-02 1.098997009424561022e-01 -4.920942611309007952e-03
-7.147850756153303897e-02 1.098997009424561022e-01 -4.920942611309007952e-03
-7.147850756153303897e-02 1.098997009424561022e-01 -4.920942611309007952e-03
-1.316446366045431401e-02 2.048524913609438020e-03 5.501375968006412542e-02
-1.316446366045431401e-02 2.048524913609438020e-03 5.501375968006412542e-02
-1.316446366045431401e-02 2.048524913609438020e-03 5.501375968006412542e-02
-1.316446366045431401e-02 2.048524913609438020e-03 5.501375968006412542e-02
1.216000133022100693e-01 -3.169047579709589890e-02 -3.868048126351068296e-03
1.216000133022100693e-01 -3.169047579709589890e-02 -3.868048126351068296e-03
1.216000133022100693e-01 -3.169047579709589890e-02 -3.868048126351068296e-03
1.216000133022100693e-01 -3.169047579709589890e-02 -3.868048126351068296e-03
1.216000133022100693e-01 -3.169047579709589890e-02 -3.868048126351068296e-03
1.216000133022100693e-01 -3.169047579709589890e-02 -3.868048126351068296e-03
1.216000133022100693e-01 -3.169047579709589890e-02 -3.868048126351068296e-03
1.216000133022100693e-01 -3.169047579709589890e-02 -3.868048126351068296e-03
1.216000133022100693e-01 -3.169047579709589890e-02 -3.868048126351068296e-03
1.216000133022100693e-01 -3.169047579709589890e-02 -3.868048126351068296e-03
1.216000133022100693e-01 -3.169047579709589890e-02 -3.868048126351068296e-03
1.216000133022100693e-01 -3.169047579709589890e-02 -3.868048126351068296e-03
1.058669078901145338e-01 6.717277466556469123e-02 -3.881912536119048410e-03
1.058669078901145338e-01 6.717277466556469123e-02 -3.881912536119048410e-03
1.058669078901145338e-01 6.717277466556469123e-02 -3.881912536119048410e-03
1.058669078901145338e-01 6.717277466556469123e-02 -3.881912536119048410e-03
1.058669078901145338e-01 6.717277466556469123e-02 -3.881912536119048410e-03
1.058669078901145338e-01 6.717277466556469123e-02 -3.881912536119048410e-03
1.058669078901145338e-01 6.717277466556469123e-02 -3.881912536119048410e-03
1.058669078901145338e-01 6.717277466556469123e-02 -3.881912536119048410e-03
1.058669078901145338e-01 6.717277466556469123e-02 -3.881912536119048410e-03
1.058669078901145338e-01 6.717277466556469123e-02 -3.881912536119048410e-03
1.058669078901145338e-01 6.717277466556469123e-02 -3.881912536119048410e-03
-1.073330754949699262e-01 -6.610527214164570176e-02 -4.206180647720158226e-03
-1.073330754949699262e-01 -6.610527214164570176e-02 -4.206180647720158226e-03
-1.073330754949699262e-01 -6.610527214164570176e-02 -4.206180647720158226e-03
-1.073330754949699262e-01 -6.610527214164570176e-02 -4.206180647720158226e-03
-1.073330754949699262e-01 -6.610527214164570176e-02 -4.206180647720158226e-03
-1.073330754949699262e-01 -6.610527214164570176e-02 -4.206180647720158226e-03
-1.073330754949699262e-01 -6.610527214164570176e-02 -4.206180647720158226e-03
-1.073330754949699262e-01 -6.610527214164570176e-02 -4.206180647720158226e-03
-1.073330754949699262e-01 -6.610527214164570176e-02 -4.206180647720158226e-03
-1.073330754949699262e-01 -6.610527214164570176e-02 -4.206180647720158226e-03
-1.073330754949699262e-01 -6.610527214164570176e-02 -4.206180647720158226e-03
-1.073330754949699262e-01 -6.610527214164570176e-02 -4.206180647720158226e-03
-3.787267457542457805e-02 1.424176754119715026e-02 5.508593636635207569e-02
-3.787267457542457805e-02 1.424176754119715026e-02 5.508593636635207569e-02
-3.787267457542457805e-02 1.424176754119715026e-02 5.508593636635207569e-02
-3.787267457542457805e-02 1.424176754119715026e-02 5.508593636635207569e-02
-3.787267457542457805e-02 1.424176754119715026e-02 5.508593636635207569e-02
-3.787267457542457805e-02 1.424176754119715026e-02 5.508593636635207569e-02
-3.787267457542457805e-02 1.424176754119715026e-02 5.508593636635207569e-02
-3.787267457542457805e-02 1.424176754119715026e-02 5.508593636635207569e-02
-3.787267457542457805e-02 1.424176754119715026e-02 5.508593636635207569e-02
-3.787267457542457805e-02 1.424176754119715026e-02 5.508593636635207569e-02
-3.787267457542457805e-02 1.424176754119715026e-02 5.508593636635207569e-02
-3.787267457542457805e-02 1.424176754119715026e-02 5.508593636635207569e-02
-3.787267457542457805e-02 1.424176754119715026e-02 5.508593636635207569e-02
-3.787267457542457805e-02 1.424176754119715026e-02 5.508593636635207569e-02
-3.787267457542457805e-02 1.424176754119715026e-02 5.508593636635207569e-02
-3.787267457542457805e-02 1.424176754119715026e-02 5.508593636635207569e-02
1.514317407759626331e-02 -5.165022967602832075e-03 5.575199232795609305e-02
1.514317407759626331e-02 -5.165022967602832075e-03 5.575199232795609305e-02
1.514317407759626331e-02 -5.165022967602832075e-03 5.575199232795609305e-02
1.514317407759626331e-02 -5.165022967602832075e-03 5.575199232795609305e-02
1.514317407759626331e-02 -5.165022967602832075e-03 5.575199232795609305e-02
1.514317407759626331e-02 -5.165022967602832075e-03 5.575199232795609305e-02
1.514317407759626331e-02 -5.165022967602832075e-03 5.575199232795609305e-02
1.514317407759626331e-02 -5.165022967602832075e-03 5.575199232795609305e-02
1.514317407759626331e-02 -5.165022967602832075e-03 5.575199232795609305e-02
1.514317407759626331e-02 -5.165022967602832075e-03 5.575199232795609305e-02
1.514317407759626331e-02 -5.165022967602832075e-03 5.575199232795609305e-02
1.514317407759626331e-02 -5.165022967602832075e-03 5.575199232795609305e-02
1.514317407759626331e-02 -5.165022967602832075e-03 5.575199232795609305e-02
1.514317407759626331e-02 -5.165022967602832075e-03 5.575199232795609305e-02
