8.922756410939060995e-03 -8.085677578472245247e-03 -9.733754003175675712e-04
8.922756410939060995e-03 -8.085677578472245247e-03 -9.733754003175675712e-04
8.922756410939060995e-03 -8.085677578472245247e-03 -9.733754003175675712e-04
8.922756410939060995e-03 -8.085677578472245247e-03 -9.733754003175675712e-04
8.922756410939060995e-03 -8.085677578472245247e-03 -9.733754003175675712e-04
8.922756410939060995e-03 -8.085677578472245247e-03 -9.733754003175675712e-04
8.922756410939060995e-03 -8.085677578472245247e-03 -9.733754003175675712e-04
8.922756410939060995e-03 -8.085677578472245247e-03 -9.733754003175675712e-04
8.922756410939060995e-03 -8.085677578472245247e-03 -9.733754003175675712e-04
8.922756410939060995e-03 -8.085677578472245247e-03 -9.733754003175675712e-04
8.922756410939060995e-03 -8.085677578472245247e-03 -9.733754003175675712e-04
8.922756410939060995e-03 -8.085677578472245247e-03 -9.733754003175675712e-04
8.922756410939060995e-03 -8.085677578472245247e-03 -9.733754003175675712e-04
-2.104103807946113708e-02 -4.333929608934564137e-02 4.043248722003234263e-04
-2.104103807946113708e-02 -4.333929608934564137e-02 4.043248722003234263e-04
-2.104103807946113708e-02 -4.333929608934564137e-02 4.043248722003234263e-04
-2.104103807946113708e-02 -4.333929608934564137e-02 4.043248722003234263e-04
-2.104103807946113708e-02 -4.333929608934564137e-02 4.043248722003234263e-04
-2.104103807946113708e-02 -4.333929608934564137e-02 4.043248722003234263e-04
-2.104103807946113708e-02 -4.333929608934564137e-02 4.043248722003234263e-04
-2.104103807946113708e-02 -4.333929608934564137e-02 4.043248722003234263e-04
-2.104103807946113708e-02 -4.333929608934564137e-02 4.043248722003234263e-04
-2.104103807946113708e-02 -4.333929608934564137e-02 4.043248722003234263e-04
-2.104103807946113708e-02 -4.333929608934564137e-02 4.043248722003234263e-04
-2.104103807946113708e-02 -4.333929608934564137e-02 4.043248722003234263e-04
-2.104103807946113708e-02 -4.333929608934564137e-02 4.043248722003234263e-04
-7.004092474797176358e-04 -6.183712159051928114e-02 -2.819852725933834174e-03
-7.004092474797176358e-04 -6.183712159051928114e-02 -2.819852725933834174e-03
-7.004092474797176358e-04 -6.183712159051928114e-02 -2.819852725933834174e-03
-7.004092474797176358e-04 -6.183712159051928114e-02 -2.819852725933834174e-03
-7.004092474797176358e-04 -6.183712159051928114e-02 -2.819852725933834174e-03
-7.004092474797176358e-04 -6.183712159051928114e-02 -2.819852725933834174e-03
-7.004092474797176358e-04 -6.183712159051928114e-02 -2.819852725933834174e-03
-7.004092474797176358e-04 -6.183712159051928114e-02 -2.819852725933834174e-03
-7.004092474797176358e-04 -6.183712159051928114e-02 -2.819852725933834174e-03
-7.004092474797176358e-04 -6.183712159051928114e-02 -2.819852725933834174e-03
-7.004092474797176358e-04 -6.183712159051928114e-02 -2.819852725933834174e-03
-7.004092474797176358e-04 -6.183712159051928114e-02 -2.819852725933834174e-03
-7.004092474797176358e-04 -6.183712159051928114e-02 -2.819852725933834174e-03
-7.004092474797176358e-04 -6.183712159051928114e-02 -2.819852725933834174e-03
6.497817755709163999e-03 -4.447107147067275515e-03 -5.611920888188310502e-04
6.497817755709163999e-03 -4.447107147067275515e-03 -5.611920888188310502e-04
6.497817755709163999e-03 -4.447107147067275515e-03 -5.611920888188310502e-04
6.497817755709163999e-03 -4.447107147067275515e-03 -5.611920888188310502e-04
6.497817755709163999e-03 -4.447107147067275515e-03 -5.611920888188310502e-04
4.140109743209025028e-03 -2.294243720487246577e-02 5.803210351413745811e-04
4.140109743209025028e-03 -2.294243720487246577e-02 5.803210351413745811e-04
4.140109743209025028e-03 -2.294243720487246577e-02 5.803210351413745811e-04
4.140109743209025028e-03 -2.294243720487246577e-02 5.803210351413745811e-04
4.140109743209025028e-03 -2.294243720487246577e-02 5.803210351413745811e-04
4.140109743209025028e-03 -2.294243720487246577e-02 5.803210351413745811e-04
4.140109743209025028e-03 -2.294243720487246577e-02 5.803210351413745811e-04
4.140109743209025028e-03 -2.294243720487246577e-02 5.803210351413745811e-04
4.140109743209025028e-03 -2.294243720487246577e-02 5.803210351413745811e-04
4.140109743209025028e-03 -2.294243720487246577e-02 5.803210351413745811e-04
4.140109743209025028e-03 -2.294243720487246577e-02 5.803210351413745811e-04
4.140109743209025028e-03 -2.294243720487246577e-02 5.803210351413745811e-04
4.140109743209025028e-03 -2.294243720487246577e-02 5.803210351413745811e-04
4.140109743209025028e-03 -2.294243720487246577e-02 5.803210351413745811e-04
2.304739757102265349e-02 -3.099047286639439874e-02 -3.773467075135155877e-03
2.304739757102265349e-02 -3.099047286639439874e-02 -3.773467075135155877e-03
2.304739757102265349e-02 -3.099047286639439874e-02 -3.773467075135155877e-03
2.304739757102265349e-02 -3.099047286639439874e-02 -3.773467075135155877e-03
2.304739757102265349e-02 -3.099047286639439874e-02 -3.773467075135155877e-03
2.304739757102265349e-02 -3.099047286639439874e-02 -3.773467075135155877e-03
2.304739757102265349e-02 -3.099047286639439874e-02 -3.773467075135155877e-03
2.304739757102265349e-02 -3.099047286639439874e-02 -3.773467075135155877e-03
2.304739757102265349e-02 -3.099047286639439874e-02 -3.773467075135155877e-03
2.304739757102265349e-02 -3.099047286639439874e-02 -3.773467075135155877e-03
2.304739757102265349e-02 -3.099047286639439874e-02 -3.773467075135155877e-03
2.304739757102265349e-02 -3.099047286639439874e-02 -3.773467075135155877e-03
2.304739757102265349e-02 -3.099047286639439874e-02 -3.773467075135155877e-03
-2.354625438200206450e-02 1.549866858441193047e-02 2.819841856225698863e-03
-2.354625438200206450e-02 1.549866858441193047e-02 2.819841856225698863e-03
-2.354625438200206450e-02 1.549866858441193047e-02 2.819841856225698863e-03
-2.354625438200206450e-02 1.549866858441193047e-02 2.819841856225698863e-03
-2.354625438200206450e-02 1.549866858441193047e-02 2.819841856225698863e-03
-2.354625438200206450e-02 1.549866858441193047e-02 2.819841856225698863e-03
-2.354625438200206450e-02 1.549866858441193047e-02 2.819841856225698863e-03
-2.354625438200206450e-02 1.549866858441193047e-02 2.819841856225698863e-03
-2.354625438200206450e-02 1.549866858441193047e-02 2.819841856225698863e-03
-3.815753511016525823e-02 3.005532571322471966e-02 9.718116320241474565e-03
-3.815753511016525823e-02 3.005532571322471966e-02 9.718116320241474565e-03
-3.815753511016525823e-02 3.005532571322471966e-02 9.718116320241474565e-03
-3.815753511016525823e-02 3.005532571322471966e-02 9.718116320241474565e-03
-3.815753511016525823e-02 3.005532571322471966e-02 9.718116320241474565e-03
-3.815753511016525823e-02 3.005532571322471966e-02 9.718116320241474565e-03
-3.815753511016525823e-02 3.005532571322471966e-02 9.718116320241474565e-03
-3.815753511016525823e-02 3.005532571322471966e-02 9.718116320241474565e-03
-3.815753511016525823e-02 3.005532571322471966e-02 9.718116320241474565e-03
-3.534542417628158684e-02 2.697925823630973816e-02 1.860919694671775773e-03
-3.534542417628158684e-02 2.697925823630973816e-02 1.860919694671775773e-03
-3.534542417628158684e-02 2.697925823630973816e-02 1.860919694671775773e-03
-3.534542417628158684e-02 2.697925823630973816e-02 1.860919694671775773e-03
-3.534542417628158684e-02 2.697925823630973816e-02 1.860919694671775773e-03
-3.534542417628158684e-02 2.697925823630973816e-02 1.860919694671775773e-03
-3.534542417628158684e-02 2.697925823630973816e-02 1.860919694671775773e-03
-3.534542417628158684e-02 2.697925823630973816e-02 1.860919694671775773e-03
-3.534542417628158684e-02 2.697925823630973816e-02 1.860919694671775773e-03
-3.739068850837440772e-03 -5.314982198614619235e-02 -2.130489857186039331e-03
-3.739068850837440772e-03 -5.314982198614619235e-02 -2.130489857186039331e-03
-3.739068850837440772e-03 -5.314982198614619235e-02 -2.130489857186039331e-03
-3.739068850837440772e-03 -5.314982198614619235e-02 -2.130489857186039331e-03
-3.739068850837440772e-03 -5.314982198614619235e-02 -2.130489857186039331e-03
-3.739068850837440772e-03 -5.314982198614619235e-02 -2.130489857186039331e-03
-3.739068850837440772e-03 -5.314982198614619235e-02 -2.130489857186039331e-03
-3.739068850837440772e-03 -5.314982198614619235e-02 -2.130489857186039331e-03
-3.739068850837440772e-03 -5.314982198614619235e-02 -2.130489857186039331e-03
-3.739068850837440772e-03 -5.314982198614619235e-02 -2.130489857186039331e-03
-3.739068850837440772e-03 -5.314982198614619235e-02 -2.130489857186039331e-03
-3.739068850837440772e-03 -5.314982198614619235e-02 -2.130489857186039331e-03
-3.739068850837440772e-03 -5.314982198614619235e-02 -2.130489857186039331e-03
-3.739068850837440772e-03 -5.314982198614619235e-02 -2.130489857186039331e-03
-3.975826429479725754e-02 4.298853749951141862e-02 5.635207421326943536e-03
-3.975826429479725754e-02 4.298853749951141862e-02 5.635207421326943536e-03
-3.975826429479725754e-02 4.298853749951141862e-02 5.635207421326943536e-03
-3.975826429479725754e-02 4.298853749951141862e-02 5.635207421326943536e-03
-3.975826429479725754e-02 4.298853749951141862e-02 5.635207421326943536e-03
-3.975826429479725754e-02 4.298853749951141862e-02 5.635207421326943536e-03
-3.975826429479725754e-02 4.298853749951141862e-02 5.635207421326943536e-03
-3.975826429479725754e-02 4.298853749951141862e-02 5.635207421326943536e-03
-3.975826429479725754e-02 4.298853749951141862e-02 5.635207421326943536e-03
-3.975826429479725754e-02 4.298853749951141862e-02 5.635207421326943536e-03
-3.975826429479725754e-02 4.298853749951141862e-02 5.635207421326943536e-03
-3.975826429479725754e-02 4.298853749951141862e-02 5.635207421326943536e-03
-3.975826429479725754e-02 4.298853749951141862e-02 5.635207421326943536e-03
-3.975826429479725754e-02 4.298853749951141862e-02 5.635207421326943536e-03
-2.166164580192809358e-02 -1.808096712073373191e-02 1.569291490902722554e-03
2.623037265651392141e-02 -4.732132980506364994e-02 -4.993254018204920999e-03
2.623037265651392141e-02 -4.732132980506364994e-02 -4.993254018204920999e-03
2.623037265651392141e-02 -4.732132980506364994e-02 -4.993254018204920999e-03
2.623037265651392141e-02 -4.732132980506364994e-02 -4.993254018204920999e-03
2.623037265651392141e-02 -4.732132980506364994e-02 -4.993254018204920999e-03
2.623037265651392141e-02 -4.732132980506364994e-02 -4.993254018204920999e-03
2.623037265651392141e-02 -4.732132980506364994e-02 -4.993254018204920999e-03
2.623037265651392141e-02 -4.732132980506364994e-02 -4.993254018204920999e-03
2.623037265651392141e-02 -4.732132980506364994e-02 -4.993254018204920999e-03
2.623037265651392141e-02 -4.732132980506364994e-02 -4.993254018204920999e-03
2.623037265651392141e-02 -4.732132980506364994e-02 -4.993254018204920999e-03
2.623037265651392141e-02 -4.732132980506364994e-02 -4.993254018204920999e-03
2.623037265651392141e-02 -4.732132980506364994e-02 -4.993254018204920999e-03
2.623037265651392141e-02 -4.732132980506364994e-02 -4.993254018204920999e-03
-1.254242112067431233e-02 -3.511346825151741291e-02 -2.902712786159965253e-04
-1.254242112067431233e-02 -3.511346825151741291e-02 -2.902712786159965253e-04
-1.254242112067431233e-02 -3.511346825151741291e-02 -2.902712786159965253e-04
-1.254242112067431233e-02 -3.511346825151741291e-02 -2.902712786159965253e-04
-1.254242112067431233e-02 -3.511346825151741291e-02 -2.902712786159965253e-04
-1.254242112067431233e-02 -3.511346825151741291e-02 -2.902712786159965253e-04
-1.254242112067431233e-02 -3.511346825151741291e-02 -2.902712786159965253e-04
-1.254242112067431233e-02 -3.511346825151741291e-02 -2.902712786159965253e-04
-1.254242112067431233e-02 -3.511346825151741291e-02 -2.902712786159965253e-04
-1.254242112067431233e-02 -3.511346825151741291e-02 -2.902712786159965253e-04
-1.254242112067431233e-02 -3.511346825151741291e-02 -2.902712786159965253e-04
-1.254242112067431233e-02 -3.511346825151741291e-02 -2.902712786159965253e-04
-1.254242112067431233e-02 -3.511346825151741291e-02 -2.902712786159965253e-04
3.014451491112814588e-02 4.937708371647863553e-02 -1.354966725605650200e-03
3.014451491112814588e-02 4.937708371647863553e-02 -1.354966725605650200e-03
3.014451491112814588e-02 4.937708371647863553e-02 -1.354966725605650200e-03
3.014451491112814588e-02 4.937708371647863553e-02 -1.354966725605650200e-03
3.014451491112814588e-02 4.937708371647863553e-02 -1.354966725605650200e-03
3.014451491112814588e-02 4.937708371647863553e-02 -1.354966725605650200e-03
3.014451491112814588e-02 4.937708371647863553e-02 -1.354966725605650200e-03
3.014451491112814588e-02 4.937708371647863553e-02 -1.354966725605650200e-03
3.014451491112814588e-02 4.937708371647863553e-02 -1.354966725605650200e-03
3.014451491112814588e-02 4.937708371647863553e-02 -1.354966725605650200e-03
3.014451491112814588e-02 4.937708371647863553e-02 -1.354966725605650200e-03
3.014451491112814588e-02 4.937708371647863553e-02 -1.354966725605650200e-03
-1.634370286698164434e-02 -5.114583276465147627e-02 -4.910679250701797255e-04
-1.634370286698164434e-02 -5.114583276465147627e-02 -4.910679250701797255e-04
-1.634370286698164434e-02 -5.114583276465147627e-02 -4.910679250701797255e-04
-1.634370286698164434e-02 -5.114583276465147627e-02 -4.910679250701797255e-04
-1.634370286698164434e-02 -5.114583276465147627e-02 -4.910679250701797255e-04
-1.634370286698164434e-02 -5.114583276465147627e-02 -4.910679250701797255e-04
-1.634370286698164434e-02 -5.114583276465147627e-02 -4.910679250701797255e-04
-1.634370286698164434e-02 -5.114583276465147627e-02 -4.910679250701797255e-04
-1.634370286698164434e-02 -5.114583276465147627e-02 -4.910679250701797255e-04
-1.634370286698164434e-02 -5.114583276465147627e-02 -4.910679250701797255e-04
-1.634370286698164434e-02 -5.114583276465147627e-02 -4.910679250701797255e-04
-1.634370286698164434e-02 -5.114583276465147627e-02 -4.910679250701797255e-04
-1.634370286698164434e-02 -5.114583276465147627e-02 -4.910679250701797255e-04
-2.149415616526414649e-02 -2.575043071437464054e-02 1.175166327143352396e-03
-2.149415616526414649e-02 -2.575043071437464054e-02 1.175166327143352396e-03
-2.149415616526414649e-02 -2.575043071437464054e-02 1.175166327143352396e-03
-2.149415616526414649e-02 -2.575043071437464054e-02 1.175166327143352396e-03
-2.149415616526414649e-02 -2.575043071437464054e-02 1.175166327143352396e-03
-2.149415616526414649e-02 -2.575043071437464054e-02 1.175166327143352396e-03
-2.149415616526414649e-02 -2.575043071437464054e-02 1.175166327143352396e-03
-2.149415616526414649e-02 -2.575043071437464054e-02 1.175166327143352396e-03
-2.149415616526414649e-02 -2.575043071437464054e-02 1.175166327143352396e-03
-2.149415616526414649e-02 -2.575043071437464054e-02 1.175166327143352396e-03
-2.149415616526414649e-02 -2.575043071437464054e-02 1.175166327143352396e-03
-2.149415616526414649e-02 -2.575043071437464054e-02 1.175166327143352396e-03
