1.897554590728039656e-02 2.695474272048481792e-02 -1.077271982718648949e-03
1.897554590728039656e-02 2.695474272048481792e-02 -1.077271982718648949e-03
1.897554590728039656e-02 2.695474272048481792e-02 -1.077271982718648949e-03
1.897554590728039656e-02 2.695474272048481792e-02 -1.077271982718648949e-03
1.897554590728039656e-02 2.695474272048481792e-02 -1.077271982718648949e-03
1.897554590728039656e-02 2.695474272048481792e-02 -1.077271982718648949e-03
1.897554590728039656e-02 2.695474272048481792e-02 -1.077271982718648949e-03
1.897554590728039656e-02 2.695474272048481792e-02 -1.077271982718648949e-03
1.897554590728039656e-02 2.695474272048481792e-02 -1.077271982718648949e-03
1.897554590728039656e-02 2.695474272048481792e-02 -1.077271982718648949e-03
1.897554590728039656e-02 2.695474272048481792e-02 -1.077271982718648949e-03
1.897554590728039656e-02 2.695474272048481792e-02 -1.077271982718648949e-03
1.722006032259034303e-04 -5.007035117482170651e-04 -7.736917403623581879e-04
1.722006032259034303e-04 -5.007035117482170651e-04 -7.736917403623581879e-04
1.722006032259034303e-04 -5.007035117482170651e-04 -7.736917403623581879e-04
1.722006032259034303e-04 -5.007035117482170651e-04 -7.736917403623581879e-04
1.722006032259034303e-04 -5.007035117482170651e-04 -7.736917403623581879e-04
1.722006032259034303e-04 -5.007035117482170651e-04 -7.736917403623581879e-04
1.722006032259034303e-04 -5.007035117482170651e-04 -7.736917403623581879e-04
1.722006032259034303e-04 -5.007035117482170651e-04 -7.736917403623581879e-04
1.722006032259034303e-04 -5.007035117482170651e-04 -7.736917403623581879e-04
1.722006032259034303e-04 -5.007035117482170651e-04 -7.736917403623581879e-04
1.722006032259034303e-04 -5.007035117482170651e-04 -7.736917403623581879e-04
1.722006032259034303e-04 -5.007035117482170651e-04 -7.736917403623581879e-04
1.722006032259034303e-04 -5.007035117482170651e-04 -7.736917403623581879e-04
1.722006032259034303e-04 -5.007035117482170651e-04 -7.736917403623581879e-04
1.123113135209629840e-02 1.890016512037914764e-02 -9.509340497478495705e-04
1.123113135209629840e-02 1.890016512037914764e-02 -9.509340497478495705e-04
1.123113135209629840e-02 1.890016512037914764e-02 -9.509340497478495705e-04
3.291297036027110434e-02 4.572485039381485317e-03 -1.395567226287830823e-03
3.291297036027110434e-02 4.572485039381485317e-03 -1.395567226287830823e-03
3.291297036027110434e-02 4.572485039381485317e-03 -1.395567226287830823e-03
3.291297036027110434e-02 4.572485039381485317e-03 -1.395567226287830823e-03
3.291297036027110434e-02 4.572485039381485317e-03 -1.395567226287830823e-03
3.291297036027110434e-02 4.572485039381485317e-03 -1.395567226287830823e-03
3.291297036027110434e-02 4.572485039381485317e-03 -1.395567226287830823e-03
3.291297036027110434e-02 4.572485039381485317e-03 -1.395567226287830823e-03
3.291297036027110434e-02 4.572485039381485317e-03 -1.395567226287830823e-03
3.291297036027110434e-02 4.572485039381485317e-03 -1.395567226287830823e-03
3.291297036027110434e-02 4.572485039381485317e-03 -1.395567226287830823e-03
3.291297036027110434e-02 4.572485039381485317e-03 -1.395567226287830823e-03
3.291297036027110434e-02 4.572485039381485317e-03 -1.395567226287830823e-03
3.291297036027110434e-02 4.572485039381485317e-03 -1.395567226287830823e-03
3.291297036027110434e-02 4.572485039381485317e-03 -1.395567226287830823e-03
3.291297036027110434e-02 4.572485039381485317e-03 -1.395567226287830823e-03
3.291297036027110434e-02 4.572485039381485317e-03 -1.395567226287830823e-03
-1.369192676015310896e-02 -1.832448490635178728e-03 -1.899534657500749190e-03
-1.369192676015310896e-02 -1.832448490635178728e-03 -1.899534657500749190e-03
-1.369192676015310896e-02 -1.832448490635178728e-03 -1.899534657500749190e-03
-1.369192676015310896e-02 -1.832448490635178728e-03 -1.899534657500749190e-03
-1.369192676015310896e-02 -1.832448490635178728e-03 -1.899534657500749190e-03
-1.369192676015310896e-02 -1.832448490635178728e-03 -1.899534657500749190e-03
-1.369192676015310896e-02 -1.832448490635178728e-03 -1.899534657500749190e-03
-1.369192676015310896e-02 -1.832448490635178728e-03 -1.899534657500749190e-03
-1.369192676015310896e-02 -1.832448490635178728e-03 -1.899534657500749190e-03
-1.369192676015310896e-02 -1.832448490635178728e-03 -1.899534657500749190e-03
-1.369192676015310896e-02 -1.832448490635178728e-03 -1.899534657500749190e-03
-3.176228017006346716e-02 3.659030786265453968e-03 -8.025338155791530634e-04
-3.176228017006346716e-02 3.659030786265453968e-03 -8.025338155791530634e-04
-3.176228017006346716e-02 3.659030786265453968e-03 -8.025338155791530634e-04
-3.176228017006346716e-02 3.659030786265453968e-03 -8.025338155791530634e-04
-3.176228017006346716e-02 3.659030786265453968e-03 -8.025338155791530634e-04
-3.176228017006346716e-02 3.659030786265453968e-03 -8.025338155791530634e-04
-3.176228017006346716e-02 3.659030786265453968e-03 -8.025338155791530634e-04
-3.176228017006346716e-02 3.659030786265453968e-03 -8.025338155791530634e-04
-3.176228017006346716e-02 3.659030786265453968e-03 -8.025338155791530634e-04
-3.176228017006346716e-02 3.659030786265453968e-03 -8.025338155791530634e-04
-3.176228017006346716e-02 3.659030786265453968e-03 -8.025338155791530634e-04
-3.176228017006346716e-02 3.659030786265453968e-03 -8.025338155791530634e-04
-1.659595384958160308e-02 -1.237067387998531595e-02 -8.505236871074886920e-04
-1.659595384958160308e-02 -1.237067387998531595e-02 -8.505236871074886920e-04
-1.659595384958160308e-02 -1.237067387998531595e-02 -8.505236871074886920e-04
-1.659595384958160308e-02 -1.237067387998531595e-02 -8.505236871074886920e-04
-1.659595384958160308e-02 -1.237067387998531595e-02 -8.505236871074886920e-04
-1.659595384958160308e-02 -1.237067387998531595e-02 -8.505236871074886920e-04
-1.659595384958160308e-02 -1.237067387998531595e-02 -8.505236871074886920e-04
-1.659595384958160308e-02 -1.237067387998531595e-02 -8.505236871074886920e-04
-2.556322651098046073e-02 -5.721414196370829507e-03 1.402440757273250857e-03
-2.201710849665952305e-02 -1.756282170585080765e-02 -7.862666744464980907e-04
-2.201710849665952305e-02 -1.756282170585080765e-02 -7.862666744464980907e-04
-2.201710849665952305e-02 -1.756282170585080765e-02 -7.862666744464980907e-04
-2.201710849665952305e-02 -1.756282170585080765e-02 -7.862666744464980907e-04
-2.201710849665952305e-02 -1.756282170585080765e-02 -7.862666744464980907e-04
-2.201710849665952305e-02 -1.756282170585080765e-02 -7.862666744464980907e-04
-2.201710849665952305e-02 -1.756282170585080765e-02 -7.862666744464980907e-04
-2.201710849665952305e-02 -1.756282170585080765e-02 -7.862666744464980907e-04
-2.201710849665952305e-02 -1.756282170585080765e-02 -7.862666744464980907e-04
-2.201710849665952305e-02 -1.756282170585080765e-02 -7.862666744464980907e-04
-2.201710849665952305e-02 -1.756282170585080765e-02 -7.862666744464980907e-04
-1.974554076189996565e-02 -1.188269929155501975e-02 -8.830540597802743509e-04
-1.974554076189996565e-02 -1.188269929155501975e-02 -8.830540597802743509e-04
-1.974554076189996565e-02 -1.188269929155501975e-02 -8.830540597802743509e-04
-2.718071486189530678e-02 -1.564751049305065922e-02 -9.942000397920799926e-04
-2.718071486189530678e-02 -1.564751049305065922e-02 -9.942000397920799926e-04
-2.718071486189530678e-02 -1.564751049305065922e-02 -9.942000397920799926e-04
-2.718071486189530678e-02 -1.564751049305065922e-02 -9.942000397920799926e-04
-2.718071486189530678e-02 -1.564751049305065922e-02 -9.942000397920799926e-04
-2.718071486189530678e-02 -1.564751049305065922e-02 -9.942000397920799926e-04
-2.718071486189530678e-02 -1.564751049305065922e-02 -9.942000397920799926e-04
-2.718071486189530678e-02 -1.564751049305065922e-02 -9.942000397920799926e-04
-2.718071486189530678e-02 -1.564751049305065922e-02 -9.942000397920799926e-04
-2.718071486189530678e-02 -1.564751049305065922e-02 -9.942000397920799926e-04
-2.718071486189530678e-02 -1.564751049305065922e-02 -9.942000397920799926e-04
-2.718071486189530678e-02 -1.564751049305065922e-02 -9.942000397920799926e-04
-2.718071486189530678e-02 -1.564751049305065922e-02 -9.942000397920799926e-04
-1.328195130478485551e-02 -1.796632694557285734e-02 -7.860472205883815497e-04
-1.328195130478485551e-02 -1.796632694557285734e-02 -7.860472205883815497e-04
-2.440329260655555235e-02 -1.031338294942713354e-02 -8.996876452380996383e-04
-2.440329260655555235e-02 -1.031338294942713354e-02 -8.996876452380996383e-04
-2.440329260655555235e-02 -1.031338294942713354e-02 -8.996876452380996383e-04
-2.440329260655555235e-02 -1.031338294942713354e-02 -8.996876452380996383e-04
-2.440329260655555235e-02 -1.031338294942713354e-02 -8.996876452380996383e-04
-2.440329260655555235e-02 -1.031338294942713354e-02 -8.996876452380996383e-04
-2.440329260655555235e-02 -1.031338294942713354e-02 -8.996876452380996383e-04
-2.440329260655555235e-02 -1.031338294942713354e-02 -8.996876452380996383e-04
-7.950590644481369098e-04 -5.156727493798932138e-03 -8.515993417917014710e-04
-7.950590644481369098e-04 -5.156727493798932138e-03 -8.515993417917014710e-04
-7.950590644481369098e-04 -5.156727493798932138e-03 -8.515993417917014710e-04
-7.950590644481369098e-04 -5.156727493798932138e-03 -8.515993417917014710e-04
-7.950590644481369098e-04 -5.156727493798932138e-03 -8.515993417917014710e-04
-7.950590644481369098e-04 -5.156727493798932138e-03 -8.515993417917014710e-04
-7.950590644481369098e-04 -5.156727493798932138e-03 -8.515993417917014710e-04
-7.950590644481369098e-04 -5.156727493798932138e-03 -8.515993417917014710e-04
-7.950590644481369098e-04 -5.156727493798932138e-03 -8.515993417917014710e-04
-7.950590644481369098e-04 -5.156727493798932138e-03 -8.515993417917014710e-04
-7.950590644481369098e-04 -5.156727493798932138e-03 -8.515993417917014710e-04
-7.950590644481369098e-04 -5.156727493798932138e-03 -8.515993417917014710e-04
-7.950590644481369098e-04 -5.156727493798932138e-03 -8.515993417917014710e-04
-7.950590644481369098e-04 -5.156727493798932138e-03 -8.515993417917014710e-04
-7.950590644481369098e-04 -5.156727493798932138e-03 -8.515993417917014710e-04
-7.950590644481369098e-04 -5.156727493798932138e-03 -8.515993417917014710e-04
-7.950590644481369098e-04 -5.156727493798932138e-03 -8.515993417917014710e-04
2.799895929707700223e-02 3.669965498985142127e-02 -1.378057740281296139e-03
2.799895929707700223e-02 3.669965498985142127e-02 -1.378057740281296139e-03
2.799895929707700223e-02 3.669965498985142127e-02 -1.378057740281296139e-03
2.799895929707700223e-02 3.669965498985142127e-02 -1.378057740281296139e-03
2.799895929707700223e-02 3.669965498985142127e-02 -1.378057740281296139e-03
2.799895929707700223e-02 3.669965498985142127e-02 -1.378057740281296139e-03
2.799895929707700223e-02 3.669965498985142127e-02 -1.378057740281296139e-03
2.799895929707700223e-02 3.669965498985142127e-02 -1.378057740281296139e-03
2.799895929707700223e-02 3.669965498985142127e-02 -1.378057740281296139e-03
2.799895929707700223e-02 3.669965498985142127e-02 -1.378057740281296139e-03
2.799895929707700223e-02 3.669965498985142127e-02 -1.378057740281296139e-03
2.799895929707700223e-02 3.669965498985142127e-02 -1.378057740281296139e-03
-3.910293464693732901e-02 -3.818411141178939920e-03 -7.502929956481460202e-04
-3.910293464693732901e-02 -3.818411141178939920e-03 -7.502929956481460202e-04
-3.910293464693732901e-02 -3.818411141178939920e-03 -7.502929956481460202e-04
-3.910293464693732901e-02 -3.818411141178939920e-03 -7.502929956481460202e-04
-3.910293464693732901e-02 -3.818411141178939920e-03 -7.502929956481460202e-04
-3.910293464693732901e-02 -3.818411141178939920e-03 -7.502929956481460202e-04
-3.910293464693732901e-02 -3.818411141178939920e-03 -7.502929956481460202e-04
-3.910293464693732901e-02 -3.818411141178939920e-03 -7.502929956481460202e-04
-3.910293464693732901e-02 -3.818411141178939920e-03 -7.502929956481460202e-04
-3.910293464693732901e-02 -3.818411141178939920e-03 -7.502929956481460202e-04
-3.910293464693732901e-02 -3.818411141178939920e-03 -7.502929956481460202e-04
-3.910293464693732901e-02 -3.818411141178939920e-03 -7.502929956481460202e-04
-3.910293464693732901e-02 -3.818411141178939920e-03 -7.502929956481460202e-04
-3.910293464693732901e-02 -3.818411141178939920e-03 -7.502929956481460202e-04
