1.839222726091921389e-02 2.640354377396778723e-02 3.654961940849337648e-03
1.839222726091921389e-02 2.640354377396778723e-02 3.654961940849337648e-03
1.839222726091921389e-02 2.640354377396778723e-02 3.654961940849337648e-03
1.839222726091921389e-02 2.640354377396778723e-02 3.654961940849337648e-03
1.839222726091921389e-02 2.640354377396778723e-02 3.654961940849337648e-03
1.839222726091921389e-02 2.640354377396778723e-02 3.654961940849337648e-03
1.839222726091921389e-02 2.640354377396778723e-02 3.654961940849337648e-03
1.839222726091921389e-02 2.640354377396778723e-02 3.654961940849337648e-03
1.839222726091921389e-02 2.640354377396778723e-02 3.654961940849337648e-03
1.839222726091921389e-02 2.640354377396778723e-02 3.654961940849337648e-03
1.839222726091921389e-02 2.640354377396778723e-02 3.654961940849337648e-03
1.839222726091921389e-02 2.640354377396778723e-02 3.654961940849337648e-03
1.839222726091921389e-02 2.640354377396778723e-02 3.654961940849337648e-03
-1.288326355049867859e-02 -5.342627257459166279e-02 -2.876480944633921268e-03
-1.288326355049867859e-02 -5.342627257459166279e-02 -2.876480944633921268e-03
-1.288326355049867859e-02 -5.342627257459166279e-02 -2.876480944633921268e-03
-1.288326355049867859e-02 -5.342627257459166279e-02 -2.876480944633921268e-03
-1.288326355049867859e-02 -5.342627257459166279e-02 -2.876480944633921268e-03
-1.288326355049867859e-02 -5.342627257459166279e-02 -2.876480944633921268e-03
-1.288326355049867859e-02 -5.342627257459166279e-02 -2.876480944633921268e-03
-1.288326355049867859e-02 -5.342627257459166279e-02 -2.876480944633921268e-03
-1.333931055561790591e-02 -6.482814332216151054e-02 -3.383160330092956081e-03
-1.333931055561790591e-02 -6.482814332216151054e-02 -3.383160330092956081e-03
-1.333931055561790591e-02 -6.482814332216151054e-02 -3.383160330092956081e-03
-1.333931055561790591e-02 -6.482814332216151054e-02 -3.383160330092956081e-03
-1.333931055561790591e-02 -6.482814332216151054e-02 -3.383160330092956081e-03
-1.333931055561790591e-02 -6.482814332216151054e-02 -3.383160330092956081e-03
-1.333931055561790591e-02 -6.482814332216151054e-02 -3.383160330092956081e-03
-1.333931055561790591e-02 -6.482814332216151054e-02 -3.383160330092956081e-03
-1.333931055561790591e-02 -6.482814332216151054e-02 -3.383160330092956081e-03
-1.333931055561790591e-02 -6.482814332216151054e-02 -3.383160330092956081e-03
-1.333931055561790591e-02 -6.482814332216151054e-02 -3.383160330092956081e-03
-1.333931055561790591e-02 -6.482814332216151054e-02 -3.383160330092956081e-03
-1.333931055561790591e-02 -6.482814332216151054e-02 -3.383160330092956081e-03
-3.669484836966192820e-02 7.978014302295594051e-02 2.462620107532335900e-03
-3.669484836966192820e-02 7.978014302295594051e-02 2.462620107532335900e-03
-3.669484836966192820e-02 7.978014302295594051e-02 2.462620107532335900e-03
-3.669484836966192820e-02 7.978014302295594051e-02 2.462620107532335900e-03
-3.669484836966192820e-02 7.978014302295594051e-02 2.462620107532335900e-03
-3.669484836966192820e-02 7.978014302295594051e-02 2.462620107532335900e-03
-3.669484836966192820e-02 7.978014302295594051e-02 2.462620107532335900e-03
-3.669484836966192820e-02 7.978014302295594051e-02 2.462620107532335900e-03
-3.669484836966192820e-02 7.978014302295594051e-02 2.462620107532335900e-03
-3.669484836966192820e-02 7.978014302295594051e-02 2.462620107532335900e-03
-3.669484836966192820e-02 7.978014302295594051e-02 2.462620107532335900e-03
1.227156645869859238e-02 -3.617389565418463460e-02 1.802320970331379099e-03
1.227156645869859238e-02 -3.617389565418463460e-02 1.802320970331379099e-03
1.227156645869859238e-02 -3.617389565418463460e-02 1.802320970331379099e-03
1.227156645869859238e-02 -3.617389565418463460e-02 1.802320970331379099e-03
1.227156645869859238e-02 -3.617389565418463460e-02 1.802320970331379099e-03
1.227156645869859238e-02 -3.617389565418463460e-02 1.802320970331379099e-03
1.227156645869859238e-02 -3.617389565418463460e-02 1.802320970331379099e-03
1.227156645869859238e-02 -3.617389565418463460e-02 1.802320970331379099e-03
1.227156645869859238e-02 -3.617389565418463460e-02 1.802320970331379099e-03
1.227156645869859238e-02 -3.617389565418463460e-02 1.802320970331379099e-03
1.227156645869859238e-02 -3.617389565418463460e-02 1.802320970331379099e-03
-9.266882802616260503e-03 4.645569678662279239e-02 1.053493287291635758e-03
-9.266882802616260503e-03 4.645569678662279239e-02 1.053493287291635758e-03
-1.548694423561258054e-02 -4.606642970788274449e-02 -2.917080154568228723e-03
-1.548694423561258054e-02 -4.606642970788274449e-02 -2.917080154568228723e-03
-1.548694423561258054e-02 -4.606642970788274449e-02 -2.917080154568228723e-03
-1.548694423561258054e-02 -4.606642970788274449e-02 -2.917080154568228723e-03
-1.548694423561258054e-02 -4.606642970788274449e-02 -2.917080154568228723e-03
-1.548694423561258054e-02 -4.606642970788274449e-02 -2.917080154568228723e-03
-1.548694423561258054e-02 -4.606642970788274449e-02 -2.917080154568228723e-03
-1.548694423561258054e-02 -4.606642970788274449e-02 -2.917080154568228723e-03
-1.548694423561258054e-02 -4.606642970788274449e-02 -2.917080154568228723e-03
-1.548694423561258054e-02 -4.606642970788274449e-02 -2.917080154568228723e-03
-1.548694423561258054e-02 -4.606642970788274449e-02 -2.917080154568228723e-03
-1.548694423561258054e-02 -4.606642970788274449e-02 -2.917080154568228723e-03
-1.548694423561258054e-02 -4.606642970788274449e-02 -2.917080154568228723e-03
2.595495481329638046e-02 1.533169469920536189e-02 5.637977389754149707e-03
2.595495481329638046e-02 1.533169469920536189e-02 5.637977389754149707e-03
2.595495481329638046e-02 1.533169469920536189e-02 5.637977389754149707e-03
2.595495481329638046e-02 1.533169469920536189e-02 5.637977389754149707e-03
2.595495481329638046e-02 1.533169469920536189e-02 5.637977389754149707e-03
2.595495481329638046e-02 1.533169469920536189e-02 5.637977389754149707e-03
2.595495481329638046e-02 1.533169469920536189e-02 5.637977389754149707e-03
2.595495481329638046e-02 1.533169469920536189e-02 5.637977389754149707e-03
2.595495481329638046e-02 1.533169469920536189e-02 5.637977389754149707e-03
2.595495481329638046e-02 1.533169469920536189e-02 5.637977389754149707e-03
2.595495481329638046e-02 1.533169469920536189e-02 5.637977389754149707e-03
2.595495481329638046e-02 1.533169469920536189e-02 5.637977389754149707e-03
2.595495481329638046e-02 1.533169469920536189e-02 5.637977389754149707e-03
2.595495481329638046e-02 1.533169469920536189e-02 5.637977389754149707e-03
2.595495481329638046e-02 1.533169469920536189e-02 5.637977389754149707e-03
2.595495481329638046e-02 1.533169469920536189e-02 5.637977389754149707e-03
2.595495481329638046e-02 1.533169469920536189e-02 5.637977389754149707e-03
1.222412157719557704e-02 3.213620608697409509e-02 4.223530138486871789e-03
1.222412157719557704e-02 3.213620608697409509e-02 4.223530138486871789e-03
1.222412157719557704e-02 3.213620608697409509e-02 4.223530138486871789e-03
1.222412157719557704e-02 3.213620608697409509e-02 4.223530138486871789e-03
1.222412157719557704e-02 3.213620608697409509e-02 4.223530138486871789e-03
1.222412157719557704e-02 3.213620608697409509e-02 4.223530138486871789e-03
1.222412157719557704e-02 3.213620608697409509e-02 4.223530138486871789e-03
1.222412157719557704e-02 3.213620608697409509e-02 4.223530138486871789e-03
1.222412157719557704e-02 3.213620608697409509e-02 4.223530138486871789e-03
1.222412157719557704e-02 3.213620608697409509e-02 4.223530138486871789e-03
1.222412157719557704e-02 3.213620608697409509e-02 4.223530138486871789e-03
1.222412157719557704e-02 3.213620608697409509e-02 4.223530138486871789e-03
1.222412157719557704e-02 3.213620608697409509e-02 4.223530138486871789e-03
-8.372819594376319091e-03 -3.587955050478713881e-02 -1.403560720074770521e-03
-8.372819594376319091e-03 -3.587955050478713881e-02 -1.403560720074770521e-03
-8.372819594376319091e-03 -3.587955050478713881e-02 -1.403560720074770521e-03
-8.372819594376319091e-03 -3.587955050478713881e-02 -1.403560720074770521e-03
-8.372819594376319091e-03 -3.587955050478713881e-02 -1.403560720074770521e-03
-8.372819594376319091e-03 -3.587955050478713881e-02 -1.403560720074770521e-03
-8.372819594376319091e-03 -3.587955050478713881e-02 -1.403560720074770521e-03
-8.372819594376319091e-03 -3.587955050478713881e-02 -1.403560720074770521e-03
-8.372819594376319091e-03 -3.587955050478713881e-02 -1.403560720074770521e-03
-8.372819594376319091e-03 -3.587955050478713881e-02 -1.403560720074770521e-03
-8.372819594376319091e-03 -3.587955050478713881e-02 -1.403560720074770521e-03
-8.372819594376319091e-03 -3.587955050478713881e-02 -1.403560720074770521e-03
3.133973694512332681e-02 1.067796921090536158e-02 6.725232706428923429e-03
3.133973694512332681e-02 1.067796921090536158e-02 6.725232706428923429e-03
3.133973694512332681e-02 1.067796921090536158e-02 6.725232706428923429e-03
3.137099734561176606e-03 4.169017478260322873e-02 2.594725179450634023e-03
3.137099734561176606e-03 4.169017478260322873e-02 2.594725179450634023e-03
3.137099734561176606e-03 4.169017478260322873e-02 2.594725179450634023e-03
3.137099734561176606e-03 4.169017478260322873e-02 2.594725179450634023e-03
3.137099734561176606e-03 4.169017478260322873e-02 2.594725179450634023e-03
3.137099734561176606e-03 4.169017478260322873e-02 2.594725179450634023e-03
3.137099734561176606e-03 4.169017478260322873e-02 2.594725179450634023e-03
3.137099734561176606e-03 4.169017478260322873e-02 2.594725179450634023e-03
3.137099734561176606e-03 4.169017478260322873e-02 2.594725179450634023e-03
3.137099734561176606e-03 4.169017478260322873e-02 2.594725179450634023e-03
3.137099734561176606e-03 4.169017478260322873e-02 2.594725179450634023e-03
3.137099734561176606e-03 4.169017478260322873e-02 2.594725179450634023e-03
8.844831520282548862e-03 3.523932458403822299e-02 3.630671742328589469e-03
8.844831520282548862e-03 3.523932458403822299e-02 3.630671742328589469e-03
8.844831520282548862e-03 3.523932458403822299e-02 3.630671742328589469e-03
8.844831520282548862e-03 3.523932458403822299e-02 3.630671742328589469e-03
8.844831520282548862e-03 3.523932458403822299e-02 3.630671742328589469e-03
8.844831520282548862e-03 3.523932458403822299e-02 3.630671742328589469e-03
8.844831520282548862e-03 3.523932458403822299e-02 3.630671742328589469e-03
8.844831520282548862e-03 3.523932458403822299e-02 3.630671742328589469e-03
8.844831520282548862e-03 3.523932458403822299e-02 3.630671742328589469e-03
8.844831520282548862e-03 3.523932458403822299e-02 3.630671742328589469e-03
-3.400724501263602262e-02 7.769356979805080998e-02 -3.412957987203278643e-03
-3.400724501263602262e-02 7.769356979805080998e-02 -3.412957987203278643e-03
-3.400724501263602262e-02 7.769356979805080998e-02 -3.412957987203278643e-03
-3.400724501263602262e-02 7.769356979805080998e-02 -3.412957987203278643e-03
-3.400724501263602262e-02 7.769356979805080998e-02 -3.412957987203278643e-03
-3.400724501263602262e-02 7.769356979805080998e-02 -3.412957987203278643e-03
-3.400724501263602262e-02 7.769356979805080998e-02 -3.412957987203278643e-03
-3.400724501263602262e-02 7.769356979805080998e-02 -3.412957987203278643e-03
-3.400724501263602262e-02 7.769356979805080998e-02 -3.412957987203278643e-03
4.361119506292253020e-03 -3.227582304081835773e-02 4.585875432960555970e-04
4.361119506292253020e-03 -3.227582304081835773e-02 4.585875432960555970e-04
4.361119506292253020e-03 -3.227582304081835773e-02 4.585875432960555970e-04
4.361119506292253020e-03 -3.227582304081835773e-02 4.585875432960555970e-04
4.361119506292253020e-03 -3.227582304081835773e-02 4.585875432960555970e-04
4.361119506292253020e-03 -3.227582304081835773e-02 4.585875432960555970e-04
4.361119506292253020e-03 -3.227582304081835773e-02 4.585875432960555970e-04
4.361119506292253020e-03 -3.227582304081835773e-02 4.585875432960555970e-04
4.361119506292253020e-03 -3.227582304081835773e-02 4.585875432960555970e-04
4.361119506292253020e-03 -3.227582304081835773e-02 4.585875432960555970e-04
1.314901152209897034e-02 3.260724296578067227e-02 5.272599344859661002e-03
1.314901152209897034e-02 3.260724296578067227e-02 5.272599344859661002e-03
1.314901152209897034e-02 3.260724296578067227e-02 5.272599344859661002e-03
1.314901152209897034e-02 3.260724296578067227e-02 5.272599344859661002e-03
1.314901152209897034e-02 3.260724296578067227e-02 5.272599344859661002e-03
1.314901152209897034e-02 3.260724296578067227e-02 5.272599344859661002e-03
1.314901152209897034e-02 3.260724296578067227e-02 5.272599344859661002e-03
1.314901152209897034e-02 3.260724296578067227e-02 5.272599344859661002e-03
1.314901152209897034e-02 3.260724296578067227e-02 5.272599344859661002e-03
1.314901152209897034e-02 3.260724296578067227e-02 5.272599344859661002e-03
1.314901152209897034e-02 3.260724296578067227e-02 5.272599344859661002e-03
1.314901152209897034e-02 3.260724296578067227e-02 5.272599344859661002e-03
1.314901152209897034e-02 3.260724296578067227e-02 5.272599344859661002e-03
1.729284588635810610e-02 3.171829551484904586e-02 4.086947423069772420e-03
1.729284588635810610e-02 3.171829551484904586e-02 4.086947423069772420e-03
3.208789283830973393e-02 1.470002836139856599e-02 4.471406895242618570e-03
3.208789283830973393e-02 1.470002836139856599e-02 4.471406895242618570e-03
3.208789283830973393e-02 1.470002836139856599e-02 4.471406895242618570e-03
3.208789283830973393e-02 1.470002836139856599e-02 4.471406895242618570e-03
3.208789283830973393e-02 1.470002836139856599e-02 4.471406895242618570e-03
3.208789283830973393e-02 1.470002836139856599e-02 4.471406895242618570e-03
3.208789283830973393e-02 1.470002836139856599e-02 4.471406895242618570e-03
3.208789283830973393e-02 1.470002836139856599e-02 4.471406895242618570e-03
3.208789283830973393e-02 1.470002836139856599e-02 4.471406895242618570e-03
3.208789283830973393e-02 1.470002836139856599e-02 4.471406895242618570e-03
3.208789283830973393e-02 1.470002836139856599e-02 4.471406895242618570e-03
3.208789283830973393e-02 1.470002836139856599e-02 4.471406895242618570e-03
3.284724451079845675e-02 1.265120478968522269e-02 6.460342622051164913e-03
3.284724451079845675e-02 1.265120478968522269e-02 6.460342622051164913e-03
3.284724451079845675e-02 1.265120478968522269e-02 6.460342622051164913e-03
3.284724451079845675e-02 1.265120478968522269e-02 6.460342622051164913e-03
3.284724451079845675e-02 1.265120478968522269e-02 6.460342622051164913e-03
3.284724451079845675e-02 1.265120478968522269e-02 6.460342622051164913e-03
3.284724451079845675e-02 1.265120478968522269e-02 6.460342622051164913e-03
3.284724451079845675e-02 1.265120478968522269e-02 6.460342622051164913e-03
3.284724451079845675e-02 1.265120478968522269e-02 6.460342622051164913e-03
3.284724451079845675e-02 1.265120478968522269e-02 6.460342622051164913e-03
3.284724451079845675e-02 1.265120478968522269e-02 6.460342622051164913e-03
3.284724451079845675e-02 1.265120478968522269e-02 6.460342622051164913e-03
3.284724451079845675e-02 1.265120478968522269e-02 6.460342622051164913e-03
3.284724451079845675e-02 1.265120478968522269e-02 6.460342622051164913e-03
3.284724451079845675e-02 1.265120478968522269e-02 6.460342622051164913e-03
3.284724451079845675e-02 1.265120478968522269e-02 6.460342622051164913e-03
-3.930609710968600672e-03 4.813170659022675268e-02 1.785396755717193543e-03
-3.930609710968600672e-03 4.813170659022675268e-02 1.785396755717193543e-03
-3.930609710968600672e-03 4.813170659022675268e-02 1.785396755717193543e-03
-3.930609710968600672e-03 4.813170659022675268e-02 1.785396755717193543e-03
-3.930609710968600672e-03 4.813170659022675268e-02 1.785396755717193543e-03
-3.930609710968600672e-03 4.813170659022675268e-02 1.785396755717193543e-03
-3.930609710968600672e-03 4.813170659022675268e-02 1.785396755717193543e-03
-3.930609710968600672e-03 4.813170659022675268e-02 1.785396755717193543e-03
-3.930609710968600672e-03 4.813170659022675268e-02 1.785396755717193543e-03
-3.930609710968600672e-03 4.813170659022675268e-02 1.785396755717193543e-03
-3.930609710968600672e-03 4.813170659022675268e-02 1.785396755717193543e-03
-3.930609710968600672e-03 4.813170659022675268e-02 1.785396755717193543e-03
2.828521619223662090e-02 1.189412858584742820e-02 4.907702014263134842e-03
2.828521619223662090e-02 1.189412858584742820e-02 4.907702014263134842e-03
2.828521619223662090e-02 1.189412858584742820e-02 4.907702014263134842e-03
2.828521619223662090e-02 1.189412858584742820e-02 4.907702014263134842e-03
2.828521619223662090e-02 1.189412858584742820e-02 4.907702014263134842e-03
2.828521619223662090e-02 1.189412858584742820e-02 4.907702014263134842e-03
2.828521619223662090e-02 1.189412858584742820e-02 4.907702014263134842e-03
2.828521619223662090e-02 1.189412858584742820e-02 4.907702014263134842e-03
