1.007934076349116526e-01 -6.274505559141820010e-02 -1.266425149089921848e-02
1.007934076349116526e-01 -6.274505559141820010e-02 -1.266425149089921848e-02
1.007934076349116526e-01 -6.274505559141820010e-02 -1.266425149089921848e-02
1.007934076349116526e-01 -6.274505559141820010e-02 -1.266425149089921848e-02
1.007934076349116526e-01 -6.274505559141820010e-02 -1.266425149089921848e-02
1.007934076349116526e-01 -6.274505559141820010e-02 -1.266425149089921848e-02
1.007934076349116526e-01 -6.274505559141820010e-02 -1.266425149089921848e-02
1.007934076349116526e-01 -6.274505559141820010e-02 -1.266425149089921848e-02
1.007934076349116526e-01 -6.274505559141820010e-02 -1.266425149089921848e-02
1.007934076349116526e-01 -6.274505559141820010e-02 -1.266425149089921848e-02
1.007934076349116526e-01 -6.274505559141820010e-02 -1.266425149089921848e-02
1.007934076349116526e-01 -6.274505559141820010e-02 -1.266425149089921848e-02
1.007934076349116526e-01 -6.274505559141820010e-02 -1.266425149089921848e-02
1.007934076349116526e-01 -6.274505559141820010e-02 -1.266425149089921848e-02
1.007934076349116526e-01 -6.274505559141820010e-02 -1.266425149089921848e-02
-9.910555149124436469e-02 2.526507455687490578e-02 -4.745595556711766985e-03
-9.910555149124436469e-02 2.526507455687490578e-02 -4.745595556711766985e-03
-9.910555149124436469e-02 2.526507455687490578e-02 -4.745595556711766985e-03
-9.910555149124436469e-02 2.526507455687490578e-02 -4.745595556711766985e-03
-9.910555149124436469e-02 2.526507455687490578e-02 -4.745595556711766985e-03
-9.910555149124436469e-02 2.526507455687490578e-02 -4.745595556711766985e-03
-9.910555149124436469e-02 2.526507455687490578e-02 -4.745595556711766985e-03
-9.910555149124436469e-02 2.526507455687490578e-02 -4.745595556711766985e-03
-9.910555149124436469e-02 2.526507455687490578e-02 -4.745595556711766985e-03
-9.910555149124436469e-02 2.526507455687490578e-02 -4.745595556711766985e-03
3.327521420554475223e-02 2.342578835625420963e-03 1.434725822834036733e-02
3.327521420554475223e-02 2.342578835625420963e-03 1.434725822834036733e-02
3.327521420554475223e-02 2.342578835625420963e-03 1.434725822834036733e-02
3.327521420554475223e-02 2.342578835625420963e-03 1.434725822834036733e-02
3.327521420554475223e-02 2.342578835625420963e-03 1.434725822834036733e-02
3.327521420554475223e-02 2.342578835625420963e-03 1.434725822834036733e-02
3.327521420554475223e-02 2.342578835625420963e-03 1.434725822834036733e-02
6.146557606543189001e-02 -1.242197105090280234e-03 5.547649880915531476e-03
6.146557606543189001e-02 -1.242197105090280234e-03 5.547649880915531476e-03
6.146557606543189001e-02 -1.242197105090280234e-03 5.547649880915531476e-03
6.146557606543189001e-02 -1.242197105090280234e-03 5.547649880915531476e-03
6.146557606543189001e-02 -1.242197105090280234e-03 5.547649880915531476e-03
6.146557606543189001e-02 -1.242197105090280234e-03 5.547649880915531476e-03
6.146557606543189001e-02 -1.242197105090280234e-03 5.547649880915531476e-03
6.146557606543189001e-02 -1.242197105090280234e-03 5.547649880915531476e-03
6.146557606543189001e-02 -1.242197105090280234e-03 5.547649880915531476e-03
6.146557606543189001e-02 -1.242197105090280234e-03 5.547649880915531476e-03
6.146557606543189001e-02 -1.242197105090280234e-03 5.547649880915531476e-03
6.146557606543189001e-02 -1.242197105090280234e-03 5.547649880915531476e-03
3.787140794737393207e-02 -4.120112649861499415e-02 9.322618685863840945e-03
3.787140794737393207e-02 -4.120112649861499415e-02 9.322618685863840945e-03
3.787140794737393207e-02 -4.120112649861499415e-02 9.322618685863840945e-03
3.787140794737393207e-02 -4.120112649861499415e-02 9.322618685863840945e-03
3.787140794737393207e-02 -4.120112649861499415e-02 9.322618685863840945e-03
3.787140794737393207e-02 -4.120112649861499415e-02 9.322618685863840945e-03
3.787140794737393207e-02 -4.120112649861499415e-02 9.322618685863840945e-03
3.787140794737393207e-02 -4.120112649861499415e-02 9.322618685863840945e-03
3.787140794737393207e-02 -4.120112649861499415e-02 9.322618685863840945e-03
3.787140794737393207e-02 -4.120112649861499415e-02 9.322618685863840945e-03
3.787140794737393207e-02 -4.120112649861499415e-02 9.322618685863840945e-03
5.229051962184259189e-02 -3.881169847722464039e-02 5.158481290765792870e-03
5.229051962184259189e-02 -3.881169847722464039e-02 5.158481290765792870e-03
5.229051962184259189e-02 -3.881169847722464039e-02 5.158481290765792870e-03
5.229051962184259189e-02 -3.881169847722464039e-02 5.158481290765792870e-03
5.229051962184259189e-02 -3.881169847722464039e-02 5.158481290765792870e-03
5.229051962184259189e-02 -3.881169847722464039e-02 5.158481290765792870e-03
5.229051962184259189e-02 -3.881169847722464039e-02 5.158481290765792870e-03
5.229051962184259189e-02 -3.881169847722464039e-02 5.158481290765792870e-03
5.229051962184259189e-02 -3.881169847722464039e-02 5.158481290765792870e-03
5.229051962184259189e-02 -3.881169847722464039e-02 5.158481290765792870e-03
5.229051962184259189e-02 -3.881169847722464039e-02 5.158481290765792870e-03
9.112812436859202281e-02 -1.738327566859228235e-02 -5.310939091233674025e-03
9.112812436859202281e-02 -1.738327566859228235e-02 -5.310939091233674025e-03
9.112812436859202281e-02 -1.738327566859228235e-02 -5.310939091233674025e-03
9.112812436859202281e-02 -1.738327566859228235e-02 -5.310939091233674025e-03
9.112812436859202281e-02 -1.738327566859228235e-02 -5.310939091233674025e-03
9.112812436859202281e-02 -1.738327566859228235e-02 -5.310939091233674025e-03
9.112812436859202281e-02 -1.738327566859228235e-02 -5.310939091233674025e-03
9.112812436859202281e-02 -1.738327566859228235e-02 -5.310939091233674025e-03
9.112812436859202281e-02 -1.738327566859228235e-02 -5.310939091233674025e-03
9.112812436859202281e-02 -1.738327566859228235e-02 -5.310939091233674025e-03
9.112812436859202281e-02 -1.738327566859228235e-02 -5.310939091233674025e-03
9.112812436859202281e-02 -1.738327566859228235e-02 -5.310939091233674025e-03
9.112812436859202281e-02 -1.738327566859228235e-02 -5.310939091233674025e-03
9.112812436859202281e-02 -1.738327566859228235e-02 -5.310939091233674025e-03
9.112812436859202281e-02 -1.738327566859228235e-02 -5.310939091233674025e-03
9.112812436859202281e-02 -1.738327566859228235e-02 -5.310939091233674025e-03
1.025279508051699373e-01 -2.588505512618989243e-02 -9.440106965041696052e-03
1.025279508051699373e-01 -2.588505512618989243e-02 -9.440106965041696052e-03
1.025279508051699373e-01 -2.588505512618989243e-02 -9.440106965041696052e-03
1.025279508051699373e-01 -2.588505512618989243e-02 -9.440106965041696052e-03
1.025279508051699373e-01 -2.588505512618989243e-02 -9.440106965041696052e-03
1.025279508051699373e-01 -2.588505512618989243e-02 -9.440106965041696052e-03
1.025279508051699373e-01 -2.588505512618989243e-02 -9.440106965041696052e-03
1.025279508051699373e-01 -2.588505512618989243e-02 -9.440106965041696052e-03
1.025279508051699373e-01 -2.588505512618989243e-02 -9.440106965041696052e-03
1.025279508051699373e-01 -2.588505512618989243e-02 -9.440106965041696052e-03
1.025279508051699373e-01 -2.588505512618989243e-02 -9.440106965041696052e-03
1.025279508051699373e-01 -2.588505512618989243e-02 -9.440106965041696052e-03
1.025279508051699373e-01 -2.588505512618989243e-02 -9.440106965041696052e-03
1.025279508051699373e-01 -2.588505512618989243e-02 -9.440106965041696052e-03
1.025279508051699373e-01 -2.588505512618989243e-02 -9.440106965041696052e-03
1.025279508051699373e-01 -2.588505512618989243e-02 -9.440106965041696052e-03
9.244957089305277931e-02 8.156426730465389605e-04 -4.584645458123533072e-03
9.244957089305277931e-02 8.156426730465389605e-04 -4.584645458123533072e-03
9.244957089305277931e-02 8.156426730465389605e-04 -4.584645458123533072e-03
9.244957089305277931e-02 8.156426730465389605e-04 -4.584645458123533072e-03
9.244957089305277931e-02 8.156426730465389605e-04 -4.584645458123533072e-03
9.244957089305277931e-02 8.156426730465389605e-04 -4.584645458123533072e-03
9.244957089305277931e-02 8.156426730465389605e-04 -4.584645458123533072e-03
9.244957089305277931e-02 8.156426730465389605e-04 -4.584645458123533072e-03
9.244957089305277931e-02 8.156426730465389605e-04 -4.584645458123533072e-03
9.244957089305277931e-02 8.156426730465389605e-04 -4.584645458123533072e-03
9.244957089305277931e-02 8.156426730465389605e-04 -4.584645458123533072e-03
9.244957089305277931e-02 8.156426730465389605e-04 -4.584645458123533072e-03
9.244957089305277931e-02 8.156426730465389605e-04 -4.584645458123533072e-03
9.244957089305277931e-02 8.156426730465389605e-04 -4.584645458123533072e-03
9.244957089305277931e-02 8.156426730465389605e-04 -4.584645458123533072e-03
8.165967303973517555e-02 5.269781296270337548e-03 -5.861010841950214023e-04
8.165967303973517555e-02 5.269781296270337548e-03 -5.861010841950214023e-04
8.165967303973517555e-02 5.269781296270337548e-03 -5.861010841950214023e-04
8.165967303973517555e-02 5.269781296270337548e-03 -5.861010841950214023e-04
8.165967303973517555e-02 5.269781296270337548e-03 -5.861010841950214023e-04
8.165967303973517555e-02 5.269781296270337548e-03 -5.861010841950214023e-04
8.165967303973517555e-02 5.269781296270337548e-03 -5.861010841950214023e-04
8.165967303973517555e-02 5.269781296270337548e-03 -5.861010841950214023e-04
8.165967303973517555e-02 5.269781296270337548e-03 -5.861010841950214023e-04
8.165967303973517555e-02 5.269781296270337548e-03 -5.861010841950214023e-04
8.165967303973517555e-02 5.269781296270337548e-03 -5.861010841950214023e-04
8.165967303973517555e-02 5.269781296270337548e-03 -5.861010841950214023e-04
9.641895372498260341e-02 5.216103362357119716e-03 -5.804147310663037782e-03
9.641895372498260341e-02 5.216103362357119716e-03 -5.804147310663037782e-03
9.641895372498260341e-02 5.216103362357119716e-03 -5.804147310663037782e-03
9.641895372498260341e-02 5.216103362357119716e-03 -5.804147310663037782e-03
9.641895372498260341e-02 5.216103362357119716e-03 -5.804147310663037782e-03
9.641895372498260341e-02 5.216103362357119716e-03 -5.804147310663037782e-03
9.641895372498260341e-02 5.216103362357119716e-03 -5.804147310663037782e-03
9.641895372498260341e-02 5.216103362357119716e-03 -5.804147310663037782e-03
9.641895372498260341e-02 5.216103362357119716e-03 -5.804147310663037782e-03
9.641895372498260341e-02 5.216103362357119716e-03 -5.804147310663037782e-03
9.641895372498260341e-02 5.216103362357119716e-03 -5.804147310663037782e-03
9.641895372498260341e-02 5.216103362357119716e-03 -5.804147310663037782e-03
9.641895372498260341e-02 5.216103362357119716e-03 -5.804147310663037782e-03
9.641895372498260341e-02 5.216103362357119716e-03 -5.804147310663037782e-03
9.641895372498260341e-02 5.216103362357119716e-03 -5.804147310663037782e-03
8.109717046124936823e-02 -4.393734368091148368e-02 -4.440066325019845564e-03
8.109717046124936823e-02 -4.393734368091148368e-02 -4.440066325019845564e-03
8.109717046124936823e-02 -4.393734368091148368e-02 -4.440066325019845564e-03
8.109717046124936823e-02 -4.393734368091148368e-02 -4.440066325019845564e-03
8.109717046124936823e-02 -4.393734368091148368e-02 -4.440066325019845564e-03
8.109717046124936823e-02 -4.393734368091148368e-02 -4.440066325019845564e-03
8.109717046124936823e-02 -4.393734368091148368e-02 -4.440066325019845564e-03
8.109717046124936823e-02 -4.393734368091148368e-02 -4.440066325019845564e-03
8.109717046124936823e-02 -4.393734368091148368e-02 -4.440066325019845564e-03
8.109717046124936823e-02 -4.393734368091148368e-02 -4.440066325019845564e-03
8.109717046124936823e-02 -4.393734368091148368e-02 -4.440066325019845564e-03
8.109717046124936823e-02 -4.393734368091148368e-02 -4.440066325019845564e-03
8.109717046124936823e-02 -4.393734368091148368e-02 -4.440066325019845564e-03
8.109717046124936823e-02 -4.393734368091148368e-02 -4.440066325019845564e-03
8.109717046124936823e-02 -4.393734368091148368e-02 -4.440066325019845564e-03
8.109717046124936823e-02 -4.393734368091148368e-02 -4.440066325019845564e-03
1.098078108335298619e-01 -5.226294792096897179e-02 -1.357131931320352571e-02
1.098078108335298619e-01 -5.226294792096897179e-02 -1.357131931320352571e-02
1.098078108335298619e-01 -5.226294792096897179e-02 -1.357131931320352571e-02
1.098078108335298619e-01 -5.226294792096897179e-02 -1.357131931320352571e-02
1.098078108335298619e-01 -5.226294792096897179e-02 -1.357131931320352571e-02
1.098078108335298619e-01 -5.226294792096897179e-02 -1.357131931320352571e-02
1.098078108335298619e-01 -5.226294792096897179e-02 -1.357131931320352571e-02
1.098078108335298619e-01 -5.226294792096897179e-02 -1.357131931320352571e-02
1.098078108335298619e-01 -5.226294792096897179e-02 -1.357131931320352571e-02
1.098078108335298619e-01 -5.226294792096897179e-02 -1.357131931320352571e-02
1.098078108335298619e-01 -5.226294792096897179e-02 -1.357131931320352571e-02
1.098078108335298619e-01 -5.226294792096897179e-02 -1.357131931320352571e-02
8.726367958646306933e-02 -1.592654313099328700e-02 -3.880993463412683343e-03
8.726367958646306933e-02 -1.592654313099328700e-02 -3.880993463412683343e-03
8.726367958646306933e-02 -1.592654313099328700e-02 -3.880993463412683343e-03
8.726367958646306933e-02 -1.592654313099328700e-02 -3.880993463412683343e-03
8.726367958646306933e-02 -1.592654313099328700e-02 -3.880993463412683343e-03
8.726367958646306933e-02 -1.592654313099328700e-02 -3.880993463412683343e-03
8.726367958646306933e-02 -1.592654313099328700e-02 -3.880993463412683343e-03
8.726367958646306933e-02 -1.592654313099328700e-02 -3.880993463412683343e-03
8.726367958646306933e-02 -1.592654313099328700e-02 -3.880993463412683343e-03
8.726367958646306933e-02 -1.592654313099328700e-02 -3.880993463412683343e-03
8.726367958646306933e-02 -1.592654313099328700e-02 -3.880993463412683343e-03
8.726367958646306933e-02 -1.592654313099328700e-02 -3.880993463412683343e-03
8.726367958646306933e-02 -1.592654313099328700e-02 -3.880993463412683343e-03
8.726367958646306933e-02 -1.592654313099328700e-02 -3.880993463412683343e-03
8.726367958646306933e-02 -1.592654313099328700e-02 -3.880993463412683343e-03
8.726367958646306933e-02 -1.592654313099328700e-02 -3.880993463412683343e-03
9.362347981944864339e-02 -2.085339005813235946e-02 -6.288907610248266680e-03
9.362347981944864339e-02 -2.085339005813235946e-02 -6.288907610248266680e-03
9.362347981944864339e-02 -2.085339005813235946e-02 -6.288907610248266680e-03
9.362347981944864339e-02 -2.085339005813235946e-02 -6.288907610248266680e-03
9.362347981944864339e-02 -2.085339005813235946e-02 -6.288907610248266680e-03
9.362347981944864339e-02 -2.085339005813235946e-02 -6.288907610248266680e-03
9.362347981944864339e-02 -2.085339005813235946e-02 -6.288907610248266680e-03
9.362347981944864339e-02 -2.085339005813235946e-02 -6.288907610248266680e-03
9.362347981944864339e-02 -2.085339005813235946e-02 -6.288907610248266680e-03
9.362347981944864339e-02 -2.085339005813235946e-02 -6.288907610248266680e-03
9.362347981944864339e-02 -2.085339005813235946e-02 -6.288907610248266680e-03
9.362347981944864339e-02 -2.085339005813235946e-02 -6.288907610248266680e-03
9.362347981944864339e-02 -2.085339005813235946e-02 -6.288907610248266680e-03
9.362347981944864339e-02 -2.085339005813235946e-02 -6.288907610248266680e-03
9.362347981944864339e-02 -2.085339005813235946e-02 -6.288907610248266680e-03
9.362347981944864339e-02 -2.085339005813235946e-02 -6.288907610248266680e-03
1.064133205287812606e-01 -3.326095980089375376e-02 -1.111352590097967191e-02
1.064133205287812606e-01 -3.326095980089375376e-02 -1.111352590097967191e-02
1.064133205287812606e-01 -3.326095980089375376e-02 -1.111352590097967191e-02
1.064133205287812606e-01 -3.326095980089375376e-02 -1.111352590097967191e-02
1.064133205287812606e-01 -3.326095980089375376e-02 -1.111352590097967191e-02
1.064133205287812606e-01 -3.326095980089375376e-02 -1.111352590097967191e-02
1.064133205287812606e-01 -3.326095980089375376e-02 -1.111352590097967191e-02
1.064133205287812606e-01 -3.326095980089375376e-02 -1.111352590097967191e-02
1.064133205287812606e-01 -3.326095980089375376e-02 -1.111352590097967191e-02
1.064133205287812606e-01 -3.326095980089375376e-02 -1.111352590097967191e-02
1.064133205287812606e-01 -3.326095980089375376e-02 -1.111352590097967191e-02
1.064133205287812606e-01 -3.326095980089375376e-02 -1.111352590097967191e-02
1.064133205287812606e-01 -3.326095980089375376e-02 -1.111352590097967191e-02
1.064133205287812606e-01 -3.326095980089375376e-02 -1.111352590097967191e-02
1.064133205287812606e-01 -3.326095980089375376e-02 -1.111352590097967191e-02
1.064133205287812606e-01 -3.326095980089375376e-02 -1.111352590097967191e-02
2.954768632530396094e-02 6.527202978270960076e-03 1.529266142299050280e-02
2.954768632530396094e-02 6.527202978270960076e-03 1.529266142299050280e-02
2.954768632530396094e-02 6.527202978270960076e-03 1.529266142299050280e-02
2.954768632530396094e-02 6.527202978270960076e-03 1.529266142299050280e-02
2.954768632530396094e-02 6.527202978270960076e-03 1.529266142299050280e-02
6.493233194769738870e-02 -4.967570156052138197e-02 1.744731314935291403e-04
6.493233194769738870e-02 -4.967570156052138197e-02 1.744731314935291403e-04
6.493233194769738870e-02 -4.967570156052138197e-02 1.744731314935291403e-04
6.493233194769738870e-02 -4.967570156052138197e-02 1.744731314935291403e-04
6.493233194769738870e-02 -4.967570156052138197e-02 1.744731314935291403e-04
6.493233194769738870e-02 -4.967570156052138197e-02 1.744731314935291403e-04
6.493233194769738870e-02 -4.967570156052138197e-02 1.744731314935291403e-04
6.493233194769738870e-02 -4.967570156052138197e-02 1.744731314935291403e-04
6.493233194769738870e-02 -4.967570156052138197e-02 1.744731314935291403e-04
6.493233194769738870e-02 -4.967570156052138197e-02 1.744731314935291403e-04
6.493233194769738870e-02 -4.967570156052138197e-02 1.744731314935291403e-04
-1.485700043215419375e-01 4.358362148979856576e-02 -8.210251555697068229e-04
-1.485700043215419375e-01 4.358362148979856576e-02 -8.210251555697068229e-04
-1.485700043215419375e-01 4.358362148979856576e-02 -8.210251555697068229e-04
-1.485700043215419375e-01 4.358362148979856576e-02 -8.210251555697068229e-04
-1.485700043215419375e-01 4.358362148979856576e-02 -8.210251555697068229e-04
-1.485700043215419375e-01 4.358362148979856576e-02 -8.210251555697068229e-04
-1.485700043215419375e-01 4.358362148979856576e-02 -8.210251555697068229e-04
-1.485700043215419375e-01 4.358362148979856576e-02 -8.210251555697068229e-04
-1.485700043215419375e-01 4.358362148979856576e-02 -8.210251555697068229e-04
-1.485700043215419375e-01 4.358362148979856576e-02 -8.210251555697068229e-04
-1.485700043215419375e-01 4.358362148979856576e-02 -8.210251555697068229e-04
-1.485700043215419375e-01 4.358362148979856576e-02 -8.210251555697068229e-04
-1.485700043215419375e-01 4.358362148979856576e-02 -8.210251555697068229e-04
-1.485700043215419375e-01 4.358362148979856576e-02 -8.210251555697068229e-04
-1.485700043215419375e-01 4.358362148979856576e-02 -8.210251555697068229e-04
