1.233265124732848064e-03 1.581910951618916220e-03 -2.571662865327208058e-04
1.233265124732848064e-03 1.581910951618916220e-03 -2.571662865327208058e-04
1.233265124732848064e-03 1.581910951618916220e-03 -2.571662865327208058e-04
1.233265124732848064e-03 1.581910951618916220e-03 -2.571662865327208058e-04
1.233265124732848064e-03 1.581910951618916220e-03 -2.571662865327208058e-04
1.233265124732848064e-03 1.581910951618916220e-03 -2.571662865327208058e-04
1.233265124732848064e-03 1.581910951618916220e-03 -2.571662865327208058e-04
1.233265124732848064e-03 1.581910951618916220e-03 -2.571662865327208058e-04
1.233265124732848064e-03 1.581910951618916220e-03 -2.571662865327208058e-04
1.233265124732848064e-03 1.581910951618916220e-03 -2.571662865327208058e-04
1.233265124732848064e-03 1.581910951618916220e-03 -2.571662865327208058e-04
1.233265124732848064e-03 1.581910951618916220e-03 -2.571662865327208058e-04
1.233265124732848064e-03 1.581910951618916220e-03 -2.571662865327208058e-04
1.233265124732848064e-03 1.581910951618916220e-03 -2.571662865327208058e-04
1.233265124732848064e-03 1.581910951618916220e-03 -2.571662865327208058e-04
1.233265124732848064e-03 1.581910951618916220e-03 -2.571662865327208058e-04
1.233265124732848064e-03 1.581910951618916220e-03 -2.571662865327208058e-04
5.322090344435785256e-03 4.657435988238329411e-03 -4.763512063539409105e-03
5.322090344435785256e-03 4.657435988238329411e-03 -4.763512063539409105e-03
5.322090344435785256e-03 4.657435988238329411e-03 -4.763512063539409105e-03
5.322090344435785256e-03 4.657435988238329411e-03 -4.763512063539409105e-03
5.322090344435785256e-03 4.657435988238329411e-03 -4.763512063539409105e-03
5.322090344435785256e-03 4.657435988238329411e-03 -4.763512063539409105e-03
5.322090344435785256e-03 4.657435988238329411e-03 -4.763512063539409105e-03
5.322090344435785256e-03 4.657435988238329411e-03 -4.763512063539409105e-03
5.322090344435785256e-03 4.657435988238329411e-03 -4.763512063539409105e-03
5.322090344435785256e-03 4.657435988238329411e-03 -4.763512063539409105e-03
5.322090344435785256e-03 4.657435988238329411e-03 -4.763512063539409105e-03
5.322090344435785256e-03 4.657435988238329411e-03 -4.763512063539409105e-03
5.322090344435785256e-03 4.657435988238329411e-03 -4.763512063539409105e-03
5.322090344435785256e-03 4.657435988238329411e-03 -4.763512063539409105e-03
5.322090344435785256e-03 4.657435988238329411e-03 -4.763512063539409105e-03
5.322090344435785256e-03 4.657435988238329411e-03 -4.763512063539409105e-03
5.322090344435785256e-03 4.657435988238329411e-03 -4.763512063539409105e-03
1.611333328567927589e-03 2.037180939223672341e-03 -1.476638067060672722e-03
1.611333328567927589e-03 2.037180939223672341e-03 -1.476638067060672722e-03
1.611333328567927589e-03 2.037180939223672341e-03 -1.476638067060672722e-03
1.611333328567927589e-03 2.037180939223672341e-03 -1.476638067060672722e-03
1.611333328567927589e-03 2.037180939223672341e-03 -1.476638067060672722e-03
1.611333328567927589e-03 2.037180939223672341e-03 -1.476638067060672722e-03
1.611333328567927589e-03 2.037180939223672341e-03 -1.476638067060672722e-03
1.611333328567927589e-03 2.037180939223672341e-03 -1.476638067060672722e-03
1.611333328567927589e-03 2.037180939223672341e-03 -1.476638067060672722e-03
1.611333328567927589e-03 2.037180939223672341e-03 -1.476638067060672722e-03
1.611333328567927589e-03 2.037180939223672341e-03 -1.476638067060672722e-03
1.611333328567927589e-03 2.037180939223672341e-03 -1.476638067060672722e-03
1.611333328567927589e-03 2.037180939223672341e-03 -1.476638067060672722e-03
1.611333328567927589e-03 2.037180939223672341e-03 -1.476638067060672722e-03
1.611333328567927589e-03 2.037180939223672341e-03 -1.476638067060672722e-03
1.611333328567927589e-03 2.037180939223672341e-03 -1.476638067060672722e-03
1.611333328567927589e-03 2.037180939223672341e-03 -1.476638067060672722e-03
-4.129226734665219015e-03 -5.632274049936628231e-03 -1.401101967190560363e-03
-4.129226734665219015e-03 -5.632274049936628231e-03 -1.401101967190560363e-03
-4.129226734665219015e-03 -5.632274049936628231e-03 -1.401101967190560363e-03
-4.129226734665219015e-03 -5.632274049936628231e-03 -1.401101967190560363e-03
-4.129226734665219015e-03 -5.632274049936628231e-03 -1.401101967190560363e-03
-4.129226734665219015e-03 -5.632274049936628231e-03 -1.401101967190560363e-03
-4.129226734665219015e-03 -5.632274049936628231e-03 -1.401101967190560363e-03
-4.129226734665219015e-03 -5.632274049936628231e-03 -1.401101967190560363e-03
-4.129226734665219015e-03 -5.632274049936628231e-03 -1.401101967190560363e-03
-4.129226734665219015e-03 -5.632274049936628231e-03 -1.401101967190560363e-03
-4.129226734665219015e-03 -5.632274049936628231e-03 -1.401101967190560363e-03
-4.129226734665219015e-03 -5.632274049936628231e-03 -1.401101967190560363e-03
-4.129226734665219015e-03 -5.632274049936628231e-03 -1.401101967190560363e-03
-4.129226734665219015e-03 -5.632274049936628231e-03 -1.401101967190560363e-03
-4.129226734665219015e-03 -5.632274049936628231e-03 -1.401101967190560363e-03
-4.129226734665219015e-03 -5.632274049936628231e-03 -1.401101967190560363e-03
-4.129226734665219015e-03 -5.632274049936628231e-03 -1.401101967190560363e-03
-3.390978227882989610e-03 -1.672128967330575172e-03 -2.911511835594890463e-03
-3.390978227882989610e-03 -1.672128967330575172e-03 -2.911511835594890463e-03
-3.390978227882989610e-03 -1.672128967330575172e-03 -2.911511835594890463e-03
-3.390978227882989610e-03 -1.672128967330575172e-03 -2.911511835594890463e-03
-3.390978227882989610e-03 -1.672128967330575172e-03 -2.911511835594890463e-03
-3.390978227882989610e-03 -1.672128967330575172e-03 -2.911511835594890463e-03
-3.390978227882989610e-03 -1.672128967330575172e-03 -2.911511835594890463e-03
-3.390978227882989610e-03 -1.672128967330575172e-03 -2.911511835594890463e-03
-3.390978227882989610e-03 -1.672128967330575172e-03 -2.911511835594890463e-03
-3.390978227882989610e-03 -1.672128967330575172e-03 -2.911511835594890463e-03
-3.390978227882989610e-03 -1.672128967330575172e-03 -2.911511835594890463e-03
-3.390978227882989610e-03 -1.672128967330575172e-03 -2.911511835594890463e-03
-3.390978227882989610e-03 -1.672128967330575172e-03 -2.911511835594890463e-03
-3.390978227882989610e-03 -1.672128967330575172e-03 -2.911511835594890463e-03
-3.390978227882989610e-03 -1.672128967330575172e-03 -2.911511835594890463e-03
-3.390978227882989610e-03 -1.672128967330575172e-03 -2.911511835594890463e-03
-3.390978227882989610e-03 -1.672128967330575172e-03 -2.911511835594890463e-03
3.656625920161823626e-03 2.468746098803140977e-03 1.131260215059942328e-03
3.656625920161823626e-03 2.468746098803140977e-03 1.131260215059942328e-03
3.656625920161823626e-03 2.468746098803140977e-03 1.131260215059942328e-03
3.656625920161823626e-03 2.468746098803140977e-03 1.131260215059942328e-03
3.656625920161823626e-03 2.468746098803140977e-03 1.131260215059942328e-03
3.656625920161823626e-03 2.468746098803140977e-03 1.131260215059942328e-03
3.656625920161823626e-03 2.468746098803140977e-03 1.131260215059942328e-03
3.656625920161823626e-03 2.468746098803140977e-03 1.131260215059942328e-03
3.656625920161823626e-03 2.468746098803140977e-03 1.131260215059942328e-03
3.656625920161823626e-03 2.468746098803140977e-03 1.131260215059942328e-03
3.656625920161823626e-03 2.468746098803140977e-03 1.131260215059942328e-03
3.656625920161823626e-03 2.468746098803140977e-03 1.131260215059942328e-03
3.656625920161823626e-03 2.468746098803140977e-03 1.131260215059942328e-03
3.656625920161823626e-03 2.468746098803140977e-03 1.131260215059942328e-03
3.656625920161823626e-03 2.468746098803140977e-03 1.131260215059942328e-03
3.656625920161823626e-03 2.468746098803140977e-03 1.131260215059942328e-03
3.656625920161823626e-03 2.468746098803140977e-03 1.131260215059942328e-03
-3.975904500381880619e-03 -3.972457896514320665e-03 -2.134242604870195334e-03
-3.975904500381880619e-03 -3.972457896514320665e-03 -2.134242604870195334e-03
-3.975904500381880619e-03 -3.972457896514320665e-03 -2.134242604870195334e-03
-3.975904500381880619e-03 -3.972457896514320665e-03 -2.134242604870195334e-03
-3.975904500381880619e-03 -3.972457896514320665e-03 -2.134242604870195334e-03
-3.975904500381880619e-03 -3.972457896514320665e-03 -2.134242604870195334e-03
-3.975904500381880619e-03 -3.972457896514320665e-03 -2.134242604870195334e-03
-3.975904500381880619e-03 -3.972457896514320665e-03 -2.134242604870195334e-03
-3.975904500381880619e-03 -3.972457896514320665e-03 -2.134242604870195334e-03
-3.975904500381880619e-03 -3.972457896514320665e-03 -2.134242604870195334e-03
-3.975904500381880619e-03 -3.972457896514320665e-03 -2.134242604870195334e-03
-3.975904500381880619e-03 -3.972457896514320665e-03 -2.134242604870195334e-03
-3.975904500381880619e-03 -3.972457896514320665e-03 -2.134242604870195334e-03
-3.975904500381880619e-03 -3.972457896514320665e-03 -2.134242604870195334e-03
-3.975904500381880619e-03 -3.972457896514320665e-03 -2.134242604870195334e-03
-3.975904500381880619e-03 -3.972457896514320665e-03 -2.134242604870195334e-03
-3.975904500381880619e-03 -3.972457896514320665e-03 -2.134242604870195334e-03
8.380006149956873915e-04 -1.817869808617650004e-03 4.432185742319297989e-04
8.380006149956873915e-04 -1.817869808617650004e-03 4.432185742319297989e-04
8.380006149956873915e-04 -1.817869808617650004e-03 4.432185742319297989e-04
8.380006149956873915e-04 -1.817869808617650004e-03 4.432185742319297989e-04
8.380006149956873915e-04 -1.817869808617650004e-03 4.432185742319297989e-04
8.380006149956873915e-04 -1.817869808617650004e-03 4.432185742319297989e-04
8.380006149956873915e-04 -1.817869808617650004e-03 4.432185742319297989e-04
8.380006149956873915e-04 -1.817869808617650004e-03 4.432185742319297989e-04
8.380006149956873915e-04 -1.817869808617650004e-03 4.432185742319297989e-04
8.380006149956873915e-04 -1.817869808617650004e-03 4.432185742319297989e-04
8.380006149956873915e-04 -1.817869808617650004e-03 4.432185742319297989e-04
8.380006149956873915e-04 -1.817869808617650004e-03 4.432185742319297989e-04
8.380006149956873915e-04 -1.817869808617650004e-03 4.432185742319297989e-04
8.380006149956873915e-04 -1.817869808617650004e-03 4.432185742319297989e-04
8.380006149956873915e-04 -1.817869808617650004e-03 4.432185742319297989e-04
8.380006149956873915e-04 -1.817869808617650004e-03 4.432185742319297989e-04
8.380006149956873915e-04 -1.817869808617650004e-03 4.432185742319297989e-04
-3.464049279350348703e-03 -2.415965076159652322e-03 -1.421416328608385293e-03
-3.464049279350348703e-03 -2.415965076159652322e-03 -1.421416328608385293e-03
-3.464049279350348703e-03 -2.415965076159652322e-03 -1.421416328608385293e-03
-3.464049279350348703e-03 -2.415965076159652322e-03 -1.421416328608385293e-03
-3.464049279350348703e-03 -2.415965076159652322e-03 -1.421416328608385293e-03
-3.464049279350348703e-03 -2.415965076159652322e-03 -1.421416328608385293e-03
-3.464049279350348703e-03 -2.415965076159652322e-03 -1.421416328608385293e-03
-3.464049279350348703e-03 -2.415965076159652322e-03 -1.421416328608385293e-03
-3.464049279350348703e-03 -2.415965076159652322e-03 -1.421416328608385293e-03
-3.464049279350348703e-03 -2.415965076159652322e-03 -1.421416328608385293e-03
-3.464049279350348703e-03 -2.415965076159652322e-03 -1.421416328608385293e-03
-3.464049279350348703e-03 -2.415965076159652322e-03 -1.421416328608385293e-03
-3.464049279350348703e-03 -2.415965076159652322e-03 -1.421416328608385293e-03
-3.464049279350348703e-03 -2.415965076159652322e-03 -1.421416328608385293e-03
-3.464049279350348703e-03 -2.415965076159652322e-03 -1.421416328608385293e-03
-3.464049279350348703e-03 -2.415965076159652322e-03 -1.421416328608385293e-03
-3.464049279350348703e-03 -2.415965076159652322e-03 -1.421416328608385293e-03
1.119339958136237462e-03 -6.725228171223764095e-03 8.544991593278151477e-04
1.119339958136237462e-03 -6.725228171223764095e-03 8.544991593278151477e-04
1.119339958136237462e-03 -6.725228171223764095e-03 8.544991593278151477e-04
1.119339958136237462e-03 -6.725228171223764095e-03 8.544991593278151477e-04
1.119339958136237462e-03 -6.725228171223764095e-03 8.544991593278151477e-04
1.119339958136237462e-03 -6.725228171223764095e-03 8.544991593278151477e-04
1.119339958136237462e-03 -6.725228171223764095e-03 8.544991593278151477e-04
1.119339958136237462e-03 -6.725228171223764095e-03 8.544991593278151477e-04
1.119339958136237462e-03 -6.725228171223764095e-03 8.544991593278151477e-04
1.119339958136237462e-03 -6.725228171223764095e-03 8.544991593278151477e-04
1.119339958136237462e-03 -6.725228171223764095e-03 8.544991593278151477e-04
1.119339958136237462e-03 -6.725228171223764095e-03 8.544991593278151477e-04
1.119339958136237462e-03 -6.725228171223764095e-03 8.544991593278151477e-04
1.119339958136237462e-03 -6.725228171223764095e-03 8.544991593278151477e-04
1.119339958136237462e-03 -6.725228171223764095e-03 8.544991593278151477e-04
1.119339958136237462e-03 -6.725228171223764095e-03 8.544991593278151477e-04
1.119339958136237462e-03 -6.725228171223764095e-03 8.544991593278151477e-04
1.446979829400572674e-03 3.517338627885245594e-03 1.590299661857682255e-03
1.446979829400572674e-03 3.517338627885245594e-03 1.590299661857682255e-03
1.446979829400572674e-03 3.517338627885245594e-03 1.590299661857682255e-03
1.446979829400572674e-03 3.517338627885245594e-03 1.590299661857682255e-03
1.446979829400572674e-03 3.517338627885245594e-03 1.590299661857682255e-03
1.446979829400572674e-03 3.517338627885245594e-03 1.590299661857682255e-03
1.446979829400572674e-03 3.517338627885245594e-03 1.590299661857682255e-03
1.446979829400572674e-03 3.517338627885245594e-03 1.590299661857682255e-03
1.446979829400572674e-03 3.517338627885245594e-03 1.590299661857682255e-03
1.446979829400572674e-03 3.517338627885245594e-03 1.590299661857682255e-03
1.446979829400572674e-03 3.517338627885245594e-03 1.590299661857682255e-03
1.446979829400572674e-03 3.517338627885245594e-03 1.590299661857682255e-03
1.446979829400572674e-03 3.517338627885245594e-03 1.590299661857682255e-03
1.446979829400572674e-03 3.517338627885245594e-03 1.590299661857682255e-03
1.446979829400572674e-03 3.517338627885245594e-03 1.590299661857682255e-03
1.446979829400572674e-03 3.517338627885245594e-03 1.590299661857682255e-03
1.446979829400572674e-03 3.517338627885245594e-03 1.590299661857682255e-03
6.296627170114862254e-04 4.465474762656270261e-04 -8.573655725849565687e-04
6.296627170114862254e-04 4.465474762656270261e-04 -8.573655725849565687e-04
6.296627170114862254e-04 4.465474762656270261e-04 -8.573655725849565687e-04
6.296627170114862254e-04 4.465474762656270261e-04 -8.573655725849565687e-04
6.296627170114862254e-04 4.465474762656270261e-04 -8.573655725849565687e-04
6.296627170114862254e-04 4.465474762656270261e-04 -8.573655725849565687e-04
6.296627170114862254e-04 4.465474762656270261e-04 -8.573655725849565687e-04
6.296627170114862254e-04 4.465474762656270261e-04 -8.573655725849565687e-04
6.296627170114862254e-04 4.465474762656270261e-04 -8.573655725849565687e-04
6.296627170114862254e-04 4.465474762656270261e-04 -8.573655725849565687e-04
6.296627170114862254e-04 4.465474762656270261e-04 -8.573655725849565687e-04
6.296627170114862254e-04 4.465474762656270261e-04 -8.573655725849565687e-04
6.296627170114862254e-04 4.465474762656270261e-04 -8.573655725849565687e-04
6.296627170114862254e-04 4.465474762656270261e-04 -8.573655725849565687e-04
6.296627170114862254e-04 4.465474762656270261e-04 -8.573655725849565687e-04
6.296627170114862254e-04 4.465474762656270261e-04 -8.573655725849565687e-04
6.296627170114862254e-04 4.465474762656270261e-04 -8.573655725849565687e-04
6.416104591106987741e-03 2.401482472298288942e-03 -2.188765038664839194e-03
6.416104591106987741e-03 2.401482472298288942e-03 -2.188765038664839194e-03
6.416104591106987741e-03 2.401482472298288942e-03 -2.188765038664839194e-03
6.416104591106987741e-03 2.401482472298288942e-03 -2.188765038664839194e-03
6.416104591106987741e-03 2.401482472298288942e-03 -2.188765038664839194e-03
6.416104591106987741e-03 2.401482472298288942e-03 -2.188765038664839194e-03
6.416104591106987741e-03 2.401482472298288942e-03 -2.188765038664839194e-03
6.416104591106987741e-03 2.401482472298288942e-03 -2.188765038664839194e-03
6.416104591106987741e-03 2.401482472298288942e-03 -2.188765038664839194e-03
6.416104591106987741e-03 2.401482472298288942e-03 -2.188765038664839194e-03
6.416104591106987741e-03 2.401482472298288942e-03 -2.188765038664839194e-03
6.416104591106987741e-03 2.401482472298288942e-03 -2.188765038664839194e-03
6.416104591106987741e-03 2.401482472298288942e-03 -2.188765038664839194e-03
6.416104591106987741e-03 2.401482472298288942e-03 -2.188765038664839194e-03
6.416104591106987741e-03 2.401482472298288942e-03 -2.188765038664839194e-03
6.416104591106987741e-03 2.401482472298288942e-03 -2.188765038664839194e-03
6.416104591106987741e-03 2.401482472298288942e-03 -2.188765038664839194e-03
