-1.500878382669951563e-02 -1.171710222945035115e-03 2.053681525332093361e-02
-1.500878382669951563e-02 -1.171710222945035115e-03 2.053681525332093361e-02
-1.500878382669951563e-02 -1.171710222945035115e-03 2.053681525332093361e-02
-1.500878382669951563e-02 -1.171710222945035115e-03 2.053681525332093361e-02
-1.500878382669951563e-02 -1.171710222945035115e-03 2.053681525332093361e-02
-1.500878382669951563e-02 -1.171710222945035115e-03 2.053681525332093361e-02
-1.500878382669951563e-02 -1.171710222945035115e-03 2.053681525332093361e-02
-1.500878382669951563e-02 -1.171710222945035115e-03 2.053681525332093361e-02
-1.500878382669951563e-02 -1.171710222945035115e-03 2.053681525332093361e-02
-1.500878382669951563e-02 -1.171710222945035115e-03 2.053681525332093361e-02
-1.500878382669951563e-02 -1.171710222945035115e-03 2.053681525332093361e-02
-1.500878382669951563e-02 -1.171710222945035115e-03 2.053681525332093361e-02
-1.500878382669951563e-02 -1.171710222945035115e-03 2.053681525332093361e-02
-1.500878382669951563e-02 -1.171710222945035115e-03 2.053681525332093361e-02
-1.500878382669951563e-02 -1.171710222945035115e-03 2.053681525332093361e-02
-1.500878382669951563e-02 -1.171710222945035115e-03 2.053681525332093361e-02
-1.500878382669951563e-02 -1.171710222945035115e-03 2.053681525332093361e-02
2.890766432081060336e-02 1.586378346183957636e-03 -3.437158217710754166e-02
2.890766432081060336e-02 1.586378346183957636e-03 -3.437158217710754166e-02
2.890766432081060336e-02 1.586378346183957636e-03 -3.437158217710754166e-02
2.890766432081060336e-02 1.586378346183957636e-03 -3.437158217710754166e-02
2.890766432081060336e-02 1.586378346183957636e-03 -3.437158217710754166e-02
2.890766432081060336e-02 1.586378346183957636e-03 -3.437158217710754166e-02
2.890766432081060336e-02 1.586378346183957636e-03 -3.437158217710754166e-02
2.890766432081060336e-02 1.586378346183957636e-03 -3.437158217710754166e-02
2.890766432081060336e-02 1.586378346183957636e-03 -3.437158217710754166e-02
2.890766432081060336e-02 1.586378346183957636e-03 -3.437158217710754166e-02
2.890766432081060336e-02 1.586378346183957636e-03 -3.437158217710754166e-02
-9.595042358580933850e-04 -3.594902721787906867e-03 -6.435360409718472036e-03
-9.595042358580933850e-04 -3.594902721787906867e-03 -6.435360409718472036e-03
-9.595042358580933850e-04 -3.594902721787906867e-03 -6.435360409718472036e-03
-9.595042358580933850e-04 -3.594902721787906867e-03 -6.435360409718472036e-03
-9.595042358580933850e-04 -3.594902721787906867e-03 -6.435360409718472036e-03
-9.595042358580933850e-04 -3.594902721787906867e-03 -6.435360409718472036e-03
-9.595042358580933850e-04 -3.594902721787906867e-03 -6.435360409718472036e-03
-9.595042358580933850e-04 -3.594902721787906867e-03 -6.435360409718472036e-03
-9.595042358580933850e-04 -3.594902721787906867e-03 -6.435360409718472036e-03
-9.595042358580933850e-04 -3.594902721787906867e-03 -6.435360409718472036e-03
-9.595042358580933850e-04 -3.594902721787906867e-03 -6.435360409718472036e-03
-9.595042358580933850e-04 -3.594902721787906867e-03 -6.435360409718472036e-03
-9.595042358580933850e-04 -3.594902721787906867e-03 -6.435360409718472036e-03
2.159749772726016898e-02 1.005914382939563853e-03 -1.642475411404523307e-03
2.159749772726016898e-02 1.005914382939563853e-03 -1.642475411404523307e-03
2.159749772726016898e-02 1.005914382939563853e-03 -1.642475411404523307e-03
2.159749772726016898e-02 1.005914382939563853e-03 -1.642475411404523307e-03
2.159749772726016898e-02 1.005914382939563853e-03 -1.642475411404523307e-03
2.159749772726016898e-02 1.005914382939563853e-03 -1.642475411404523307e-03
2.159749772726016898e-02 1.005914382939563853e-03 -1.642475411404523307e-03
2.159749772726016898e-02 1.005914382939563853e-03 -1.642475411404523307e-03
2.159749772726016898e-02 1.005914382939563853e-03 -1.642475411404523307e-03
2.159749772726016898e-02 1.005914382939563853e-03 -1.642475411404523307e-03
2.159749772726016898e-02 1.005914382939563853e-03 -1.642475411404523307e-03
2.159749772726016898e-02 1.005914382939563853e-03 -1.642475411404523307e-03
2.159749772726016898e-02 1.005914382939563853e-03 -1.642475411404523307e-03
-1.872630111135895753e-03 9.643978005451052035e-03 3.573617719099172422e-03
-1.872630111135895753e-03 9.643978005451052035e-03 3.573617719099172422e-03
-1.872630111135895753e-03 9.643978005451052035e-03 3.573617719099172422e-03
-1.872630111135895753e-03 9.643978005451052035e-03 3.573617719099172422e-03
-1.872630111135895753e-03 9.643978005451052035e-03 3.573617719099172422e-03
-1.872630111135895753e-03 9.643978005451052035e-03 3.573617719099172422e-03
-1.872630111135895753e-03 9.643978005451052035e-03 3.573617719099172422e-03
-1.872630111135895753e-03 9.643978005451052035e-03 3.573617719099172422e-03
-1.872630111135895753e-03 9.643978005451052035e-03 3.573617719099172422e-03
-1.872630111135895753e-03 9.643978005451052035e-03 3.573617719099172422e-03
-1.872630111135895753e-03 9.643978005451052035e-03 3.573617719099172422e-03
-1.872630111135895753e-03 9.643978005451052035e-03 3.573617719099172422e-03
-1.872630111135895753e-03 9.643978005451052035e-03 3.573617719099172422e-03
-2.452684690530674075e-02 -1.770572142806008109e-03 1.671038972443919871e-02
-2.452684690530674075e-02 -1.770572142806008109e-03 1.671038972443919871e-02
-2.452684690530674075e-02 -1.770572142806008109e-03 1.671038972443919871e-02
-2.452684690530674075e-02 -1.770572142806008109e-03 1.671038972443919871e-02
-2.452684690530674075e-02 -1.770572142806008109e-03 1.671038972443919871e-02
-2.467126489170549247e-02 -1.757676971678284392e-03 -2.162409269369415347e-03
-2.467126489170549247e-02 -1.757676971678284392e-03 -2.162409269369415347e-03
-2.467126489170549247e-02 -1.757676971678284392e-03 -2.162409269369415347e-03
-2.467126489170549247e-02 -1.757676971678284392e-03 -2.162409269369415347e-03
-2.467126489170549247e-02 -1.757676971678284392e-03 -2.162409269369415347e-03
-2.467126489170549247e-02 -1.757676971678284392e-03 -2.162409269369415347e-03
-2.467126489170549247e-02 -1.757676971678284392e-03 -2.162409269369415347e-03
-2.467126489170549247e-02 -1.757676971678284392e-03 -2.162409269369415347e-03
-2.467126489170549247e-02 -1.757676971678284392e-03 -2.162409269369415347e-03
-2.467126489170549247e-02 -1.757676971678284392e-03 -2.162409269369415347e-03
-2.467126489170549247e-02 -1.757676971678284392e-03 -2.162409269369415347e-03
-2.467126489170549247e-02 -1.757676971678284392e-03 -2.162409269369415347e-03
-2.467126489170549247e-02 -1.757676971678284392e-03 -2.162409269369415347e-03
2.922883663775458982e-02 1.561004238732999899e-03 -4.876942631493600029e-03
2.922883663775458982e-02 1.561004238732999899e-03 -4.876942631493600029e-03
2.922883663775458982e-02 1.561004238732999899e-03 -4.876942631493600029e-03
2.922883663775458982e-02 1.561004238732999899e-03 -4.876942631493600029e-03
2.922883663775458982e-02 1.561004238732999899e-03 -4.876942631493600029e-03
2.922883663775458982e-02 1.561004238732999899e-03 -4.876942631493600029e-03
2.922883663775458982e-02 1.561004238732999899e-03 -4.876942631493600029e-03
2.922883663775458982e-02 1.561004238732999899e-03 -4.876942631493600029e-03
2.922883663775458982e-02 1.561004238732999899e-03 -4.876942631493600029e-03
2.922883663775458982e-02 1.561004238732999899e-03 -4.876942631493600029e-03
2.922883663775458982e-02 1.561004238732999899e-03 -4.876942631493600029e-03
2.922883663775458982e-02 1.561004238732999899e-03 -4.876942631493600029e-03
2.922883663775458982e-02 1.561004238732999899e-03 -4.876942631493600029e-03
2.922883663775458982e-02 1.561004238732999899e-03 -4.876942631493600029e-03
2.922883663775458982e-02 1.561004238732999899e-03 -4.876942631493600029e-03
2.922883663775458982e-02 1.561004238732999899e-03 -4.876942631493600029e-03
2.922883663775458982e-02 1.561004238732999899e-03 -4.876942631493600029e-03
-1.114026525156103231e-03 5.121952798233936344e-04 6.943000047232571539e-03
-1.114026525156103231e-03 5.121952798233936344e-04 6.943000047232571539e-03
-1.114026525156103231e-03 5.121952798233936344e-04 6.943000047232571539e-03
-1.114026525156103231e-03 5.121952798233936344e-04 6.943000047232571539e-03
-1.114026525156103231e-03 5.121952798233936344e-04 6.943000047232571539e-03
-1.114026525156103231e-03 5.121952798233936344e-04 6.943000047232571539e-03
-1.114026525156103231e-03 5.121952798233936344e-04 6.943000047232571539e-03
-1.114026525156103231e-03 5.121952798233936344e-04 6.943000047232571539e-03
-1.114026525156103231e-03 5.121952798233936344e-04 6.943000047232571539e-03
-1.114026525156103231e-03 5.121952798233936344e-04 6.943000047232571539e-03
-1.114026525156103231e-03 5.121952798233936344e-04 6.943000047232571539e-03
-1.114026525156103231e-03 5.121952798233936344e-04 6.943000047232571539e-03
7.875057229085238170e-03 4.281306496716121707e-04 -2.967869521592424523e-02
7.875057229085238170e-03 4.281306496716121707e-04 -2.967869521592424523e-02
7.875057229085238170e-03 4.281306496716121707e-04 -2.967869521592424523e-02
7.875057229085238170e-03 4.281306496716121707e-04 -2.967869521592424523e-02
7.875057229085238170e-03 4.281306496716121707e-04 -2.967869521592424523e-02
7.875057229085238170e-03 4.281306496716121707e-04 -2.967869521592424523e-02
7.875057229085238170e-03 4.281306496716121707e-04 -2.967869521592424523e-02
7.875057229085238170e-03 4.281306496716121707e-04 -2.967869521592424523e-02
7.875057229085238170e-03 4.281306496716121707e-04 -2.967869521592424523e-02
7.875057229085238170e-03 4.281306496716121707e-04 -2.967869521592424523e-02
7.875057229085238170e-03 4.281306496716121707e-04 -2.967869521592424523e-02
7.875057229085238170e-03 4.281306496716121707e-04 -2.967869521592424523e-02
7.875057229085238170e-03 4.281306496716121707e-04 -2.967869521592424523e-02
7.875057229085238170e-03 4.281306496716121707e-04 -2.967869521592424523e-02
7.875057229085238170e-03 4.281306496716121707e-04 -2.967869521592424523e-02
7.875057229085238170e-03 4.281306496716121707e-04 -2.967869521592424523e-02
2.937394650122898687e-02 1.676786150309920315e-03 -1.854833060980824039e-02
2.937394650122898687e-02 1.676786150309920315e-03 -1.854833060980824039e-02
2.937394650122898687e-02 1.676786150309920315e-03 -1.854833060980824039e-02
2.937394650122898687e-02 1.676786150309920315e-03 -1.854833060980824039e-02
2.937394650122898687e-02 1.676786150309920315e-03 -1.854833060980824039e-02
2.937394650122898687e-02 1.676786150309920315e-03 -1.854833060980824039e-02
2.937394650122898687e-02 1.676786150309920315e-03 -1.854833060980824039e-02
2.937394650122898687e-02 1.676786150309920315e-03 -1.854833060980824039e-02
2.937394650122898687e-02 1.676786150309920315e-03 -1.854833060980824039e-02
2.937394650122898687e-02 1.676786150309920315e-03 -1.854833060980824039e-02
2.937394650122898687e-02 1.676786150309920315e-03 -1.854833060980824039e-02
2.937394650122898687e-02 1.676786150309920315e-03 -1.854833060980824039e-02
2.937394650122898687e-02 1.676786150309920315e-03 -1.854833060980824039e-02
2.937394650122898687e-02 1.676786150309920315e-03 -1.854833060980824039e-02
2.937394650122898687e-02 1.676786150309920315e-03 -1.854833060980824039e-02
-2.145455643475763230e-03 8.679686904643229076e-03 -4.363157495736304237e-02
-2.145455643475763230e-03 8.679686904643229076e-03 -4.363157495736304237e-02
-2.145455643475763230e-03 8.679686904643229076e-03 -4.363157495736304237e-02
-2.145455643475763230e-03 8.679686904643229076e-03 -4.363157495736304237e-02
-2.145455643475763230e-03 8.679686904643229076e-03 -4.363157495736304237e-02
-2.145455643475763230e-03 8.679686904643229076e-03 -4.363157495736304237e-02
-2.145455643475763230e-03 8.679686904643229076e-03 -4.363157495736304237e-02
-2.145455643475763230e-03 8.679686904643229076e-03 -4.363157495736304237e-02
-2.145455643475763230e-03 8.679686904643229076e-03 -4.363157495736304237e-02
-2.145455643475763230e-03 8.679686904643229076e-03 -4.363157495736304237e-02
-2.145455643475763230e-03 8.679686904643229076e-03 -4.363157495736304237e-02
-2.145455643475763230e-03 8.679686904643229076e-03 -4.363157495736304237e-02
-2.145455643475763230e-03 8.679686904643229076e-03 -4.363157495736304237e-02
-2.145455643475763230e-03 8.679686904643229076e-03 -4.363157495736304237e-02
-2.145455643475763230e-03 8.679686904643229076e-03 -4.363157495736304237e-02
3.788201318576412541e-02 -2.700548167305098259e-03 -8.112489943625175032e-03
3.788201318576412541e-02 -2.700548167305098259e-03 -8.112489943625175032e-03
3.788201318576412541e-02 -2.700548167305098259e-03 -8.112489943625175032e-03
3.293929695836357845e-04 -3.286238730490359528e-04 1.250822653109508534e-02
3.293929695836357845e-04 -3.286238730490359528e-04 1.250822653109508534e-02
3.293929695836357845e-04 -3.286238730490359528e-04 1.250822653109508534e-02
3.293929695836357845e-04 -3.286238730490359528e-04 1.250822653109508534e-02
3.293929695836357845e-04 -3.286238730490359528e-04 1.250822653109508534e-02
3.293929695836357845e-04 -3.286238730490359528e-04 1.250822653109508534e-02
3.293929695836357845e-04 -3.286238730490359528e-04 1.250822653109508534e-02
3.293929695836357845e-04 -3.286238730490359528e-04 1.250822653109508534e-02
3.293929695836357845e-04 -3.286238730490359528e-04 1.250822653109508534e-02
3.293929695836357845e-04 -3.286238730490359528e-04 1.250822653109508534e-02
3.293929695836357845e-04 -3.286238730490359528e-04 1.250822653109508534e-02
3.293929695836357845e-04 -3.286238730490359528e-04 1.250822653109508534e-02
-1.714655241425917798e-02 -1.232774744755414306e-03 -4.610381324850108820e-03
-1.714655241425917798e-02 -1.232774744755414306e-03 -4.610381324850108820e-03
-1.714655241425917798e-02 -1.232774744755414306e-03 -4.610381324850108820e-03
-1.714655241425917798e-02 -1.232774744755414306e-03 -4.610381324850108820e-03
-1.714655241425917798e-02 -1.232774744755414306e-03 -4.610381324850108820e-03
-1.714655241425917798e-02 -1.232774744755414306e-03 -4.610381324850108820e-03
-1.714655241425917798e-02 -1.232774744755414306e-03 -4.610381324850108820e-03
-1.714655241425917798e-02 -1.232774744755414306e-03 -4.610381324850108820e-03
-1.714655241425917798e-02 -1.232774744755414306e-03 -4.610381324850108820e-03
-1.714655241425917798e-02 -1.232774744755414306e-03 -4.610381324850108820e-03
-1.714655241425917798e-02 -1.232774744755414306e-03 -4.610381324850108820e-03
-1.714655241425917798e-02 -1.232774744755414306e-03 -4.610381324850108820e-03
-1.714655241425917798e-02 -1.232774744755414306e-03 -4.610381324850108820e-03
-3.018131007006931779e-02 -2.036231195432620933e-03 9.040695045056255236e-03
-3.018131007006931779e-02 -2.036231195432620933e-03 9.040695045056255236e-03
-3.018131007006931779e-02 -2.036231195432620933e-03 9.040695045056255236e-03
-3.018131007006931779e-02 -2.036231195432620933e-03 9.040695045056255236e-03
-3.018131007006931779e-02 -2.036231195432620933e-03 9.040695045056255236e-03
-3.018131007006931779e-02 -2.036231195432620933e-03 9.040695045056255236e-03
-3.018131007006931779e-02 -2.036231195432620933e-03 9.040695045056255236e-03
-3.018131007006931779e-02 -2.036231195432620933e-03 9.040695045056255236e-03
-3.018131007006931779e-02 -2.036231195432620933e-03 9.040695045056255236e-03
-5.371376392174049066e-03 -4.158132594704287699e-04 -3.239335799518335002e-02
-5.371376392174049066e-03 -4.158132594704287699e-04 -3.239335799518335002e-02
-5.371376392174049066e-03 -4.158132594704287699e-04 -3.239335799518335002e-02
-5.371376392174049066e-03 -4.158132594704287699e-04 -3.239335799518335002e-02
-5.371376392174049066e-03 -4.158132594704287699e-04 -3.239335799518335002e-02
-5.371376392174049066e-03 -4.158132594704287699e-04 -3.239335799518335002e-02
-5.371376392174049066e-03 -4.158132594704287699e-04 -3.239335799518335002e-02
-5.371376392174049066e-03 -4.158132594704287699e-04 -3.239335799518335002e-02
-5.371376392174049066e-03 -4.158132594704287699e-04 -3.239335799518335002e-02
-5.371376392174049066e-03 -4.158132594704287699e-04 -3.239335799518335002e-02
-5.371376392174049066e-03 -4.158132594704287699e-04 -3.239335799518335002e-02
-5.371376392174049066e-03 -4.158132594704287699e-04 -3.239335799518335002e-02
-5.371376392174049066e-03 -4.158132594704287699e-04 -3.239335799518335002e-02
-5.371376392174049066e-03 -4.158132594704287699e-04 -3.239335799518335002e-02
-5.371376392174049066e-03 -4.158132594704287699e-04 -3.239335799518335002e-02
-5.371376392174049066e-03 -4.158132594704287699e-04 -3.239335799518335002e-02
-8.586166062111839220e-03 -6.847493293832777189e-04 -9.366850746027496205e-03
-8.586166062111839220e-03 -6.847493293832777189e-04 -9.366850746027496205e-03
-8.586166062111839220e-03 -6.847493293832777189e-04 -9.366850746027496205e-03
-8.586166062111839220e-03 -6.847493293832777189e-04 -9.366850746027496205e-03
-8.586166062111839220e-03 -6.847493293832777189e-04 -9.366850746027496205e-03
-8.586166062111839220e-03 -6.847493293832777189e-04 -9.366850746027496205e-03
-8.586166062111839220e-03 -6.847493293832777189e-04 -9.366850746027496205e-03
-8.586166062111839220e-03 -6.847493293832777189e-04 -9.366850746027496205e-03
-8.586166062111839220e-03 -6.847493293832777189e-04 -9.366850746027496205e-03
-8.586166062111839220e-03 -6.847493293832777189e-04 -9.366850746027496205e-03
-8.586166062111839220e-03 -6.847493293832777189e-04 -9.366850746027496205e-03
-3.363795907703862054e-02 -1.960386366987585879e-03 -4.366436959513102234e-02
-3.363795907703862054e-02 -1.960386366987585879e-03 -4.366436959513102234e-02
-3.363795907703862054e-02 -1.960386366987585879e-03 -4.366436959513102234e-02
-3.363795907703862054e-02 -1.960386366987585879e-03 -4.366436959513102234e-02
-3.363795907703862054e-02 -1.960386366987585879e-03 -4.366436959513102234e-02
-3.363795907703862054e-02 -1.960386366987585879e-03 -4.366436959513102234e-02
-3.363795907703862054e-02 -1.960386366987585879e-03 -4.366436959513102234e-02
-3.363795907703862054e-02 -1.960386366987585879e-03 -4.366436959513102234e-02
-3.363795907703862054e-02 -1.960386366987585879e-03 -4.366436959513102234e-02
-3.363795907703862054e-02 -1.960386366987585879e-03 -4.366436959513102234e-02
-3.363795907703862054e-02 -1.960386366987585879e-03 -4.366436959513102234e-02
