-7.690973545775431353e-02 4.085279889143125787e-02 7.221275705254968924e-02
-7.690973545775431353e-02 4.085279889143125787e-02 7.221275705254968924e-02
-7.690973545775431353e-02 4.085279889143125787e-02 7.221275705254968924e-02
-7.690973545775431353e-02 4.085279889143125787e-02 7.221275705254968924e-02
-7.690973545775431353e-02 4.085279889143125787e-02 7.221275705254968924e-02
-7.690973545775431353e-02 4.085279889143125787e-02 7.221275705254968924e-02
-7.690973545775431353e-02 4.085279889143125787e-02 7.221275705254968924e-02
-7.690973545775431353e-02 4.085279889143125787e-02 7.221275705254968924e-02
-7.690973545775431353e-02 4.085279889143125787e-02 7.221275705254968924e-02
-7.690973545775431353e-02 4.085279889143125787e-02 7.221275705254968924e-02
-7.752895693645495134e-02 5.128215886390821709e-02 3.530391442931589407e-02
-7.752895693645495134e-02 5.128215886390821709e-02 3.530391442931589407e-02
-7.752895693645495134e-02 5.128215886390821709e-02 3.530391442931589407e-02
-5.330927211827524159e-02 -1.124435828832997392e-02 5.916612101796633882e-02
-5.330927211827524159e-02 -1.124435828832997392e-02 5.916612101796633882e-02
-5.330927211827524159e-02 -1.124435828832997392e-02 5.916612101796633882e-02
-5.330927211827524159e-02 -1.124435828832997392e-02 5.916612101796633882e-02
-5.330927211827524159e-02 -1.124435828832997392e-02 5.916612101796633882e-02
-5.330927211827524159e-02 -1.124435828832997392e-02 5.916612101796633882e-02
-5.330927211827524159e-02 -1.124435828832997392e-02 5.916612101796633882e-02
-5.330927211827524159e-02 -1.124435828832997392e-02 5.916612101796633882e-02
1.129284054790063579e-01 2.256680774684619722e-02 6.481400856207240879e-02
1.129284054790063579e-01 2.256680774684619722e-02 6.481400856207240879e-02
1.129284054790063579e-01 2.256680774684619722e-02 6.481400856207240879e-02
1.129284054790063579e-01 2.256680774684619722e-02 6.481400856207240879e-02
1.129284054790063579e-01 2.256680774684619722e-02 6.481400856207240879e-02
1.129284054790063579e-01 2.256680774684619722e-02 6.481400856207240879e-02
1.129284054790063579e-01 2.256680774684619722e-02 6.481400856207240879e-02
1.129284054790063579e-01 2.256680774684619722e-02 6.481400856207240879e-02
1.129284054790063579e-01 2.256680774684619722e-02 6.481400856207240879e-02
1.129284054790063579e-01 2.256680774684619722e-02 6.481400856207240879e-02
1.129284054790063579e-01 2.256680774684619722e-02 6.481400856207240879e-02
1.094764291214014584e-01 5.381767992442819393e-02 3.403034755029266112e-02
1.094764291214014584e-01 5.381767992442819393e-02 3.403034755029266112e-02
1.094764291214014584e-01 5.381767992442819393e-02 3.403034755029266112e-02
1.094764291214014584e-01 5.381767992442819393e-02 3.403034755029266112e-02
1.094764291214014584e-01 5.381767992442819393e-02 3.403034755029266112e-02
1.094764291214014584e-01 5.381767992442819393e-02 3.403034755029266112e-02
1.094764291214014584e-01 5.381767992442819393e-02 3.403034755029266112e-02
1.094764291214014584e-01 5.381767992442819393e-02 3.403034755029266112e-02
1.094764291214014584e-01 5.381767992442819393e-02 3.403034755029266112e-02
1.094764291214014584e-01 5.381767992442819393e-02 3.403034755029266112e-02
1.094764291214014584e-01 5.381767992442819393e-02 3.403034755029266112e-02
1.096163361238504941e-01 5.724848788744184291e-02 -3.985188947985720057e-03
1.096163361238504941e-01 5.724848788744184291e-02 -3.985188947985720057e-03
1.096163361238504941e-01 5.724848788744184291e-02 -3.985188947985720057e-03
1.096163361238504941e-01 5.724848788744184291e-02 -3.985188947985720057e-03
1.096163361238504941e-01 5.724848788744184291e-02 -3.985188947985720057e-03
1.096163361238504941e-01 5.724848788744184291e-02 -3.985188947985720057e-03
1.096163361238504941e-01 5.724848788744184291e-02 -3.985188947985720057e-03
1.096163361238504941e-01 5.724848788744184291e-02 -3.985188947985720057e-03
1.096163361238504941e-01 5.724848788744184291e-02 -3.985188947985720057e-03
1.096163361238504941e-01 5.724848788744184291e-02 -3.985188947985720057e-03
1.096163361238504941e-01 5.724848788744184291e-02 -3.985188947985720057e-03
1.096134697698117055e-01 1.562716325234866400e-03 5.993649770676450633e-02
1.096134697698117055e-01 1.562716325234866400e-03 5.993649770676450633e-02
1.096134697698117055e-01 1.562716325234866400e-03 5.993649770676450633e-02
1.096134697698117055e-01 1.562716325234866400e-03 5.993649770676450633e-02
1.096134697698117055e-01 1.562716325234866400e-03 5.993649770676450633e-02
1.096134697698117055e-01 1.562716325234866400e-03 5.993649770676450633e-02
1.096134697698117055e-01 1.562716325234866400e-03 5.993649770676450633e-02
1.096134697698117055e-01 1.562716325234866400e-03 5.993649770676450633e-02
1.096134697698117055e-01 1.562716325234866400e-03 5.993649770676450633e-02
1.096134697698117055e-01 1.562716325234866400e-03 5.993649770676450633e-02
1.091611599229336538e-01 1.067008904875466763e-02 2.556398545562581920e-02
1.091611599229336538e-01 1.067008904875466763e-02 2.556398545562581920e-02
-5.341820116406947871e-02 1.500085748361429036e-02 -8.305946689638934316e-03
-5.341820116406947871e-02 1.500085748361429036e-02 -8.305946689638934316e-03
-5.341820116406947871e-02 1.500085748361429036e-02 -8.305946689638934316e-03
-5.341820116406947871e-02 1.500085748361429036e-02 -8.305946689638934316e-03
-5.341820116406947871e-02 1.500085748361429036e-02 -8.305946689638934316e-03
3.139176044208939753e-02 -1.091442670407678783e-02 2.226159489507131481e-02
6.399847634217412096e-02 -2.148914699992666294e-02 5.503808900810443216e-02
6.399847634217412096e-02 -2.148914699992666294e-02 5.503808900810443216e-02
6.399847634217412096e-02 -2.148914699992666294e-02 5.503808900810443216e-02
6.399847634217412096e-02 -2.148914699992666294e-02 5.503808900810443216e-02
6.399847634217412096e-02 -2.148914699992666294e-02 5.503808900810443216e-02
6.399847634217412096e-02 -2.148914699992666294e-02 5.503808900810443216e-02
6.399847634217412096e-02 -2.148914699992666294e-02 5.503808900810443216e-02
6.399847634217412096e-02 -2.148914699992666294e-02 5.503808900810443216e-02
6.399847634217412096e-02 -2.148914699992666294e-02 5.503808900810443216e-02
8.663665124601468981e-02 1.937597464428254205e-03 -1.111800744152249137e-02
8.663665124601468981e-02 1.937597464428254205e-03 -1.111800744152249137e-02
8.663665124601468981e-02 1.937597464428254205e-03 -1.111800744152249137e-02
8.663665124601468981e-02 1.937597464428254205e-03 -1.111800744152249137e-02
8.663665124601468981e-02 1.937597464428254205e-03 -1.111800744152249137e-02
8.663665124601468981e-02 1.937597464428254205e-03 -1.111800744152249137e-02
8.663665124601468981e-02 1.937597464428254205e-03 -1.111800744152249137e-02
8.663665124601468981e-02 1.937597464428254205e-03 -1.111800744152249137e-02
8.663665124601468981e-02 1.937597464428254205e-03 -1.111800744152249137e-02
8.663665124601468981e-02 1.937597464428254205e-03 -1.111800744152249137e-02
8.667025336450681627e-02 -1.072878369006357354e-03 2.418792658531485756e-02
-2.749882409160649827e-02 6.835605335066594936e-03 2.681461299792710362e-02
6.374922691946614817e-02 -2.674112668813277954e-03 5.951352514294295376e-02
6.374922691946614817e-02 -2.674112668813277954e-03 5.951352514294295376e-02
6.374922691946614817e-02 -2.674112668813277954e-03 5.951352514294295376e-02
6.374922691946614817e-02 -2.674112668813277954e-03 5.951352514294295376e-02
6.374922691946614817e-02 -2.674112668813277954e-03 5.951352514294295376e-02
6.374922691946614817e-02 -2.674112668813277954e-03 5.951352514294295376e-02
6.374922691946614817e-02 -2.674112668813277954e-03 5.951352514294295376e-02
6.374922691946614817e-02 -2.674112668813277954e-03 5.951352514294295376e-02
6.374922691946614817e-02 -2.674112668813277954e-03 5.951352514294295376e-02
5.088892629898736364e-02 5.682222825463974919e-02 -3.560347197917883288e-02
5.088892629898736364e-02 5.682222825463974919e-02 -3.560347197917883288e-02
5.088892629898736364e-02 5.682222825463974919e-02 -3.560347197917883288e-02
5.088892629898736364e-02 5.682222825463974919e-02 -3.560347197917883288e-02
5.088892629898736364e-02 5.682222825463974919e-02 -3.560347197917883288e-02
5.088892629898736364e-02 5.682222825463974919e-02 -3.560347197917883288e-02
5.088892629898736364e-02 5.682222825463974919e-02 -3.560347197917883288e-02
5.088892629898736364e-02 5.682222825463974919e-02 -3.560347197917883288e-02
7.915636548385152071e-02 3.577177332913722418e-02 6.850048278614340180e-02
7.915636548385152071e-02 3.577177332913722418e-02 6.850048278614340180e-02
7.915636548385152071e-02 3.577177332913722418e-02 6.850048278614340180e-02
7.915636548385152071e-02 3.577177332913722418e-02 6.850048278614340180e-02
7.915636548385152071e-02 3.577177332913722418e-02 6.850048278614340180e-02
7.915636548385152071e-02 3.577177332913722418e-02 6.850048278614340180e-02
7.915636548385152071e-02 3.577177332913722418e-02 6.850048278614340180e-02
7.915636548385152071e-02 3.577177332913722418e-02 6.850048278614340180e-02
7.915636548385152071e-02 3.577177332913722418e-02 6.850048278614340180e-02
7.915636548385152071e-02 3.577177332913722418e-02 6.850048278614340180e-02
7.915636548385152071e-02 3.577177332913722418e-02 6.850048278614340180e-02
-6.066721514524503478e-02 -3.337647017268225574e-02 5.381174122734484755e-02
-6.066721514524503478e-02 -3.337647017268225574e-02 5.381174122734484755e-02
-6.066721514524503478e-02 -3.337647017268225574e-02 5.381174122734484755e-02
-6.066721514524503478e-02 -3.337647017268225574e-02 5.381174122734484755e-02
-6.066721514524503478e-02 -3.337647017268225574e-02 5.381174122734484755e-02
-6.066721514524503478e-02 -3.337647017268225574e-02 5.381174122734484755e-02
-6.066721514524503478e-02 -3.337647017268225574e-02 5.381174122734484755e-02
-6.066721514524503478e-02 -3.337647017268225574e-02 5.381174122734484755e-02
-6.066721514524503478e-02 -3.337647017268225574e-02 5.381174122734484755e-02
-6.116453022421880492e-02 -2.420787230310723209e-02 2.078571466548857424e-02
-6.116453022421880492e-02 -2.420787230310723209e-02 2.078571466548857424e-02
4.815578407747739265e-03 -7.563563723754002099e-02 1.026819541423395696e-02
4.815578407747739265e-03 -7.563563723754002099e-02 1.026819541423395696e-02
4.815578407747739265e-03 -7.563563723754002099e-02 1.026819541423395696e-02
4.815578407747739265e-03 -7.563563723754002099e-02 1.026819541423395696e-02
-7.526463868587379702e-02 -2.413269923755429619e-02 5.627491099397054219e-02
-7.526463868587379702e-02 -2.413269923755429619e-02 5.627491099397054219e-02
-7.526463868587379702e-02 -2.413269923755429619e-02 5.627491099397054219e-02
-7.526463868587379702e-02 -2.413269923755429619e-02 5.627491099397054219e-02
-7.526463868587379702e-02 -2.413269923755429619e-02 5.627491099397054219e-02
-7.526463868587379702e-02 -2.413269923755429619e-02 5.627491099397054219e-02
-7.526463868587379702e-02 -2.413269923755429619e-02 5.627491099397054219e-02
-7.526463868587379702e-02 -2.413269923755429619e-02 5.627491099397054219e-02
-7.526463868587379702e-02 -2.413269923755429619e-02 5.627491099397054219e-02
-7.526463868587379702e-02 -2.413269923755429619e-02 5.627491099397054219e-02
-7.579071673124199160e-02 -1.502982480206988859e-02 2.268263285616746797e-02
-7.579071673124199160e-02 -1.502982480206988859e-02 2.268263285616746797e-02
-1.186411791973630420e-01 1.042526922080113522e-02 6.520338683026839777e-02
-1.186411791973630420e-01 1.042526922080113522e-02 6.520338683026839777e-02
-1.186411791973630420e-01 1.042526922080113522e-02 6.520338683026839777e-02
-1.186411791973630420e-01 1.042526922080113522e-02 6.520338683026839777e-02
-1.186411791973630420e-01 1.042526922080113522e-02 6.520338683026839777e-02
-1.186411791973630420e-01 1.042526922080113522e-02 6.520338683026839777e-02
-1.186411791973630420e-01 1.042526922080113522e-02 6.520338683026839777e-02
-1.186411791973630420e-01 1.042526922080113522e-02 6.520338683026839777e-02
-1.186411791973630420e-01 1.042526922080113522e-02 6.520338683026839777e-02
7.645646895407020097e-03 -1.179622682090599312e-01 6.693383830237935317e-02
7.645646895407020097e-03 -1.179622682090599312e-01 6.693383830237935317e-02
7.645646895407020097e-03 -1.179622682090599312e-01 6.693383830237935317e-02
7.645646895407020097e-03 -1.179622682090599312e-01 6.693383830237935317e-02
7.645646895407020097e-03 -1.179622682090599312e-01 6.693383830237935317e-02
7.645646895407020097e-03 -1.179622682090599312e-01 6.693383830237935317e-02
7.645646895407020097e-03 -1.179622682090599312e-01 6.693383830237935317e-02
7.645646895407020097e-03 -1.179622682090599312e-01 6.693383830237935317e-02
7.645646895407020097e-03 -1.179622682090599312e-01 6.693383830237935317e-02
-8.439983803480440028e-02 3.609147721283890303e-02 7.117138082406648802e-02
-8.439983803480440028e-02 3.609147721283890303e-02 7.117138082406648802e-02
-8.439983803480440028e-02 3.609147721283890303e-02 7.117138082406648802e-02
-8.439983803480440028e-02 3.609147721283890303e-02 7.117138082406648802e-02
-8.439983803480440028e-02 3.609147721283890303e-02 7.117138082406648802e-02
-8.439983803480440028e-02 3.609147721283890303e-02 7.117138082406648802e-02
-8.439983803480440028e-02 3.609147721283890303e-02 7.117138082406648802e-02
-8.439983803480440028e-02 3.609147721283890303e-02 7.117138082406648802e-02
-8.439983803480440028e-02 3.609147721283890303e-02 7.117138082406648802e-02
-8.439983803480440028e-02 3.609147721283890303e-02 7.117138082406648802e-02
-4.858017905470528308e-02 -9.627075572877336410e-03 -1.157322488511105911e-02
-4.858017905470528308e-02 -9.627075572877336410e-03 -1.157322488511105911e-02
-4.858017905470528308e-02 -9.627075572877336410e-03 -1.157322488511105911e-02
-4.858017905470528308e-02 -9.627075572877336410e-03 -1.157322488511105911e-02
-4.858017905470528308e-02 -9.627075572877336410e-03 -1.157322488511105911e-02
-4.858017905470528308e-02 -9.627075572877336410e-03 -1.157322488511105911e-02
-9.298958665055475498e-03 8.641482853404758302e-02 8.447737791097023607e-02
9.177140044001753927e-03 -1.473606825305389945e-01 3.628625986264813474e-02
9.177140044001753927e-03 -1.473606825305389945e-01 3.628625986264813474e-02
9.177140044001753927e-03 -1.473606825305389945e-01 3.628625986264813474e-02
9.177140044001753927e-03 -1.473606825305389945e-01 3.628625986264813474e-02
9.177140044001753927e-03 -1.473606825305389945e-01 3.628625986264813474e-02
9.177140044001753927e-03 -1.473606825305389945e-01 3.628625986264813474e-02
9.177140044001753927e-03 -1.473606825305389945e-01 3.628625986264813474e-02
9.177140044001753927e-03 -1.473606825305389945e-01 3.628625986264813474e-02
9.177140044001753927e-03 -1.473606825305389945e-01 3.628625986264813474e-02
9.177140044001753927e-03 -1.473606825305389945e-01 3.628625986264813474e-02
9.177140044001753927e-03 -1.473606825305389945e-01 3.628625986264813474e-02
3.482731448185441211e-03 -5.027186048890952552e-02 1.479459360419242871e-02
-8.104012412794334153e-03 -1.100063188026832589e-01 -5.610025944192928438e-02
-8.104012412794334153e-03 -1.100063188026832589e-01 -5.610025944192928438e-02
-7.287963031047819951e-02 3.209936274549469309e-02 7.005990166325834489e-02
-7.287963031047819951e-02 3.209936274549469309e-02 7.005990166325834489e-02
-7.287963031047819951e-02 3.209936274549469309e-02 7.005990166325834489e-02
-7.287963031047819951e-02 3.209936274549469309e-02 7.005990166325834489e-02
-7.287963031047819951e-02 3.209936274549469309e-02 7.005990166325834489e-02
-7.287963031047819951e-02 3.209936274549469309e-02 7.005990166325834489e-02
-7.287963031047819951e-02 3.209936274549469309e-02 7.005990166325834489e-02
-7.287963031047819951e-02 3.209936274549469309e-02 7.005990166325834489e-02
-7.287963031047819951e-02 3.209936274549469309e-02 7.005990166325834489e-02
-3.489250661935874853e-02 -1.354881494290668779e-02 2.247367350773043018e-02
