-7.646418834383258978e-03 -6.111752731907803965e-02 -4.326011812537183636e-03
7.260485876560103524e-02 6.249171106669371015e-04 2.401259673846095968e-02
7.260485876560103524e-02 6.249171106669371015e-04 2.401259673846095968e-02
7.260485876560103524e-02 6.249171106669371015e-04 2.401259673846095968e-02
7.260485876560103524e-02 6.249171106669371015e-04 2.401259673846095968e-02
7.260485876560103524e-02 6.249171106669371015e-04 2.401259673846095968e-02
7.260485876560103524e-02 6.249171106669371015e-04 2.401259673846095968e-02
7.260485876560103524e-02 6.249171106669371015e-04 2.401259673846095968e-02
9.553470342678218805e-03 -6.483816418228693923e-02 2.884928984843228815e-03
-3.234455345310347646e-02 6.199253960063177277e-02 8.892760981476548893e-03
-3.234455345310347646e-02 6.199253960063177277e-02 8.892760981476548893e-03
-3.234455345310347646e-02 6.199253960063177277e-02 8.892760981476548893e-03
-3.489472764711679109e-02 -5.995485356297353824e-02 1.127222136714990837e-02
-3.489472764711679109e-02 -5.995485356297353824e-02 1.127222136714990837e-02
-3.489472764711679109e-02 -5.995485356297353824e-02 1.127222136714990837e-02
4.749727512775837879e-02 -5.071306312282916617e-02 1.204168982174053451e-02
4.749727512775837879e-02 -5.071306312282916617e-02 1.204168982174053451e-02
4.749727512775837879e-02 -5.071306312282916617e-02 1.204168982174053451e-02
4.749727512775837879e-02 -5.071306312282916617e-02 1.204168982174053451e-02
-1.145656350056755562e-02 -6.855778082855869260e-02 1.267111129758661386e-02
-1.145656350056755562e-02 -6.855778082855869260e-02 1.267111129758661386e-02
-1.145656350056755562e-02 -6.855778082855869260e-02 1.267111129758661386e-02
-1.145656350056755562e-02 -6.855778082855869260e-02 1.267111129758661386e-02
-1.145656350056755562e-02 -6.855778082855869260e-02 1.267111129758661386e-02
-6.903552922514069601e-02 1.302019186995503897e-02 1.045353844190088921e-02
-6.903552922514069601e-02 1.302019186995503897e-02 1.045353844190088921e-02
-6.903552922514069601e-02 1.302019186995503897e-02 1.045353844190088921e-02
-3.274910382568722161e-02 -5.944636897458002028e-02 7.576064674881533879e-03
-3.274910382568722161e-02 -5.944636897458002028e-02 7.576064674881533879e-03
-3.274910382568722161e-02 -5.944636897458002028e-02 7.576064674881533879e-03
5.696199415608736022e-02 3.186042640405704895e-02 -8.873536196829078654e-06
5.696199415608736022e-02 3.186042640405704895e-02 -8.873536196829078654e-06
-5.466093487316861510e-02 4.203995432188679937e-02 6.822482355056016211e-03
-5.466093487316861510e-02 4.203995432188679937e-02 6.822482355056016211e-03
-2.910693861370438739e-03 -6.707391149584401857e-02 6.270422430919751593e-03
-6.808005476350299269e-03 6.538658289908498567e-02 -1.958254234304815985e-04
1.915859756149635926e-02 -6.195076730826262063e-02 1.436344533832661224e-03
1.915859756149635926e-02 -6.195076730826262063e-02 1.436344533832661224e-03
2.254183495874667251e-02 -5.947674563597992597e-02 -9.071252059761994750e-04
-2.733200021221188908e-02 -6.287659849862198280e-02 9.308507987640622650e-03
-2.733200021221188908e-02 -6.287659849862198280e-02 9.308507987640622650e-03
-2.733200021221188908e-02 -6.287659849862198280e-02 9.308507987640622650e-03
3.616106061443036257e-02 -5.698298472149398997e-02 6.943480746835803408e-03
3.616106061443036257e-02 -5.698298472149398997e-02 6.943480746835803408e-03
-5.159980442164736891e-02 4.650726026686079206e-02 7.666280826781193131e-03
-5.159980442164736891e-02 4.650726026686079206e-02 7.666280826781193131e-03
-5.159980442164736891e-02 4.650726026686079206e-02 7.666280826781193131e-03
-4.864065981105344938e-02 -5.063379527292126425e-02 1.308682648674748192e-02
-4.864065981105344938e-02 -5.063379527292126425e-02 1.308682648674748192e-02
-4.864065981105344938e-02 -5.063379527292126425e-02 1.308682648674748192e-02
-4.864065981105344938e-02 -5.063379527292126425e-02 1.308682648674748192e-02
6.562432496823279726e-02 -3.297286656018387496e-02 2.635436391285162633e-02
1.831586709650891848e-02 7.611622514636637304e-02 2.576218957402535287e-02
1.831586709650891848e-02 7.611622514636637304e-02 2.576218957402535287e-02
1.831586709650891848e-02 7.611622514636637304e-02 2.576218957402535287e-02
-6.921718491569836540e-02 5.352309858985954388e-04 8.567037502783441186e-03
-6.921718491569836540e-02 5.352309858985954388e-04 8.567037502783441186e-03
9.268163668647397269e-03 -6.896726245327391980e-02 1.277593162343692787e-02
9.268163668647397269e-03 -6.896726245327391980e-02 1.277593162343692787e-02
9.268163668647397269e-03 -6.896726245327391980e-02 1.277593162343692787e-02
9.268163668647397269e-03 -6.896726245327391980e-02 1.277593162343692787e-02
9.268163668647397269e-03 -6.896726245327391980e-02 1.277593162343692787e-02
4.891641715624532594e-02 -4.227107809017977003e-02 9.337583242071381597e-04
3.300145295704227152e-03 -6.545206137340534025e-02 2.915188909539752956e-03
3.300145295704227152e-03 -6.545206137340534025e-02 2.915188909539752956e-03
-2.243062465444612893e-02 -6.803796274507642461e-02 2.028271374398365676e-02
-2.243062465444612893e-02 -6.803796274507642461e-02 2.028271374398365676e-02
-2.243062465444612893e-02 -6.803796274507642461e-02 2.028271374398365676e-02
-2.243062465444612893e-02 -6.803796274507642461e-02 2.028271374398365676e-02
-2.597130654408234818e-02 -6.408915992849635590e-02 1.087711231033458396e-02
-2.597130654408234818e-02 -6.408915992849635590e-02 1.087711231033458396e-02
-2.597130654408234818e-02 -6.408915992849635590e-02 1.087711231033458396e-02
1.185536794087638408e-02 -6.937309871886282453e-02 1.556854784991416364e-02
1.185536794087638408e-02 -6.937309871886282453e-02 1.556854784991416364e-02
1.185536794087638408e-02 -6.937309871886282453e-02 1.556854784991416364e-02
1.185536794087638408e-02 -6.937309871886282453e-02 1.556854784991416364e-02
1.185536794087638408e-02 -6.937309871886282453e-02 1.556854784991416364e-02
5.631072052941216155e-02 -3.159358372724899167e-02 3.279077427462754029e-04
5.631072052941216155e-02 -3.159358372724899167e-02 3.279077427462754029e-04
5.833319399052622201e-02 -3.792315160504759752e-02 1.201479581835322719e-02
5.833319399052622201e-02 -3.792315160504759752e-02 1.201479581835322719e-02
5.833319399052622201e-02 -3.792315160504759752e-02 1.201479581835322719e-02
5.833319399052622201e-02 -3.792315160504759752e-02 1.201479581835322719e-02
-4.244617559770154369e-02 -5.867751267576398061e-02 2.442219088039477085e-02
-4.244617559770154369e-02 -5.867751267576398061e-02 2.442219088039477085e-02
-4.244617559770154369e-02 -5.867751267576398061e-02 2.442219088039477085e-02
-4.244617559770154369e-02 -5.867751267576398061e-02 2.442219088039477085e-02
-4.244617559770154369e-02 -5.867751267576398061e-02 2.442219088039477085e-02
-4.244617559770154369e-02 -5.867751267576398061e-02 2.442219088039477085e-02
-4.244617559770154369e-02 -5.867751267576398061e-02 2.442219088039477085e-02
-3.166926835441356836e-02 6.103481175033625972e-02 6.123474246115318508e-03
3.172180684131206685e-02 -6.516420061357192095e-02 2.549618193587882900e-02
3.172180684131206685e-02 -6.516420061357192095e-02 2.549618193587882900e-02
3.172180684131206685e-02 -6.516420061357192095e-02 2.549618193587882900e-02
3.172180684131206685e-02 -6.516420061357192095e-02 2.549618193587882900e-02
3.172180684131206685e-02 -6.516420061357192095e-02 2.549618193587882900e-02
3.172180684131206685e-02 -6.516420061357192095e-02 2.549618193587882900e-02
-1.374866572433876277e-02 -6.894358700260250217e-02 1.440595492353046424e-02
-1.125627213573027023e-02 -6.724362515763174231e-02 8.447872258246289304e-03
-1.125627213573027023e-02 -6.724362515763174231e-02 8.447872258246289304e-03
-1.085404167399177042e-02 -7.008935049869854939e-02 1.789761009077693588e-02
-1.085404167399177042e-02 -7.008935049869854939e-02 1.789761009077693588e-02
-1.085404167399177042e-02 -7.008935049869854939e-02 1.789761009077693588e-02
-1.085404167399177042e-02 -7.008935049869854939e-02 1.789761009077693588e-02
4.036017137385462111e-02 5.171953177289673881e-02 4.614872972283032304e-04
3.753498041028713490e-03 -6.411994201111548275e-02 7.193340394217554324e-05
5.148407794891862038e-02 -4.387177341460136992e-02 7.187060778766728511e-03
5.148407794891862038e-02 -4.387177341460136992e-02 7.187060778766728511e-03
-8.472924107414471148e-03 6.532147285578848717e-02 2.234853986269144015e-04
2.679937408529396714e-02 -6.044481936457427734e-02 4.045424919255984422e-03
