3.531701906456805734e-02 2.484937197520785054e-02 -1.974982085902344392e-04
3.531701906456805734e-02 2.484937197520785054e-02 -1.974982085902344392e-04
3.531701906456805734e-02 2.484937197520785054e-02 -1.974982085902344392e-04
3.531701906456805734e-02 2.484937197520785054e-02 -1.974982085902344392e-04
3.531701906456805734e-02 2.484937197520785054e-02 -1.974982085902344392e-04
3.531701906456805734e-02 2.484937197520785054e-02 -1.974982085902344392e-04
3.531701906456805734e-02 2.484937197520785054e-02 -1.974982085902344392e-04
3.531701906456805734e-02 2.484937197520785054e-02 -1.974982085902344392e-04
3.531701906456805734e-02 2.484937197520785054e-02 -1.974982085902344392e-04
3.531701906456805734e-02 2.484937197520785054e-02 -1.974982085902344392e-04
3.531701906456805734e-02 2.484937197520785054e-02 -1.974982085902344392e-04
-7.039619319840819192e-03 4.238721682615315123e-02 -1.719069008138852592e-03
-7.039619319840819192e-03 4.238721682615315123e-02 -1.719069008138852592e-03
-7.039619319840819192e-03 4.238721682615315123e-02 -1.719069008138852592e-03
-7.039619319840819192e-03 4.238721682615315123e-02 -1.719069008138852592e-03
-7.039619319840819192e-03 4.238721682615315123e-02 -1.719069008138852592e-03
-7.039619319840819192e-03 4.238721682615315123e-02 -1.719069008138852592e-03
-7.039619319840819192e-03 4.238721682615315123e-02 -1.719069008138852592e-03
-7.039619319840819192e-03 4.238721682615315123e-02 -1.719069008138852592e-03
-7.039619319840819192e-03 4.238721682615315123e-02 -1.719069008138852592e-03
-7.039619319840819192e-03 4.238721682615315123e-02 -1.719069008138852592e-03
-7.039619319840819192e-03 4.238721682615315123e-02 -1.719069008138852592e-03
1.501462425556305061e-02 -2.835078512338883028e-02 1.578596849774582117e-03
1.501462425556305061e-02 -2.835078512338883028e-02 1.578596849774582117e-03
1.501462425556305061e-02 -2.835078512338883028e-02 1.578596849774582117e-03
1.501462425556305061e-02 -2.835078512338883028e-02 1.578596849774582117e-03
1.501462425556305061e-02 -2.835078512338883028e-02 1.578596849774582117e-03
1.501462425556305061e-02 -2.835078512338883028e-02 1.578596849774582117e-03
1.501462425556305061e-02 -2.835078512338883028e-02 1.578596849774582117e-03
1.501462425556305061e-02 -2.835078512338883028e-02 1.578596849774582117e-03
1.501462425556305061e-02 -2.835078512338883028e-02 1.578596849774582117e-03
1.501462425556305061e-02 -2.835078512338883028e-02 1.578596849774582117e-03
1.501462425556305061e-02 -2.835078512338883028e-02 1.578596849774582117e-03
1.501462425556305061e-02 -2.835078512338883028e-02 1.578596849774582117e-03
1.501462425556305061e-02 -2.835078512338883028e-02 1.578596849774582117e-03
-1.346325136550757112e-02 2.624764837006921328e-02 -3.596720699866865281e-03
-1.346325136550757112e-02 2.624764837006921328e-02 -3.596720699866865281e-03
-1.346325136550757112e-02 2.624764837006921328e-02 -3.596720699866865281e-03
-1.346325136550757112e-02 2.624764837006921328e-02 -3.596720699866865281e-03
-1.346325136550757112e-02 2.624764837006921328e-02 -3.596720699866865281e-03
-1.346325136550757112e-02 2.624764837006921328e-02 -3.596720699866865281e-03
-1.346325136550757112e-02 2.624764837006921328e-02 -3.596720699866865281e-03
-1.346325136550757112e-02 2.624764837006921328e-02 -3.596720699866865281e-03
-1.346325136550757112e-02 2.624764837006921328e-02 -3.596720699866865281e-03
-1.346325136550757112e-02 2.624764837006921328e-02 -3.596720699866865281e-03
-1.346325136550757112e-02 2.624764837006921328e-02 -3.596720699866865281e-03
-1.346325136550757112e-02 2.624764837006921328e-02 -3.596720699866865281e-03
-1.346325136550757112e-02 2.624764837006921328e-02 -3.596720699866865281e-03
-1.346325136550757112e-02 2.624764837006921328e-02 -3.596720699866865281e-03
-1.346325136550757112e-02 2.624764837006921328e-02 -3.596720699866865281e-03
-1.067347023765432071e-02 9.784679747209668391e-03 -1.790385790724451434e-03
-1.067347023765432071e-02 9.784679747209668391e-03 -1.790385790724451434e-03
-1.067347023765432071e-02 9.784679747209668391e-03 -1.790385790724451434e-03
-1.067347023765432071e-02 9.784679747209668391e-03 -1.790385790724451434e-03
-1.067347023765432071e-02 9.784679747209668391e-03 -1.790385790724451434e-03
-1.067347023765432071e-02 9.784679747209668391e-03 -1.790385790724451434e-03
-1.067347023765432071e-02 9.784679747209668391e-03 -1.790385790724451434e-03
-1.067347023765432071e-02 9.784679747209668391e-03 -1.790385790724451434e-03
-1.067347023765432071e-02 9.784679747209668391e-03 -1.790385790724451434e-03
-1.067347023765432071e-02 9.784679747209668391e-03 -1.790385790724451434e-03
-1.067347023765432071e-02 9.784679747209668391e-03 -1.790385790724451434e-03
-1.067347023765432071e-02 9.784679747209668391e-03 -1.790385790724451434e-03
-1.067347023765432071e-02 9.784679747209668391e-03 -1.790385790724451434e-03
-1.067347023765432071e-02 9.784679747209668391e-03 -1.790385790724451434e-03
-1.067347023765432071e-02 9.784679747209668391e-03 -1.790385790724451434e-03
-1.067347023765432071e-02 9.784679747209668391e-03 -1.790385790724451434e-03
-1.067347023765432071e-02 9.784679747209668391e-03 -1.790385790724451434e-03
2.351258586320376098e-02 -6.027528298298720456e-04 -1.417820044435099888e-03
2.351258586320376098e-02 -6.027528298298720456e-04 -1.417820044435099888e-03
2.351258586320376098e-02 -6.027528298298720456e-04 -1.417820044435099888e-03
2.351258586320376098e-02 -6.027528298298720456e-04 -1.417820044435099888e-03
2.351258586320376098e-02 -6.027528298298720456e-04 -1.417820044435099888e-03
2.351258586320376098e-02 -6.027528298298720456e-04 -1.417820044435099888e-03
2.351258586320376098e-02 -6.027528298298720456e-04 -1.417820044435099888e-03
2.351258586320376098e-02 -6.027528298298720456e-04 -1.417820044435099888e-03
2.351258586320376098e-02 -6.027528298298720456e-04 -1.417820044435099888e-03
2.351258586320376098e-02 -6.027528298298720456e-04 -1.417820044435099888e-03
2.351258586320376098e-02 -6.027528298298720456e-04 -1.417820044435099888e-03
2.351258586320376098e-02 -6.027528298298720456e-04 -1.417820044435099888e-03
2.351258586320376098e-02 -6.027528298298720456e-04 -1.417820044435099888e-03
2.351258586320376098e-02 -6.027528298298720456e-04 -1.417820044435099888e-03
2.351258586320376098e-02 -6.027528298298720456e-04 -1.417820044435099888e-03
2.351258586320376098e-02 -6.027528298298720456e-04 -1.417820044435099888e-03
2.351258586320376098e-02 -6.027528298298720456e-04 -1.417820044435099888e-03
-4.275539758607746488e-02 -4.787557389571061618e-03 -2.033856648839765455e-03
-4.275539758607746488e-02 -4.787557389571061618e-03 -2.033856648839765455e-03
-4.275539758607746488e-02 -4.787557389571061618e-03 -2.033856648839765455e-03
-4.275539758607746488e-02 -4.787557389571061618e-03 -2.033856648839765455e-03
-4.275539758607746488e-02 -4.787557389571061618e-03 -2.033856648839765455e-03
-4.275539758607746488e-02 -4.787557389571061618e-03 -2.033856648839765455e-03
-4.275539758607746488e-02 -4.787557389571061618e-03 -2.033856648839765455e-03
-4.275539758607746488e-02 -4.787557389571061618e-03 -2.033856648839765455e-03
-4.275539758607746488e-02 -4.787557389571061618e-03 -2.033856648839765455e-03
-4.275539758607746488e-02 -4.787557389571061618e-03 -2.033856648839765455e-03
-4.275539758607746488e-02 -4.787557389571061618e-03 -2.033856648839765455e-03
-4.275539758607746488e-02 -4.787557389571061618e-03 -2.033856648839765455e-03
-4.275539758607746488e-02 -4.787557389571061618e-03 -2.033856648839765455e-03
-3.302661055580687760e-02 -9.079133428483418533e-03 -1.441860549027822874e-03
-3.302661055580687760e-02 -9.079133428483418533e-03 -1.441860549027822874e-03
-3.302661055580687760e-02 -9.079133428483418533e-03 -1.441860549027822874e-03
-3.302661055580687760e-02 -9.079133428483418533e-03 -1.441860549027822874e-03
-3.302661055580687760e-02 -9.079133428483418533e-03 -1.441860549027822874e-03
-3.302661055580687760e-02 -9.079133428483418533e-03 -1.441860549027822874e-03
-3.302661055580687760e-02 -9.079133428483418533e-03 -1.441860549027822874e-03
-3.302661055580687760e-02 -9.079133428483418533e-03 -1.441860549027822874e-03
-3.302661055580687760e-02 -9.079133428483418533e-03 -1.441860549027822874e-03
-3.302661055580687760e-02 -9.079133428483418533e-03 -1.441860549027822874e-03
-3.302661055580687760e-02 -9.079133428483418533e-03 -1.441860549027822874e-03
-3.302661055580687760e-02 -9.079133428483418533e-03 -1.441860549027822874e-03
-6.026895977493233053e-03 1.085389563465773838e-02 2.979520716774106907e-03
-6.026895977493233053e-03 1.085389563465773838e-02 2.979520716774106907e-03
-6.026895977493233053e-03 1.085389563465773838e-02 2.979520716774106907e-03
-6.026895977493233053e-03 1.085389563465773838e-02 2.979520716774106907e-03
-6.026895977493233053e-03 1.085389563465773838e-02 2.979520716774106907e-03
-6.026895977493233053e-03 1.085389563465773838e-02 2.979520716774106907e-03
-6.026895977493233053e-03 1.085389563465773838e-02 2.979520716774106907e-03
-6.026895977493233053e-03 1.085389563465773838e-02 2.979520716774106907e-03
-6.026895977493233053e-03 1.085389563465773838e-02 2.979520716774106907e-03
-6.026895977493233053e-03 1.085389563465773838e-02 2.979520716774106907e-03
-6.026895977493233053e-03 1.085389563465773838e-02 2.979520716774106907e-03
-6.026895977493233053e-03 1.085389563465773838e-02 2.979520716774106907e-03
-6.026895977493233053e-03 1.085389563465773838e-02 2.979520716774106907e-03
-6.026895977493233053e-03 1.085389563465773838e-02 2.979520716774106907e-03
-6.026895977493233053e-03 1.085389563465773838e-02 2.979520716774106907e-03
-6.026895977493233053e-03 1.085389563465773838e-02 2.979520716774106907e-03
-6.026895977493233053e-03 1.085389563465773838e-02 2.979520716774106907e-03
-2.453232284409358893e-02 1.379441399482439490e-02 -1.793656712783704699e-03
-2.453232284409358893e-02 1.379441399482439490e-02 -1.793656712783704699e-03
-2.453232284409358893e-02 1.379441399482439490e-02 -1.793656712783704699e-03
-2.453232284409358893e-02 1.379441399482439490e-02 -1.793656712783704699e-03
-2.453232284409358893e-02 1.379441399482439490e-02 -1.793656712783704699e-03
-2.453232284409358893e-02 1.379441399482439490e-02 -1.793656712783704699e-03
-2.453232284409358893e-02 1.379441399482439490e-02 -1.793656712783704699e-03
-2.453232284409358893e-02 1.379441399482439490e-02 -1.793656712783704699e-03
-2.453232284409358893e-02 1.379441399482439490e-02 -1.793656712783704699e-03
-2.453232284409358893e-02 1.379441399482439490e-02 -1.793656712783704699e-03
-2.453232284409358893e-02 1.379441399482439490e-02 -1.793656712783704699e-03
1.392537097869983587e-02 1.051823948193873759e-02 1.097881493549032923e-02
1.392537097869983587e-02 1.051823948193873759e-02 1.097881493549032923e-02
1.392537097869983587e-02 1.051823948193873759e-02 1.097881493549032923e-02
1.392537097869983587e-02 1.051823948193873759e-02 1.097881493549032923e-02
1.392537097869983587e-02 1.051823948193873759e-02 1.097881493549032923e-02
1.392537097869983587e-02 1.051823948193873759e-02 1.097881493549032923e-02
1.392537097869983587e-02 1.051823948193873759e-02 1.097881493549032923e-02
1.392537097869983587e-02 1.051823948193873759e-02 1.097881493549032923e-02
1.392537097869983587e-02 1.051823948193873759e-02 1.097881493549032923e-02
1.392537097869983587e-02 1.051823948193873759e-02 1.097881493549032923e-02
1.392537097869983587e-02 1.051823948193873759e-02 1.097881493549032923e-02
1.392537097869983587e-02 1.051823948193873759e-02 1.097881493549032923e-02
1.392537097869983587e-02 1.051823948193873759e-02 1.097881493549032923e-02
1.392537097869983587e-02 1.051823948193873759e-02 1.097881493549032923e-02
1.392537097869983587e-02 1.051823948193873759e-02 1.097881493549032923e-02
1.392537097869983587e-02 1.051823948193873759e-02 1.097881493549032923e-02
3.256104966111111193e-02 2.025417234853336620e-02 -1.261200375101648001e-02
3.256104966111111193e-02 2.025417234853336620e-02 -1.261200375101648001e-02
3.256104966111111193e-02 2.025417234853336620e-02 -1.261200375101648001e-02
3.256104966111111193e-02 2.025417234853336620e-02 -1.261200375101648001e-02
3.256104966111111193e-02 2.025417234853336620e-02 -1.261200375101648001e-02
3.256104966111111193e-02 2.025417234853336620e-02 -1.261200375101648001e-02
3.256104966111111193e-02 2.025417234853336620e-02 -1.261200375101648001e-02
3.256104966111111193e-02 2.025417234853336620e-02 -1.261200375101648001e-02
3.867465622494450223e-02 -5.620638162018088899e-03 -1.165851377293221705e-03
3.867465622494450223e-02 -5.620638162018088899e-03 -1.165851377293221705e-03
3.867465622494450223e-02 -5.620638162018088899e-03 -1.165851377293221705e-03
3.867465622494450223e-02 -5.620638162018088899e-03 -1.165851377293221705e-03
3.867465622494450223e-02 -5.620638162018088899e-03 -1.165851377293221705e-03
3.867465622494450223e-02 -5.620638162018088899e-03 -1.165851377293221705e-03
3.867465622494450223e-02 -5.620638162018088899e-03 -1.165851377293221705e-03
3.867465622494450223e-02 -5.620638162018088899e-03 -1.165851377293221705e-03
3.867465622494450223e-02 -5.620638162018088899e-03 -1.165851377293221705e-03
3.867465622494450223e-02 -5.620638162018088899e-03 -1.165851377293221705e-03
3.867465622494450223e-02 -5.620638162018088899e-03 -1.165851377293221705e-03
3.867465622494450223e-02 -5.620638162018088899e-03 -1.165851377293221705e-03
3.867465622494450223e-02 -5.620638162018088899e-03 -1.165851377293221705e-03
3.867465622494450223e-02 -5.620638162018088899e-03 -1.165851377293221705e-03
3.867465622494450223e-02 -5.620638162018088899e-03 -1.165851377293221705e-03
3.867465622494450223e-02 -5.620638162018088899e-03 -1.165851377293221705e-03
3.867465622494450223e-02 -5.620638162018088899e-03 -1.165851377293221705e-03
4.505875181100287008e-02 2.026225389664641774e-02 -7.977684262579567975e-05
4.505875181100287008e-02 2.026225389664641774e-02 -7.977684262579567975e-05
4.505875181100287008e-02 2.026225389664641774e-02 -7.977684262579567975e-05
4.505875181100287008e-02 2.026225389664641774e-02 -7.977684262579567975e-05
4.505875181100287008e-02 2.026225389664641774e-02 -7.977684262579567975e-05
4.505875181100287008e-02 2.026225389664641774e-02 -7.977684262579567975e-05
4.505875181100287008e-02 2.026225389664641774e-02 -7.977684262579567975e-05
4.505875181100287008e-02 2.026225389664641774e-02 -7.977684262579567975e-05
4.505875181100287008e-02 2.026225389664641774e-02 -7.977684262579567975e-05
4.505875181100287008e-02 2.026225389664641774e-02 -7.977684262579567975e-05
4.505875181100287008e-02 2.026225389664641774e-02 -7.977684262579567975e-05
4.505875181100287008e-02 2.026225389664641774e-02 -7.977684262579567975e-05
-3.629334564820639597e-02 -1.425967891080385250e-03 -1.627166533675891875e-03
-3.629334564820639597e-02 -1.425967891080385250e-03 -1.627166533675891875e-03
-3.629334564820639597e-02 -1.425967891080385250e-03 -1.627166533675891875e-03
-3.629334564820639597e-02 -1.425967891080385250e-03 -1.627166533675891875e-03
-3.629334564820639597e-02 -1.425967891080385250e-03 -1.627166533675891875e-03
-3.629334564820639597e-02 -1.425967891080385250e-03 -1.627166533675891875e-03
-3.629334564820639597e-02 -1.425967891080385250e-03 -1.627166533675891875e-03
-3.629334564820639597e-02 -1.425967891080385250e-03 -1.627166533675891875e-03
-3.629334564820639597e-02 -1.425967891080385250e-03 -1.627166533675891875e-03
-3.629334564820639597e-02 -1.425967891080385250e-03 -1.627166533675891875e-03
-3.629334564820639597e-02 -1.425967891080385250e-03 -1.627166533675891875e-03
-3.629334564820639597e-02 -1.425967891080385250e-03 -1.627166533675891875e-03
-3.629334564820639597e-02 -1.425967891080385250e-03 -1.627166533675891875e-03
-6.511542921722778335e-04 4.495658231532113219e-02 -1.099362467613509975e-03
-6.511542921722778335e-04 4.495658231532113219e-02 -1.099362467613509975e-03
-6.511542921722778335e-04 4.495658231532113219e-02 -1.099362467613509975e-03
-6.511542921722778335e-04 4.495658231532113219e-02 -1.099362467613509975e-03
-6.511542921722778335e-04 4.495658231532113219e-02 -1.099362467613509975e-03
-6.511542921722778335e-04 4.495658231532113219e-02 -1.099362467613509975e-03
-6.511542921722778335e-04 4.495658231532113219e-02 -1.099362467613509975e-03
-6.511542921722778335e-04 4.495658231532113219e-02 -1.099362467613509975e-03
-6.511542921722778335e-04 4.495658231532113219e-02 -1.099362467613509975e-03
-6.511542921722778335e-04 4.495658231532113219e-02 -1.099362467613509975e-03
-6.511542921722778335e-04 4.495658231532113219e-02 -1.099362467613509975e-03
2.806417393778056629e-02 -1.245668446172880361e-02 -1.447948744978356031e-03
2.806417393778056629e-02 -1.245668446172880361e-02 -1.447948744978356031e-03
2.806417393778056629e-02 -1.245668446172880361e-02 -1.447948744978356031e-03
2.806417393778056629e-02 -1.245668446172880361e-02 -1.447948744978356031e-03
2.806417393778056629e-02 -1.245668446172880361e-02 -1.447948744978356031e-03
2.806417393778056629e-02 -1.245668446172880361e-02 -1.447948744978356031e-03
2.806417393778056629e-02 -1.245668446172880361e-02 -1.447948744978356031e-03
2.806417393778056629e-02 -1.245668446172880361e-02 -1.447948744978356031e-03
2.806417393778056629e-02 -1.245668446172880361e-02 -1.447948744978356031e-03
2.806417393778056629e-02 -1.245668446172880361e-02 -1.447948744978356031e-03
2.806417393778056629e-02 -1.245668446172880361e-02 -1.447948744978356031e-03
2.806417393778056629e-02 -1.245668446172880361e-02 -1.447948744978356031e-03
2.806417393778056629e-02 -1.245668446172880361e-02 -1.447948744978356031e-03
2.806417393778056629e-02 -1.245668446172880361e-02 -1.447948744978356031e-03
2.806417393778056629e-02 -1.245668446172880361e-02 -1.447948744978356031e-03
2.806417393778056629e-02 -1.245668446172880361e-02 -1.447948744978356031e-03
2.806417393778056629e-02 -1.245668446172880361e-02 -1.447948744978356031e-03
