-5.648004820671596524e-03 6.283500780182992018e-03 1.147849832289242304e-02
-5.648004820671596524e-03 6.283500780182992018e-03 1.147849832289242304e-02
-5.648004820671596524e-03 6.283500780182992018e-03 1.147849832289242304e-02
-5.648004820671596524e-03 6.283500780182992018e-03 1.147849832289242304e-02
-5.648004820671596524e-03 6.283500780182992018e-03 1.147849832289242304e-02
-5.648004820671596524e-03 6.283500780182992018e-03 1.147849832289242304e-02
-5.648004820671596524e-03 6.283500780182992018e-03 1.147849832289242304e-02
-5.648004820671596524e-03 6.283500780182992018e-03 1.147849832289242304e-02
-5.648004820671596524e-03 6.283500780182992018e-03 1.147849832289242304e-02
-5.648004820671596524e-03 6.283500780182992018e-03 1.147849832289242304e-02
-5.648004820671596524e-03 6.283500780182992018e-03 1.147849832289242304e-02
-5.648004820671596524e-03 6.283500780182992018e-03 1.147849832289242304e-02
-5.648004820671596524e-03 6.283500780182992018e-03 1.147849832289242304e-02
-5.648004820671596524e-03 6.283500780182992018e-03 1.147849832289242304e-02
-5.648004820671596524e-03 6.283500780182992018e-03 1.147849832289242304e-02
-5.648004820671596524e-03 6.283500780182992018e-03 1.147849832289242304e-02
-5.648004820671596524e-03 6.283500780182992018e-03 1.147849832289242304e-02
1.265747977937350596e-02 -1.505141845118483299e-02 -9.327658465642606894e-03
1.265747977937350596e-02 -1.505141845118483299e-02 -9.327658465642606894e-03
1.265747977937350596e-02 -1.505141845118483299e-02 -9.327658465642606894e-03
1.265747977937350596e-02 -1.505141845118483299e-02 -9.327658465642606894e-03
1.265747977937350596e-02 -1.505141845118483299e-02 -9.327658465642606894e-03
1.265747977937350596e-02 -1.505141845118483299e-02 -9.327658465642606894e-03
1.265747977937350596e-02 -1.505141845118483299e-02 -9.327658465642606894e-03
1.265747977937350596e-02 -1.505141845118483299e-02 -9.327658465642606894e-03
1.265747977937350596e-02 -1.505141845118483299e-02 -9.327658465642606894e-03
1.265747977937350596e-02 -1.505141845118483299e-02 -9.327658465642606894e-03
1.265747977937350596e-02 -1.505141845118483299e-02 -9.327658465642606894e-03
1.265747977937350596e-02 -1.505141845118483299e-02 -9.327658465642606894e-03
1.265747977937350596e-02 -1.505141845118483299e-02 -9.327658465642606894e-03
1.265747977937350596e-02 -1.505141845118483299e-02 -9.327658465642606894e-03
1.265747977937350596e-02 -1.505141845118483299e-02 -9.327658465642606894e-03
1.265747977937350596e-02 -1.505141845118483299e-02 -9.327658465642606894e-03
1.265747977937350596e-02 -1.505141845118483299e-02 -9.327658465642606894e-03
-1.408597565143350147e-02 1.591324532688047355e-02 -1.099978575745520770e-02
-1.408597565143350147e-02 1.591324532688047355e-02 -1.099978575745520770e-02
-1.408597565143350147e-02 1.591324532688047355e-02 -1.099978575745520770e-02
-1.408597565143350147e-02 1.591324532688047355e-02 -1.099978575745520770e-02
-1.408597565143350147e-02 1.591324532688047355e-02 -1.099978575745520770e-02
-1.408597565143350147e-02 1.591324532688047355e-02 -1.099978575745520770e-02
-1.408597565143350147e-02 1.591324532688047355e-02 -1.099978575745520770e-02
-1.408597565143350147e-02 1.591324532688047355e-02 -1.099978575745520770e-02
-1.408597565143350147e-02 1.591324532688047355e-02 -1.099978575745520770e-02
-1.408597565143350147e-02 1.591324532688047355e-02 -1.099978575745520770e-02
-1.408597565143350147e-02 1.591324532688047355e-02 -1.099978575745520770e-02
-1.408597565143350147e-02 1.591324532688047355e-02 -1.099978575745520770e-02
-1.408597565143350147e-02 1.591324532688047355e-02 -1.099978575745520770e-02
-1.408597565143350147e-02 1.591324532688047355e-02 -1.099978575745520770e-02
-1.408597565143350147e-02 1.591324532688047355e-02 -1.099978575745520770e-02
-1.408597565143350147e-02 1.591324532688047355e-02 -1.099978575745520770e-02
-1.408597565143350147e-02 1.591324532688047355e-02 -1.099978575745520770e-02
2.722235274427700982e-03 -3.448094460927366225e-03 1.279435467935265830e-02
2.722235274427700982e-03 -3.448094460927366225e-03 1.279435467935265830e-02
2.722235274427700982e-03 -3.448094460927366225e-03 1.279435467935265830e-02
2.722235274427700982e-03 -3.448094460927366225e-03 1.279435467935265830e-02
2.722235274427700982e-03 -3.448094460927366225e-03 1.279435467935265830e-02
2.722235274427700982e-03 -3.448094460927366225e-03 1.279435467935265830e-02
2.722235274427700982e-03 -3.448094460927366225e-03 1.279435467935265830e-02
2.722235274427700982e-03 -3.448094460927366225e-03 1.279435467935265830e-02
2.722235274427700982e-03 -3.448094460927366225e-03 1.279435467935265830e-02
2.722235274427700982e-03 -3.448094460927366225e-03 1.279435467935265830e-02
2.722235274427700982e-03 -3.448094460927366225e-03 1.279435467935265830e-02
2.722235274427700982e-03 -3.448094460927366225e-03 1.279435467935265830e-02
2.722235274427700982e-03 -3.448094460927366225e-03 1.279435467935265830e-02
2.722235274427700982e-03 -3.448094460927366225e-03 1.279435467935265830e-02
2.722235274427700982e-03 -3.448094460927366225e-03 1.279435467935265830e-02
2.722235274427700982e-03 -3.448094460927366225e-03 1.279435467935265830e-02
2.722235274427700982e-03 -3.448094460927366225e-03 1.279435467935265830e-02
-1.280873494539726959e-02 1.444640848028532973e-02 -9.541996299319666780e-03
-1.280873494539726959e-02 1.444640848028532973e-02 -9.541996299319666780e-03
-1.280873494539726959e-02 1.444640848028532973e-02 -9.541996299319666780e-03
-1.280873494539726959e-02 1.444640848028532973e-02 -9.541996299319666780e-03
-1.280873494539726959e-02 1.444640848028532973e-02 -9.541996299319666780e-03
-1.280873494539726959e-02 1.444640848028532973e-02 -9.541996299319666780e-03
-1.280873494539726959e-02 1.444640848028532973e-02 -9.541996299319666780e-03
-1.280873494539726959e-02 1.444640848028532973e-02 -9.541996299319666780e-03
-1.280873494539726959e-02 1.444640848028532973e-02 -9.541996299319666780e-03
-1.280873494539726959e-02 1.444640848028532973e-02 -9.541996299319666780e-03
-1.280873494539726959e-02 1.444640848028532973e-02 -9.541996299319666780e-03
-1.280873494539726959e-02 1.444640848028532973e-02 -9.541996299319666780e-03
-1.280873494539726959e-02 1.444640848028532973e-02 -9.541996299319666780e-03
-1.280873494539726959e-02 1.444640848028532973e-02 -9.541996299319666780e-03
-1.280873494539726959e-02 1.444640848028532973e-02 -9.541996299319666780e-03
-1.280873494539726959e-02 1.444640848028532973e-02 -9.541996299319666780e-03
-1.280873494539726959e-02 1.444640848028532973e-02 -9.541996299319666780e-03
-5.247534589984340775e-03 -1.055606876436746694e-03 -1.402934885831161153e-02
-5.247534589984340775e-03 -1.055606876436746694e-03 -1.402934885831161153e-02
-5.247534589984340775e-03 -1.055606876436746694e-03 -1.402934885831161153e-02
-5.247534589984340775e-03 -1.055606876436746694e-03 -1.402934885831161153e-02
-5.247534589984340775e-03 -1.055606876436746694e-03 -1.402934885831161153e-02
-5.247534589984340775e-03 -1.055606876436746694e-03 -1.402934885831161153e-02
-5.247534589984340775e-03 -1.055606876436746694e-03 -1.402934885831161153e-02
-5.247534589984340775e-03 -1.055606876436746694e-03 -1.402934885831161153e-02
-5.247534589984340775e-03 -1.055606876436746694e-03 -1.402934885831161153e-02
-5.247534589984340775e-03 -1.055606876436746694e-03 -1.402934885831161153e-02
-5.247534589984340775e-03 -1.055606876436746694e-03 -1.402934885831161153e-02
-5.247534589984340775e-03 -1.055606876436746694e-03 -1.402934885831161153e-02
-5.247534589984340775e-03 -1.055606876436746694e-03 -1.402934885831161153e-02
-4.283486069183142265e-03 -3.360734054344716865e-04 -1.239336173718308919e-02
-4.283486069183142265e-03 -3.360734054344716865e-04 -1.239336173718308919e-02
-4.283486069183142265e-03 -3.360734054344716865e-04 -1.239336173718308919e-02
-4.283486069183142265e-03 -3.360734054344716865e-04 -1.239336173718308919e-02
-4.283486069183142265e-03 -3.360734054344716865e-04 -1.239336173718308919e-02
-4.283486069183142265e-03 -3.360734054344716865e-04 -1.239336173718308919e-02
-4.283486069183142265e-03 -3.360734054344716865e-04 -1.239336173718308919e-02
-4.283486069183142265e-03 -3.360734054344716865e-04 -1.239336173718308919e-02
-4.283486069183142265e-03 -3.360734054344716865e-04 -1.239336173718308919e-02
-4.283486069183142265e-03 -3.360734054344716865e-04 -1.239336173718308919e-02
-4.283486069183142265e-03 -3.360734054344716865e-04 -1.239336173718308919e-02
-4.283486069183142265e-03 -3.360734054344716865e-04 -1.239336173718308919e-02
-4.283486069183142265e-03 -3.360734054344716865e-04 -1.239336173718308919e-02
-4.283486069183142265e-03 -3.360734054344716865e-04 -1.239336173718308919e-02
-4.283486069183142265e-03 -3.360734054344716865e-04 -1.239336173718308919e-02
-4.283486069183142265e-03 -3.360734054344716865e-04 -1.239336173718308919e-02
-4.283486069183142265e-03 -3.360734054344716865e-04 -1.239336173718308919e-02
-9.222293960187010961e-03 1.044508456502289337e-02 -2.060063282294078736e-03
-9.222293960187010961e-03 1.044508456502289337e-02 -2.060063282294078736e-03
-9.222293960187010961e-03 1.044508456502289337e-02 -2.060063282294078736e-03
-9.222293960187010961e-03 1.044508456502289337e-02 -2.060063282294078736e-03
-9.222293960187010961e-03 1.044508456502289337e-02 -2.060063282294078736e-03
-9.222293960187010961e-03 1.044508456502289337e-02 -2.060063282294078736e-03
-9.222293960187010961e-03 1.044508456502289337e-02 -2.060063282294078736e-03
-9.222293960187010961e-03 1.044508456502289337e-02 -2.060063282294078736e-03
-9.222293960187010961e-03 1.044508456502289337e-02 -2.060063282294078736e-03
-9.222293960187010961e-03 1.044508456502289337e-02 -2.060063282294078736e-03
-9.222293960187010961e-03 1.044508456502289337e-02 -2.060063282294078736e-03
-9.222293960187010961e-03 1.044508456502289337e-02 -2.060063282294078736e-03
-9.222293960187010961e-03 1.044508456502289337e-02 -2.060063282294078736e-03
-9.222293960187010961e-03 1.044508456502289337e-02 -2.060063282294078736e-03
-9.222293960187010961e-03 1.044508456502289337e-02 -2.060063282294078736e-03
-9.222293960187010961e-03 1.044508456502289337e-02 -2.060063282294078736e-03
-9.222293960187010961e-03 1.044508456502289337e-02 -2.060063282294078736e-03
-2.708694057279028948e-03 1.115809560121477570e-03 -1.561143077322857051e-02
-2.708694057279028948e-03 1.115809560121477570e-03 -1.561143077322857051e-02
-2.708694057279028948e-03 1.115809560121477570e-03 -1.561143077322857051e-02
-2.708694057279028948e-03 1.115809560121477570e-03 -1.561143077322857051e-02
-2.708694057279028948e-03 1.115809560121477570e-03 -1.561143077322857051e-02
-2.708694057279028948e-03 1.115809560121477570e-03 -1.561143077322857051e-02
-2.708694057279028948e-03 1.115809560121477570e-03 -1.561143077322857051e-02
-2.708694057279028948e-03 1.115809560121477570e-03 -1.561143077322857051e-02
-2.708694057279028948e-03 1.115809560121477570e-03 -1.561143077322857051e-02
-2.708694057279028948e-03 1.115809560121477570e-03 -1.561143077322857051e-02
-2.708694057279028948e-03 1.115809560121477570e-03 -1.561143077322857051e-02
-2.708694057279028948e-03 1.115809560121477570e-03 -1.561143077322857051e-02
-2.708694057279028948e-03 1.115809560121477570e-03 -1.561143077322857051e-02
-2.708694057279028948e-03 1.115809560121477570e-03 -1.561143077322857051e-02
-2.708694057279028948e-03 1.115809560121477570e-03 -1.561143077322857051e-02
-2.708694057279028948e-03 1.115809560121477570e-03 -1.561143077322857051e-02
-2.708694057279028948e-03 1.115809560121477570e-03 -1.561143077322857051e-02
-3.409135271276431643e-03 3.607356524514155564e-03 -8.707174831722122197e-04
-3.409135271276431643e-03 3.607356524514155564e-03 -8.707174831722122197e-04
-3.409135271276431643e-03 3.607356524514155564e-03 -8.707174831722122197e-04
-3.409135271276431643e-03 3.607356524514155564e-03 -8.707174831722122197e-04
-3.409135271276431643e-03 3.607356524514155564e-03 -8.707174831722122197e-04
-3.409135271276431643e-03 3.607356524514155564e-03 -8.707174831722122197e-04
-3.409135271276431643e-03 3.607356524514155564e-03 -8.707174831722122197e-04
-3.409135271276431643e-03 3.607356524514155564e-03 -8.707174831722122197e-04
-3.409135271276431643e-03 3.607356524514155564e-03 -8.707174831722122197e-04
-3.409135271276431643e-03 3.607356524514155564e-03 -8.707174831722122197e-04
-3.409135271276431643e-03 3.607356524514155564e-03 -8.707174831722122197e-04
-3.409135271276431643e-03 3.607356524514155564e-03 -8.707174831722122197e-04
-3.409135271276431643e-03 3.607356524514155564e-03 -8.707174831722122197e-04
-3.409135271276431643e-03 3.607356524514155564e-03 -8.707174831722122197e-04
-3.409135271276431643e-03 3.607356524514155564e-03 -8.707174831722122197e-04
-3.409135271276431643e-03 3.607356524514155564e-03 -8.707174831722122197e-04
-3.409135271276431643e-03 3.607356524514155564e-03 -8.707174831722122197e-04
-1.227645335603378719e-03 1.001495079487336667e-03 -1.579976238349140027e-02
-1.227645335603378719e-03 1.001495079487336667e-03 -1.579976238349140027e-02
-1.227645335603378719e-03 1.001495079487336667e-03 -1.579976238349140027e-02
-1.227645335603378719e-03 1.001495079487336667e-03 -1.579976238349140027e-02
-1.227645335603378719e-03 1.001495079487336667e-03 -1.579976238349140027e-02
-1.227645335603378719e-03 1.001495079487336667e-03 -1.579976238349140027e-02
-1.227645335603378719e-03 1.001495079487336667e-03 -1.579976238349140027e-02
-1.227645335603378719e-03 1.001495079487336667e-03 -1.579976238349140027e-02
-1.227645335603378719e-03 1.001495079487336667e-03 -1.579976238349140027e-02
-1.227645335603378719e-03 1.001495079487336667e-03 -1.579976238349140027e-02
-1.227645335603378719e-03 1.001495079487336667e-03 -1.579976238349140027e-02
-1.227645335603378719e-03 1.001495079487336667e-03 -1.579976238349140027e-02
-1.227645335603378719e-03 1.001495079487336667e-03 -1.579976238349140027e-02
-1.227645335603378719e-03 1.001495079487336667e-03 -1.579976238349140027e-02
-1.227645335603378719e-03 1.001495079487336667e-03 -1.579976238349140027e-02
-1.227645335603378719e-03 1.001495079487336667e-03 -1.579976238349140027e-02
-1.227645335603378719e-03 1.001495079487336667e-03 -1.579976238349140027e-02
8.361394420404713937e-03 1.059612003946855049e-02 -1.574744906858074889e-02
8.361394420404713937e-03 1.059612003946855049e-02 -1.574744906858074889e-02
8.361394420404713937e-03 1.059612003946855049e-02 -1.574744906858074889e-02
8.361394420404713937e-03 1.059612003946855049e-02 -1.574744906858074889e-02
8.361394420404713937e-03 1.059612003946855049e-02 -1.574744906858074889e-02
8.361394420404713937e-03 1.059612003946855049e-02 -1.574744906858074889e-02
8.361394420404713937e-03 1.059612003946855049e-02 -1.574744906858074889e-02
8.361394420404713937e-03 1.059612003946855049e-02 -1.574744906858074889e-02
8.361394420404713937e-03 1.059612003946855049e-02 -1.574744906858074889e-02
8.361394420404713937e-03 1.059612003946855049e-02 -1.574744906858074889e-02
8.361394420404713937e-03 1.059612003946855049e-02 -1.574744906858074889e-02
8.361394420404713937e-03 1.059612003946855049e-02 -1.574744906858074889e-02
8.361394420404713937e-03 1.059612003946855049e-02 -1.574744906858074889e-02
8.361394420404713937e-03 1.059612003946855049e-02 -1.574744906858074889e-02
8.361394420404713937e-03 1.059612003946855049e-02 -1.574744906858074889e-02
8.361394420404713937e-03 1.059612003946855049e-02 -1.574744906858074889e-02
8.361394420404713937e-03 1.059612003946855049e-02 -1.574744906858074889e-02
