-2.378560881026109408e-02 -1.176111855130514486e-02 2.409553555098007532e-03
-2.378560881026109408e-02 -1.176111855130514486e-02 2.409553555098007532e-03
-2.378560881026109408e-02 -1.176111855130514486e-02 2.409553555098007532e-03
-2.378560881026109408e-02 -1.176111855130514486e-02 2.409553555098007532e-03
-2.378560881026109408e-02 -1.176111855130514486e-02 2.409553555098007532e-03
-2.378560881026109408e-02 -1.176111855130514486e-02 2.409553555098007532e-03
-2.378560881026109408e-02 -1.176111855130514486e-02 2.409553555098007532e-03
-2.378560881026109408e-02 -1.176111855130514486e-02 2.409553555098007532e-03
-2.378560881026109408e-02 -1.176111855130514486e-02 2.409553555098007532e-03
-2.378560881026109408e-02 -1.176111855130514486e-02 2.409553555098007532e-03
-2.378560881026109408e-02 -1.176111855130514486e-02 2.409553555098007532e-03
-2.378560881026109408e-02 -1.176111855130514486e-02 2.409553555098007532e-03
-2.378560881026109408e-02 -1.176111855130514486e-02 2.409553555098007532e-03
-2.378560881026109408e-02 -1.176111855130514486e-02 2.409553555098007532e-03
7.741629221099950720e-02 -8.014147784516593293e-05 3.781222914765344735e-04
7.741629221099950720e-02 -8.014147784516593293e-05 3.781222914765344735e-04
7.741629221099950720e-02 -8.014147784516593293e-05 3.781222914765344735e-04
7.741629221099950720e-02 -8.014147784516593293e-05 3.781222914765344735e-04
7.741629221099950720e-02 -8.014147784516593293e-05 3.781222914765344735e-04
7.741629221099950720e-02 -8.014147784516593293e-05 3.781222914765344735e-04
7.741629221099950720e-02 -8.014147784516593293e-05 3.781222914765344735e-04
7.741629221099950720e-02 -8.014147784516593293e-05 3.781222914765344735e-04
7.741629221099950720e-02 -8.014147784516593293e-05 3.781222914765344735e-04
7.741629221099950720e-02 -8.014147784516593293e-05 3.781222914765344735e-04
7.741629221099950720e-02 -8.014147784516593293e-05 3.781222914765344735e-04
7.741629221099950720e-02 -8.014147784516593293e-05 3.781222914765344735e-04
7.741629221099950720e-02 -8.014147784516593293e-05 3.781222914765344735e-04
7.741629221099950720e-02 -8.014147784516593293e-05 3.781222914765344735e-04
7.741629221099950720e-02 -8.014147784516593293e-05 3.781222914765344735e-04
7.741629221099950720e-02 -8.014147784516593293e-05 3.781222914765344735e-04
-4.724815057635146920e-02 -9.860390252988172205e-03 1.404179915948844089e-03
-4.724815057635146920e-02 -9.860390252988172205e-03 1.404179915948844089e-03
-4.724815057635146920e-02 -9.860390252988172205e-03 1.404179915948844089e-03
-4.724815057635146920e-02 -9.860390252988172205e-03 1.404179915948844089e-03
-4.724815057635146920e-02 -9.860390252988172205e-03 1.404179915948844089e-03
-4.724815057635146920e-02 -9.860390252988172205e-03 1.404179915948844089e-03
-4.724815057635146920e-02 -9.860390252988172205e-03 1.404179915948844089e-03
-4.724815057635146920e-02 -9.860390252988172205e-03 1.404179915948844089e-03
-4.724815057635146920e-02 -9.860390252988172205e-03 1.404179915948844089e-03
-4.724815057635146920e-02 -9.860390252988172205e-03 1.404179915948844089e-03
-4.724815057635146920e-02 -9.860390252988172205e-03 1.404179915948844089e-03
-4.724815057635146920e-02 -9.860390252988172205e-03 1.404179915948844089e-03
-4.724815057635146920e-02 -9.860390252988172205e-03 1.404179915948844089e-03
-4.724815057635146920e-02 -9.860390252988172205e-03 1.404179915948844089e-03
-4.724815057635146920e-02 -9.860390252988172205e-03 1.404179915948844089e-03
6.937840348930113255e-02 -2.221442946412997138e-04 4.575252275752292991e-05
6.937840348930113255e-02 -2.221442946412997138e-04 4.575252275752292991e-05
6.937840348930113255e-02 -2.221442946412997138e-04 4.575252275752292991e-05
6.937840348930113255e-02 -2.221442946412997138e-04 4.575252275752292991e-05
6.937840348930113255e-02 -2.221442946412997138e-04 4.575252275752292991e-05
6.937840348930113255e-02 -2.221442946412997138e-04 4.575252275752292991e-05
6.937840348930113255e-02 -2.221442946412997138e-04 4.575252275752292991e-05
6.937840348930113255e-02 -2.221442946412997138e-04 4.575252275752292991e-05
6.937840348930113255e-02 -2.221442946412997138e-04 4.575252275752292991e-05
6.937840348930113255e-02 -2.221442946412997138e-04 4.575252275752292991e-05
6.937840348930113255e-02 -2.221442946412997138e-04 4.575252275752292991e-05
6.937840348930113255e-02 -2.221442946412997138e-04 4.575252275752292991e-05
6.937840348930113255e-02 -2.221442946412997138e-04 4.575252275752292991e-05
6.937840348930113255e-02 -2.221442946412997138e-04 4.575252275752292991e-05
6.937840348930113255e-02 -2.221442946412997138e-04 4.575252275752292991e-05
6.937840348930113255e-02 -2.221442946412997138e-04 4.575252275752292991e-05
1.093905254941542338e-01 5.066299663107119797e-04 1.091770171896445582e-03
1.093905254941542338e-01 5.066299663107119797e-04 1.091770171896445582e-03
1.093905254941542338e-01 5.066299663107119797e-04 1.091770171896445582e-03
1.093905254941542338e-01 5.066299663107119797e-04 1.091770171896445582e-03
1.093905254941542338e-01 5.066299663107119797e-04 1.091770171896445582e-03
1.093905254941542338e-01 5.066299663107119797e-04 1.091770171896445582e-03
1.093905254941542338e-01 5.066299663107119797e-04 1.091770171896445582e-03
1.093905254941542338e-01 5.066299663107119797e-04 1.091770171896445582e-03
1.093905254941542338e-01 5.066299663107119797e-04 1.091770171896445582e-03
1.093905254941542338e-01 5.066299663107119797e-04 1.091770171896445582e-03
1.093905254941542338e-01 5.066299663107119797e-04 1.091770171896445582e-03
1.093905254941542338e-01 5.066299663107119797e-04 1.091770171896445582e-03
1.093905254941542338e-01 5.066299663107119797e-04 1.091770171896445582e-03
1.093905254941542338e-01 5.066299663107119797e-04 1.091770171896445582e-03
1.093905254941542338e-01 5.066299663107119797e-04 1.091770171896445582e-03
1.093905254941542338e-01 5.066299663107119797e-04 1.091770171896445582e-03
7.563931260949290081e-02 -1.473563100233190454e-04 3.513529349905440604e-04
7.563931260949290081e-02 -1.473563100233190454e-04 3.513529349905440604e-04
7.563931260949290081e-02 -1.473563100233190454e-04 3.513529349905440604e-04
7.563931260949290081e-02 -1.473563100233190454e-04 3.513529349905440604e-04
7.563931260949290081e-02 -1.473563100233190454e-04 3.513529349905440604e-04
7.563931260949290081e-02 -1.473563100233190454e-04 3.513529349905440604e-04
7.563931260949290081e-02 -1.473563100233190454e-04 3.513529349905440604e-04
7.563931260949290081e-02 -1.473563100233190454e-04 3.513529349905440604e-04
7.563931260949290081e-02 -1.473563100233190454e-04 3.513529349905440604e-04
7.563931260949290081e-02 -1.473563100233190454e-04 3.513529349905440604e-04
7.563931260949290081e-02 -1.473563100233190454e-04 3.513529349905440604e-04
7.563931260949290081e-02 -1.473563100233190454e-04 3.513529349905440604e-04
7.563931260949290081e-02 -1.473563100233190454e-04 3.513529349905440604e-04
7.563931260949290081e-02 -1.473563100233190454e-04 3.513529349905440604e-04
7.563931260949290081e-02 -1.473563100233190454e-04 3.513529349905440604e-04
7.563931260949290081e-02 -1.473563100233190454e-04 3.513529349905440604e-04
1.103536890736998843e-01 2.291142011311644681e-03 1.137540312753087136e-03
1.103536890736998843e-01 2.291142011311644681e-03 1.137540312753087136e-03
1.103536890736998843e-01 2.291142011311644681e-03 1.137540312753087136e-03
1.103536890736998843e-01 2.291142011311644681e-03 1.137540312753087136e-03
1.103536890736998843e-01 2.291142011311644681e-03 1.137540312753087136e-03
1.103536890736998843e-01 2.291142011311644681e-03 1.137540312753087136e-03
1.103536890736998843e-01 2.291142011311644681e-03 1.137540312753087136e-03
1.103536890736998843e-01 2.291142011311644681e-03 1.137540312753087136e-03
1.103536890736998843e-01 2.291142011311644681e-03 1.137540312753087136e-03
1.103536890736998843e-01 2.291142011311644681e-03 1.137540312753087136e-03
1.103536890736998843e-01 2.291142011311644681e-03 1.137540312753087136e-03
1.103536890736998843e-01 2.291142011311644681e-03 1.137540312753087136e-03
1.103536890736998843e-01 2.291142011311644681e-03 1.137540312753087136e-03
1.103536890736998843e-01 2.291142011311644681e-03 1.137540312753087136e-03
1.103536890736998843e-01 2.291142011311644681e-03 1.137540312753087136e-03
1.103536890736998843e-01 2.291142011311644681e-03 1.137540312753087136e-03
-3.348170469940492389e-02 7.845665969612308777e-03 -2.327884942070032777e-03
-3.348170469940492389e-02 7.845665969612308777e-03 -2.327884942070032777e-03
-3.348170469940492389e-02 7.845665969612308777e-03 -2.327884942070032777e-03
-3.348170469940492389e-02 7.845665969612308777e-03 -2.327884942070032777e-03
-3.348170469940492389e-02 7.845665969612308777e-03 -2.327884942070032777e-03
-3.348170469940492389e-02 7.845665969612308777e-03 -2.327884942070032777e-03
-3.348170469940492389e-02 7.845665969612308777e-03 -2.327884942070032777e-03
-3.348170469940492389e-02 7.845665969612308777e-03 -2.327884942070032777e-03
-3.348170469940492389e-02 7.845665969612308777e-03 -2.327884942070032777e-03
-3.348170469940492389e-02 7.845665969612308777e-03 -2.327884942070032777e-03
-3.348170469940492389e-02 7.845665969612308777e-03 -2.327884942070032777e-03
-3.348170469940492389e-02 7.845665969612308777e-03 -2.327884942070032777e-03
6.640807224858663593e-02 -2.104734557961214156e-04 3.918262234300568577e-04
6.640807224858663593e-02 -2.104734557961214156e-04 3.918262234300568577e-04
6.640807224858663593e-02 -2.104734557961214156e-04 3.918262234300568577e-04
6.640807224858663593e-02 -2.104734557961214156e-04 3.918262234300568577e-04
6.640807224858663593e-02 -2.104734557961214156e-04 3.918262234300568577e-04
6.640807224858663593e-02 -2.104734557961214156e-04 3.918262234300568577e-04
6.640807224858663593e-02 -2.104734557961214156e-04 3.918262234300568577e-04
6.640807224858663593e-02 -2.104734557961214156e-04 3.918262234300568577e-04
6.640807224858663593e-02 -2.104734557961214156e-04 3.918262234300568577e-04
6.640807224858663593e-02 -2.104734557961214156e-04 3.918262234300568577e-04
6.640807224858663593e-02 -2.104734557961214156e-04 3.918262234300568577e-04
6.640807224858663593e-02 -2.104734557961214156e-04 3.918262234300568577e-04
6.640807224858663593e-02 -2.104734557961214156e-04 3.918262234300568577e-04
6.640807224858663593e-02 -2.104734557961214156e-04 3.918262234300568577e-04
6.640807224858663593e-02 -2.104734557961214156e-04 3.918262234300568577e-04
6.640807224858663593e-02 -2.104734557961214156e-04 3.918262234300568577e-04
7.798130100349531801e-02 -1.405701671195194995e-03 6.918016192345279383e-04
7.798130100349531801e-02 -1.405701671195194995e-03 6.918016192345279383e-04
7.798130100349531801e-02 -1.405701671195194995e-03 6.918016192345279383e-04
7.798130100349531801e-02 -1.405701671195194995e-03 6.918016192345279383e-04
7.798130100349531801e-02 -1.405701671195194995e-03 6.918016192345279383e-04
7.798130100349531801e-02 -1.405701671195194995e-03 6.918016192345279383e-04
7.798130100349531801e-02 -1.405701671195194995e-03 6.918016192345279383e-04
7.798130100349531801e-02 -1.405701671195194995e-03 6.918016192345279383e-04
7.798130100349531801e-02 -1.405701671195194995e-03 6.918016192345279383e-04
7.798130100349531801e-02 -1.405701671195194995e-03 6.918016192345279383e-04
7.798130100349531801e-02 -1.405701671195194995e-03 6.918016192345279383e-04
7.798130100349531801e-02 -1.405701671195194995e-03 6.918016192345279383e-04
7.798130100349531801e-02 -1.405701671195194995e-03 6.918016192345279383e-04
7.798130100349531801e-02 -1.405701671195194995e-03 6.918016192345279383e-04
7.798130100349531801e-02 -1.405701671195194995e-03 6.918016192345279383e-04
7.798130100349531801e-02 -1.405701671195194995e-03 6.918016192345279383e-04
-4.295981290535800384e-02 -1.080647906202582970e-02 2.014889578106623946e-03
-4.295981290535800384e-02 -1.080647906202582970e-02 2.014889578106623946e-03
-4.295981290535800384e-02 -1.080647906202582970e-02 2.014889578106623946e-03
-4.295981290535800384e-02 -1.080647906202582970e-02 2.014889578106623946e-03
-4.295981290535800384e-02 -1.080647906202582970e-02 2.014889578106623946e-03
-4.295981290535800384e-02 -1.080647906202582970e-02 2.014889578106623946e-03
-4.295981290535800384e-02 -1.080647906202582970e-02 2.014889578106623946e-03
-4.295981290535800384e-02 -1.080647906202582970e-02 2.014889578106623946e-03
-4.295981290535800384e-02 -1.080647906202582970e-02 2.014889578106623946e-03
-4.295981290535800384e-02 -1.080647906202582970e-02 2.014889578106623946e-03
-4.295981290535800384e-02 -1.080647906202582970e-02 2.014889578106623946e-03
-4.295981290535800384e-02 -1.080647906202582970e-02 2.014889578106623946e-03
-4.295981290535800384e-02 -1.080647906202582970e-02 2.014889578106623946e-03
-4.295981290535800384e-02 -1.080647906202582970e-02 2.014889578106623946e-03
-4.295981290535800384e-02 -1.080647906202582970e-02 2.014889578106623946e-03
4.163382082721375776e-02 -1.970310988341308391e-04 -6.423324089126387915e-06
4.163382082721375776e-02 -1.970310988341308391e-04 -6.423324089126387915e-06
4.163382082721375776e-02 -1.970310988341308391e-04 -6.423324089126387915e-06
4.163382082721375776e-02 -1.970310988341308391e-04 -6.423324089126387915e-06
4.163382082721375776e-02 -1.970310988341308391e-04 -6.423324089126387915e-06
4.163382082721375776e-02 -1.970310988341308391e-04 -6.423324089126387915e-06
4.163382082721375776e-02 -1.970310988341308391e-04 -6.423324089126387915e-06
4.163382082721375776e-02 -1.970310988341308391e-04 -6.423324089126387915e-06
4.163382082721375776e-02 -1.970310988341308391e-04 -6.423324089126387915e-06
4.163382082721375776e-02 -1.970310988341308391e-04 -6.423324089126387915e-06
4.163382082721375776e-02 -1.970310988341308391e-04 -6.423324089126387915e-06
4.163382082721375776e-02 -1.970310988341308391e-04 -6.423324089126387915e-06
4.163382082721375776e-02 -1.970310988341308391e-04 -6.423324089126387915e-06
4.163382082721375776e-02 -1.970310988341308391e-04 -6.423324089126387915e-06
4.163382082721375776e-02 -1.970310988341308391e-04 -6.423324089126387915e-06
4.163382082721375776e-02 -1.970310988341308391e-04 -6.423324089126387915e-06
4.163382082721375776e-02 -1.970310988341308391e-04 -6.423324089126387915e-06
-2.454473030285302462e-02 2.358709027498840077e-03 -4.485912150214987903e-07
-2.454473030285302462e-02 2.358709027498840077e-03 -4.485912150214987903e-07
-2.454473030285302462e-02 2.358709027498840077e-03 -4.485912150214987903e-07
-2.454473030285302462e-02 2.358709027498840077e-03 -4.485912150214987903e-07
3.877693638961621225e-02 -1.130814238924344019e-03 4.778287222027008743e-05
3.877693638961621225e-02 -1.130814238924344019e-03 4.778287222027008743e-05
3.877693638961621225e-02 -1.130814238924344019e-03 4.778287222027008743e-05
3.877693638961621225e-02 -1.130814238924344019e-03 4.778287222027008743e-05
3.877693638961621225e-02 -1.130814238924344019e-03 4.778287222027008743e-05
3.877693638961621225e-02 -1.130814238924344019e-03 4.778287222027008743e-05
3.877693638961621225e-02 -1.130814238924344019e-03 4.778287222027008743e-05
3.877693638961621225e-02 -1.130814238924344019e-03 4.778287222027008743e-05
3.877693638961621225e-02 -1.130814238924344019e-03 4.778287222027008743e-05
3.877693638961621225e-02 -1.130814238924344019e-03 4.778287222027008743e-05
3.877693638961621225e-02 -1.130814238924344019e-03 4.778287222027008743e-05
3.877693638961621225e-02 -1.130814238924344019e-03 4.778287222027008743e-05
3.877693638961621225e-02 -1.130814238924344019e-03 4.778287222027008743e-05
3.877693638961621225e-02 -1.130814238924344019e-03 4.778287222027008743e-05
3.877693638961621225e-02 -1.130814238924344019e-03 4.778287222027008743e-05
3.877693638961621225e-02 -1.130814238924344019e-03 4.778287222027008743e-05
3.877693638961621225e-02 -1.130814238924344019e-03 4.778287222027008743e-05
-4.322735946797133522e-02 9.666672148977692447e-03 -2.539308990212206605e-03
-4.322735946797133522e-02 9.666672148977692447e-03 -2.539308990212206605e-03
-4.322735946797133522e-02 9.666672148977692447e-03 -2.539308990212206605e-03
-4.322735946797133522e-02 9.666672148977692447e-03 -2.539308990212206605e-03
-4.322735946797133522e-02 9.666672148977692447e-03 -2.539308990212206605e-03
-4.322735946797133522e-02 9.666672148977692447e-03 -2.539308990212206605e-03
-4.322735946797133522e-02 9.666672148977692447e-03 -2.539308990212206605e-03
-4.322735946797133522e-02 9.666672148977692447e-03 -2.539308990212206605e-03
-4.322735946797133522e-02 9.666672148977692447e-03 -2.539308990212206605e-03
-4.322735946797133522e-02 9.666672148977692447e-03 -2.539308990212206605e-03
-4.322735946797133522e-02 9.666672148977692447e-03 -2.539308990212206605e-03
-4.322735946797133522e-02 9.666672148977692447e-03 -2.539308990212206605e-03
-4.322735946797133522e-02 9.666672148977692447e-03 -2.539308990212206605e-03
-4.322735946797133522e-02 9.666672148977692447e-03 -2.539308990212206605e-03
-4.322735946797133522e-02 9.666672148977692447e-03 -2.539308990212206605e-03
-4.322735946797133522e-02 9.666672148977692447e-03 -2.539308990212206605e-03
8.408566504043579748e-02 2.700365071134267457e-04 7.214335579979894511e-04
8.408566504043579748e-02 2.700365071134267457e-04 7.214335579979894511e-04
8.408566504043579748e-02 2.700365071134267457e-04 7.214335579979894511e-04
8.408566504043579748e-02 2.700365071134267457e-04 7.214335579979894511e-04
8.408566504043579748e-02 2.700365071134267457e-04 7.214335579979894511e-04
8.408566504043579748e-02 2.700365071134267457e-04 7.214335579979894511e-04
8.408566504043579748e-02 2.700365071134267457e-04 7.214335579979894511e-04
8.408566504043579748e-02 2.700365071134267457e-04 7.214335579979894511e-04
8.408566504043579748e-02 2.700365071134267457e-04 7.214335579979894511e-04
8.408566504043579748e-02 2.700365071134267457e-04 7.214335579979894511e-04
8.408566504043579748e-02 2.700365071134267457e-04 7.214335579979894511e-04
8.408566504043579748e-02 2.700365071134267457e-04 7.214335579979894511e-04
8.408566504043579748e-02 2.700365071134267457e-04 7.214335579979894511e-04
8.408566504043579748e-02 2.700365071134267457e-04 7.214335579979894511e-04
8.408566504043579748e-02 2.700365071134267457e-04 7.214335579979894511e-04
8.408566504043579748e-02 2.700365071134267457e-04 7.214335579979894511e-04
