-2.174315036031639059e-03 -7.942509281084792969e-03 -4.900841727494558916e-03
-2.174315036031639059e-03 -7.942509281084792969e-03 -4.900841727494558916e-03
-2.174315036031639059e-03 -7.942509281084792969e-03 -4.900841727494558916e-03
-2.174315036031639059e-03 -7.942509281084792969e-03 -4.900841727494558916e-03
-2.174315036031639059e-03 -7.942509281084792969e-03 -4.900841727494558916e-03
-2.174315036031639059e-03 -7.942509281084792969e-03 -4.900841727494558916e-03
-2.174315036031639059e-03 -7.942509281084792969e-03 -4.900841727494558916e-03
-2.174315036031639059e-03 -7.942509281084792969e-03 -4.900841727494558916e-03
-2.174315036031639059e-03 -7.942509281084792969e-03 -4.900841727494558916e-03
-2.174315036031639059e-03 -7.942509281084792969e-03 -4.900841727494558916e-03
-2.174315036031639059e-03 -7.942509281084792969e-03 -4.900841727494558916e-03
-2.174315036031639059e-03 -7.942509281084792969e-03 -4.900841727494558916e-03
-2.174315036031639059e-03 -7.942509281084792969e-03 -4.900841727494558916e-03
-2.174315036031639059e-03 -7.942509281084792969e-03 -4.900841727494558916e-03
-2.174315036031639059e-03 -7.942509281084792969e-03 -4.900841727494558916e-03
2.887432651097717080e-03 3.297860700097174792e-03 -1.172151019592113270e-03
2.887432651097717080e-03 3.297860700097174792e-03 -1.172151019592113270e-03
2.887432651097717080e-03 3.297860700097174792e-03 -1.172151019592113270e-03
2.887432651097717080e-03 3.297860700097174792e-03 -1.172151019592113270e-03
2.887432651097717080e-03 3.297860700097174792e-03 -1.172151019592113270e-03
2.887432651097717080e-03 3.297860700097174792e-03 -1.172151019592113270e-03
2.887432651097717080e-03 3.297860700097174792e-03 -1.172151019592113270e-03
2.887432651097717080e-03 3.297860700097174792e-03 -1.172151019592113270e-03
2.887432651097717080e-03 3.297860700097174792e-03 -1.172151019592113270e-03
2.887432651097717080e-03 3.297860700097174792e-03 -1.172151019592113270e-03
2.887432651097717080e-03 3.297860700097174792e-03 -1.172151019592113270e-03
2.887432651097717080e-03 3.297860700097174792e-03 -1.172151019592113270e-03
2.887432651097717080e-03 3.297860700097174792e-03 -1.172151019592113270e-03
2.887432651097717080e-03 3.297860700097174792e-03 -1.172151019592113270e-03
2.887432651097717080e-03 3.297860700097174792e-03 -1.172151019592113270e-03
2.887432651097717080e-03 3.297860700097174792e-03 -1.172151019592113270e-03
2.887432651097717080e-03 3.297860700097174792e-03 -1.172151019592113270e-03
-1.294069464805584942e-02 7.550058157183808620e-03 -2.790479191576745142e-03
-1.294069464805584942e-02 7.550058157183808620e-03 -2.790479191576745142e-03
-1.294069464805584942e-02 7.550058157183808620e-03 -2.790479191576745142e-03
-1.294069464805584942e-02 7.550058157183808620e-03 -2.790479191576745142e-03
-1.294069464805584942e-02 7.550058157183808620e-03 -2.790479191576745142e-03
-1.294069464805584942e-02 7.550058157183808620e-03 -2.790479191576745142e-03
-1.294069464805584942e-02 7.550058157183808620e-03 -2.790479191576745142e-03
-1.294069464805584942e-02 7.550058157183808620e-03 -2.790479191576745142e-03
-1.294069464805584942e-02 7.550058157183808620e-03 -2.790479191576745142e-03
-1.294069464805584942e-02 7.550058157183808620e-03 -2.790479191576745142e-03
-1.294069464805584942e-02 7.550058157183808620e-03 -2.790479191576745142e-03
-1.294069464805584942e-02 7.550058157183808620e-03 -2.790479191576745142e-03
-1.294069464805584942e-02 7.550058157183808620e-03 -2.790479191576745142e-03
-1.294069464805584942e-02 7.550058157183808620e-03 -2.790479191576745142e-03
-1.294069464805584942e-02 7.550058157183808620e-03 -2.790479191576745142e-03
-3.803167481737479427e-03 -1.305090547362971684e-02 -7.652285121636378043e-03
-3.803167481737479427e-03 -1.305090547362971684e-02 -7.652285121636378043e-03
-3.803167481737479427e-03 -1.305090547362971684e-02 -7.652285121636378043e-03
-3.803167481737479427e-03 -1.305090547362971684e-02 -7.652285121636378043e-03
-3.803167481737479427e-03 -1.305090547362971684e-02 -7.652285121636378043e-03
-3.803167481737479427e-03 -1.305090547362971684e-02 -7.652285121636378043e-03
-3.803167481737479427e-03 -1.305090547362971684e-02 -7.652285121636378043e-03
-3.803167481737479427e-03 -1.305090547362971684e-02 -7.652285121636378043e-03
-3.803167481737479427e-03 -1.305090547362971684e-02 -7.652285121636378043e-03
-3.803167481737479427e-03 -1.305090547362971684e-02 -7.652285121636378043e-03
-3.803167481737479427e-03 -1.305090547362971684e-02 -7.652285121636378043e-03
-3.803167481737479427e-03 -1.305090547362971684e-02 -7.652285121636378043e-03
-3.803167481737479427e-03 -1.305090547362971684e-02 -7.652285121636378043e-03
-3.803167481737479427e-03 -1.305090547362971684e-02 -7.652285121636378043e-03
-3.803167481737479427e-03 -1.305090547362971684e-02 -7.652285121636378043e-03
-3.803167481737479427e-03 -1.305090547362971684e-02 -7.652285121636378043e-03
-3.803167481737479427e-03 -1.305090547362971684e-02 -7.652285121636378043e-03
1.941312297110718565e-02 -6.827597789895136632e-03 2.516898543815078958e-03
1.941312297110718565e-02 -6.827597789895136632e-03 2.516898543815078958e-03
1.941312297110718565e-02 -6.827597789895136632e-03 2.516898543815078958e-03
1.941312297110718565e-02 -6.827597789895136632e-03 2.516898543815078958e-03
1.941312297110718565e-02 -6.827597789895136632e-03 2.516898543815078958e-03
1.941312297110718565e-02 -6.827597789895136632e-03 2.516898543815078958e-03
1.941312297110718565e-02 -6.827597789895136632e-03 2.516898543815078958e-03
1.941312297110718565e-02 -6.827597789895136632e-03 2.516898543815078958e-03
1.941312297110718565e-02 -6.827597789895136632e-03 2.516898543815078958e-03
1.941312297110718565e-02 -6.827597789895136632e-03 2.516898543815078958e-03
1.941312297110718565e-02 -6.827597789895136632e-03 2.516898543815078958e-03
-3.201480045919189929e-04 3.004692446505839026e-04 9.185861123537274187e-03
-3.201480045919189929e-04 3.004692446505839026e-04 9.185861123537274187e-03
-3.201480045919189929e-04 3.004692446505839026e-04 9.185861123537274187e-03
-3.201480045919189929e-04 3.004692446505839026e-04 9.185861123537274187e-03
-3.201480045919189929e-04 3.004692446505839026e-04 9.185861123537274187e-03
-3.201480045919189929e-04 3.004692446505839026e-04 9.185861123537274187e-03
-3.201480045919189929e-04 3.004692446505839026e-04 9.185861123537274187e-03
-3.201480045919189929e-04 3.004692446505839026e-04 9.185861123537274187e-03
-3.201480045919189929e-04 3.004692446505839026e-04 9.185861123537274187e-03
-3.201480045919189929e-04 3.004692446505839026e-04 9.185861123537274187e-03
-3.201480045919189929e-04 3.004692446505839026e-04 9.185861123537274187e-03
-3.201480045919189929e-04 3.004692446505839026e-04 9.185861123537274187e-03
1.495001670631761204e-03 -2.797946504754632996e-04 6.642659035342271187e-03
1.495001670631761204e-03 -2.797946504754632996e-04 6.642659035342271187e-03
1.495001670631761204e-03 -2.797946504754632996e-04 6.642659035342271187e-03
1.495001670631761204e-03 -2.797946504754632996e-04 6.642659035342271187e-03
1.495001670631761204e-03 -2.797946504754632996e-04 6.642659035342271187e-03
1.495001670631761204e-03 -2.797946504754632996e-04 6.642659035342271187e-03
1.495001670631761204e-03 -2.797946504754632996e-04 6.642659035342271187e-03
1.495001670631761204e-03 -2.797946504754632996e-04 6.642659035342271187e-03
6.227616256376314330e-03 1.478765573597174907e-02 -1.869306990008338162e-03
6.227616256376314330e-03 1.478765573597174907e-02 -1.869306990008338162e-03
6.227616256376314330e-03 1.478765573597174907e-02 -1.869306990008338162e-03
6.227616256376314330e-03 1.478765573597174907e-02 -1.869306990008338162e-03
6.227616256376314330e-03 1.478765573597174907e-02 -1.869306990008338162e-03
6.227616256376314330e-03 1.478765573597174907e-02 -1.869306990008338162e-03
6.227616256376314330e-03 1.478765573597174907e-02 -1.869306990008338162e-03
6.227616256376314330e-03 1.478765573597174907e-02 -1.869306990008338162e-03
6.227616256376314330e-03 1.478765573597174907e-02 -1.869306990008338162e-03
6.227616256376314330e-03 1.478765573597174907e-02 -1.869306990008338162e-03
6.227616256376314330e-03 1.478765573597174907e-02 -1.869306990008338162e-03
6.227616256376314330e-03 1.478765573597174907e-02 -1.869306990008338162e-03
6.227616256376314330e-03 1.478765573597174907e-02 -1.869306990008338162e-03
6.227616256376314330e-03 1.478765573597174907e-02 -1.869306990008338162e-03
6.227616256376314330e-03 1.478765573597174907e-02 -1.869306990008338162e-03
6.227616256376314330e-03 1.478765573597174907e-02 -1.869306990008338162e-03
6.227616256376314330e-03 1.478765573597174907e-02 -1.869306990008338162e-03
-1.914272655328778938e-02 -1.096091231122156562e-03 -3.508293418052348817e-03
-1.914272655328778938e-02 -1.096091231122156562e-03 -3.508293418052348817e-03
-1.914272655328778938e-02 -1.096091231122156562e-03 -3.508293418052348817e-03
-1.914272655328778938e-02 -1.096091231122156562e-03 -3.508293418052348817e-03
-1.914272655328778938e-02 -1.096091231122156562e-03 -3.508293418052348817e-03
-1.914272655328778938e-02 -1.096091231122156562e-03 -3.508293418052348817e-03
-1.914272655328778938e-02 -1.096091231122156562e-03 -3.508293418052348817e-03
-1.914272655328778938e-02 -1.096091231122156562e-03 -3.508293418052348817e-03
-1.914272655328778938e-02 -1.096091231122156562e-03 -3.508293418052348817e-03
-1.914272655328778938e-02 -1.096091231122156562e-03 -3.508293418052348817e-03
-1.914272655328778938e-02 -1.096091231122156562e-03 -3.508293418052348817e-03
-1.914272655328778938e-02 -1.096091231122156562e-03 -3.508293418052348817e-03
-1.914272655328778938e-02 -1.096091231122156562e-03 -3.508293418052348817e-03
-1.914272655328778938e-02 -1.096091231122156562e-03 -3.508293418052348817e-03
-9.692831075382931511e-03 -6.161787530337052218e-03 -2.448452985223098684e-03
-9.692831075382931511e-03 -6.161787530337052218e-03 -2.448452985223098684e-03
-9.692831075382931511e-03 -6.161787530337052218e-03 -2.448452985223098684e-03
-9.692831075382931511e-03 -6.161787530337052218e-03 -2.448452985223098684e-03
-9.692831075382931511e-03 -6.161787530337052218e-03 -2.448452985223098684e-03
-9.692831075382931511e-03 -6.161787530337052218e-03 -2.448452985223098684e-03
-9.692831075382931511e-03 -6.161787530337052218e-03 -2.448452985223098684e-03
-9.692831075382931511e-03 -6.161787530337052218e-03 -2.448452985223098684e-03
-9.692831075382931511e-03 -6.161787530337052218e-03 -2.448452985223098684e-03
-9.692831075382931511e-03 -6.161787530337052218e-03 -2.448452985223098684e-03
-9.692831075382931511e-03 -6.161787530337052218e-03 -2.448452985223098684e-03
-9.692831075382931511e-03 -6.161787530337052218e-03 -2.448452985223098684e-03
-9.692831075382931511e-03 -6.161787530337052218e-03 -2.448452985223098684e-03
-9.692831075382931511e-03 -6.161787530337052218e-03 -2.448452985223098684e-03
-9.692831075382931511e-03 -6.161787530337052218e-03 -2.448452985223098684e-03
-9.692831075382931511e-03 -6.161787530337052218e-03 -2.448452985223098684e-03
-9.692831075382931511e-03 -6.161787530337052218e-03 -2.448452985223098684e-03
8.828585617993309209e-03 1.002821491346651481e-02 -1.567599293259037962e-04
8.828585617993309209e-03 1.002821491346651481e-02 -1.567599293259037962e-04
1.585193760396169660e-02 2.314728244223922607e-03 4.310228908851014562e-04
1.585193760396169660e-02 2.314728244223922607e-03 4.310228908851014562e-04
1.585193760396169660e-02 2.314728244223922607e-03 4.310228908851014562e-04
1.585193760396169660e-02 2.314728244223922607e-03 4.310228908851014562e-04
1.585193760396169660e-02 2.314728244223922607e-03 4.310228908851014562e-04
1.585193760396169660e-02 2.314728244223922607e-03 4.310228908851014562e-04
1.585193760396169660e-02 2.314728244223922607e-03 4.310228908851014562e-04
1.585193760396169660e-02 2.314728244223922607e-03 4.310228908851014562e-04
1.585193760396169660e-02 2.314728244223922607e-03 4.310228908851014562e-04
1.585193760396169660e-02 2.314728244223922607e-03 4.310228908851014562e-04
1.585193760396169660e-02 2.314728244223922607e-03 4.310228908851014562e-04
1.585193760396169660e-02 2.314728244223922607e-03 4.310228908851014562e-04
1.585193760396169660e-02 2.314728244223922607e-03 4.310228908851014562e-04
1.585193760396169660e-02 2.314728244223922607e-03 4.310228908851014562e-04
1.585193760396169660e-02 2.314728244223922607e-03 4.310228908851014562e-04
1.585193760396169660e-02 2.314728244223922607e-03 4.310228908851014562e-04
1.585193760396169660e-02 2.314728244223922607e-03 4.310228908851014562e-04
1.695477208979499079e-02 -2.006928336756996258e-03 5.413115717699630222e-04
1.695477208979499079e-02 -2.006928336756996258e-03 5.413115717699630222e-04
1.695477208979499079e-02 -2.006928336756996258e-03 5.413115717699630222e-04
1.695477208979499079e-02 -2.006928336756996258e-03 5.413115717699630222e-04
1.695477208979499079e-02 -2.006928336756996258e-03 5.413115717699630222e-04
1.695477208979499079e-02 -2.006928336756996258e-03 5.413115717699630222e-04
1.695477208979499079e-02 -2.006928336756996258e-03 5.413115717699630222e-04
1.695477208979499079e-02 -2.006928336756996258e-03 5.413115717699630222e-04
1.695477208979499079e-02 -2.006928336756996258e-03 5.413115717699630222e-04
1.695477208979499079e-02 -2.006928336756996258e-03 5.413115717699630222e-04
1.695477208979499079e-02 -2.006928336756996258e-03 5.413115717699630222e-04
1.695477208979499079e-02 -2.006928336756996258e-03 5.413115717699630222e-04
-1.602255814629285902e-02 -4.063106988449739949e-03 -3.171402275345600735e-03
-1.602255814629285902e-02 -4.063106988449739949e-03 -3.171402275345600735e-03
-1.602255814629285902e-02 -4.063106988449739949e-03 -3.171402275345600735e-03
-1.602255814629285902e-02 -4.063106988449739949e-03 -3.171402275345600735e-03
-1.602255814629285902e-02 -4.063106988449739949e-03 -3.171402275345600735e-03
-1.602255814629285902e-02 -4.063106988449739949e-03 -3.171402275345600735e-03
-1.602255814629285902e-02 -4.063106988449739949e-03 -3.171402275345600735e-03
-1.602255814629285902e-02 -4.063106988449739949e-03 -3.171402275345600735e-03
-1.602255814629285902e-02 -4.063106988449739949e-03 -3.171402275345600735e-03
-1.602255814629285902e-02 -4.063106988449739949e-03 -3.171402275345600735e-03
-1.602255814629285902e-02 -4.063106988449739949e-03 -3.171402275345600735e-03
-1.602255814629285902e-02 -4.063106988449739949e-03 -3.171402275345600735e-03
-1.602255814629285902e-02 -4.063106988449739949e-03 -3.171402275345600735e-03
-1.602255814629285902e-02 -4.063106988449739949e-03 -3.171402275345600735e-03
-1.602255814629285902e-02 -4.063106988449739949e-03 -3.171402275345600735e-03
-1.602255814629285902e-02 -4.063106988449739949e-03 -3.171402275345600735e-03
-1.602255814629285902e-02 -4.063106988449739949e-03 -3.171402275345600735e-03
-1.831886734129725691e-02 -2.514207575587569000e-03 -3.429982737755802452e-03
-1.831886734129725691e-02 -2.514207575587569000e-03 -3.429982737755802452e-03
-1.831886734129725691e-02 -2.514207575587569000e-03 -3.429982737755802452e-03
-1.831886734129725691e-02 -2.514207575587569000e-03 -3.429982737755802452e-03
-1.831886734129725691e-02 -2.514207575587569000e-03 -3.429982737755802452e-03
-1.831886734129725691e-02 -2.514207575587569000e-03 -3.429982737755802452e-03
-1.831886734129725691e-02 -2.514207575587569000e-03 -3.429982737755802452e-03
-1.831886734129725691e-02 -2.514207575587569000e-03 -3.429982737755802452e-03
-1.831886734129725691e-02 -2.514207575587569000e-03 -3.429982737755802452e-03
-1.831886734129725691e-02 -2.514207575587569000e-03 -3.429982737755802452e-03
-1.831886734129725691e-02 -2.514207575587569000e-03 -3.429982737755802452e-03
-1.831886734129725691e-02 -2.514207575587569000e-03 -3.429982737755802452e-03
-1.831886734129725691e-02 -2.514207575587569000e-03 -3.429982737755802452e-03
-1.831886734129725691e-02 -2.514207575587569000e-03 -3.429982737755802452e-03
-1.831886734129725691e-02 -2.514207575587569000e-03 -3.429982737755802452e-03
-1.831886734129725691e-02 -2.514207575587569000e-03 -3.429982737755802452e-03
-1.831886734129725691e-02 -2.514207575587569000e-03 -3.429982737755802452e-03
