5.097820430107272149e-05 -3.878657822266239671e-03 -7.572528486512108623e-05
5.097820430107272149e-05 -3.878657822266239671e-03 -7.572528486512108623e-05
5.097820430107272149e-05 -3.878657822266239671e-03 -7.572528486512108623e-05
5.097820430107272149e-05 -3.878657822266239671e-03 -7.572528486512108623e-05
5.097820430107272149e-05 -3.878657822266239671e-03 -7.572528486512108623e-05
5.097820430107272149e-05 -3.878657822266239671e-03 -7.572528486512108623e-05
5.097820430107272149e-05 -3.878657822266239671e-03 -7.572528486512108623e-05
5.097820430107272149e-05 -3.878657822266239671e-03 -7.572528486512108623e-05
5.097820430107272149e-05 -3.878657822266239671e-03 -7.572528486512108623e-05
5.097820430107272149e-05 -3.878657822266239671e-03 -7.572528486512108623e-05
5.097820430107272149e-05 -3.878657822266239671e-03 -7.572528486512108623e-05
5.097820430107272149e-05 -3.878657822266239671e-03 -7.572528486512108623e-05
5.097820430107272149e-05 -3.878657822266239671e-03 -7.572528486512108623e-05
5.097820430107272149e-05 -3.878657822266239671e-03 -7.572528486512108623e-05
5.097820430107272149e-05 -3.878657822266239671e-03 -7.572528486512108623e-05
1.470467470972742705e-02 1.446797493528136254e-02 1.144416668337117516e-03
1.470467470972742705e-02 1.446797493528136254e-02 1.144416668337117516e-03
1.470467470972742705e-02 1.446797493528136254e-02 1.144416668337117516e-03
1.470467470972742705e-02 1.446797493528136254e-02 1.144416668337117516e-03
1.470467470972742705e-02 1.446797493528136254e-02 1.144416668337117516e-03
1.470467470972742705e-02 1.446797493528136254e-02 1.144416668337117516e-03
1.470467470972742705e-02 1.446797493528136254e-02 1.144416668337117516e-03
-8.487967083144233593e-04 -4.273242239674662074e-02 1.673447569984656911e-04
-8.487967083144233593e-04 -4.273242239674662074e-02 1.673447569984656911e-04
-8.487967083144233593e-04 -4.273242239674662074e-02 1.673447569984656911e-04
-8.487967083144233593e-04 -4.273242239674662074e-02 1.673447569984656911e-04
-8.487967083144233593e-04 -4.273242239674662074e-02 1.673447569984656911e-04
-8.487967083144233593e-04 -4.273242239674662074e-02 1.673447569984656911e-04
-8.487967083144233593e-04 -4.273242239674662074e-02 1.673447569984656911e-04
-8.487967083144233593e-04 -4.273242239674662074e-02 1.673447569984656911e-04
-8.487967083144233593e-04 -4.273242239674662074e-02 1.673447569984656911e-04
-8.487967083144233593e-04 -4.273242239674662074e-02 1.673447569984656911e-04
-8.487967083144233593e-04 -4.273242239674662074e-02 1.673447569984656911e-04
-8.487967083144233593e-04 -4.273242239674662074e-02 1.673447569984656911e-04
-8.487967083144233593e-04 -4.273242239674662074e-02 1.673447569984656911e-04
-8.487967083144233593e-04 -4.273242239674662074e-02 1.673447569984656911e-04
-1.983333903977202439e-02 -5.262967097872988699e-03 3.969937124862019800e-04
-1.983333903977202439e-02 -5.262967097872988699e-03 3.969937124862019800e-04
-1.983333903977202439e-02 -5.262967097872988699e-03 3.969937124862019800e-04
-1.983333903977202439e-02 -5.262967097872988699e-03 3.969937124862019800e-04
-1.983333903977202439e-02 -5.262967097872988699e-03 3.969937124862019800e-04
-1.983333903977202439e-02 -5.262967097872988699e-03 3.969937124862019800e-04
-1.983333903977202439e-02 -5.262967097872988699e-03 3.969937124862019800e-04
-1.983333903977202439e-02 -5.262967097872988699e-03 3.969937124862019800e-04
-1.983333903977202439e-02 -5.262967097872988699e-03 3.969937124862019800e-04
-1.983333903977202439e-02 -5.262967097872988699e-03 3.969937124862019800e-04
-1.983333903977202439e-02 -5.262967097872988699e-03 3.969937124862019800e-04
2.825687241371938052e-02 1.136633630220023998e-02 1.513646197659572305e-03
2.825687241371938052e-02 1.136633630220023998e-02 1.513646197659572305e-03
2.825687241371938052e-02 1.136633630220023998e-02 1.513646197659572305e-03
2.825687241371938052e-02 1.136633630220023998e-02 1.513646197659572305e-03
2.825687241371938052e-02 1.136633630220023998e-02 1.513646197659572305e-03
2.825687241371938052e-02 1.136633630220023998e-02 1.513646197659572305e-03
2.825687241371938052e-02 1.136633630220023998e-02 1.513646197659572305e-03
2.825687241371938052e-02 1.136633630220023998e-02 1.513646197659572305e-03
2.825687241371938052e-02 1.136633630220023998e-02 1.513646197659572305e-03
2.825687241371938052e-02 1.136633630220023998e-02 1.513646197659572305e-03
2.825687241371938052e-02 1.136633630220023998e-02 1.513646197659572305e-03
2.825687241371938052e-02 1.136633630220023998e-02 1.513646197659572305e-03
2.825687241371938052e-02 1.136633630220023998e-02 1.513646197659572305e-03
-2.378560031317767526e-02 5.059562361408300943e-03 7.235410485909839554e-04
-2.378560031317767526e-02 5.059562361408300943e-03 7.235410485909839554e-04
-2.378560031317767526e-02 5.059562361408300943e-03 7.235410485909839554e-04
-2.378560031317767526e-02 5.059562361408300943e-03 7.235410485909839554e-04
-2.378560031317767526e-02 5.059562361408300943e-03 7.235410485909839554e-04
-2.378560031317767526e-02 5.059562361408300943e-03 7.235410485909839554e-04
-2.378560031317767526e-02 5.059562361408300943e-03 7.235410485909839554e-04
-2.378560031317767526e-02 5.059562361408300943e-03 7.235410485909839554e-04
-2.378560031317767526e-02 5.059562361408300943e-03 7.235410485909839554e-04
-2.378560031317767526e-02 5.059562361408300943e-03 7.235410485909839554e-04
-2.378560031317767526e-02 5.059562361408300943e-03 7.235410485909839554e-04
-2.378560031317767526e-02 5.059562361408300943e-03 7.235410485909839554e-04
-2.378560031317767526e-02 5.059562361408300943e-03 7.235410485909839554e-04
-2.378560031317767526e-02 5.059562361408300943e-03 7.235410485909839554e-04
-2.378560031317767526e-02 5.059562361408300943e-03 7.235410485909839554e-04
-2.378560031317767526e-02 5.059562361408300943e-03 7.235410485909839554e-04
-2.378560031317767526e-02 5.059562361408300943e-03 7.235410485909839554e-04
-1.578137637626951528e-04 -1.036170706759257168e-02 1.681552472856106487e-03
-1.578137637626951528e-04 -1.036170706759257168e-02 1.681552472856106487e-03
-1.578137637626951528e-04 -1.036170706759257168e-02 1.681552472856106487e-03
-1.578137637626951528e-04 -1.036170706759257168e-02 1.681552472856106487e-03
-1.578137637626951528e-04 -1.036170706759257168e-02 1.681552472856106487e-03
-1.578137637626951528e-04 -1.036170706759257168e-02 1.681552472856106487e-03
-1.578137637626951528e-04 -1.036170706759257168e-02 1.681552472856106487e-03
-1.578137637626951528e-04 -1.036170706759257168e-02 1.681552472856106487e-03
-1.578137637626951528e-04 -1.036170706759257168e-02 1.681552472856106487e-03
-1.578137637626951528e-04 -1.036170706759257168e-02 1.681552472856106487e-03
-1.578137637626951528e-04 -1.036170706759257168e-02 1.681552472856106487e-03
9.282405343273434500e-03 4.814725562228823127e-03 7.220170383987522048e-04
9.282405343273434500e-03 4.814725562228823127e-03 7.220170383987522048e-04
9.282405343273434500e-03 4.814725562228823127e-03 7.220170383987522048e-04
9.282405343273434500e-03 4.814725562228823127e-03 7.220170383987522048e-04
-1.045669078933341573e-02 4.474587909913058104e-02 -9.101184847594176279e-04
-1.045669078933341573e-02 4.474587909913058104e-02 -9.101184847594176279e-04
-1.045669078933341573e-02 4.474587909913058104e-02 -9.101184847594176279e-04
-1.045669078933341573e-02 4.474587909913058104e-02 -9.101184847594176279e-04
-1.045669078933341573e-02 4.474587909913058104e-02 -9.101184847594176279e-04
-1.045669078933341573e-02 4.474587909913058104e-02 -9.101184847594176279e-04
-1.045669078933341573e-02 4.474587909913058104e-02 -9.101184847594176279e-04
-1.045669078933341573e-02 4.474587909913058104e-02 -9.101184847594176279e-04
-1.045669078933341573e-02 4.474587909913058104e-02 -9.101184847594176279e-04
-1.045669078933341573e-02 4.474587909913058104e-02 -9.101184847594176279e-04
-1.076837345148631657e-02 2.113290813286709119e-02 7.506198879644572844e-04
-1.076837345148631657e-02 2.113290813286709119e-02 7.506198879644572844e-04
-1.076837345148631657e-02 2.113290813286709119e-02 7.506198879644572844e-04
-1.076837345148631657e-02 2.113290813286709119e-02 7.506198879644572844e-04
-1.076837345148631657e-02 2.113290813286709119e-02 7.506198879644572844e-04
-1.076837345148631657e-02 2.113290813286709119e-02 7.506198879644572844e-04
-1.076837345148631657e-02 2.113290813286709119e-02 7.506198879644572844e-04
-1.076837345148631657e-02 2.113290813286709119e-02 7.506198879644572844e-04
-1.076837345148631657e-02 2.113290813286709119e-02 7.506198879644572844e-04
-1.076837345148631657e-02 2.113290813286709119e-02 7.506198879644572844e-04
-2.242038155676269462e-02 -4.673221757564390705e-02 2.617655644605483556e-04
-2.242038155676269462e-02 -4.673221757564390705e-02 2.617655644605483556e-04
-2.242038155676269462e-02 -4.673221757564390705e-02 2.617655644605483556e-04
-2.242038155676269462e-02 -4.673221757564390705e-02 2.617655644605483556e-04
-2.242038155676269462e-02 -4.673221757564390705e-02 2.617655644605483556e-04
-2.242038155676269462e-02 -4.673221757564390705e-02 2.617655644605483556e-04
-2.242038155676269462e-02 -4.673221757564390705e-02 2.617655644605483556e-04
-2.242038155676269462e-02 -4.673221757564390705e-02 2.617655644605483556e-04
-2.242038155676269462e-02 -4.673221757564390705e-02 2.617655644605483556e-04
-2.242038155676269462e-02 -4.673221757564390705e-02 2.617655644605483556e-04
-2.242038155676269462e-02 -4.673221757564390705e-02 2.617655644605483556e-04
-2.242038155676269462e-02 -4.673221757564390705e-02 2.617655644605483556e-04
-2.220140799420953007e-02 1.157554525127060460e-02 8.108958542861911117e-04
-2.220140799420953007e-02 1.157554525127060460e-02 8.108958542861911117e-04
-2.220140799420953007e-02 1.157554525127060460e-02 8.108958542861911117e-04
-2.220140799420953007e-02 1.157554525127060460e-02 8.108958542861911117e-04
-2.220140799420953007e-02 1.157554525127060460e-02 8.108958542861911117e-04
-2.220140799420953007e-02 1.157554525127060460e-02 8.108958542861911117e-04
-2.220140799420953007e-02 1.157554525127060460e-02 8.108958542861911117e-04
-2.220140799420953007e-02 1.157554525127060460e-02 8.108958542861911117e-04
-2.220140799420953007e-02 1.157554525127060460e-02 8.108958542861911117e-04
-2.220140799420953007e-02 1.157554525127060460e-02 8.108958542861911117e-04
5.062215876697438721e-04 1.272818208369615352e-02 -3.102588121989919775e-04
5.062215876697438721e-04 1.272818208369615352e-02 -3.102588121989919775e-04
5.062215876697438721e-04 1.272818208369615352e-02 -3.102588121989919775e-04
5.062215876697438721e-04 1.272818208369615352e-02 -3.102588121989919775e-04
5.062215876697438721e-04 1.272818208369615352e-02 -3.102588121989919775e-04
5.062215876697438721e-04 1.272818208369615352e-02 -3.102588121989919775e-04
5.062215876697438721e-04 1.272818208369615352e-02 -3.102588121989919775e-04
5.062215876697438721e-04 1.272818208369615352e-02 -3.102588121989919775e-04
5.062215876697438721e-04 1.272818208369615352e-02 -3.102588121989919775e-04
5.062215876697438721e-04 1.272818208369615352e-02 -3.102588121989919775e-04
5.062215876697438721e-04 1.272818208369615352e-02 -3.102588121989919775e-04
5.062215876697438721e-04 1.272818208369615352e-02 -3.102588121989919775e-04
5.062215876697438721e-04 1.272818208369615352e-02 -3.102588121989919775e-04
5.062215876697438721e-04 1.272818208369615352e-02 -3.102588121989919775e-04
5.062215876697438721e-04 1.272818208369615352e-02 -3.102588121989919775e-04
1.977807490636079857e-02 -3.181515310072348390e-02 9.083816086316327115e-05
1.977807490636079857e-02 -3.181515310072348390e-02 9.083816086316327115e-05
1.977807490636079857e-02 -3.181515310072348390e-02 9.083816086316327115e-05
1.977807490636079857e-02 -3.181515310072348390e-02 9.083816086316327115e-05
1.977807490636079857e-02 -3.181515310072348390e-02 9.083816086316327115e-05
1.977807490636079857e-02 -3.181515310072348390e-02 9.083816086316327115e-05
1.977807490636079857e-02 -3.181515310072348390e-02 9.083816086316327115e-05
1.977807490636079857e-02 -3.181515310072348390e-02 9.083816086316327115e-05
1.977807490636079857e-02 -3.181515310072348390e-02 9.083816086316327115e-05
1.977807490636079857e-02 -3.181515310072348390e-02 9.083816086316327115e-05
1.977807490636079857e-02 -3.181515310072348390e-02 9.083816086316327115e-05
1.977807490636079857e-02 -3.181515310072348390e-02 9.083816086316327115e-05
-2.427792536612645435e-02 -1.452654229248446886e-03 6.219440989827526925e-04
-2.427792536612645435e-02 -1.452654229248446886e-03 6.219440989827526925e-04
-2.427792536612645435e-02 -1.452654229248446886e-03 6.219440989827526925e-04
-2.427792536612645435e-02 -1.452654229248446886e-03 6.219440989827526925e-04
-2.427792536612645435e-02 -1.452654229248446886e-03 6.219440989827526925e-04
-2.427792536612645435e-02 -1.452654229248446886e-03 6.219440989827526925e-04
-2.427792536612645435e-02 -1.452654229248446886e-03 6.219440989827526925e-04
-2.427792536612645435e-02 -1.452654229248446886e-03 6.219440989827526925e-04
-2.427792536612645435e-02 -1.452654229248446886e-03 6.219440989827526925e-04
-2.427792536612645435e-02 -1.452654229248446886e-03 6.219440989827526925e-04
-2.427792536612645435e-02 -1.452654229248446886e-03 6.219440989827526925e-04
-2.427792536612645435e-02 -1.452654229248446886e-03 6.219440989827526925e-04
-2.427792536612645435e-02 -1.452654229248446886e-03 6.219440989827526925e-04
-2.427792536612645435e-02 -1.452654229248446886e-03 6.219440989827526925e-04
-2.427792536612645435e-02 -1.452654229248446886e-03 6.219440989827526925e-04
-2.427792536612645435e-02 -1.452654229248446886e-03 6.219440989827526925e-04
-2.427792536612645435e-02 -1.452654229248446886e-03 6.219440989827526925e-04
-4.405449664993555531e-03 3.458032292752736409e-02 3.828347614612337760e-04
-4.405449664993555531e-03 3.458032292752736409e-02 3.828347614612337760e-04
-4.405449664993555531e-03 3.458032292752736409e-02 3.828347614612337760e-04
-4.405449664993555531e-03 3.458032292752736409e-02 3.828347614612337760e-04
-4.405449664993555531e-03 3.458032292752736409e-02 3.828347614612337760e-04
-4.405449664993555531e-03 3.458032292752736409e-02 3.828347614612337760e-04
-4.405449664993555531e-03 3.458032292752736409e-02 3.828347614612337760e-04
-4.405449664993555531e-03 3.458032292752736409e-02 3.828347614612337760e-04
-4.405449664993555531e-03 3.458032292752736409e-02 3.828347614612337760e-04
-4.405449664993555531e-03 3.458032292752736409e-02 3.828347614612337760e-04
-2.841293995262861999e-02 -2.947496568282860496e-02 -2.305788103921326861e-04
-2.841293995262861999e-02 -2.947496568282860496e-02 -2.305788103921326861e-04
-2.841293995262861999e-02 -2.947496568282860496e-02 -2.305788103921326861e-04
-2.841293995262861999e-02 -2.947496568282860496e-02 -2.305788103921326861e-04
-2.841293995262861999e-02 -2.947496568282860496e-02 -2.305788103921326861e-04
-2.841293995262861999e-02 -2.947496568282860496e-02 -2.305788103921326861e-04
1.977028811268161101e-02 -3.437380898699846088e-02 -8.551638639299474764e-05
1.977028811268161101e-02 -3.437380898699846088e-02 -8.551638639299474764e-05
1.977028811268161101e-02 -3.437380898699846088e-02 -8.551638639299474764e-05
1.977028811268161101e-02 -3.437380898699846088e-02 -8.551638639299474764e-05
1.977028811268161101e-02 -3.437380898699846088e-02 -8.551638639299474764e-05
1.977028811268161101e-02 -3.437380898699846088e-02 -8.551638639299474764e-05
1.977028811268161101e-02 -3.437380898699846088e-02 -8.551638639299474764e-05
1.977028811268161101e-02 -3.437380898699846088e-02 -8.551638639299474764e-05
1.977028811268161101e-02 -3.437380898699846088e-02 -8.551638639299474764e-05
1.977028811268161101e-02 -3.437380898699846088e-02 -8.551638639299474764e-05
1.977028811268161101e-02 -3.437380898699846088e-02 -8.551638639299474764e-05
1.977028811268161101e-02 -3.437380898699846088e-02 -8.551638639299474764e-05
1.977028811268161101e-02 -3.437380898699846088e-02 -8.551638639299474764e-05
-1.232145839404884605e-02 9.745894859164071222e-03 7.082732046705519230e-04
-1.232145839404884605e-02 9.745894859164071222e-03 7.082732046705519230e-04
-1.232145839404884605e-02 9.745894859164071222e-03 7.082732046705519230e-04
-1.232145839404884605e-02 9.745894859164071222e-03 7.082732046705519230e-04
-1.232145839404884605e-02 9.745894859164071222e-03 7.082732046705519230e-04
-1.232145839404884605e-02 9.745894859164071222e-03 7.082732046705519230e-04
-1.232145839404884605e-02 9.745894859164071222e-03 7.082732046705519230e-04
-1.232145839404884605e-02 9.745894859164071222e-03 7.082732046705519230e-04
-1.232145839404884605e-02 9.745894859164071222e-03 7.082732046705519230e-04
-2.689799463891321546e-02 -4.804601216163943006e-02 -2.360073399816885187e-04
-2.689799463891321546e-02 -4.804601216163943006e-02 -2.360073399816885187e-04
-2.689799463891321546e-02 -4.804601216163943006e-02 -2.360073399816885187e-04
-2.689799463891321546e-02 -4.804601216163943006e-02 -2.360073399816885187e-04
-2.689799463891321546e-02 -4.804601216163943006e-02 -2.360073399816885187e-04
-2.689799463891321546e-02 -4.804601216163943006e-02 -2.360073399816885187e-04
-2.689799463891321546e-02 -4.804601216163943006e-02 -2.360073399816885187e-04
-2.689799463891321546e-02 -4.804601216163943006e-02 -2.360073399816885187e-04
-2.689799463891321546e-02 -4.804601216163943006e-02 -2.360073399816885187e-04
-2.689799463891321546e-02 -4.804601216163943006e-02 -2.360073399816885187e-04
-2.689799463891321546e-02 -4.804601216163943006e-02 -2.360073399816885187e-04
-2.689799463891321546e-02 -4.804601216163943006e-02 -2.360073399816885187e-04
