-1.044132295327441090e-01 -5.311021327597136021e-02 -5.648669168539418792e-03
-1.044132295327441090e-01 -5.311021327597136021e-02 -5.648669168539418792e-03
-1.044132295327441090e-01 -5.311021327597136021e-02 -5.648669168539418792e-03
-1.044132295327441090e-01 -5.311021327597136021e-02 -5.648669168539418792e-03
-1.044132295327441090e-01 -5.311021327597136021e-02 -5.648669168539418792e-03
-1.044132295327441090e-01 -5.311021327597136021e-02 -5.648669168539418792e-03
-1.044132295327441090e-01 -5.311021327597136021e-02 -5.648669168539418792e-03
-1.044132295327441090e-01 -5.311021327597136021e-02 -5.648669168539418792e-03
-1.044132295327441090e-01 -5.311021327597136021e-02 -5.648669168539418792e-03
-1.044132295327441090e-01 -5.311021327597136021e-02 -5.648669168539418792e-03
-1.044132295327441090e-01 -5.311021327597136021e-02 -5.648669168539418792e-03
-1.044132295327441090e-01 -5.311021327597136021e-02 -5.648669168539418792e-03
-1.044132295327441090e-01 -5.311021327597136021e-02 -5.648669168539418792e-03
-1.044132295327441090e-01 -5.311021327597136021e-02 -5.648669168539418792e-03
-1.044132295327441090e-01 -5.311021327597136021e-02 -5.648669168539418792e-03
-1.960435840588981016e-02 -1.098770628150105497e-02 -2.592994220143191378e-03
-1.960435840588981016e-02 -1.098770628150105497e-02 -2.592994220143191378e-03
-1.960435840588981016e-02 -1.098770628150105497e-02 -2.592994220143191378e-03
-1.960435840588981016e-02 -1.098770628150105497e-02 -2.592994220143191378e-03
1.466252736502373765e-03 1.124949285660595960e-03 -1.197151623959176459e-03
1.466252736502373765e-03 1.124949285660595960e-03 -1.197151623959176459e-03
1.466252736502373765e-03 1.124949285660595960e-03 -1.197151623959176459e-03
1.466252736502373765e-03 1.124949285660595960e-03 -1.197151623959176459e-03
1.466252736502373765e-03 1.124949285660595960e-03 -1.197151623959176459e-03
1.466252736502373765e-03 1.124949285660595960e-03 -1.197151623959176459e-03
1.466252736502373765e-03 1.124949285660595960e-03 -1.197151623959176459e-03
1.466252736502373765e-03 1.124949285660595960e-03 -1.197151623959176459e-03
1.466252736502373765e-03 1.124949285660595960e-03 -1.197151623959176459e-03
3.248182330663707679e-02 1.372190431090833038e-02 3.854844779639770343e-03
3.248182330663707679e-02 1.372190431090833038e-02 3.854844779639770343e-03
3.248182330663707679e-02 1.372190431090833038e-02 3.854844779639770343e-03
3.248182330663707679e-02 1.372190431090833038e-02 3.854844779639770343e-03
3.248182330663707679e-02 1.372190431090833038e-02 3.854844779639770343e-03
3.248182330663707679e-02 1.372190431090833038e-02 3.854844779639770343e-03
3.248182330663707679e-02 1.372190431090833038e-02 3.854844779639770343e-03
3.248182330663707679e-02 1.372190431090833038e-02 3.854844779639770343e-03
3.248182330663707679e-02 1.372190431090833038e-02 3.854844779639770343e-03
3.248182330663707679e-02 1.372190431090833038e-02 3.854844779639770343e-03
3.248182330663707679e-02 1.372190431090833038e-02 3.854844779639770343e-03
3.248182330663707679e-02 1.372190431090833038e-02 3.854844779639770343e-03
3.248182330663707679e-02 1.372190431090833038e-02 3.854844779639770343e-03
3.248182330663707679e-02 1.372190431090833038e-02 3.854844779639770343e-03
3.248182330663707679e-02 1.372190431090833038e-02 3.854844779639770343e-03
3.248182330663707679e-02 1.372190431090833038e-02 3.854844779639770343e-03
-7.660240169235341123e-02 -3.857157334921043623e-02 -4.006193750107010267e-03
-7.660240169235341123e-02 -3.857157334921043623e-02 -4.006193750107010267e-03
-7.660240169235341123e-02 -3.857157334921043623e-02 -4.006193750107010267e-03
-7.660240169235341123e-02 -3.857157334921043623e-02 -4.006193750107010267e-03
-7.660240169235341123e-02 -3.857157334921043623e-02 -4.006193750107010267e-03
-7.660240169235341123e-02 -3.857157334921043623e-02 -4.006193750107010267e-03
-7.660240169235341123e-02 -3.857157334921043623e-02 -4.006193750107010267e-03
-7.660240169235341123e-02 -3.857157334921043623e-02 -4.006193750107010267e-03
-7.660240169235341123e-02 -3.857157334921043623e-02 -4.006193750107010267e-03
-7.660240169235341123e-02 -3.857157334921043623e-02 -4.006193750107010267e-03
-7.660240169235341123e-02 -3.857157334921043623e-02 -4.006193750107010267e-03
-7.660240169235341123e-02 -3.857157334921043623e-02 -4.006193750107010267e-03
-7.660240169235341123e-02 -3.857157334921043623e-02 -4.006193750107010267e-03
-7.660240169235341123e-02 -3.857157334921043623e-02 -4.006193750107010267e-03
3.112349005908852592e-02 1.493826113739405229e-02 6.007886764834487886e-04
3.112349005908852592e-02 1.493826113739405229e-02 6.007886764834487886e-04
3.112349005908852592e-02 1.493826113739405229e-02 6.007886764834487886e-04
3.112349005908852592e-02 1.493826113739405229e-02 6.007886764834487886e-04
3.112349005908852592e-02 1.493826113739405229e-02 6.007886764834487886e-04
3.112349005908852592e-02 1.493826113739405229e-02 6.007886764834487886e-04
3.112349005908852592e-02 1.493826113739405229e-02 6.007886764834487886e-04
3.112349005908852592e-02 1.493826113739405229e-02 6.007886764834487886e-04
3.112349005908852592e-02 1.493826113739405229e-02 6.007886764834487886e-04
3.112349005908852592e-02 1.493826113739405229e-02 6.007886764834487886e-04
3.112349005908852592e-02 1.493826113739405229e-02 6.007886764834487886e-04
3.112349005908852592e-02 1.493826113739405229e-02 6.007886764834487886e-04
3.112349005908852592e-02 1.493826113739405229e-02 6.007886764834487886e-04
3.112349005908852592e-02 1.493826113739405229e-02 6.007886764834487886e-04
3.112349005908852592e-02 1.493826113739405229e-02 6.007886764834487886e-04
3.112349005908852592e-02 1.493826113739405229e-02 6.007886764834487886e-04
3.112349005908852592e-02 1.493826113739405229e-02 6.007886764834487886e-04
-6.895412091065297733e-02 -3.392562795900814360e-02 -2.741861812706302380e-03
-6.895412091065297733e-02 -3.392562795900814360e-02 -2.741861812706302380e-03
-6.895412091065297733e-02 -3.392562795900814360e-02 -2.741861812706302380e-03
-6.895412091065297733e-02 -3.392562795900814360e-02 -2.741861812706302380e-03
-6.895412091065297733e-02 -3.392562795900814360e-02 -2.741861812706302380e-03
-6.895412091065297733e-02 -3.392562795900814360e-02 -2.741861812706302380e-03
-6.895412091065297733e-02 -3.392562795900814360e-02 -2.741861812706302380e-03
-6.895412091065297733e-02 -3.392562795900814360e-02 -2.741861812706302380e-03
-6.895412091065297733e-02 -3.392562795900814360e-02 -2.741861812706302380e-03
-6.895412091065297733e-02 -3.392562795900814360e-02 -2.741861812706302380e-03
-6.895412091065297733e-02 -3.392562795900814360e-02 -2.741861812706302380e-03
-6.895412091065297733e-02 -3.392562795900814360e-02 -2.741861812706302380e-03
-6.895412091065297733e-02 -3.392562795900814360e-02 -2.741861812706302380e-03
4.610725774206590744e-02 2.355593679653456701e-02 1.584742880698191553e-03
4.610725774206590744e-02 2.355593679653456701e-02 1.584742880698191553e-03
4.610725774206590744e-02 2.355593679653456701e-02 1.584742880698191553e-03
4.610725774206590744e-02 2.355593679653456701e-02 1.584742880698191553e-03
4.610725774206590744e-02 2.355593679653456701e-02 1.584742880698191553e-03
4.610725774206590744e-02 2.355593679653456701e-02 1.584742880698191553e-03
4.610725774206590744e-02 2.355593679653456701e-02 1.584742880698191553e-03
4.610725774206590744e-02 2.355593679653456701e-02 1.584742880698191553e-03
4.610725774206590744e-02 2.355593679653456701e-02 1.584742880698191553e-03
4.610725774206590744e-02 2.355593679653456701e-02 1.584742880698191553e-03
4.610725774206590744e-02 2.355593679653456701e-02 1.584742880698191553e-03
4.610725774206590744e-02 2.355593679653456701e-02 1.584742880698191553e-03
4.610725774206590744e-02 2.355593679653456701e-02 1.584742880698191553e-03
4.610725774206590744e-02 2.355593679653456701e-02 1.584742880698191553e-03
4.610725774206590744e-02 2.355593679653456701e-02 1.584742880698191553e-03
4.610725774206590744e-02 2.355593679653456701e-02 1.584742880698191553e-03
2.455624292377185311e-02 1.257689818257134301e-02 3.636715938183585940e-03
2.455624292377185311e-02 1.257689818257134301e-02 3.636715938183585940e-03
2.455624292377185311e-02 1.257689818257134301e-02 3.636715938183585940e-03
2.455624292377185311e-02 1.257689818257134301e-02 3.636715938183585940e-03
2.455624292377185311e-02 1.257689818257134301e-02 3.636715938183585940e-03
2.455624292377185311e-02 1.257689818257134301e-02 3.636715938183585940e-03
2.455624292377185311e-02 1.257689818257134301e-02 3.636715938183585940e-03
2.455624292377185311e-02 1.257689818257134301e-02 3.636715938183585940e-03
2.455624292377185311e-02 1.257689818257134301e-02 3.636715938183585940e-03
2.455624292377185311e-02 1.257689818257134301e-02 3.636715938183585940e-03
2.455624292377185311e-02 1.257689818257134301e-02 3.636715938183585940e-03
2.455624292377185311e-02 1.257689818257134301e-02 3.636715938183585940e-03
2.455624292377185311e-02 1.257689818257134301e-02 3.636715938183585940e-03
2.455624292377185311e-02 1.257689818257134301e-02 3.636715938183585940e-03
2.455624292377185311e-02 1.257689818257134301e-02 3.636715938183585940e-03
2.455624292377185311e-02 1.257689818257134301e-02 3.636715938183585940e-03
2.455624292377185311e-02 1.257689818257134301e-02 3.636715938183585940e-03
-7.040455897030353793e-02 -3.547023111909193560e-02 -3.526217850506635065e-03
-7.040455897030353793e-02 -3.547023111909193560e-02 -3.526217850506635065e-03
-7.040455897030353793e-02 -3.547023111909193560e-02 -3.526217850506635065e-03
-7.040455897030353793e-02 -3.547023111909193560e-02 -3.526217850506635065e-03
-7.040455897030353793e-02 -3.547023111909193560e-02 -3.526217850506635065e-03
-7.040455897030353793e-02 -3.547023111909193560e-02 -3.526217850506635065e-03
-7.040455897030353793e-02 -3.547023111909193560e-02 -3.526217850506635065e-03
-7.040455897030353793e-02 -3.547023111909193560e-02 -3.526217850506635065e-03
-7.040455897030353793e-02 -3.547023111909193560e-02 -3.526217850506635065e-03
-7.040455897030353793e-02 -3.547023111909193560e-02 -3.526217850506635065e-03
-7.040455897030353793e-02 -3.547023111909193560e-02 -3.526217850506635065e-03
-7.040455897030353793e-02 -3.547023111909193560e-02 -3.526217850506635065e-03
-7.040455897030353793e-02 -3.547023111909193560e-02 -3.526217850506635065e-03
-7.040455897030353793e-02 -3.547023111909193560e-02 -3.526217850506635065e-03
-7.040455897030353793e-02 -3.547023111909193560e-02 -3.526217850506635065e-03
-2.110482974992791347e-02 -9.285091676636924099e-03 -2.044712197169404680e-03
-2.110482974992791347e-02 -9.285091676636924099e-03 -2.044712197169404680e-03
-2.110482974992791347e-02 -9.285091676636924099e-03 -2.044712197169404680e-03
-2.110482974992791347e-02 -9.285091676636924099e-03 -2.044712197169404680e-03
-2.110482974992791347e-02 -9.285091676636924099e-03 -2.044712197169404680e-03
-2.110482974992791347e-02 -9.285091676636924099e-03 -2.044712197169404680e-03
-2.110482974992791347e-02 -9.285091676636924099e-03 -2.044712197169404680e-03
-2.110482974992791347e-02 -9.285091676636924099e-03 -2.044712197169404680e-03
-2.110482974992791347e-02 -9.285091676636924099e-03 -2.044712197169404680e-03
-2.110482974992791347e-02 -9.285091676636924099e-03 -2.044712197169404680e-03
-2.110482974992791347e-02 -9.285091676636924099e-03 -2.044712197169404680e-03
-2.110482974992791347e-02 -9.285091676636924099e-03 -2.044712197169404680e-03
-4.671793792221136388e-02 -2.363776116944409089e-02 -2.571724270985460258e-03
-4.671793792221136388e-02 -2.363776116944409089e-02 -2.571724270985460258e-03
-4.671793792221136388e-02 -2.363776116944409089e-02 -2.571724270985460258e-03
-4.671793792221136388e-02 -2.363776116944409089e-02 -2.571724270985460258e-03
-4.671793792221136388e-02 -2.363776116944409089e-02 -2.571724270985460258e-03
-4.671793792221136388e-02 -2.363776116944409089e-02 -2.571724270985460258e-03
-4.671793792221136388e-02 -2.363776116944409089e-02 -2.571724270985460258e-03
-4.671793792221136388e-02 -2.363776116944409089e-02 -2.571724270985460258e-03
-4.671793792221136388e-02 -2.363776116944409089e-02 -2.571724270985460258e-03
-4.671793792221136388e-02 -2.363776116944409089e-02 -2.571724270985460258e-03
-4.671793792221136388e-02 -2.363776116944409089e-02 -2.571724270985460258e-03
2.398302841917838990e-02 1.112307785442597299e-02 2.081402070812672991e-03
2.398302841917838990e-02 1.112307785442597299e-02 2.081402070812672991e-03
2.398302841917838990e-02 1.112307785442597299e-02 2.081402070812672991e-03
2.398302841917838990e-02 1.112307785442597299e-02 2.081402070812672991e-03
2.398302841917838990e-02 1.112307785442597299e-02 2.081402070812672991e-03
2.398302841917838990e-02 1.112307785442597299e-02 2.081402070812672991e-03
2.398302841917838990e-02 1.112307785442597299e-02 2.081402070812672991e-03
2.398302841917838990e-02 1.112307785442597299e-02 2.081402070812672991e-03
2.398302841917838990e-02 1.112307785442597299e-02 2.081402070812672991e-03
2.398302841917838990e-02 1.112307785442597299e-02 2.081402070812672991e-03
2.815470065339357661e-02 1.454741106172457998e-02 5.061023747586403804e-03
2.815470065339357661e-02 1.454741106172457998e-02 5.061023747586403804e-03
2.815470065339357661e-02 1.454741106172457998e-02 5.061023747586403804e-03
2.815470065339357661e-02 1.454741106172457998e-02 5.061023747586403804e-03
2.815470065339357661e-02 1.454741106172457998e-02 5.061023747586403804e-03
2.815470065339357661e-02 1.454741106172457998e-02 5.061023747586403804e-03
2.815470065339357661e-02 1.454741106172457998e-02 5.061023747586403804e-03
2.815470065339357661e-02 1.454741106172457998e-02 5.061023747586403804e-03
2.815470065339357661e-02 1.454741106172457998e-02 5.061023747586403804e-03
2.815470065339357661e-02 1.454741106172457998e-02 5.061023747586403804e-03
2.815470065339357661e-02 1.454741106172457998e-02 5.061023747586403804e-03
2.815470065339357661e-02 1.454741106172457998e-02 5.061023747586403804e-03
2.815470065339357661e-02 1.454741106172457998e-02 5.061023747586403804e-03
2.815470065339357661e-02 1.454741106172457998e-02 5.061023747586403804e-03
2.815470065339357661e-02 1.454741106172457998e-02 5.061023747586403804e-03
2.815470065339357661e-02 1.454741106172457998e-02 5.061023747586403804e-03
2.815470065339357661e-02 1.454741106172457998e-02 5.061023747586403804e-03
-2.104773947953238189e-02 -1.023568901635941997e-02 -2.136947786424033685e-03
-2.104773947953238189e-02 -1.023568901635941997e-02 -2.136947786424033685e-03
-2.104773947953238189e-02 -1.023568901635941997e-02 -2.136947786424033685e-03
-2.104773947953238189e-02 -1.023568901635941997e-02 -2.136947786424033685e-03
-2.104773947953238189e-02 -1.023568901635941997e-02 -2.136947786424033685e-03
-2.104773947953238189e-02 -1.023568901635941997e-02 -2.136947786424033685e-03
-2.104773947953238189e-02 -1.023568901635941997e-02 -2.136947786424033685e-03
-2.104773947953238189e-02 -1.023568901635941997e-02 -2.136947786424033685e-03
4.703295285124286379e-02 2.457526362111151289e-02 1.919891765522690336e-03
4.703295285124286379e-02 2.457526362111151289e-02 1.919891765522690336e-03
4.703295285124286379e-02 2.457526362111151289e-02 1.919891765522690336e-03
4.703295285124286379e-02 2.457526362111151289e-02 1.919891765522690336e-03
4.703295285124286379e-02 2.457526362111151289e-02 1.919891765522690336e-03
4.703295285124286379e-02 2.457526362111151289e-02 1.919891765522690336e-03
4.703295285124286379e-02 2.457526362111151289e-02 1.919891765522690336e-03
4.703295285124286379e-02 2.457526362111151289e-02 1.919891765522690336e-03
4.703295285124286379e-02 2.457526362111151289e-02 1.919891765522690336e-03
4.703295285124286379e-02 2.457526362111151289e-02 1.919891765522690336e-03
4.703295285124286379e-02 2.457526362111151289e-02 1.919891765522690336e-03
4.703295285124286379e-02 2.457526362111151289e-02 1.919891765522690336e-03
4.703295285124286379e-02 2.457526362111151289e-02 1.919891765522690336e-03
4.703295285124286379e-02 2.457526362111151289e-02 1.919891765522690336e-03
4.703295285124286379e-02 2.457526362111151289e-02 1.919891765522690336e-03
4.703295285124286379e-02 2.457526362111151289e-02 1.919891765522690336e-03
1.322636005783421609e-02 6.051707156233179091e-03 1.428899813525929315e-04
1.322636005783421609e-02 6.051707156233179091e-03 1.428899813525929315e-04
1.322636005783421609e-02 6.051707156233179091e-03 1.428899813525929315e-04
1.322636005783421609e-02 6.051707156233179091e-03 1.428899813525929315e-04
1.322636005783421609e-02 6.051707156233179091e-03 1.428899813525929315e-04
1.322636005783421609e-02 6.051707156233179091e-03 1.428899813525929315e-04
1.322636005783421609e-02 6.051707156233179091e-03 1.428899813525929315e-04
1.322636005783421609e-02 6.051707156233179091e-03 1.428899813525929315e-04
1.322636005783421609e-02 6.051707156233179091e-03 1.428899813525929315e-04
1.322636005783421609e-02 6.051707156233179091e-03 1.428899813525929315e-04
1.322636005783421609e-02 6.051707156233179091e-03 1.428899813525929315e-04
4.643835005494638402e-02 2.323856188706438508e-02 1.831157711819394150e-03
4.643835005494638402e-02 2.323856188706438508e-02 1.831157711819394150e-03
4.643835005494638402e-02 2.323856188706438508e-02 1.831157711819394150e-03
4.643835005494638402e-02 2.323856188706438508e-02 1.831157711819394150e-03
4.643835005494638402e-02 2.323856188706438508e-02 1.831157711819394150e-03
4.643835005494638402e-02 2.323856188706438508e-02 1.831157711819394150e-03
4.643835005494638402e-02 2.323856188706438508e-02 1.831157711819394150e-03
4.643835005494638402e-02 2.323856188706438508e-02 1.831157711819394150e-03
4.643835005494638402e-02 2.323856188706438508e-02 1.831157711819394150e-03
4.643835005494638402e-02 2.323856188706438508e-02 1.831157711819394150e-03
4.643835005494638402e-02 2.323856188706438508e-02 1.831157711819394150e-03
4.643835005494638402e-02 2.323856188706438508e-02 1.831157711819394150e-03
4.643835005494638402e-02 2.323856188706438508e-02 1.831157711819394150e-03
4.643835005494638402e-02 2.323856188706438508e-02 1.831157711819394150e-03
4.643835005494638402e-02 2.323856188706438508e-02 1.831157711819394150e-03
4.643835005494638402e-02 2.323856188706438508e-02 1.831157711819394150e-03
4.643835005494638402e-02 2.323856188706438508e-02 1.831157711819394150e-03
-6.674199496726430925e-02 -3.340987983773198444e-02 -3.194532242273335435e-03
-6.674199496726430925e-02 -3.340987983773198444e-02 -3.194532242273335435e-03
-6.674199496726430925e-02 -3.340987983773198444e-02 -3.194532242273335435e-03
-6.674199496726430925e-02 -3.340987983773198444e-02 -3.194532242273335435e-03
-6.674199496726430925e-02 -3.340987983773198444e-02 -3.194532242273335435e-03
-6.674199496726430925e-02 -3.340987983773198444e-02 -3.194532242273335435e-03
-6.674199496726430925e-02 -3.340987983773198444e-02 -3.194532242273335435e-03
-6.674199496726430925e-02 -3.340987983773198444e-02 -3.194532242273335435e-03
-6.674199496726430925e-02 -3.340987983773198444e-02 -3.194532242273335435e-03
-6.674199496726430925e-02 -3.340987983773198444e-02 -3.194532242273335435e-03
-6.674199496726430925e-02 -3.340987983773198444e-02 -3.194532242273335435e-03
-6.674199496726430925e-02 -3.340987983773198444e-02 -3.194532242273335435e-03
