2.514971554012312982e-02 -2.749029425106184338e-02 2.122875555403205827e-02
2.514971554012312982e-02 -2.749029425106184338e-02 2.122875555403205827e-02
9.036584315259423017e-03 3.562014750334267094e-02 9.095758410107393152e-03
8.515096506070754523e-04 -1.042092671727709585e-04 9.797924874287147409e-03
8.515096506070754523e-04 -1.042092671727709585e-04 9.797924874287147409e-03
8.515096506070754523e-04 -1.042092671727709585e-04 9.797924874287147409e-03
8.515096506070754523e-04 -1.042092671727709585e-04 9.797924874287147409e-03
8.515096506070754523e-04 -1.042092671727709585e-04 9.797924874287147409e-03
8.515096506070754523e-04 -1.042092671727709585e-04 9.797924874287147409e-03
8.515096506070754523e-04 -1.042092671727709585e-04 9.797924874287147409e-03
8.515096506070754523e-04 -1.042092671727709585e-04 9.797924874287147409e-03
8.515096506070754523e-04 -1.042092671727709585e-04 9.797924874287147409e-03
8.515096506070754523e-04 -1.042092671727709585e-04 9.797924874287147409e-03
8.515096506070754523e-04 -1.042092671727709585e-04 9.797924874287147409e-03
2.956522035674795726e-02 2.185892254629183754e-02 -6.206192289897286864e-03
2.647479742669087491e-02 2.580121633901443293e-02 4.463287352381465831e-03
1.109238541950649526e-03 1.815854580250967493e-04 -8.774703541937989293e-03
1.109238541950649526e-03 1.815854580250967493e-04 -8.774703541937989293e-03
1.109238541950649526e-03 1.815854580250967493e-04 -8.774703541937989293e-03
1.109238541950649526e-03 1.815854580250967493e-04 -8.774703541937989293e-03
1.109238541950649526e-03 1.815854580250967493e-04 -8.774703541937989293e-03
1.109238541950649526e-03 1.815854580250967493e-04 -8.774703541937989293e-03
1.109238541950649526e-03 1.815854580250967493e-04 -8.774703541937989293e-03
1.109238541950649526e-03 1.815854580250967493e-04 -8.774703541937989293e-03
1.109238541950649526e-03 1.815854580250967493e-04 -8.774703541937989293e-03
1.109238541950649526e-03 1.815854580250967493e-04 -8.774703541937989293e-03
1.109238541950649526e-03 1.815854580250967493e-04 -8.774703541937989293e-03
1.109238541950649526e-03 1.815854580250967493e-04 -8.774703541937989293e-03
-2.422542161259821653e-03 3.647654265017666320e-02 1.152166986668667556e-02
1.345404573764630556e-03 3.155454845585672907e-05 1.244046103039941550e-02
1.345404573764630556e-03 3.155454845585672907e-05 1.244046103039941550e-02
1.345404573764630556e-03 3.155454845585672907e-05 1.244046103039941550e-02
1.345404573764630556e-03 3.155454845585672907e-05 1.244046103039941550e-02
1.345404573764630556e-03 3.155454845585672907e-05 1.244046103039941550e-02
1.345404573764630556e-03 3.155454845585672907e-05 1.244046103039941550e-02
1.345404573764630556e-03 3.155454845585672907e-05 1.244046103039941550e-02
1.345404573764630556e-03 3.155454845585672907e-05 1.244046103039941550e-02
1.345404573764630556e-03 3.155454845585672907e-05 1.244046103039941550e-02
1.345404573764630556e-03 3.155454845585672907e-05 1.244046103039941550e-02
1.345404573764630556e-03 3.155454845585672907e-05 1.244046103039941550e-02
1.150989353114664077e-03 -8.890609581680228996e-04 -2.048952035167491900e-02
1.150989353114664077e-03 -8.890609581680228996e-04 -2.048952035167491900e-02
1.150989353114664077e-03 -8.890609581680228996e-04 -2.048952035167491900e-02
1.150989353114664077e-03 -8.890609581680228996e-04 -2.048952035167491900e-02
1.150989353114664077e-03 -8.890609581680228996e-04 -2.048952035167491900e-02
1.150989353114664077e-03 -8.890609581680228996e-04 -2.048952035167491900e-02
1.150989353114664077e-03 -8.890609581680228996e-04 -2.048952035167491900e-02
1.150989353114664077e-03 -8.890609581680228996e-04 -2.048952035167491900e-02
1.150989353114664077e-03 -8.890609581680228996e-04 -2.048952035167491900e-02
1.150989353114664077e-03 -8.890609581680228996e-04 -2.048952035167491900e-02
1.150989353114664077e-03 -8.890609581680228996e-04 -2.048952035167491900e-02
1.150989353114664077e-03 -8.890609581680228996e-04 -2.048952035167491900e-02
1.150989353114664077e-03 -8.890609581680228996e-04 -2.048952035167491900e-02
1.150989353114664077e-03 -8.890609581680228996e-04 -2.048952035167491900e-02
1.150989353114664077e-03 -8.890609581680228996e-04 -2.048952035167491900e-02
5.393037290284778684e-04 4.528584884011411377e-04 1.097561995223421578e-02
5.393037290284778684e-04 4.528584884011411377e-04 1.097561995223421578e-02
5.393037290284778684e-04 4.528584884011411377e-04 1.097561995223421578e-02
5.393037290284778684e-04 4.528584884011411377e-04 1.097561995223421578e-02
5.393037290284778684e-04 4.528584884011411377e-04 1.097561995223421578e-02
5.393037290284778684e-04 4.528584884011411377e-04 1.097561995223421578e-02
5.393037290284778684e-04 4.528584884011411377e-04 1.097561995223421578e-02
5.393037290284778684e-04 4.528584884011411377e-04 1.097561995223421578e-02
5.393037290284778684e-04 4.528584884011411377e-04 1.097561995223421578e-02
5.393037290284778684e-04 4.528584884011411377e-04 1.097561995223421578e-02
5.393037290284778684e-04 4.528584884011411377e-04 1.097561995223421578e-02
5.393037290284778684e-04 4.528584884011411377e-04 1.097561995223421578e-02
-3.187950237682364574e-02 -1.638156818286541638e-02 1.061776577219624047e-02
8.018508641249103008e-04 3.014164246331087205e-05 -9.467157824842670211e-03
8.018508641249103008e-04 3.014164246331087205e-05 -9.467157824842670211e-03
8.018508641249103008e-04 3.014164246331087205e-05 -9.467157824842670211e-03
8.018508641249103008e-04 3.014164246331087205e-05 -9.467157824842670211e-03
8.018508641249103008e-04 3.014164246331087205e-05 -9.467157824842670211e-03
8.018508641249103008e-04 3.014164246331087205e-05 -9.467157824842670211e-03
8.018508641249103008e-04 3.014164246331087205e-05 -9.467157824842670211e-03
8.018508641249103008e-04 3.014164246331087205e-05 -9.467157824842670211e-03
8.018508641249103008e-04 3.014164246331087205e-05 -9.467157824842670211e-03
8.018508641249103008e-04 3.014164246331087205e-05 -9.467157824842670211e-03
8.018508641249103008e-04 3.014164246331087205e-05 -9.467157824842670211e-03
8.018508641249103008e-04 3.014164246331087205e-05 -9.467157824842670211e-03
-1.451959539338510546e-04 6.406340357889925979e-04 -1.383631966872647147e-02
-1.451959539338510546e-04 6.406340357889925979e-04 -1.383631966872647147e-02
-1.451959539338510546e-04 6.406340357889925979e-04 -1.383631966872647147e-02
-1.451959539338510546e-04 6.406340357889925979e-04 -1.383631966872647147e-02
-1.451959539338510546e-04 6.406340357889925979e-04 -1.383631966872647147e-02
-1.451959539338510546e-04 6.406340357889925979e-04 -1.383631966872647147e-02
-1.451959539338510546e-04 6.406340357889925979e-04 -1.383631966872647147e-02
-1.451959539338510546e-04 6.406340357889925979e-04 -1.383631966872647147e-02
-1.451959539338510546e-04 6.406340357889925979e-04 -1.383631966872647147e-02
-1.451959539338510546e-04 6.406340357889925979e-04 -1.383631966872647147e-02
-1.451959539338510546e-04 6.406340357889925979e-04 -1.383631966872647147e-02
-1.451959539338510546e-04 6.406340357889925979e-04 -1.383631966872647147e-02
-1.451959539338510546e-04 6.406340357889925979e-04 -1.383631966872647147e-02
-1.451959539338510546e-04 6.406340357889925979e-04 -1.383631966872647147e-02
3.420912656438086785e-02 -1.542293395788153082e-02 3.206693023406139570e-02
3.420912656438086785e-02 -1.542293395788153082e-02 3.206693023406139570e-02
3.420912656438086785e-02 -1.542293395788153082e-02 3.206693023406139570e-02
-3.558583353606691035e-02 5.732534189052781309e-03 3.161929714442103523e-02
-3.558583353606691035e-02 5.732534189052781309e-03 3.161929714442103523e-02
-3.558583353606691035e-02 5.732534189052781309e-03 3.161929714442103523e-02
9.628456366262069799e-04 -6.661714776174960245e-04 -1.147438693149492074e-02
9.628456366262069799e-04 -6.661714776174960245e-04 -1.147438693149492074e-02
9.628456366262069799e-04 -6.661714776174960245e-04 -1.147438693149492074e-02
9.628456366262069799e-04 -6.661714776174960245e-04 -1.147438693149492074e-02
9.628456366262069799e-04 -6.661714776174960245e-04 -1.147438693149492074e-02
9.628456366262069799e-04 -6.661714776174960245e-04 -1.147438693149492074e-02
9.628456366262069799e-04 -6.661714776174960245e-04 -1.147438693149492074e-02
9.628456366262069799e-04 -6.661714776174960245e-04 -1.147438693149492074e-02
9.628456366262069799e-04 -6.661714776174960245e-04 -1.147438693149492074e-02
9.628456366262069799e-04 -6.661714776174960245e-04 -1.147438693149492074e-02
9.628456366262069799e-04 -6.661714776174960245e-04 -1.147438693149492074e-02
9.628456366262069799e-04 -6.661714776174960245e-04 -1.147438693149492074e-02
9.628456366262069799e-04 -6.661714776174960245e-04 -1.147438693149492074e-02
9.628456366262069799e-04 -6.661714776174960245e-04 -1.147438693149492074e-02
1.934465138947725343e-02 -3.130582514962325369e-02 -3.398235612018817887e-03
2.232559798011467256e-02 2.973607273553260238e-02 1.798662542878872242e-02
-5.777289186985768571e-04 1.009284497841675052e-03 1.915636565118318882e-02
-5.777289186985768571e-04 1.009284497841675052e-03 1.915636565118318882e-02
-3.574612865332851830e-02 2.288281378692468958e-03 1.360022380517331674e-02
3.624279593936206856e-02 9.939685017168535877e-03 2.628172325654928171e-02
3.624279593936206856e-02 9.939685017168535877e-03 2.628172325654928171e-02
-3.571359257819962940e-02 3.235523604555729828e-03 1.624071747061969079e-02
9.088553148238580348e-04 1.216300895205442130e-03 1.786548886445523537e-02
9.088553148238580348e-04 1.216300895205442130e-03 1.786548886445523537e-02
9.088553148238580348e-04 1.216300895205442130e-03 1.786548886445523537e-02
-3.566101331073007197e-02 4.790020485989128149e-03 2.864711817506572500e-02
-3.566101331073007197e-02 4.790020485989128149e-03 2.864711817506572500e-02
-3.566101331073007197e-02 4.790020485989128149e-03 2.864711817506572500e-02
1.143690205218619166e-03 9.370319018959230237e-04 -4.410014042607544524e-03
1.143690205218619166e-03 9.370319018959230237e-04 -4.410014042607544524e-03
1.143690205218619166e-03 9.370319018959230237e-04 -4.410014042607544524e-03
1.143690205218619166e-03 9.370319018959230237e-04 -4.410014042607544524e-03
1.143690205218619166e-03 9.370319018959230237e-04 -4.410014042607544524e-03
1.143690205218619166e-03 9.370319018959230237e-04 -4.410014042607544524e-03
1.143690205218619166e-03 9.370319018959230237e-04 -4.410014042607544524e-03
1.143690205218619166e-03 9.370319018959230237e-04 -4.410014042607544524e-03
1.143690205218619166e-03 9.370319018959230237e-04 -4.410014042607544524e-03
1.143690205218619166e-03 9.370319018959230237e-04 -4.410014042607544524e-03
1.143690205218619166e-03 9.370319018959230237e-04 -4.410014042607544524e-03
1.143690205218619166e-03 9.370319018959230237e-04 -4.410014042607544524e-03
1.143690205218619166e-03 9.370319018959230237e-04 -4.410014042607544524e-03
8.389825955296345561e-04 1.116043286030505427e-04 -1.516128743612719931e-02
8.389825955296345561e-04 1.116043286030505427e-04 -1.516128743612719931e-02
8.389825955296345561e-04 1.116043286030505427e-04 -1.516128743612719931e-02
8.389825955296345561e-04 1.116043286030505427e-04 -1.516128743612719931e-02
8.389825955296345561e-04 1.116043286030505427e-04 -1.516128743612719931e-02
8.389825955296345561e-04 1.116043286030505427e-04 -1.516128743612719931e-02
8.389825955296345561e-04 1.116043286030505427e-04 -1.516128743612719931e-02
8.389825955296345561e-04 1.116043286030505427e-04 -1.516128743612719931e-02
8.389825955296345561e-04 1.116043286030505427e-04 -1.516128743612719931e-02
8.389825955296345561e-04 1.116043286030505427e-04 -1.516128743612719931e-02
8.389825955296345561e-04 1.116043286030505427e-04 -1.516128743612719931e-02
8.389825955296345561e-04 1.116043286030505427e-04 -1.516128743612719931e-02
8.389825955296345561e-04 1.116043286030505427e-04 -1.516128743612719931e-02
8.389825955296345561e-04 1.116043286030505427e-04 -1.516128743612719931e-02
3.764067496481669772e-02 -1.492666304835377504e-04 2.859307266188756969e-02
3.764067496481669772e-02 -1.492666304835377504e-04 2.859307266188756969e-02
1.620633896581333278e-02 3.322918436746349902e-02 1.449210634801179239e-02
1.292951546114258499e-05 3.204131803964706260e-04 1.480059530932098695e-02
1.292951546114258499e-05 3.204131803964706260e-04 1.480059530932098695e-02
1.292951546114258499e-05 3.204131803964706260e-04 1.480059530932098695e-02
1.292951546114258499e-05 3.204131803964706260e-04 1.480059530932098695e-02
1.292951546114258499e-05 3.204131803964706260e-04 1.480059530932098695e-02
1.292951546114258499e-05 3.204131803964706260e-04 1.480059530932098695e-02
1.292951546114258499e-05 3.204131803964706260e-04 1.480059530932098695e-02
1.292951546114258499e-05 3.204131803964706260e-04 1.480059530932098695e-02
1.292951546114258499e-05 3.204131803964706260e-04 1.480059530932098695e-02
1.292951546114258499e-05 3.204131803964706260e-04 1.480059530932098695e-02
2.350758677903207888e-02 2.854013456272427515e-02 7.716229125817548884e-03
-2.853529388446037970e-02 -2.277840831374850633e-02 3.717006465665155523e-02
-2.853529388446037970e-02 -2.277840831374850633e-02 3.717006465665155523e-02
-2.853529388446037970e-02 -2.277840831374850633e-02 3.717006465665155523e-02
-2.853529388446037970e-02 -2.277840831374850633e-02 3.717006465665155523e-02
-2.853529388446037970e-02 -2.277840831374850633e-02 3.717006465665155523e-02
3.514061816074749017e-02 1.316651027924750292e-02 2.391972205448471972e-02
3.514061816074749017e-02 1.316651027924750292e-02 2.391972205448471972e-02
1.435917234002033124e-03 7.530430364039285979e-04 2.016271419007311175e-02
1.435917234002033124e-03 7.530430364039285979e-04 2.016271419007311175e-02
-8.852246489270531454e-03 3.528928149859712066e-02 1.174779693504932748e-02
1.044524573254814945e-03 -3.280503792751857800e-04 1.642528993887614266e-02
1.044524573254814945e-03 -3.280503792751857800e-04 1.642528993887614266e-02
1.044524573254814945e-03 -3.280503792751857800e-04 1.642528993887614266e-02
1.044524573254814945e-03 -3.280503792751857800e-04 1.642528993887614266e-02
1.044524573254814945e-03 -3.280503792751857800e-04 1.642528993887614266e-02
1.044524573254814945e-03 -3.280503792751857800e-04 1.642528993887614266e-02
1.044524573254814945e-03 -3.280503792751857800e-04 1.642528993887614266e-02
1.044524573254814945e-03 -3.280503792751857800e-04 1.642528993887614266e-02
1.044524573254814945e-03 -3.280503792751857800e-04 1.642528993887614266e-02
1.044524573254814945e-03 -3.280503792751857800e-04 1.642528993887614266e-02
1.044524573254814945e-03 -3.280503792751857800e-04 1.642528993887614266e-02
2.283939912434777841e-02 2.663371919192234621e-02 -1.154733026858729278e-02
-1.084645513061577998e-04 6.282173330322896043e-04 -1.081137588706177627e-02
-1.084645513061577998e-04 6.282173330322896043e-04 -1.081137588706177627e-02
-1.084645513061577998e-04 6.282173330322896043e-04 -1.081137588706177627e-02
-1.084645513061577998e-04 6.282173330322896043e-04 -1.081137588706177627e-02
-1.084645513061577998e-04 6.282173330322896043e-04 -1.081137588706177627e-02
-1.084645513061577998e-04 6.282173330322896043e-04 -1.081137588706177627e-02
-1.084645513061577998e-04 6.282173330322896043e-04 -1.081137588706177627e-02
-1.084645513061577998e-04 6.282173330322896043e-04 -1.081137588706177627e-02
-1.084645513061577998e-04 6.282173330322896043e-04 -1.081137588706177627e-02
-1.084645513061577998e-04 6.282173330322896043e-04 -1.081137588706177627e-02
-1.084645513061577998e-04 6.282173330322896043e-04 -1.081137588706177627e-02
-1.084645513061577998e-04 6.282173330322896043e-04 -1.081137588706177627e-02
-1.084645513061577998e-04 6.282173330322896043e-04 -1.081137588706177627e-02
-1.084645513061577998e-04 6.282173330322896043e-04 -1.081137588706177627e-02
-3.552148195356980703e-02 -5.027324158108388043e-03 2.419954062907876333e-02
-3.552148195356980703e-02 -5.027324158108388043e-03 2.419954062907876333e-02
-3.308146408517882719e-02 -1.418065864378182869e-02 2.478348437175315402e-02
-3.308146408517882719e-02 -1.418065864378182869e-02 2.478348437175315402e-02
2.154657501302016318e-03 -1.487757410060651375e-03 1.121686248078660256e-03
2.154657501302016318e-03 -1.487757410060651375e-03 1.121686248078660256e-03
2.154657501302016318e-03 -1.487757410060651375e-03 1.121686248078660256e-03
2.154657501302016318e-03 -1.487757410060651375e-03 1.121686248078660256e-03
2.154657501302016318e-03 -1.487757410060651375e-03 1.121686248078660256e-03
2.154657501302016318e-03 -1.487757410060651375e-03 1.121686248078660256e-03
2.154657501302016318e-03 -1.487757410060651375e-03 1.121686248078660256e-03
2.154657501302016318e-03 -1.487757410060651375e-03 1.121686248078660256e-03
2.154657501302016318e-03 -1.487757410060651375e-03 1.121686248078660256e-03
2.154657501302016318e-03 -1.487757410060651375e-03 1.121686248078660256e-03
2.154657501302016318e-03 -1.487757410060651375e-03 1.121686248078660256e-03
2.154657501302016318e-03 -1.487757410060651375e-03 1.121686248078660256e-03
