1.370088520046454025e-03 2.366909584898465105e-03 -5.798475193774196325e-03
1.370088520046454025e-03 2.366909584898465105e-03 -5.798475193774196325e-03
1.370088520046454025e-03 2.366909584898465105e-03 -5.798475193774196325e-03
1.370088520046454025e-03 2.366909584898465105e-03 -5.798475193774196325e-03
1.370088520046454025e-03 2.366909584898465105e-03 -5.798475193774196325e-03
1.370088520046454025e-03 2.366909584898465105e-03 -5.798475193774196325e-03
1.370088520046454025e-03 2.366909584898465105e-03 -5.798475193774196325e-03
1.370088520046454025e-03 2.366909584898465105e-03 -5.798475193774196325e-03
1.370088520046454025e-03 2.366909584898465105e-03 -5.798475193774196325e-03
1.370088520046454025e-03 2.366909584898465105e-03 -5.798475193774196325e-03
1.370088520046454025e-03 2.366909584898465105e-03 -5.798475193774196325e-03
1.370088520046454025e-03 2.366909584898465105e-03 -5.798475193774196325e-03
1.370088520046454025e-03 2.366909584898465105e-03 -5.798475193774196325e-03
1.370088520046454025e-03 2.366909584898465105e-03 -5.798475193774196325e-03
1.370088520046454025e-03 2.366909584898465105e-03 -5.798475193774196325e-03
1.370088520046454025e-03 2.366909584898465105e-03 -5.798475193774196325e-03
1.370088520046454025e-03 2.366909584898465105e-03 -5.798475193774196325e-03
2.711400740269299947e-04 -3.099825036270026108e-03 2.287379133723123695e-04
2.711400740269299947e-04 -3.099825036270026108e-03 2.287379133723123695e-04
2.711400740269299947e-04 -3.099825036270026108e-03 2.287379133723123695e-04
2.711400740269299947e-04 -3.099825036270026108e-03 2.287379133723123695e-04
2.711400740269299947e-04 -3.099825036270026108e-03 2.287379133723123695e-04
2.711400740269299947e-04 -3.099825036270026108e-03 2.287379133723123695e-04
2.711400740269299947e-04 -3.099825036270026108e-03 2.287379133723123695e-04
2.711400740269299947e-04 -3.099825036270026108e-03 2.287379133723123695e-04
2.711400740269299947e-04 -3.099825036270026108e-03 2.287379133723123695e-04
2.711400740269299947e-04 -3.099825036270026108e-03 2.287379133723123695e-04
2.711400740269299947e-04 -3.099825036270026108e-03 2.287379133723123695e-04
2.711400740269299947e-04 -3.099825036270026108e-03 2.287379133723123695e-04
2.711400740269299947e-04 -3.099825036270026108e-03 2.287379133723123695e-04
2.711400740269299947e-04 -3.099825036270026108e-03 2.287379133723123695e-04
2.711400740269299947e-04 -3.099825036270026108e-03 2.287379133723123695e-04
2.711400740269299947e-04 -3.099825036270026108e-03 2.287379133723123695e-04
2.711400740269299947e-04 -3.099825036270026108e-03 2.287379133723123695e-04
-8.758980119253183261e-04 -3.964783276982341946e-03 -9.505246538041485244e-04
-8.758980119253183261e-04 -3.964783276982341946e-03 -9.505246538041485244e-04
-8.758980119253183261e-04 -3.964783276982341946e-03 -9.505246538041485244e-04
-8.758980119253183261e-04 -3.964783276982341946e-03 -9.505246538041485244e-04
-8.758980119253183261e-04 -3.964783276982341946e-03 -9.505246538041485244e-04
-8.758980119253183261e-04 -3.964783276982341946e-03 -9.505246538041485244e-04
-8.758980119253183261e-04 -3.964783276982341946e-03 -9.505246538041485244e-04
-8.758980119253183261e-04 -3.964783276982341946e-03 -9.505246538041485244e-04
-8.758980119253183261e-04 -3.964783276982341946e-03 -9.505246538041485244e-04
-8.758980119253183261e-04 -3.964783276982341946e-03 -9.505246538041485244e-04
-8.758980119253183261e-04 -3.964783276982341946e-03 -9.505246538041485244e-04
-8.758980119253183261e-04 -3.964783276982341946e-03 -9.505246538041485244e-04
-8.758980119253183261e-04 -3.964783276982341946e-03 -9.505246538041485244e-04
-8.758980119253183261e-04 -3.964783276982341946e-03 -9.505246538041485244e-04
-8.758980119253183261e-04 -3.964783276982341946e-03 -9.505246538041485244e-04
-8.758980119253183261e-04 -3.964783276982341946e-03 -9.505246538041485244e-04
-8.758980119253183261e-04 -3.964783276982341946e-03 -9.505246538041485244e-04
1.733295393598529785e-03 -2.306059402070615577e-04 -3.476647307763624725e-03
1.733295393598529785e-03 -2.306059402070615577e-04 -3.476647307763624725e-03
1.733295393598529785e-03 -2.306059402070615577e-04 -3.476647307763624725e-03
1.733295393598529785e-03 -2.306059402070615577e-04 -3.476647307763624725e-03
1.733295393598529785e-03 -2.306059402070615577e-04 -3.476647307763624725e-03
1.733295393598529785e-03 -2.306059402070615577e-04 -3.476647307763624725e-03
1.733295393598529785e-03 -2.306059402070615577e-04 -3.476647307763624725e-03
1.733295393598529785e-03 -2.306059402070615577e-04 -3.476647307763624725e-03
1.733295393598529785e-03 -2.306059402070615577e-04 -3.476647307763624725e-03
1.733295393598529785e-03 -2.306059402070615577e-04 -3.476647307763624725e-03
1.733295393598529785e-03 -2.306059402070615577e-04 -3.476647307763624725e-03
1.733295393598529785e-03 -2.306059402070615577e-04 -3.476647307763624725e-03
1.733295393598529785e-03 -2.306059402070615577e-04 -3.476647307763624725e-03
1.733295393598529785e-03 -2.306059402070615577e-04 -3.476647307763624725e-03
1.733295393598529785e-03 -2.306059402070615577e-04 -3.476647307763624725e-03
1.733295393598529785e-03 -2.306059402070615577e-04 -3.476647307763624725e-03
1.733295393598529785e-03 -2.306059402070615577e-04 -3.476647307763624725e-03
-5.836416097294135942e-03 6.665647850124765961e-04 -4.111138590264613521e-03
-5.836416097294135942e-03 6.665647850124765961e-04 -4.111138590264613521e-03
-5.836416097294135942e-03 6.665647850124765961e-04 -4.111138590264613521e-03
-5.836416097294135942e-03 6.665647850124765961e-04 -4.111138590264613521e-03
-5.836416097294135942e-03 6.665647850124765961e-04 -4.111138590264613521e-03
-5.836416097294135942e-03 6.665647850124765961e-04 -4.111138590264613521e-03
-5.836416097294135942e-03 6.665647850124765961e-04 -4.111138590264613521e-03
-5.836416097294135942e-03 6.665647850124765961e-04 -4.111138590264613521e-03
-5.836416097294135942e-03 6.665647850124765961e-04 -4.111138590264613521e-03
-5.836416097294135942e-03 6.665647850124765961e-04 -4.111138590264613521e-03
-5.836416097294135942e-03 6.665647850124765961e-04 -4.111138590264613521e-03
-5.836416097294135942e-03 6.665647850124765961e-04 -4.111138590264613521e-03
-5.836416097294135942e-03 6.665647850124765961e-04 -4.111138590264613521e-03
-5.836416097294135942e-03 6.665647850124765961e-04 -4.111138590264613521e-03
-5.836416097294135942e-03 6.665647850124765961e-04 -4.111138590264613521e-03
-5.836416097294135942e-03 6.665647850124765961e-04 -4.111138590264613521e-03
-5.836416097294135942e-03 6.665647850124765961e-04 -4.111138590264613521e-03
9.220012243746685682e-04 -1.523149335687398569e-04 -5.481384422942098614e-03
9.220012243746685682e-04 -1.523149335687398569e-04 -5.481384422942098614e-03
9.220012243746685682e-04 -1.523149335687398569e-04 -5.481384422942098614e-03
9.220012243746685682e-04 -1.523149335687398569e-04 -5.481384422942098614e-03
9.220012243746685682e-04 -1.523149335687398569e-04 -5.481384422942098614e-03
9.220012243746685682e-04 -1.523149335687398569e-04 -5.481384422942098614e-03
9.220012243746685682e-04 -1.523149335687398569e-04 -5.481384422942098614e-03
9.220012243746685682e-04 -1.523149335687398569e-04 -5.481384422942098614e-03
9.220012243746685682e-04 -1.523149335687398569e-04 -5.481384422942098614e-03
9.220012243746685682e-04 -1.523149335687398569e-04 -5.481384422942098614e-03
9.220012243746685682e-04 -1.523149335687398569e-04 -5.481384422942098614e-03
9.220012243746685682e-04 -1.523149335687398569e-04 -5.481384422942098614e-03
9.220012243746685682e-04 -1.523149335687398569e-04 -5.481384422942098614e-03
9.220012243746685682e-04 -1.523149335687398569e-04 -5.481384422942098614e-03
9.220012243746685682e-04 -1.523149335687398569e-04 -5.481384422942098614e-03
9.220012243746685682e-04 -1.523149335687398569e-04 -5.481384422942098614e-03
9.220012243746685682e-04 -1.523149335687398569e-04 -5.481384422942098614e-03
-4.778462891491920897e-03 8.894099979348882301e-04 -1.948712461434283592e-03
-4.778462891491920897e-03 8.894099979348882301e-04 -1.948712461434283592e-03
-4.778462891491920897e-03 8.894099979348882301e-04 -1.948712461434283592e-03
-4.778462891491920897e-03 8.894099979348882301e-04 -1.948712461434283592e-03
-4.778462891491920897e-03 8.894099979348882301e-04 -1.948712461434283592e-03
-4.778462891491920897e-03 8.894099979348882301e-04 -1.948712461434283592e-03
-4.778462891491920897e-03 8.894099979348882301e-04 -1.948712461434283592e-03
-4.778462891491920897e-03 8.894099979348882301e-04 -1.948712461434283592e-03
-4.778462891491920897e-03 8.894099979348882301e-04 -1.948712461434283592e-03
-4.778462891491920897e-03 8.894099979348882301e-04 -1.948712461434283592e-03
-4.778462891491920897e-03 8.894099979348882301e-04 -1.948712461434283592e-03
-4.778462891491920897e-03 8.894099979348882301e-04 -1.948712461434283592e-03
-4.778462891491920897e-03 8.894099979348882301e-04 -1.948712461434283592e-03
-4.778462891491920897e-03 8.894099979348882301e-04 -1.948712461434283592e-03
-4.778462891491920897e-03 8.894099979348882301e-04 -1.948712461434283592e-03
-4.778462891491920897e-03 8.894099979348882301e-04 -1.948712461434283592e-03
-4.778462891491920897e-03 8.894099979348882301e-04 -1.948712461434283592e-03
2.087330009251056606e-03 4.167593356690436554e-03 -2.396057521311648845e-03
2.087330009251056606e-03 4.167593356690436554e-03 -2.396057521311648845e-03
2.087330009251056606e-03 4.167593356690436554e-03 -2.396057521311648845e-03
2.087330009251056606e-03 4.167593356690436554e-03 -2.396057521311648845e-03
2.087330009251056606e-03 4.167593356690436554e-03 -2.396057521311648845e-03
2.087330009251056606e-03 4.167593356690436554e-03 -2.396057521311648845e-03
2.087330009251056606e-03 4.167593356690436554e-03 -2.396057521311648845e-03
2.087330009251056606e-03 4.167593356690436554e-03 -2.396057521311648845e-03
2.087330009251056606e-03 4.167593356690436554e-03 -2.396057521311648845e-03
2.087330009251056606e-03 4.167593356690436554e-03 -2.396057521311648845e-03
2.087330009251056606e-03 4.167593356690436554e-03 -2.396057521311648845e-03
2.087330009251056606e-03 4.167593356690436554e-03 -2.396057521311648845e-03
2.087330009251056606e-03 4.167593356690436554e-03 -2.396057521311648845e-03
2.087330009251056606e-03 4.167593356690436554e-03 -2.396057521311648845e-03
2.087330009251056606e-03 4.167593356690436554e-03 -2.396057521311648845e-03
2.087330009251056606e-03 4.167593356690436554e-03 -2.396057521311648845e-03
2.087330009251056606e-03 4.167593356690436554e-03 -2.396057521311648845e-03
-1.832721478796194578e-03 -1.576559641663214696e-03 -1.364124582360683527e-03
-1.832721478796194578e-03 -1.576559641663214696e-03 -1.364124582360683527e-03
-1.832721478796194578e-03 -1.576559641663214696e-03 -1.364124582360683527e-03
-1.832721478796194578e-03 -1.576559641663214696e-03 -1.364124582360683527e-03
-1.832721478796194578e-03 -1.576559641663214696e-03 -1.364124582360683527e-03
-1.832721478796194578e-03 -1.576559641663214696e-03 -1.364124582360683527e-03
-1.832721478796194578e-03 -1.576559641663214696e-03 -1.364124582360683527e-03
-1.832721478796194578e-03 -1.576559641663214696e-03 -1.364124582360683527e-03
-1.832721478796194578e-03 -1.576559641663214696e-03 -1.364124582360683527e-03
-1.832721478796194578e-03 -1.576559641663214696e-03 -1.364124582360683527e-03
-1.832721478796194578e-03 -1.576559641663214696e-03 -1.364124582360683527e-03
-1.832721478796194578e-03 -1.576559641663214696e-03 -1.364124582360683527e-03
-1.832721478796194578e-03 -1.576559641663214696e-03 -1.364124582360683527e-03
-1.832721478796194578e-03 -1.576559641663214696e-03 -1.364124582360683527e-03
-1.832721478796194578e-03 -1.576559641663214696e-03 -1.364124582360683527e-03
-1.832721478796194578e-03 -1.576559641663214696e-03 -1.364124582360683527e-03
-1.832721478796194578e-03 -1.576559641663214696e-03 -1.364124582360683527e-03
4.340256784807552948e-05 2.118176283646898764e-03 -2.622793288625802077e-04
4.340256784807552948e-05 2.118176283646898764e-03 -2.622793288625802077e-04
4.340256784807552948e-05 2.118176283646898764e-03 -2.622793288625802077e-04
4.340256784807552948e-05 2.118176283646898764e-03 -2.622793288625802077e-04
4.340256784807552948e-05 2.118176283646898764e-03 -2.622793288625802077e-04
4.340256784807552948e-05 2.118176283646898764e-03 -2.622793288625802077e-04
4.340256784807552948e-05 2.118176283646898764e-03 -2.622793288625802077e-04
4.340256784807552948e-05 2.118176283646898764e-03 -2.622793288625802077e-04
4.340256784807552948e-05 2.118176283646898764e-03 -2.622793288625802077e-04
4.340256784807552948e-05 2.118176283646898764e-03 -2.622793288625802077e-04
4.340256784807552948e-05 2.118176283646898764e-03 -2.622793288625802077e-04
4.340256784807552948e-05 2.118176283646898764e-03 -2.622793288625802077e-04
4.340256784807552948e-05 2.118176283646898764e-03 -2.622793288625802077e-04
4.340256784807552948e-05 2.118176283646898764e-03 -2.622793288625802077e-04
4.340256784807552948e-05 2.118176283646898764e-03 -2.622793288625802077e-04
4.340256784807552948e-05 2.118176283646898764e-03 -2.622793288625802077e-04
4.340256784807552948e-05 2.118176283646898764e-03 -2.622793288625802077e-04
3.857777632384346012e-05 -7.045270567756406303e-03 -5.919918916720762377e-03
3.857777632384346012e-05 -7.045270567756406303e-03 -5.919918916720762377e-03
3.857777632384346012e-05 -7.045270567756406303e-03 -5.919918916720762377e-03
3.857777632384346012e-05 -7.045270567756406303e-03 -5.919918916720762377e-03
3.857777632384346012e-05 -7.045270567756406303e-03 -5.919918916720762377e-03
3.857777632384346012e-05 -7.045270567756406303e-03 -5.919918916720762377e-03
3.857777632384346012e-05 -7.045270567756406303e-03 -5.919918916720762377e-03
3.857777632384346012e-05 -7.045270567756406303e-03 -5.919918916720762377e-03
3.857777632384346012e-05 -7.045270567756406303e-03 -5.919918916720762377e-03
3.857777632384346012e-05 -7.045270567756406303e-03 -5.919918916720762377e-03
3.857777632384346012e-05 -7.045270567756406303e-03 -5.919918916720762377e-03
3.857777632384346012e-05 -7.045270567756406303e-03 -5.919918916720762377e-03
3.857777632384346012e-05 -7.045270567756406303e-03 -5.919918916720762377e-03
3.857777632384346012e-05 -7.045270567756406303e-03 -5.919918916720762377e-03
3.857777632384346012e-05 -7.045270567756406303e-03 -5.919918916720762377e-03
3.857777632384346012e-05 -7.045270567756406303e-03 -5.919918916720762377e-03
3.857777632384346012e-05 -7.045270567756406303e-03 -5.919918916720762377e-03
-2.386539577854079278e-03 -6.372312012525470880e-03 -2.956309223447138243e-03
-2.386539577854079278e-03 -6.372312012525470880e-03 -2.956309223447138243e-03
-2.386539577854079278e-03 -6.372312012525470880e-03 -2.956309223447138243e-03
-2.386539577854079278e-03 -6.372312012525470880e-03 -2.956309223447138243e-03
-2.386539577854079278e-03 -6.372312012525470880e-03 -2.956309223447138243e-03
-2.386539577854079278e-03 -6.372312012525470880e-03 -2.956309223447138243e-03
-2.386539577854079278e-03 -6.372312012525470880e-03 -2.956309223447138243e-03
-2.386539577854079278e-03 -6.372312012525470880e-03 -2.956309223447138243e-03
-2.386539577854079278e-03 -6.372312012525470880e-03 -2.956309223447138243e-03
-2.386539577854079278e-03 -6.372312012525470880e-03 -2.956309223447138243e-03
-2.386539577854079278e-03 -6.372312012525470880e-03 -2.956309223447138243e-03
-2.386539577854079278e-03 -6.372312012525470880e-03 -2.956309223447138243e-03
-2.386539577854079278e-03 -6.372312012525470880e-03 -2.956309223447138243e-03
-2.386539577854079278e-03 -6.372312012525470880e-03 -2.956309223447138243e-03
-2.386539577854079278e-03 -6.372312012525470880e-03 -2.956309223447138243e-03
-2.386539577854079278e-03 -6.372312012525470880e-03 -2.956309223447138243e-03
-2.386539577854079278e-03 -6.372312012525470880e-03 -2.956309223447138243e-03
