7.051055325535920959e-02 9.487297360476049102e-02 1.088876156421579935e-02
7.051055325535920959e-02 9.487297360476049102e-02 1.088876156421579935e-02
7.051055325535920959e-02 9.487297360476049102e-02 1.088876156421579935e-02
7.051055325535920959e-02 9.487297360476049102e-02 1.088876156421579935e-02
7.051055325535920959e-02 9.487297360476049102e-02 1.088876156421579935e-02
7.051055325535920959e-02 9.487297360476049102e-02 1.088876156421579935e-02
7.051055325535920959e-02 9.487297360476049102e-02 1.088876156421579935e-02
1.122259221850366862e-01 1.517461078108088557e-02 8.604365014671981615e-03
1.122259221850366862e-01 1.517461078108088557e-02 8.604365014671981615e-03
1.122259221850366862e-01 1.517461078108088557e-02 8.604365014671981615e-03
1.122259221850366862e-01 1.517461078108088557e-02 8.604365014671981615e-03
1.122259221850366862e-01 1.517461078108088557e-02 8.604365014671981615e-03
1.122259221850366862e-01 1.517461078108088557e-02 8.604365014671981615e-03
1.122259221850366862e-01 1.517461078108088557e-02 8.604365014671981615e-03
1.122259221850366862e-01 1.517461078108088557e-02 8.604365014671981615e-03
1.122259221850366862e-01 1.517461078108088557e-02 8.604365014671981615e-03
1.122259221850366862e-01 1.517461078108088557e-02 8.604365014671981615e-03
2.529100372768193494e-02 1.148304792217733072e-01 1.065681610757337333e-02
2.529100372768193494e-02 1.148304792217733072e-01 1.065681610757337333e-02
2.529100372768193494e-02 1.148304792217733072e-01 1.065681610757337333e-02
2.529100372768193494e-02 1.148304792217733072e-01 1.065681610757337333e-02
2.529100372768193494e-02 1.148304792217733072e-01 1.065681610757337333e-02
2.529100372768193494e-02 1.148304792217733072e-01 1.065681610757337333e-02
2.529100372768193494e-02 1.148304792217733072e-01 1.065681610757337333e-02
2.529100372768193494e-02 1.148304792217733072e-01 1.065681610757337333e-02
2.529100372768193494e-02 1.148304792217733072e-01 1.065681610757337333e-02
2.529100372768193494e-02 1.148304792217733072e-01 1.065681610757337333e-02
-1.159805735798454807e-01 -5.756871623687186135e-02 1.153843358376732166e-02
-4.420070140937681219e-02 1.059472663981713692e-01 1.080247032650078105e-02
-4.420070140937681219e-02 1.059472663981713692e-01 1.080247032650078105e-02
-4.420070140937681219e-02 1.059472663981713692e-01 1.080247032650078105e-02
-4.420070140937681219e-02 1.059472663981713692e-01 1.080247032650078105e-02
-4.420070140937681219e-02 1.059472663981713692e-01 1.080247032650078105e-02
-4.420070140937681219e-02 1.059472663981713692e-01 1.080247032650078105e-02
-4.420070140937681219e-02 1.059472663981713692e-01 1.080247032650078105e-02
3.710378003546403042e-02 1.110467255380584300e-01 1.094074931320948921e-02
3.710378003546403042e-02 1.110467255380584300e-01 1.094074931320948921e-02
3.710378003546403042e-02 1.110467255380584300e-01 1.094074931320948921e-02
3.710378003546403042e-02 1.110467255380584300e-01 1.094074931320948921e-02
3.710378003546403042e-02 1.110467255380584300e-01 1.094074931320948921e-02
3.710378003546403042e-02 1.110467255380584300e-01 1.094074931320948921e-02
3.710378003546403042e-02 1.110467255380584300e-01 1.094074931320948921e-02
3.710378003546403042e-02 1.110467255380584300e-01 1.094074931320948921e-02
3.710378003546403042e-02 1.110467255380584300e-01 1.094074931320948921e-02
3.710378003546403042e-02 1.110467255380584300e-01 1.094074931320948921e-02
1.118131062453445318e-01 1.970275315831469809e-02 8.789221741003595129e-03
1.118131062453445318e-01 1.970275315831469809e-02 8.789221741003595129e-03
1.118131062453445318e-01 1.970275315831469809e-02 8.789221741003595129e-03
1.118131062453445318e-01 1.970275315831469809e-02 8.789221741003595129e-03
1.118131062453445318e-01 1.970275315831469809e-02 8.789221741003595129e-03
1.118131062453445318e-01 1.970275315831469809e-02 8.789221741003595129e-03
1.118131062453445318e-01 1.970275315831469809e-02 8.789221741003595129e-03
1.118131062453445318e-01 1.970275315831469809e-02 8.789221741003595129e-03
1.118131062453445318e-01 1.970275315831469809e-02 8.789221741003595129e-03
1.118131062453445318e-01 1.970275315831469809e-02 8.789221741003595129e-03
-9.645994203396089650e-02 6.882247448750411500e-02 1.111819805897053433e-02
-8.726821417226746092e-02 7.783592751383064390e-02 1.126295164920665740e-02
-8.726821417226746092e-02 7.783592751383064390e-02 1.126295164920665740e-02
-8.726821417226746092e-02 7.783592751383064390e-02 1.126295164920665740e-02
-8.726821417226746092e-02 7.783592751383064390e-02 1.126295164920665740e-02
-8.726821417226746092e-02 7.783592751383064390e-02 1.126295164920665740e-02
-8.726821417226746092e-02 7.783592751383064390e-02 1.126295164920665740e-02
-8.726821417226746092e-02 7.783592751383064390e-02 1.126295164920665740e-02
-8.726821417226746092e-02 7.783592751383064390e-02 1.126295164920665740e-02
-8.726821417226746092e-02 7.783592751383064390e-02 1.126295164920665740e-02
-8.726821417226746092e-02 7.783592751383064390e-02 1.126295164920665740e-02
-8.726821417226746092e-02 7.783592751383064390e-02 1.126295164920665740e-02
-2.089312168158940185e-03 1.045714660913827088e-01 8.868913065577757604e-03
-2.089312168158940185e-03 1.045714660913827088e-01 8.868913065577757604e-03
-2.089312168158940185e-03 1.045714660913827088e-01 8.868913065577757604e-03
-2.089312168158940185e-03 1.045714660913827088e-01 8.868913065577757604e-03
-2.089312168158940185e-03 1.045714660913827088e-01 8.868913065577757604e-03
-2.089312168158940185e-03 1.045714660913827088e-01 8.868913065577757604e-03
-2.089312168158940185e-03 1.045714660913827088e-01 8.868913065577757604e-03
-2.089312168158940185e-03 1.045714660913827088e-01 8.868913065577757604e-03
-1.127383628017332162e-01 4.313955760513497883e-02 1.158391016546123087e-02
-1.127383628017332162e-01 4.313955760513497883e-02 1.158391016546123087e-02
-1.127383628017332162e-01 4.313955760513497883e-02 1.158391016546123087e-02
-1.127383628017332162e-01 4.313955760513497883e-02 1.158391016546123087e-02
-1.127383628017332162e-01 4.313955760513497883e-02 1.158391016546123087e-02
-1.127383628017332162e-01 4.313955760513497883e-02 1.158391016546123087e-02
-1.127383628017332162e-01 4.313955760513497883e-02 1.158391016546123087e-02
-1.127383628017332162e-01 4.313955760513497883e-02 1.158391016546123087e-02
5.322478804576894623e-02 -1.278570298207147848e-01 1.172235798334323419e-02
5.322478804576894623e-02 -1.278570298207147848e-01 1.172235798334323419e-02
5.322478804576894623e-02 -1.278570298207147848e-01 1.172235798334323419e-02
5.322478804576894623e-02 -1.278570298207147848e-01 1.172235798334323419e-02
5.322478804576894623e-02 -1.278570298207147848e-01 1.172235798334323419e-02
5.322478804576894623e-02 -1.278570298207147848e-01 1.172235798334323419e-02
5.322478804576894623e-02 -1.278570298207147848e-01 1.172235798334323419e-02
5.322478804576894623e-02 -1.278570298207147848e-01 1.172235798334323419e-02
5.322478804576894623e-02 -1.278570298207147848e-01 1.172235798334323419e-02
5.322478804576894623e-02 -1.278570298207147848e-01 1.172235798334323419e-02
9.827534917261376846e-02 -8.612982423336626447e-02 1.095564411047542791e-02
9.827534917261376846e-02 -8.612982423336626447e-02 1.095564411047542791e-02
9.827534917261376846e-02 -8.612982423336626447e-02 1.095564411047542791e-02
9.827534917261376846e-02 -8.612982423336626447e-02 1.095564411047542791e-02
9.827534917261376846e-02 -8.612982423336626447e-02 1.095564411047542791e-02
9.827534917261376846e-02 -8.612982423336626447e-02 1.095564411047542791e-02
9.827534917261376846e-02 -8.612982423336626447e-02 1.095564411047542791e-02
9.827534917261376846e-02 -8.612982423336626447e-02 1.095564411047542791e-02
4.490307734425844077e-02 1.077118012003411146e-01 1.078286369812959250e-02
4.490307734425844077e-02 1.077118012003411146e-01 1.078286369812959250e-02
4.490307734425844077e-02 1.077118012003411146e-01 1.078286369812959250e-02
4.490307734425844077e-02 1.077118012003411146e-01 1.078286369812959250e-02
4.490307734425844077e-02 1.077118012003411146e-01 1.078286369812959250e-02
4.490307734425844077e-02 1.077118012003411146e-01 1.078286369812959250e-02
4.490307734425844077e-02 1.077118012003411146e-01 1.078286369812959250e-02
4.490307734425844077e-02 1.077118012003411146e-01 1.078286369812959250e-02
