9.189584582028250889e-03 2.054693009349153887e-02 2.792096969101042631e-02
1.624177850479959981e-04 -3.194846807378168979e-04 2.918202047049168329e-03
1.624177850479959981e-04 -3.194846807378168979e-04 2.918202047049168329e-03
1.624177850479959981e-04 -3.194846807378168979e-04 2.918202047049168329e-03
1.624177850479959981e-04 -3.194846807378168979e-04 2.918202047049168329e-03
1.624177850479959981e-04 -3.194846807378168979e-04 2.918202047049168329e-03
1.624177850479959981e-04 -3.194846807378168979e-04 2.918202047049168329e-03
1.624177850479959981e-04 -3.194846807378168979e-04 2.918202047049168329e-03
1.624177850479959981e-04 -3.194846807378168979e-04 2.918202047049168329e-03
1.624177850479959981e-04 -3.194846807378168979e-04 2.918202047049168329e-03
1.624177850479959981e-04 -3.194846807378168979e-04 2.918202047049168329e-03
1.624177850479959981e-04 -3.194846807378168979e-04 2.918202047049168329e-03
1.624177850479959981e-04 -3.194846807378168979e-04 2.918202047049168329e-03
-1.036826792906238304e-03 1.420386202559972312e-03 -2.449049560326661476e-02
-1.036826792906238304e-03 1.420386202559972312e-03 -2.449049560326661476e-02
-1.036826792906238304e-03 1.420386202559972312e-03 -2.449049560326661476e-02
-1.036826792906238304e-03 1.420386202559972312e-03 -2.449049560326661476e-02
-1.036826792906238304e-03 1.420386202559972312e-03 -2.449049560326661476e-02
-1.036826792906238304e-03 1.420386202559972312e-03 -2.449049560326661476e-02
-1.036826792906238304e-03 1.420386202559972312e-03 -2.449049560326661476e-02
-1.036826792906238304e-03 1.420386202559972312e-03 -2.449049560326661476e-02
-1.036826792906238304e-03 1.420386202559972312e-03 -2.449049560326661476e-02
-1.036826792906238304e-03 1.420386202559972312e-03 -2.449049560326661476e-02
-1.036826792906238304e-03 1.420386202559972312e-03 -2.449049560326661476e-02
-1.036826792906238304e-03 1.420386202559972312e-03 -2.449049560326661476e-02
-4.350417868986605416e-04 -5.151415761531670523e-04 1.358589473734935979e-02
-4.350417868986605416e-04 -5.151415761531670523e-04 1.358589473734935979e-02
-4.350417868986605416e-04 -5.151415761531670523e-04 1.358589473734935979e-02
-4.350417868986605416e-04 -5.151415761531670523e-04 1.358589473734935979e-02
-4.350417868986605416e-04 -5.151415761531670523e-04 1.358589473734935979e-02
-2.037572033499169231e-03 -2.339667925201071100e-02 1.330591681967815618e-02
-6.766709523765620377e-04 -1.266896160825158740e-04 4.911693404438274499e-03
-6.766709523765620377e-04 -1.266896160825158740e-04 4.911693404438274499e-03
-6.766709523765620377e-04 -1.266896160825158740e-04 4.911693404438274499e-03
-6.766709523765620377e-04 -1.266896160825158740e-04 4.911693404438274499e-03
-6.766709523765620377e-04 -1.266896160825158740e-04 4.911693404438274499e-03
-6.766709523765620377e-04 -1.266896160825158740e-04 4.911693404438274499e-03
-6.766709523765620377e-04 -1.266896160825158740e-04 4.911693404438274499e-03
-6.766709523765620377e-04 -1.266896160825158740e-04 4.911693404438274499e-03
-6.766709523765620377e-04 -1.266896160825158740e-04 4.911693404438274499e-03
-6.766709523765620377e-04 -1.266896160825158740e-04 4.911693404438274499e-03
-6.766709523765620377e-04 -1.266896160825158740e-04 4.911693404438274499e-03
-6.766709523765620377e-04 -1.266896160825158740e-04 4.911693404438274499e-03
6.659424616713206270e-04 -5.957859005562525512e-04 -1.686179504719956257e-02
6.659424616713206270e-04 -5.957859005562525512e-04 -1.686179504719956257e-02
6.659424616713206270e-04 -5.957859005562525512e-04 -1.686179504719956257e-02
6.659424616713206270e-04 -5.957859005562525512e-04 -1.686179504719956257e-02
6.659424616713206270e-04 -5.957859005562525512e-04 -1.686179504719956257e-02
6.659424616713206270e-04 -5.957859005562525512e-04 -1.686179504719956257e-02
6.659424616713206270e-04 -5.957859005562525512e-04 -1.686179504719956257e-02
6.659424616713206270e-04 -5.957859005562525512e-04 -1.686179504719956257e-02
6.659424616713206270e-04 -5.957859005562525512e-04 -1.686179504719956257e-02
6.659424616713206270e-04 -5.957859005562525512e-04 -1.686179504719956257e-02
6.659424616713206270e-04 -5.957859005562525512e-04 -1.686179504719956257e-02
6.659424616713206270e-04 -5.957859005562525512e-04 -1.686179504719956257e-02
6.659424616713206270e-04 -5.957859005562525512e-04 -1.686179504719956257e-02
6.659424616713206270e-04 -5.957859005562525512e-04 -1.686179504719956257e-02
-9.295770747159877445e-04 1.772282094476881203e-04 1.629047922222372040e-03
-9.295770747159877445e-04 1.772282094476881203e-04 1.629047922222372040e-03
-9.295770747159877445e-04 1.772282094476881203e-04 1.629047922222372040e-03
-9.295770747159877445e-04 1.772282094476881203e-04 1.629047922222372040e-03
-9.295770747159877445e-04 1.772282094476881203e-04 1.629047922222372040e-03
-9.295770747159877445e-04 1.772282094476881203e-04 1.629047922222372040e-03
-9.295770747159877445e-04 1.772282094476881203e-04 1.629047922222372040e-03
-9.295770747159877445e-04 1.772282094476881203e-04 1.629047922222372040e-03
-9.295770747159877445e-04 1.772282094476881203e-04 1.629047922222372040e-03
-9.295770747159877445e-04 1.772282094476881203e-04 1.629047922222372040e-03
-9.295770747159877445e-04 1.772282094476881203e-04 1.629047922222372040e-03
-9.295770747159877445e-04 1.772282094476881203e-04 1.629047922222372040e-03
-9.295770747159877445e-04 1.772282094476881203e-04 1.629047922222372040e-03
-2.379726199088052010e-04 -4.973242084143382480e-04 1.325725535046073933e-02
-2.379726199088052010e-04 -4.973242084143382480e-04 1.325725535046073933e-02
-2.379726199088052010e-04 -4.973242084143382480e-04 1.325725535046073933e-02
-2.379726199088052010e-04 -4.973242084143382480e-04 1.325725535046073933e-02
-6.342191962827054691e-04 2.086624191132953679e-04 8.212778537162637726e-03
-6.342191962827054691e-04 2.086624191132953679e-04 8.212778537162637726e-03
-6.342191962827054691e-04 2.086624191132953679e-04 8.212778537162637726e-03
-6.342191962827054691e-04 2.086624191132953679e-04 8.212778537162637726e-03
-6.342191962827054691e-04 2.086624191132953679e-04 8.212778537162637726e-03
-6.342191962827054691e-04 2.086624191132953679e-04 8.212778537162637726e-03
-6.342191962827054691e-04 2.086624191132953679e-04 8.212778537162637726e-03
-6.342191962827054691e-04 2.086624191132953679e-04 8.212778537162637726e-03
-6.342191962827054691e-04 2.086624191132953679e-04 8.212778537162637726e-03
-6.342191962827054691e-04 2.086624191132953679e-04 8.212778537162637726e-03
-6.342191962827054691e-04 2.086624191132953679e-04 8.212778537162637726e-03
-6.342191962827054691e-04 2.086624191132953679e-04 8.212778537162637726e-03
2.262507413923903199e-02 -1.277399660698696517e-03 2.018047575282202327e-02
-4.778472613672870087e-03 -2.313512727499453595e-02 2.410286477286772630e-02
-2.286289568209131512e-02 -5.904471668742481208e-03 2.809541780964654525e-02
-6.699170659599787067e-04 -6.384688089373039693e-04 4.497309236044412864e-03
-6.699170659599787067e-04 -6.384688089373039693e-04 4.497309236044412864e-03
-6.699170659599787067e-04 -6.384688089373039693e-04 4.497309236044412864e-03
-6.699170659599787067e-04 -6.384688089373039693e-04 4.497309236044412864e-03
-6.699170659599787067e-04 -6.384688089373039693e-04 4.497309236044412864e-03
-6.699170659599787067e-04 -6.384688089373039693e-04 4.497309236044412864e-03
-6.699170659599787067e-04 -6.384688089373039693e-04 4.497309236044412864e-03
-6.699170659599787067e-04 -6.384688089373039693e-04 4.497309236044412864e-03
-6.699170659599787067e-04 -6.384688089373039693e-04 4.497309236044412864e-03
-6.699170659599787067e-04 -6.384688089373039693e-04 4.497309236044412864e-03
-6.699170659599787067e-04 -6.384688089373039693e-04 4.497309236044412864e-03
-6.699170659599787067e-04 -6.384688089373039693e-04 4.497309236044412864e-03
-1.441646300732796291e-03 -6.929524019515624633e-04 5.151931555355945477e-03
-1.441646300732796291e-03 -6.929524019515624633e-04 5.151931555355945477e-03
-1.441646300732796291e-03 -6.929524019515624633e-04 5.151931555355945477e-03
-1.441646300732796291e-03 -6.929524019515624633e-04 5.151931555355945477e-03
-1.441646300732796291e-03 -6.929524019515624633e-04 5.151931555355945477e-03
-1.441646300732796291e-03 -6.929524019515624633e-04 5.151931555355945477e-03
-1.441646300732796291e-03 -6.929524019515624633e-04 5.151931555355945477e-03
-1.441646300732796291e-03 -6.929524019515624633e-04 5.151931555355945477e-03
-1.441646300732796291e-03 -6.929524019515624633e-04 5.151931555355945477e-03
-1.441646300732796291e-03 -6.929524019515624633e-04 5.151931555355945477e-03
-1.441646300732796291e-03 -6.929524019515624633e-04 5.151931555355945477e-03
-1.441646300732796291e-03 -6.929524019515624633e-04 5.151931555355945477e-03
-7.951889405111853965e-03 2.108620543539469969e-02 2.154217811243916425e-02
-1.892096574469527906e-02 1.353409451829484973e-02 2.990989214238888583e-02
-4.152227334123983343e-04 -3.545385662283694755e-04 2.955630510228337768e-03
-4.152227334123983343e-04 -3.545385662283694755e-04 2.955630510228337768e-03
-4.152227334123983343e-04 -3.545385662283694755e-04 2.955630510228337768e-03
-4.152227334123983343e-04 -3.545385662283694755e-04 2.955630510228337768e-03
-4.152227334123983343e-04 -3.545385662283694755e-04 2.955630510228337768e-03
-4.152227334123983343e-04 -3.545385662283694755e-04 2.955630510228337768e-03
-4.152227334123983343e-04 -3.545385662283694755e-04 2.955630510228337768e-03
-4.152227334123983343e-04 -3.545385662283694755e-04 2.955630510228337768e-03
-4.152227334123983343e-04 -3.545385662283694755e-04 2.955630510228337768e-03
-4.152227334123983343e-04 -3.545385662283694755e-04 2.955630510228337768e-03
-4.152227334123983343e-04 -3.545385662283694755e-04 2.955630510228337768e-03
-4.152227334123983343e-04 -3.545385662283694755e-04 2.955630510228337768e-03
-6.582949409349274361e-04 -1.133118220275198054e-03 -2.056177850021287910e-04
-6.582949409349274361e-04 -1.133118220275198054e-03 -2.056177850021287910e-04
-6.582949409349274361e-04 -1.133118220275198054e-03 -2.056177850021287910e-04
-6.582949409349274361e-04 -1.133118220275198054e-03 -2.056177850021287910e-04
-6.582949409349274361e-04 -1.133118220275198054e-03 -2.056177850021287910e-04
-6.582949409349274361e-04 -1.133118220275198054e-03 -2.056177850021287910e-04
-6.582949409349274361e-04 -1.133118220275198054e-03 -2.056177850021287910e-04
-6.582949409349274361e-04 -1.133118220275198054e-03 -2.056177850021287910e-04
-6.582949409349274361e-04 -1.133118220275198054e-03 -2.056177850021287910e-04
-6.582949409349274361e-04 -1.133118220275198054e-03 -2.056177850021287910e-04
-6.582949409349274361e-04 -1.133118220275198054e-03 -2.056177850021287910e-04
-6.582949409349274361e-04 -1.133118220275198054e-03 -2.056177850021287910e-04
-6.063287831258580519e-04 -4.444312476549298896e-04 -1.096119650820616756e-02
-6.063287831258580519e-04 -4.444312476549298896e-04 -1.096119650820616756e-02
-6.063287831258580519e-04 -4.444312476549298896e-04 -1.096119650820616756e-02
-6.063287831258580519e-04 -4.444312476549298896e-04 -1.096119650820616756e-02
-6.063287831258580519e-04 -4.444312476549298896e-04 -1.096119650820616756e-02
-6.063287831258580519e-04 -4.444312476549298896e-04 -1.096119650820616756e-02
-6.063287831258580519e-04 -4.444312476549298896e-04 -1.096119650820616756e-02
-6.063287831258580519e-04 -4.444312476549298896e-04 -1.096119650820616756e-02
-6.063287831258580519e-04 -4.444312476549298896e-04 -1.096119650820616756e-02
-6.063287831258580519e-04 -4.444312476549298896e-04 -1.096119650820616756e-02
-6.063287831258580519e-04 -4.444312476549298896e-04 -1.096119650820616756e-02
-6.063287831258580519e-04 -4.444312476549298896e-04 -1.096119650820616756e-02
-6.063287831258580519e-04 -4.444312476549298896e-04 -1.096119650820616756e-02
-6.063287831258580519e-04 -4.444312476549298896e-04 -1.096119650820616756e-02
-7.388583372669984065e-04 -8.196596160539078996e-04 1.512093776800797762e-02
-7.388583372669984065e-04 -8.196596160539078996e-04 1.512093776800797762e-02
-3.349389033386442407e-04 -3.897659016684068556e-04 -2.387731682425463936e-03
-3.349389033386442407e-04 -3.897659016684068556e-04 -2.387731682425463936e-03
-3.349389033386442407e-04 -3.897659016684068556e-04 -2.387731682425463936e-03
-3.349389033386442407e-04 -3.897659016684068556e-04 -2.387731682425463936e-03
-3.349389033386442407e-04 -3.897659016684068556e-04 -2.387731682425463936e-03
-3.349389033386442407e-04 -3.897659016684068556e-04 -2.387731682425463936e-03
-3.349389033386442407e-04 -3.897659016684068556e-04 -2.387731682425463936e-03
-3.349389033386442407e-04 -3.897659016684068556e-04 -2.387731682425463936e-03
-3.349389033386442407e-04 -3.897659016684068556e-04 -2.387731682425463936e-03
-3.349389033386442407e-04 -3.897659016684068556e-04 -2.387731682425463936e-03
-3.349389033386442407e-04 -3.897659016684068556e-04 -2.387731682425463936e-03
-3.349389033386442407e-04 -3.897659016684068556e-04 -2.387731682425463936e-03
-3.349389033386442407e-04 -3.897659016684068556e-04 -2.387731682425463936e-03
-3.349389033386442407e-04 -3.897659016684068556e-04 -2.387731682425463936e-03
-9.702625134027930559e-03 -2.022385406325612200e-02 -2.638876086017215988e-03
-7.365393921704951104e-04 -4.774610712277079644e-04 -1.672298572407287381e-02
-7.365393921704951104e-04 -4.774610712277079644e-04 -1.672298572407287381e-02
-7.365393921704951104e-04 -4.774610712277079644e-04 -1.672298572407287381e-02
-7.365393921704951104e-04 -4.774610712277079644e-04 -1.672298572407287381e-02
-7.365393921704951104e-04 -4.774610712277079644e-04 -1.672298572407287381e-02
-7.365393921704951104e-04 -4.774610712277079644e-04 -1.672298572407287381e-02
-7.365393921704951104e-04 -4.774610712277079644e-04 -1.672298572407287381e-02
-7.365393921704951104e-04 -4.774610712277079644e-04 -1.672298572407287381e-02
-7.365393921704951104e-04 -4.774610712277079644e-04 -1.672298572407287381e-02
-7.365393921704951104e-04 -4.774610712277079644e-04 -1.672298572407287381e-02
-7.365393921704951104e-04 -4.774610712277079644e-04 -1.672298572407287381e-02
-7.365393921704951104e-04 -4.774610712277079644e-04 -1.672298572407287381e-02
-7.365393921704951104e-04 -4.774610712277079644e-04 -1.672298572407287381e-02
-7.365393921704951104e-04 -4.774610712277079644e-04 -1.672298572407287381e-02
-2.291798886201618785e-02 6.486833589580229265e-03 3.060508721997702228e-02
-2.291798886201618785e-02 6.486833589580229265e-03 3.060508721997702228e-02
-1.256858033432005015e-04 -4.452745734031468561e-04 -1.127708539828955331e-02
-1.256858033432005015e-04 -4.452745734031468561e-04 -1.127708539828955331e-02
-1.256858033432005015e-04 -4.452745734031468561e-04 -1.127708539828955331e-02
-1.256858033432005015e-04 -4.452745734031468561e-04 -1.127708539828955331e-02
-1.256858033432005015e-04 -4.452745734031468561e-04 -1.127708539828955331e-02
-1.256858033432005015e-04 -4.452745734031468561e-04 -1.127708539828955331e-02
-1.256858033432005015e-04 -4.452745734031468561e-04 -1.127708539828955331e-02
-1.256858033432005015e-04 -4.452745734031468561e-04 -1.127708539828955331e-02
-1.256858033432005015e-04 -4.452745734031468561e-04 -1.127708539828955331e-02
-1.256858033432005015e-04 -4.452745734031468561e-04 -1.127708539828955331e-02
-1.256858033432005015e-04 -4.452745734031468561e-04 -1.127708539828955331e-02
-1.256858033432005015e-04 -4.452745734031468561e-04 -1.127708539828955331e-02
-1.256858033432005015e-04 -4.452745734031468561e-04 -1.127708539828955331e-02
-1.256858033432005015e-04 -4.452745734031468561e-04 -1.127708539828955331e-02
-2.931553785640375609e-05 -6.228484331842129573e-04 -1.851428888009989601e-02
-2.931553785640375609e-05 -6.228484331842129573e-04 -1.851428888009989601e-02
-2.931553785640375609e-05 -6.228484331842129573e-04 -1.851428888009989601e-02
-2.931553785640375609e-05 -6.228484331842129573e-04 -1.851428888009989601e-02
-2.931553785640375609e-05 -6.228484331842129573e-04 -1.851428888009989601e-02
-2.931553785640375609e-05 -6.228484331842129573e-04 -1.851428888009989601e-02
-2.931553785640375609e-05 -6.228484331842129573e-04 -1.851428888009989601e-02
-2.931553785640375609e-05 -6.228484331842129573e-04 -1.851428888009989601e-02
-2.931553785640375609e-05 -6.228484331842129573e-04 -1.851428888009989601e-02
-2.931553785640375609e-05 -6.228484331842129573e-04 -1.851428888009989601e-02
-2.931553785640375609e-05 -6.228484331842129573e-04 -1.851428888009989601e-02
-2.931553785640375609e-05 -6.228484331842129573e-04 -1.851428888009989601e-02
-2.931553785640375609e-05 -6.228484331842129573e-04 -1.851428888009989601e-02
-2.931553785640375609e-05 -6.228484331842129573e-04 -1.851428888009989601e-02
-2.931553785640375609e-05 -6.228484331842129573e-04 -1.851428888009989601e-02
1.118314141044865484e-04 -1.650419509492136606e-03 -9.141939095963148854e-03
1.118314141044865484e-04 -1.650419509492136606e-03 -9.141939095963148854e-03
1.118314141044865484e-04 -1.650419509492136606e-03 -9.141939095963148854e-03
1.118314141044865484e-04 -1.650419509492136606e-03 -9.141939095963148854e-03
1.118314141044865484e-04 -1.650419509492136606e-03 -9.141939095963148854e-03
1.118314141044865484e-04 -1.650419509492136606e-03 -9.141939095963148854e-03
1.118314141044865484e-04 -1.650419509492136606e-03 -9.141939095963148854e-03
1.118314141044865484e-04 -1.650419509492136606e-03 -9.141939095963148854e-03
1.118314141044865484e-04 -1.650419509492136606e-03 -9.141939095963148854e-03
1.118314141044865484e-04 -1.650419509492136606e-03 -9.141939095963148854e-03
1.118314141044865484e-04 -1.650419509492136606e-03 -9.141939095963148854e-03
1.118314141044865484e-04 -1.650419509492136606e-03 -9.141939095963148854e-03
1.118314141044865484e-04 -1.650419509492136606e-03 -9.141939095963148854e-03
1.118314141044865484e-04 -1.650419509492136606e-03 -9.141939095963148854e-03
6.739207100550342021e-03 -2.254385774109475202e-02 2.624918634485751134e-02
