1.298441131027375413e-02 -4.559958444056783772e-03 2.803513036076021869e-02
1.298441131027375413e-02 -4.559958444056783772e-03 2.803513036076021869e-02
1.298441131027375413e-02 -4.559958444056783772e-03 2.803513036076021869e-02
1.298441131027375413e-02 -4.559958444056783772e-03 2.803513036076021869e-02
1.298441131027375413e-02 -4.559958444056783772e-03 2.803513036076021869e-02
1.298441131027375413e-02 -4.559958444056783772e-03 2.803513036076021869e-02
1.298441131027375413e-02 -4.559958444056783772e-03 2.803513036076021869e-02
1.298441131027375413e-02 -4.559958444056783772e-03 2.803513036076021869e-02
1.298441131027375413e-02 -4.559958444056783772e-03 2.803513036076021869e-02
1.298441131027375413e-02 -4.559958444056783772e-03 2.803513036076021869e-02
1.298441131027375413e-02 -4.559958444056783772e-03 2.803513036076021869e-02
1.298441131027375413e-02 -4.559958444056783772e-03 2.803513036076021869e-02
1.298441131027375413e-02 -4.559958444056783772e-03 2.803513036076021869e-02
1.298441131027375413e-02 -4.559958444056783772e-03 2.803513036076021869e-02
-2.880158152867365318e-03 -8.577466920754270308e-03 -7.545874646017289300e-02
-2.880158152867365318e-03 -8.577466920754270308e-03 -7.545874646017289300e-02
-2.880158152867365318e-03 -8.577466920754270308e-03 -7.545874646017289300e-02
-2.880158152867365318e-03 -8.577466920754270308e-03 -7.545874646017289300e-02
-2.880158152867365318e-03 -8.577466920754270308e-03 -7.545874646017289300e-02
-2.880158152867365318e-03 -8.577466920754270308e-03 -7.545874646017289300e-02
-2.880158152867365318e-03 -8.577466920754270308e-03 -7.545874646017289300e-02
1.061394082298022790e-04 7.816516786972637146e-03 -2.622040568584077785e-03
1.061394082298022790e-04 7.816516786972637146e-03 -2.622040568584077785e-03
1.061394082298022790e-04 7.816516786972637146e-03 -2.622040568584077785e-03
1.061394082298022790e-04 7.816516786972637146e-03 -2.622040568584077785e-03
1.061394082298022790e-04 7.816516786972637146e-03 -2.622040568584077785e-03
1.061394082298022790e-04 7.816516786972637146e-03 -2.622040568584077785e-03
1.061394082298022790e-04 7.816516786972637146e-03 -2.622040568584077785e-03
1.061394082298022790e-04 7.816516786972637146e-03 -2.622040568584077785e-03
1.061394082298022790e-04 7.816516786972637146e-03 -2.622040568584077785e-03
1.061394082298022790e-04 7.816516786972637146e-03 -2.622040568584077785e-03
-3.480806285153264373e-02 6.413389886979183052e-03 -8.644955411938304302e-02
-3.480806285153264373e-02 6.413389886979183052e-03 -8.644955411938304302e-02
-3.480806285153264373e-02 6.413389886979183052e-03 -8.644955411938304302e-02
-3.480806285153264373e-02 6.413389886979183052e-03 -8.644955411938304302e-02
-3.480806285153264373e-02 6.413389886979183052e-03 -8.644955411938304302e-02
-3.480806285153264373e-02 6.413389886979183052e-03 -8.644955411938304302e-02
-3.480806285153264373e-02 6.413389886979183052e-03 -8.644955411938304302e-02
-3.480806285153264373e-02 6.413389886979183052e-03 -8.644955411938304302e-02
-3.480806285153264373e-02 6.413389886979183052e-03 -8.644955411938304302e-02
-2.029375031832044221e-02 3.018764364570721004e-03 -4.241494404228520615e-03
-2.029375031832044221e-02 3.018764364570721004e-03 -4.241494404228520615e-03
-2.029375031832044221e-02 3.018764364570721004e-03 -4.241494404228520615e-03
-2.029375031832044221e-02 3.018764364570721004e-03 -4.241494404228520615e-03
-2.029375031832044221e-02 3.018764364570721004e-03 -4.241494404228520615e-03
-2.029375031832044221e-02 3.018764364570721004e-03 -4.241494404228520615e-03
-2.029375031832044221e-02 3.018764364570721004e-03 -4.241494404228520615e-03
-2.029375031832044221e-02 3.018764364570721004e-03 -4.241494404228520615e-03
1.376141776809021618e-03 -1.842078469153175108e-03 4.033259029587709862e-03
1.376141776809021618e-03 -1.842078469153175108e-03 4.033259029587709862e-03
1.376141776809021618e-03 -1.842078469153175108e-03 4.033259029587709862e-03
1.376141776809021618e-03 -1.842078469153175108e-03 4.033259029587709862e-03
1.376141776809021618e-03 -1.842078469153175108e-03 4.033259029587709862e-03
1.376141776809021618e-03 -1.842078469153175108e-03 4.033259029587709862e-03
1.376141776809021618e-03 -1.842078469153175108e-03 4.033259029587709862e-03
1.376141776809021618e-03 -1.842078469153175108e-03 4.033259029587709862e-03
1.376141776809021618e-03 -1.842078469153175108e-03 4.033259029587709862e-03
2.952300467503601519e-02 -7.728984921915676987e-03 -6.156073863235923815e-02
2.952300467503601519e-02 -7.728984921915676987e-03 -6.156073863235923815e-02
2.952300467503601519e-02 -7.728984921915676987e-03 -6.156073863235923815e-02
2.952300467503601519e-02 -7.728984921915676987e-03 -6.156073863235923815e-02
2.952300467503601519e-02 -7.728984921915676987e-03 -6.156073863235923815e-02
2.952300467503601519e-02 -7.728984921915676987e-03 -6.156073863235923815e-02
2.952300467503601519e-02 -7.728984921915676987e-03 -6.156073863235923815e-02
2.952300467503601519e-02 -7.728984921915676987e-03 -6.156073863235923815e-02
-1.430731626543655863e-02 1.244564729975375372e-03 6.902831983226878632e-02
-1.430731626543655863e-02 1.244564729975375372e-03 6.902831983226878632e-02
-1.430731626543655863e-02 1.244564729975375372e-03 6.902831983226878632e-02
-1.430731626543655863e-02 1.244564729975375372e-03 6.902831983226878632e-02
-1.430731626543655863e-02 1.244564729975375372e-03 6.902831983226878632e-02
-1.430731626543655863e-02 1.244564729975375372e-03 6.902831983226878632e-02
-1.430731626543655863e-02 1.244564729975375372e-03 6.902831983226878632e-02
-1.430731626543655863e-02 1.244564729975375372e-03 6.902831983226878632e-02
-1.430731626543655863e-02 1.244564729975375372e-03 6.902831983226878632e-02
-1.430731626543655863e-02 1.244564729975375372e-03 6.902831983226878632e-02
-1.430731626543655863e-02 1.244564729975375372e-03 6.902831983226878632e-02
-1.430731626543655863e-02 1.244564729975375372e-03 6.902831983226878632e-02
3.963454171609584117e-03 -2.186150908930279552e-03 -4.239926696842356846e-02
3.963454171609584117e-03 -2.186150908930279552e-03 -4.239926696842356846e-02
3.963454171609584117e-03 -2.186150908930279552e-03 -4.239926696842356846e-02
3.963454171609584117e-03 -2.186150908930279552e-03 -4.239926696842356846e-02
3.963454171609584117e-03 -2.186150908930279552e-03 -4.239926696842356846e-02
3.963454171609584117e-03 -2.186150908930279552e-03 -4.239926696842356846e-02
3.636758925864970460e-02 -9.508906859516014914e-03 7.776049369197556016e-02
3.636758925864970460e-02 -9.508906859516014914e-03 7.776049369197556016e-02
3.636758925864970460e-02 -9.508906859516014914e-03 7.776049369197556016e-02
3.636758925864970460e-02 -9.508906859516014914e-03 7.776049369197556016e-02
3.636758925864970460e-02 -9.508906859516014914e-03 7.776049369197556016e-02
3.636758925864970460e-02 -9.508906859516014914e-03 7.776049369197556016e-02
3.636758925864970460e-02 -9.508906859516014914e-03 7.776049369197556016e-02
3.636758925864970460e-02 -9.508906859516014914e-03 7.776049369197556016e-02
3.636758925864970460e-02 -9.508906859516014914e-03 7.776049369197556016e-02
3.636758925864970460e-02 -9.508906859516014914e-03 7.776049369197556016e-02
3.636758925864970460e-02 -9.508906859516014914e-03 7.776049369197556016e-02
3.636758925864970460e-02 -9.508906859516014914e-03 7.776049369197556016e-02
-6.718369770245081335e-03 -2.913798035882577547e-02 -1.065431937623737280e-01
-6.718369770245081335e-03 -2.913798035882577547e-02 -1.065431937623737280e-01
-6.718369770245081335e-03 -2.913798035882577547e-02 -1.065431937623737280e-01
-6.718369770245081335e-03 -2.913798035882577547e-02 -1.065431937623737280e-01
-6.718369770245081335e-03 -2.913798035882577547e-02 -1.065431937623737280e-01
-6.718369770245081335e-03 -2.913798035882577547e-02 -1.065431937623737280e-01
-6.718369770245081335e-03 -2.913798035882577547e-02 -1.065431937623737280e-01
-6.718369770245081335e-03 -2.913798035882577547e-02 -1.065431937623737280e-01
-6.718369770245081335e-03 -2.913798035882577547e-02 -1.065431937623737280e-01
-6.718369770245081335e-03 -2.913798035882577547e-02 -1.065431937623737280e-01
-6.718369770245081335e-03 -2.913798035882577547e-02 -1.065431937623737280e-01
1.147380960274852098e-02 -3.689855228655725128e-03 -8.889441058338765078e-02
1.147380960274852098e-02 -3.689855228655725128e-03 -8.889441058338765078e-02
1.147380960274852098e-02 -3.689855228655725128e-03 -8.889441058338765078e-02
1.147380960274852098e-02 -3.689855228655725128e-03 -8.889441058338765078e-02
1.147380960274852098e-02 -3.689855228655725128e-03 -8.889441058338765078e-02
1.147380960274852098e-02 -3.689855228655725128e-03 -8.889441058338765078e-02
1.147380960274852098e-02 -3.689855228655725128e-03 -8.889441058338765078e-02
1.147380960274852098e-02 -3.689855228655725128e-03 -8.889441058338765078e-02
1.147380960274852098e-02 -3.689855228655725128e-03 -8.889441058338765078e-02
1.147380960274852098e-02 -3.689855228655725128e-03 -8.889441058338765078e-02
1.147380960274852098e-02 -3.689855228655725128e-03 -8.889441058338765078e-02
1.147380960274852098e-02 -3.689855228655725128e-03 -8.889441058338765078e-02
1.147380960274852098e-02 -3.689855228655725128e-03 -8.889441058338765078e-02
-2.383869427540298222e-02 3.525121179856833403e-03 4.600592733246557098e-02
-2.383869427540298222e-02 3.525121179856833403e-03 4.600592733246557098e-02
-2.383869427540298222e-02 3.525121179856833403e-03 4.600592733246557098e-02
-2.383869427540298222e-02 3.525121179856833403e-03 4.600592733246557098e-02
-2.383869427540298222e-02 3.525121179856833403e-03 4.600592733246557098e-02
-2.383869427540298222e-02 3.525121179856833403e-03 4.600592733246557098e-02
-2.383869427540298222e-02 3.525121179856833403e-03 4.600592733246557098e-02
-2.383869427540298222e-02 3.525121179856833403e-03 4.600592733246557098e-02
-2.383869427540298222e-02 3.525121179856833403e-03 4.600592733246557098e-02
-2.383869427540298222e-02 3.525121179856833403e-03 4.600592733246557098e-02
-2.383869427540298222e-02 3.525121179856833403e-03 4.600592733246557098e-02
-2.383869427540298222e-02 3.525121179856833403e-03 4.600592733246557098e-02
-3.439984365741360905e-03 -8.401506803006603477e-03 2.789381737053508656e-02
-3.439984365741360905e-03 -8.401506803006603477e-03 2.789381737053508656e-02
-3.439984365741360905e-03 -8.401506803006603477e-03 2.789381737053508656e-02
-3.439984365741360905e-03 -8.401506803006603477e-03 2.789381737053508656e-02
-3.439984365741360905e-03 -8.401506803006603477e-03 2.789381737053508656e-02
-3.439984365741360905e-03 -8.401506803006603477e-03 2.789381737053508656e-02
-3.439984365741360905e-03 -8.401506803006603477e-03 2.789381737053508656e-02
-3.439984365741360905e-03 -8.401506803006603477e-03 2.789381737053508656e-02
-3.439984365741360905e-03 -8.401506803006603477e-03 2.789381737053508656e-02
-3.439984365741360905e-03 -8.401506803006603477e-03 2.789381737053508656e-02
-3.439984365741360905e-03 -8.401506803006603477e-03 2.789381737053508656e-02
-3.439984365741360905e-03 -8.401506803006603477e-03 2.789381737053508656e-02
-8.249772027416495124e-03 -3.219009970574870927e-02 1.971054117206683456e-02
-8.249772027416495124e-03 -3.219009970574870927e-02 1.971054117206683456e-02
-8.249772027416495124e-03 -3.219009970574870927e-02 1.971054117206683456e-02
-8.249772027416495124e-03 -3.219009970574870927e-02 1.971054117206683456e-02
-8.249772027416495124e-03 -3.219009970574870927e-02 1.971054117206683456e-02
-8.249772027416495124e-03 -3.219009970574870927e-02 1.971054117206683456e-02
-8.249772027416495124e-03 -3.219009970574870927e-02 1.971054117206683456e-02
-8.249772027416495124e-03 -3.219009970574870927e-02 1.971054117206683456e-02
-8.249772027416495124e-03 -3.219009970574870927e-02 1.971054117206683456e-02
2.504922003089138718e-02 -6.917122096977413453e-03 -2.013697493244830453e-02
2.504922003089138718e-02 -6.917122096977413453e-03 -2.013697493244830453e-02
2.504922003089138718e-02 -6.917122096977413453e-03 -2.013697493244830453e-02
2.504922003089138718e-02 -6.917122096977413453e-03 -2.013697493244830453e-02
2.504922003089138718e-02 -6.917122096977413453e-03 -2.013697493244830453e-02
2.504922003089138718e-02 -6.917122096977413453e-03 -2.013697493244830453e-02
2.504922003089138718e-02 -6.917122096977413453e-03 -2.013697493244830453e-02
2.504922003089138718e-02 -6.917122096977413453e-03 -2.013697493244830453e-02
-3.911600660561569132e-02 7.314894673993942859e-03 -7.648422108523073026e-02
-3.911600660561569132e-02 7.314894673993942859e-03 -7.648422108523073026e-02
-3.911600660561569132e-02 7.314894673993942859e-03 -7.648422108523073026e-02
-3.911600660561569132e-02 7.314894673993942859e-03 -7.648422108523073026e-02
-3.911600660561569132e-02 7.314894673993942859e-03 -7.648422108523073026e-02
-3.911600660561569132e-02 7.314894673993942859e-03 -7.648422108523073026e-02
-3.911600660561569132e-02 7.314894673993942859e-03 -7.648422108523073026e-02
-3.911600660561569132e-02 7.314894673993942859e-03 -7.648422108523073026e-02
-3.911600660561569132e-02 7.314894673993942859e-03 -7.648422108523073026e-02
-5.578853847562049995e-03 -1.972702785836337805e-02 -1.339803201077522515e-02
-5.578853847562049995e-03 -1.972702785836337805e-02 -1.339803201077522515e-02
-5.578853847562049995e-03 -1.972702785836337805e-02 -1.339803201077522515e-02
-5.578853847562049995e-03 -1.972702785836337805e-02 -1.339803201077522515e-02
-5.578853847562049995e-03 -1.972702785836337805e-02 -1.339803201077522515e-02
-5.578853847562049995e-03 -1.972702785836337805e-02 -1.339803201077522515e-02
-5.578853847562049995e-03 -1.972702785836337805e-02 -1.339803201077522515e-02
-5.578853847562049995e-03 -1.972702785836337805e-02 -1.339803201077522515e-02
-5.578853847562049995e-03 -1.972702785836337805e-02 -1.339803201077522515e-02
8.110180345088204359e-04 -1.702450186102433261e-03 8.564506988016666253e-04
8.110180345088204359e-04 -1.702450186102433261e-03 8.564506988016666253e-04
8.110180345088204359e-04 -1.702450186102433261e-03 8.564506988016666253e-04
8.110180345088204359e-04 -1.702450186102433261e-03 8.564506988016666253e-04
8.110180345088204359e-04 -1.702450186102433261e-03 8.564506988016666253e-04
8.110180345088204359e-04 -1.702450186102433261e-03 8.564506988016666253e-04
8.110180345088204359e-04 -1.702450186102433261e-03 8.564506988016666253e-04
8.110180345088204359e-04 -1.702450186102433261e-03 8.564506988016666253e-04
8.110180345088204359e-04 -1.702450186102433261e-03 8.564506988016666253e-04
6.402265243836205433e-04 7.944511183000595167e-03 -9.589122837435268276e-02
6.402265243836205433e-04 7.944511183000595167e-03 -9.589122837435268276e-02
6.402265243836205433e-04 7.944511183000595167e-03 -9.589122837435268276e-02
6.402265243836205433e-04 7.944511183000595167e-03 -9.589122837435268276e-02
6.402265243836205433e-04 7.944511183000595167e-03 -9.589122837435268276e-02
6.402265243836205433e-04 7.944511183000595167e-03 -9.589122837435268276e-02
6.402265243836205433e-04 7.944511183000595167e-03 -9.589122837435268276e-02
6.402265243836205433e-04 7.944511183000595167e-03 -9.589122837435268276e-02
6.402265243836205433e-04 7.944511183000595167e-03 -9.589122837435268276e-02
6.402265243836205433e-04 7.944511183000595167e-03 -9.589122837435268276e-02
6.402265243836205433e-04 7.944511183000595167e-03 -9.589122837435268276e-02
6.402265243836205433e-04 7.944511183000595167e-03 -9.589122837435268276e-02
6.372220493262858998e-03 3.465612659524004713e-02 -2.788571197704122623e-02
6.372220493262858998e-03 3.465612659524004713e-02 -2.788571197704122623e-02
6.372220493262858998e-03 3.465612659524004713e-02 -2.788571197704122623e-02
6.372220493262858998e-03 3.465612659524004713e-02 -2.788571197704122623e-02
6.372220493262858998e-03 3.465612659524004713e-02 -2.788571197704122623e-02
6.372220493262858998e-03 3.465612659524004713e-02 -2.788571197704122623e-02
6.372220493262858998e-03 3.465612659524004713e-02 -2.788571197704122623e-02
2.094243270972552529e-02 -6.200094451946060181e-03 -2.918730135201240417e-04
2.094243270972552529e-02 -6.200094451946060181e-03 -2.918730135201240417e-04
2.094243270972552529e-02 -6.200094451946060181e-03 -2.918730135201240417e-04
2.094243270972552529e-02 -6.200094451946060181e-03 -2.918730135201240417e-04
2.094243270972552529e-02 -6.200094451946060181e-03 -2.918730135201240417e-04
2.094243270972552529e-02 -6.200094451946060181e-03 -2.918730135201240417e-04
2.094243270972552529e-02 -6.200094451946060181e-03 -2.918730135201240417e-04
2.094243270972552529e-02 -6.200094451946060181e-03 -2.918730135201240417e-04
2.094243270972552529e-02 -6.200094451946060181e-03 -2.918730135201240417e-04
5.546960718673256407e-03 3.194223874701027088e-02 4.088085735065913329e-02
5.546960718673256407e-03 3.194223874701027088e-02 4.088085735065913329e-02
5.546960718673256407e-03 3.194223874701027088e-02 4.088085735065913329e-02
5.546960718673256407e-03 3.194223874701027088e-02 4.088085735065913329e-02
5.546960718673256407e-03 3.194223874701027088e-02 4.088085735065913329e-02
5.546960718673256407e-03 3.194223874701027088e-02 4.088085735065913329e-02
5.546960718673256407e-03 3.194223874701027088e-02 4.088085735065913329e-02
5.546960718673256407e-03 3.194223874701027088e-02 4.088085735065913329e-02
5.546960718673256407e-03 3.194223874701027088e-02 4.088085735065913329e-02
5.546960718673256407e-03 3.194223874701027088e-02 4.088085735065913329e-02
5.546960718673256407e-03 3.194223874701027088e-02 4.088085735065913329e-02
