1.117230094537784157e-03 -2.630995264843118478e-03 -4.818850675448233672e-02
1.117230094537784157e-03 -2.630995264843118478e-03 -4.818850675448233672e-02
1.117230094537784157e-03 -2.630995264843118478e-03 -4.818850675448233672e-02
1.117230094537784157e-03 -2.630995264843118478e-03 -4.818850675448233672e-02
1.117230094537784157e-03 -2.630995264843118478e-03 -4.818850675448233672e-02
1.117230094537784157e-03 -2.630995264843118478e-03 -4.818850675448233672e-02
1.117230094537784157e-03 -2.630995264843118478e-03 -4.818850675448233672e-02
1.117230094537784157e-03 -2.630995264843118478e-03 -4.818850675448233672e-02
1.117230094537784157e-03 -2.630995264843118478e-03 -4.818850675448233672e-02
8.530668807328813108e-03 -5.917951026118441898e-03 2.510837030013664262e-02
8.530668807328813108e-03 -5.917951026118441898e-03 2.510837030013664262e-02
8.530668807328813108e-03 -5.917951026118441898e-03 2.510837030013664262e-02
8.530668807328813108e-03 -5.917951026118441898e-03 2.510837030013664262e-02
8.530668807328813108e-03 -5.917951026118441898e-03 2.510837030013664262e-02
8.530668807328813108e-03 -5.917951026118441898e-03 2.510837030013664262e-02
8.530668807328813108e-03 -5.917951026118441898e-03 2.510837030013664262e-02
8.530668807328813108e-03 -5.917951026118441898e-03 2.510837030013664262e-02
8.530668807328813108e-03 -5.917951026118441898e-03 2.510837030013664262e-02
8.530668807328813108e-03 -5.917951026118441898e-03 2.510837030013664262e-02
8.530668807328813108e-03 -5.917951026118441898e-03 2.510837030013664262e-02
-8.141385505958486160e-03 2.046304934349244334e-03 -5.513241509565047771e-02
-8.141385505958486160e-03 2.046304934349244334e-03 -5.513241509565047771e-02
-8.141385505958486160e-03 2.046304934349244334e-03 -5.513241509565047771e-02
-3.341734615542497466e-03 -7.390647047679655551e-04 8.007152130526601352e-02
-4.254485205690931859e-04 5.092317411141264114e-04 -6.470252886524985314e-02
-4.254485205690931859e-04 5.092317411141264114e-04 -6.470252886524985314e-02
-4.254485205690931859e-04 5.092317411141264114e-04 -6.470252886524985314e-02
-4.254485205690931859e-04 5.092317411141264114e-04 -6.470252886524985314e-02
-4.254485205690931859e-04 5.092317411141264114e-04 -6.470252886524985314e-02
-4.254485205690931859e-04 5.092317411141264114e-04 -6.470252886524985314e-02
-4.254485205690931859e-04 5.092317411141264114e-04 -6.470252886524985314e-02
-4.254485205690931859e-04 5.092317411141264114e-04 -6.470252886524985314e-02
-4.254485205690931859e-04 5.092317411141264114e-04 -6.470252886524985314e-02
-4.254485205690931859e-04 5.092317411141264114e-04 -6.470252886524985314e-02
-4.254485205690931859e-04 5.092317411141264114e-04 -6.470252886524985314e-02
-4.254485205690931859e-04 5.092317411141264114e-04 -6.470252886524985314e-02
-4.254485205690931859e-04 5.092317411141264114e-04 -6.470252886524985314e-02
-4.254485205690931859e-04 5.092317411141264114e-04 -6.470252886524985314e-02
-4.254485205690931859e-04 5.092317411141264114e-04 -6.470252886524985314e-02
-6.141439978642427786e-03 4.585148721996754745e-04 -1.606747891010003315e-02
-6.141439978642427786e-03 4.585148721996754745e-04 -1.606747891010003315e-02
-6.141439978642427786e-03 4.585148721996754745e-04 -1.606747891010003315e-02
-6.141439978642427786e-03 4.585148721996754745e-04 -1.606747891010003315e-02
-6.141439978642427786e-03 4.585148721996754745e-04 -1.606747891010003315e-02
-6.141439978642427786e-03 4.585148721996754745e-04 -1.606747891010003315e-02
-6.141439978642427786e-03 4.585148721996754745e-04 -1.606747891010003315e-02
-6.141439978642427786e-03 4.585148721996754745e-04 -1.606747891010003315e-02
-6.141439978642427786e-03 4.585148721996754745e-04 -1.606747891010003315e-02
-6.141439978642427786e-03 4.585148721996754745e-04 -1.606747891010003315e-02
-6.141439978642427786e-03 4.585148721996754745e-04 -1.606747891010003315e-02
-6.141439978642427786e-03 4.585148721996754745e-04 -1.606747891010003315e-02
-6.141439978642427786e-03 4.585148721996754745e-04 -1.606747891010003315e-02
-8.459504541365962110e-03 2.838559917355881410e-03 3.619635348952950082e-02
-8.459504541365962110e-03 2.838559917355881410e-03 3.619635348952950082e-02
-8.459504541365962110e-03 2.838559917355881410e-03 3.619635348952950082e-02
-8.459504541365962110e-03 2.838559917355881410e-03 3.619635348952950082e-02
-8.459504541365962110e-03 2.838559917355881410e-03 3.619635348952950082e-02
-8.459504541365962110e-03 2.838559917355881410e-03 3.619635348952950082e-02
-8.459504541365962110e-03 2.838559917355881410e-03 3.619635348952950082e-02
-8.459504541365962110e-03 2.838559917355881410e-03 3.619635348952950082e-02
-4.230693532181972749e-03 -1.191558451671265173e-04 -6.614854175632632616e-02
-4.230693532181972749e-03 -1.191558451671265173e-04 -6.614854175632632616e-02
-4.230693532181972749e-03 -1.191558451671265173e-04 -6.614854175632632616e-02
-4.230693532181972749e-03 -1.191558451671265173e-04 -6.614854175632632616e-02
-4.230693532181972749e-03 -1.191558451671265173e-04 -6.614854175632632616e-02
-4.230693532181972749e-03 -1.191558451671265173e-04 -6.614854175632632616e-02
-4.230693532181972749e-03 -1.191558451671265173e-04 -6.614854175632632616e-02
-4.230693532181972749e-03 -1.191558451671265173e-04 -6.614854175632632616e-02
-4.230693532181972749e-03 -1.191558451671265173e-04 -6.614854175632632616e-02
-4.230693532181972749e-03 -1.191558451671265173e-04 -6.614854175632632616e-02
-4.230693532181972749e-03 -1.191558451671265173e-04 -6.614854175632632616e-02
-4.230693532181972749e-03 -1.191558451671265173e-04 -6.614854175632632616e-02
-4.230693532181972749e-03 -1.191558451671265173e-04 -6.614854175632632616e-02
-4.230693532181972749e-03 -1.191558451671265173e-04 -6.614854175632632616e-02
6.535642211938363921e-07 2.852163494815214417e-04 -6.884052601195746190e-02
6.535642211938363921e-07 2.852163494815214417e-04 -6.884052601195746190e-02
6.535642211938363921e-07 2.852163494815214417e-04 -6.884052601195746190e-02
6.535642211938363921e-07 2.852163494815214417e-04 -6.884052601195746190e-02
6.535642211938363921e-07 2.852163494815214417e-04 -6.884052601195746190e-02
6.535642211938363921e-07 2.852163494815214417e-04 -6.884052601195746190e-02
6.535642211938363921e-07 2.852163494815214417e-04 -6.884052601195746190e-02
6.535642211938363921e-07 2.852163494815214417e-04 -6.884052601195746190e-02
6.535642211938363921e-07 2.852163494815214417e-04 -6.884052601195746190e-02
6.535642211938363921e-07 2.852163494815214417e-04 -6.884052601195746190e-02
6.535642211938363921e-07 2.852163494815214417e-04 -6.884052601195746190e-02
6.535642211938363921e-07 2.852163494815214417e-04 -6.884052601195746190e-02
6.535642211938363921e-07 2.852163494815214417e-04 -6.884052601195746190e-02
6.535642211938363921e-07 2.852163494815214417e-04 -6.884052601195746190e-02
6.535642211938363921e-07 2.852163494815214417e-04 -6.884052601195746190e-02
-2.611448554366901931e-03 -6.761482799547158598e-03 -5.895452360948468667e-02
-3.830380931358890600e-03 -7.692559044120450204e-03 -6.250485896413790488e-02
-3.830380931358890600e-03 -7.692559044120450204e-03 -6.250485896413790488e-02
-3.830380931358890600e-03 -7.692559044120450204e-03 -6.250485896413790488e-02
-3.830380931358890600e-03 -7.692559044120450204e-03 -6.250485896413790488e-02
-3.830380931358890600e-03 -7.692559044120450204e-03 -6.250485896413790488e-02
-3.830380931358890600e-03 -7.692559044120450204e-03 -6.250485896413790488e-02
-3.830380931358890600e-03 -7.692559044120450204e-03 -6.250485896413790488e-02
-3.830380931358890600e-03 -7.692559044120450204e-03 -6.250485896413790488e-02
-3.830380931358890600e-03 -7.692559044120450204e-03 -6.250485896413790488e-02
-3.830380931358890600e-03 -7.692559044120450204e-03 -6.250485896413790488e-02
-3.830380931358890600e-03 -7.692559044120450204e-03 -6.250485896413790488e-02
-3.830380931358890600e-03 -7.692559044120450204e-03 -6.250485896413790488e-02
-3.830380931358890600e-03 -7.692559044120450204e-03 -6.250485896413790488e-02
-3.830380931358890600e-03 -7.692559044120450204e-03 -6.250485896413790488e-02
-3.830380931358890600e-03 -7.692559044120450204e-03 -6.250485896413790488e-02
7.440341052310634612e-03 -4.581976683784422938e-03 1.823128235904199201e-02
7.440341052310634612e-03 -4.581976683784422938e-03 1.823128235904199201e-02
7.440341052310634612e-03 -4.581976683784422938e-03 1.823128235904199201e-02
7.440341052310634612e-03 -4.581976683784422938e-03 1.823128235904199201e-02
7.440341052310634612e-03 -4.581976683784422938e-03 1.823128235904199201e-02
7.440341052310634612e-03 -4.581976683784422938e-03 1.823128235904199201e-02
7.440341052310634612e-03 -4.581976683784422938e-03 1.823128235904199201e-02
7.440341052310634612e-03 -4.581976683784422938e-03 1.823128235904199201e-02
7.440341052310634612e-03 -4.581976683784422938e-03 1.823128235904199201e-02
7.440341052310634612e-03 -4.581976683784422938e-03 1.823128235904199201e-02
7.440341052310634612e-03 -4.581976683784422938e-03 1.823128235904199201e-02
5.894476312078892298e-03 -4.423555270274517198e-03 -4.550732677100645385e-02
5.894476312078892298e-03 -4.423555270274517198e-03 -4.550732677100645385e-02
5.894476312078892298e-03 -4.423555270274517198e-03 -4.550732677100645385e-02
5.894476312078892298e-03 -4.423555270274517198e-03 -4.550732677100645385e-02
5.894476312078892298e-03 -4.423555270274517198e-03 -4.550732677100645385e-02
5.894476312078892298e-03 -4.423555270274517198e-03 -4.550732677100645385e-02
5.894476312078892298e-03 -4.423555270274517198e-03 -4.550732677100645385e-02
-4.118781775142763522e-03 1.862629370626041336e-04 4.869015513489234614e-02
-4.118781775142763522e-03 1.862629370626041336e-04 4.869015513489234614e-02
-4.118781775142763522e-03 1.862629370626041336e-04 4.869015513489234614e-02
-4.118781775142763522e-03 1.862629370626041336e-04 4.869015513489234614e-02
-4.118781775142763522e-03 1.862629370626041336e-04 4.869015513489234614e-02
-4.118781775142763522e-03 1.862629370626041336e-04 4.869015513489234614e-02
-4.118781775142763522e-03 1.862629370626041336e-04 4.869015513489234614e-02
-4.118781775142763522e-03 1.862629370626041336e-04 4.869015513489234614e-02
-4.118781775142763522e-03 1.862629370626041336e-04 4.869015513489234614e-02
-4.118781775142763522e-03 1.862629370626041336e-04 4.869015513489234614e-02
-4.118781775142763522e-03 1.862629370626041336e-04 4.869015513489234614e-02
-4.118781775142763522e-03 1.862629370626041336e-04 4.869015513489234614e-02
-4.118781775142763522e-03 1.862629370626041336e-04 4.869015513489234614e-02
-4.118781775142763522e-03 1.862629370626041336e-04 4.869015513489234614e-02
-6.882518351608878093e-03 7.454674362489012440e-04 -2.115752683386259297e-02
-6.882518351608878093e-03 7.454674362489012440e-04 -2.115752683386259297e-02
-6.882518351608878093e-03 7.454674362489012440e-04 -2.115752683386259297e-02
-6.882518351608878093e-03 7.454674362489012440e-04 -2.115752683386259297e-02
-6.882518351608878093e-03 7.454674362489012440e-04 -2.115752683386259297e-02
-6.882518351608878093e-03 7.454674362489012440e-04 -2.115752683386259297e-02
-6.882518351608878093e-03 7.454674362489012440e-04 -2.115752683386259297e-02
-6.882518351608878093e-03 7.454674362489012440e-04 -2.115752683386259297e-02
-6.882518351608878093e-03 7.454674362489012440e-04 -2.115752683386259297e-02
-6.882518351608878093e-03 7.454674362489012440e-04 -2.115752683386259297e-02
-6.882518351608878093e-03 7.454674362489012440e-04 -2.115752683386259297e-02
-6.882518351608878093e-03 7.454674362489012440e-04 -2.115752683386259297e-02
-6.882518351608878093e-03 7.454674362489012440e-04 -2.115752683386259297e-02
-6.882518351608878093e-03 7.454674362489012440e-04 -2.115752683386259297e-02
-5.931465002913441538e-03 3.497199160658118200e-04 -6.638779719932171031e-02
-5.931465002913441538e-03 3.497199160658118200e-04 -6.638779719932171031e-02
-5.931465002913441538e-03 3.497199160658118200e-04 -6.638779719932171031e-02
-5.931465002913441538e-03 3.497199160658118200e-04 -6.638779719932171031e-02
-5.931465002913441538e-03 3.497199160658118200e-04 -6.638779719932171031e-02
-5.931465002913441538e-03 3.497199160658118200e-04 -6.638779719932171031e-02
-3.373322362101485727e-03 -3.825104310422981768e-04 -1.366021805596514009e-03
-3.373322362101485727e-03 -3.825104310422981768e-04 -1.366021805596514009e-03
-3.373322362101485727e-03 -3.825104310422981768e-04 -1.366021805596514009e-03
-3.373322362101485727e-03 -3.825104310422981768e-04 -1.366021805596514009e-03
-3.373322362101485727e-03 -3.825104310422981768e-04 -1.366021805596514009e-03
-3.373322362101485727e-03 -3.825104310422981768e-04 -1.366021805596514009e-03
-3.373322362101485727e-03 -3.825104310422981768e-04 -1.366021805596514009e-03
-3.373322362101485727e-03 -3.825104310422981768e-04 -1.366021805596514009e-03
-3.373322362101485727e-03 -3.825104310422981768e-04 -1.366021805596514009e-03
-3.373322362101485727e-03 -3.825104310422981768e-04 -1.366021805596514009e-03
-3.373322362101485727e-03 -3.825104310422981768e-04 -1.366021805596514009e-03
-3.373322362101485727e-03 -3.825104310422981768e-04 -1.366021805596514009e-03
-3.373322362101485727e-03 -3.825104310422981768e-04 -1.366021805596514009e-03
-3.373322362101485727e-03 -3.825104310422981768e-04 -1.366021805596514009e-03
-3.373322362101485727e-03 -3.825104310422981768e-04 -1.366021805596514009e-03
-3.373322362101485727e-03 -3.825104310422981768e-04 -1.366021805596514009e-03
5.269347264804612879e-03 -4.749734510721036890e-03 -7.383186418073939272e-02
5.269347264804612879e-03 -4.749734510721036890e-03 -7.383186418073939272e-02
5.269347264804612879e-03 -4.749734510721036890e-03 -7.383186418073939272e-02
5.269347264804612879e-03 -4.749734510721036890e-03 -7.383186418073939272e-02
5.269347264804612879e-03 -4.749734510721036890e-03 -7.383186418073939272e-02
5.269347264804612879e-03 -4.749734510721036890e-03 -7.383186418073939272e-02
5.269347264804612879e-03 -4.749734510721036890e-03 -7.383186418073939272e-02
5.269347264804612879e-03 -4.749734510721036890e-03 -7.383186418073939272e-02
5.269347264804612879e-03 -4.749734510721036890e-03 -7.383186418073939272e-02
5.269347264804612879e-03 -4.749734510721036890e-03 -7.383186418073939272e-02
5.269347264804612879e-03 -4.749734510721036890e-03 -7.383186418073939272e-02
5.269347264804612879e-03 -4.749734510721036890e-03 -7.383186418073939272e-02
5.269347264804612879e-03 -4.749734510721036890e-03 -7.383186418073939272e-02
5.269347264804612879e-03 -4.749734510721036890e-03 -7.383186418073939272e-02
-1.138903708104198678e-03 -1.362564298237785299e-03 -5.296397613913755853e-02
-1.138903708104198678e-03 -1.362564298237785299e-03 -5.296397613913755853e-02
-1.138903708104198678e-03 -1.362564298237785299e-03 -5.296397613913755853e-02
-1.138903708104198678e-03 -1.362564298237785299e-03 -5.296397613913755853e-02
-1.138903708104198678e-03 -1.362564298237785299e-03 -5.296397613913755853e-02
-1.138903708104198678e-03 -1.362564298237785299e-03 -5.296397613913755853e-02
-4.441274227129574093e-04 -8.373457775632236338e-04 2.225276324337216449e-02
-4.441274227129574093e-04 -8.373457775632236338e-04 2.225276324337216449e-02
-4.441274227129574093e-04 -8.373457775632236338e-04 2.225276324337216449e-02
-4.441274227129574093e-04 -8.373457775632236338e-04 2.225276324337216449e-02
-4.441274227129574093e-04 -8.373457775632236338e-04 2.225276324337216449e-02
-4.441274227129574093e-04 -8.373457775632236338e-04 2.225276324337216449e-02
-4.441274227129574093e-04 -8.373457775632236338e-04 2.225276324337216449e-02
-4.441274227129574093e-04 -8.373457775632236338e-04 2.225276324337216449e-02
-4.441274227129574093e-04 -8.373457775632236338e-04 2.225276324337216449e-02
-4.441274227129574093e-04 -8.373457775632236338e-04 2.225276324337216449e-02
-4.441274227129574093e-04 -8.373457775632236338e-04 2.225276324337216449e-02
-4.441274227129574093e-04 -8.373457775632236338e-04 2.225276324337216449e-02
-4.441274227129574093e-04 -8.373457775632236338e-04 2.225276324337216449e-02
-4.441274227129574093e-04 -8.373457775632236338e-04 2.225276324337216449e-02
-4.441274227129574093e-04 -8.373457775632236338e-04 2.225276324337216449e-02
-6.687558744329140555e-03 -4.394427176487719633e-04 -7.390326839250323243e-02
-6.687558744329140555e-03 -4.394427176487719633e-04 -7.390326839250323243e-02
-6.687558744329140555e-03 -4.394427176487719633e-04 -7.390326839250323243e-02
-6.687558744329140555e-03 -4.394427176487719633e-04 -7.390326839250323243e-02
-6.687558744329140555e-03 -4.394427176487719633e-04 -7.390326839250323243e-02
-6.687558744329140555e-03 -4.394427176487719633e-04 -7.390326839250323243e-02
-6.687558744329140555e-03 -4.394427176487719633e-04 -7.390326839250323243e-02
1.969994328606779026e-03 -2.565125159072140573e-03 -5.758883588061407266e-02
1.969994328606779026e-03 -2.565125159072140573e-03 -5.758883588061407266e-02
1.969994328606779026e-03 -2.565125159072140573e-03 -5.758883588061407266e-02
1.969994328606779026e-03 -2.565125159072140573e-03 -5.758883588061407266e-02
1.969994328606779026e-03 -2.565125159072140573e-03 -5.758883588061407266e-02
1.969994328606779026e-03 -2.565125159072140573e-03 -5.758883588061407266e-02
1.969994328606779026e-03 -2.565125159072140573e-03 -5.758883588061407266e-02
1.969994328606779026e-03 -2.565125159072140573e-03 -5.758883588061407266e-02
1.969994328606779026e-03 -2.565125159072140573e-03 -5.758883588061407266e-02
1.969994328606779026e-03 -2.565125159072140573e-03 -5.758883588061407266e-02
1.969994328606779026e-03 -2.565125159072140573e-03 -5.758883588061407266e-02
1.969994328606779026e-03 -2.565125159072140573e-03 -5.758883588061407266e-02
1.969994328606779026e-03 -2.565125159072140573e-03 -5.758883588061407266e-02
1.969994328606779026e-03 -2.565125159072140573e-03 -5.758883588061407266e-02
