-5.007043043753298811e-05 -1.782451692600981775e-04 -9.323615547196760500e-03
-5.007043043753298811e-05 -1.782451692600981775e-04 -9.323615547196760500e-03
-5.007043043753298811e-05 -1.782451692600981775e-04 -9.323615547196760500e-03
-5.007043043753298811e-05 -1.782451692600981775e-04 -9.323615547196760500e-03
-5.007043043753298811e-05 -1.782451692600981775e-04 -9.323615547196760500e-03
-5.007043043753298811e-05 -1.782451692600981775e-04 -9.323615547196760500e-03
-5.007043043753298811e-05 -1.782451692600981775e-04 -9.323615547196760500e-03
-5.007043043753298811e-05 -1.782451692600981775e-04 -9.323615547196760500e-03
-5.007043043753298811e-05 -1.782451692600981775e-04 -9.323615547196760500e-03
-5.007043043753298811e-05 -1.782451692600981775e-04 -9.323615547196760500e-03
-5.007043043753298811e-05 -1.782451692600981775e-04 -9.323615547196760500e-03
-5.007043043753298811e-05 -1.782451692600981775e-04 -9.323615547196760500e-03
-5.007043043753298811e-05 -1.782451692600981775e-04 -9.323615547196760500e-03
-5.007043043753298811e-05 -1.782451692600981775e-04 -9.323615547196760500e-03
-5.007043043753298811e-05 -1.782451692600981775e-04 -9.323615547196760500e-03
-5.007043043753298811e-05 -1.782451692600981775e-04 -9.323615547196760500e-03
-5.007043043753298811e-05 -1.782451692600981775e-04 -9.323615547196760500e-03
-7.951513777715023571e-04 -2.866048506333547519e-04 -1.316650592415686931e-02
-7.951513777715023571e-04 -2.866048506333547519e-04 -1.316650592415686931e-02
-7.951513777715023571e-04 -2.866048506333547519e-04 -1.316650592415686931e-02
-7.951513777715023571e-04 -2.866048506333547519e-04 -1.316650592415686931e-02
-7.951513777715023571e-04 -2.866048506333547519e-04 -1.316650592415686931e-02
-7.951513777715023571e-04 -2.866048506333547519e-04 -1.316650592415686931e-02
-7.951513777715023571e-04 -2.866048506333547519e-04 -1.316650592415686931e-02
-7.951513777715023571e-04 -2.866048506333547519e-04 -1.316650592415686931e-02
-7.951513777715023571e-04 -2.866048506333547519e-04 -1.316650592415686931e-02
-7.951513777715023571e-04 -2.866048506333547519e-04 -1.316650592415686931e-02
-7.951513777715023571e-04 -2.866048506333547519e-04 -1.316650592415686931e-02
-7.951513777715023571e-04 -2.866048506333547519e-04 -1.316650592415686931e-02
-7.951513777715023571e-04 -2.866048506333547519e-04 -1.316650592415686931e-02
-7.951513777715023571e-04 -2.866048506333547519e-04 -1.316650592415686931e-02
-7.951513777715023571e-04 -2.866048506333547519e-04 -1.316650592415686931e-02
-7.951513777715023571e-04 -2.866048506333547519e-04 -1.316650592415686931e-02
-7.951513777715023571e-04 -2.866048506333547519e-04 -1.316650592415686931e-02
3.302921269021730569e-04 -8.781270820493905331e-04 -6.000765410427088067e-03
3.302921269021730569e-04 -8.781270820493905331e-04 -6.000765410427088067e-03
3.302921269021730569e-04 -8.781270820493905331e-04 -6.000765410427088067e-03
3.302921269021730569e-04 -8.781270820493905331e-04 -6.000765410427088067e-03
3.302921269021730569e-04 -8.781270820493905331e-04 -6.000765410427088067e-03
3.302921269021730569e-04 -8.781270820493905331e-04 -6.000765410427088067e-03
3.302921269021730569e-04 -8.781270820493905331e-04 -6.000765410427088067e-03
3.302921269021730569e-04 -8.781270820493905331e-04 -6.000765410427088067e-03
3.302921269021730569e-04 -8.781270820493905331e-04 -6.000765410427088067e-03
3.302921269021730569e-04 -8.781270820493905331e-04 -6.000765410427088067e-03
3.302921269021730569e-04 -8.781270820493905331e-04 -6.000765410427088067e-03
3.302921269021730569e-04 -8.781270820493905331e-04 -6.000765410427088067e-03
3.302921269021730569e-04 -8.781270820493905331e-04 -6.000765410427088067e-03
3.302921269021730569e-04 -8.781270820493905331e-04 -6.000765410427088067e-03
3.302921269021730569e-04 -8.781270820493905331e-04 -6.000765410427088067e-03
3.302921269021730569e-04 -8.781270820493905331e-04 -6.000765410427088067e-03
3.302921269021730569e-04 -8.781270820493905331e-04 -6.000765410427088067e-03
-2.237121132504446552e-05 -1.910189750838463957e-04 -8.114526080334236169e-03
-2.237121132504446552e-05 -1.910189750838463957e-04 -8.114526080334236169e-03
-2.237121132504446552e-05 -1.910189750838463957e-04 -8.114526080334236169e-03
-2.237121132504446552e-05 -1.910189750838463957e-04 -8.114526080334236169e-03
-2.237121132504446552e-05 -1.910189750838463957e-04 -8.114526080334236169e-03
-2.237121132504446552e-05 -1.910189750838463957e-04 -8.114526080334236169e-03
-2.237121132504446552e-05 -1.910189750838463957e-04 -8.114526080334236169e-03
-2.237121132504446552e-05 -1.910189750838463957e-04 -8.114526080334236169e-03
-2.237121132504446552e-05 -1.910189750838463957e-04 -8.114526080334236169e-03
-2.237121132504446552e-05 -1.910189750838463957e-04 -8.114526080334236169e-03
-2.237121132504446552e-05 -1.910189750838463957e-04 -8.114526080334236169e-03
-2.237121132504446552e-05 -1.910189750838463957e-04 -8.114526080334236169e-03
-2.237121132504446552e-05 -1.910189750838463957e-04 -8.114526080334236169e-03
-2.237121132504446552e-05 -1.910189750838463957e-04 -8.114526080334236169e-03
-2.237121132504446552e-05 -1.910189750838463957e-04 -8.114526080334236169e-03
-2.237121132504446552e-05 -1.910189750838463957e-04 -8.114526080334236169e-03
-2.237121132504446552e-05 -1.910189750838463957e-04 -8.114526080334236169e-03
4.376719953485168693e-04 -8.740808228613894393e-04 -9.091857096284735457e-03
4.376719953485168693e-04 -8.740808228613894393e-04 -9.091857096284735457e-03
4.376719953485168693e-04 -8.740808228613894393e-04 -9.091857096284735457e-03
4.376719953485168693e-04 -8.740808228613894393e-04 -9.091857096284735457e-03
4.376719953485168693e-04 -8.740808228613894393e-04 -9.091857096284735457e-03
4.376719953485168693e-04 -8.740808228613894393e-04 -9.091857096284735457e-03
4.376719953485168693e-04 -8.740808228613894393e-04 -9.091857096284735457e-03
4.376719953485168693e-04 -8.740808228613894393e-04 -9.091857096284735457e-03
4.376719953485168693e-04 -8.740808228613894393e-04 -9.091857096284735457e-03
4.376719953485168693e-04 -8.740808228613894393e-04 -9.091857096284735457e-03
4.376719953485168693e-04 -8.740808228613894393e-04 -9.091857096284735457e-03
4.376719953485168693e-04 -8.740808228613894393e-04 -9.091857096284735457e-03
4.376719953485168693e-04 -8.740808228613894393e-04 -9.091857096284735457e-03
4.376719953485168693e-04 -8.740808228613894393e-04 -9.091857096284735457e-03
4.376719953485168693e-04 -8.740808228613894393e-04 -9.091857096284735457e-03
4.376719953485168693e-04 -8.740808228613894393e-04 -9.091857096284735457e-03
4.376719953485168693e-04 -8.740808228613894393e-04 -9.091857096284735457e-03
7.717152515523014161e-04 -2.471839929651447818e-04 -1.102073374072328957e-02
7.717152515523014161e-04 -2.471839929651447818e-04 -1.102073374072328957e-02
7.717152515523014161e-04 -2.471839929651447818e-04 -1.102073374072328957e-02
7.717152515523014161e-04 -2.471839929651447818e-04 -1.102073374072328957e-02
7.717152515523014161e-04 -2.471839929651447818e-04 -1.102073374072328957e-02
7.717152515523014161e-04 -2.471839929651447818e-04 -1.102073374072328957e-02
7.717152515523014161e-04 -2.471839929651447818e-04 -1.102073374072328957e-02
7.717152515523014161e-04 -2.471839929651447818e-04 -1.102073374072328957e-02
7.717152515523014161e-04 -2.471839929651447818e-04 -1.102073374072328957e-02
7.717152515523014161e-04 -2.471839929651447818e-04 -1.102073374072328957e-02
7.717152515523014161e-04 -2.471839929651447818e-04 -1.102073374072328957e-02
7.717152515523014161e-04 -2.471839929651447818e-04 -1.102073374072328957e-02
7.717152515523014161e-04 -2.471839929651447818e-04 -1.102073374072328957e-02
7.717152515523014161e-04 -2.471839929651447818e-04 -1.102073374072328957e-02
7.717152515523014161e-04 -2.471839929651447818e-04 -1.102073374072328957e-02
7.717152515523014161e-04 -2.471839929651447818e-04 -1.102073374072328957e-02
7.717152515523014161e-04 -2.471839929651447818e-04 -1.102073374072328957e-02
-1.697624579604772171e-05 -9.843189842958979113e-05 -1.162483462083494651e-02
-1.697624579604772171e-05 -9.843189842958979113e-05 -1.162483462083494651e-02
-1.697624579604772171e-05 -9.843189842958979113e-05 -1.162483462083494651e-02
-1.697624579604772171e-05 -9.843189842958979113e-05 -1.162483462083494651e-02
-1.697624579604772171e-05 -9.843189842958979113e-05 -1.162483462083494651e-02
-1.697624579604772171e-05 -9.843189842958979113e-05 -1.162483462083494651e-02
-1.697624579604772171e-05 -9.843189842958979113e-05 -1.162483462083494651e-02
-1.697624579604772171e-05 -9.843189842958979113e-05 -1.162483462083494651e-02
-1.697624579604772171e-05 -9.843189842958979113e-05 -1.162483462083494651e-02
-1.697624579604772171e-05 -9.843189842958979113e-05 -1.162483462083494651e-02
-1.697624579604772171e-05 -9.843189842958979113e-05 -1.162483462083494651e-02
-1.697624579604772171e-05 -9.843189842958979113e-05 -1.162483462083494651e-02
-1.697624579604772171e-05 -9.843189842958979113e-05 -1.162483462083494651e-02
-1.697624579604772171e-05 -9.843189842958979113e-05 -1.162483462083494651e-02
-1.697624579604772171e-05 -9.843189842958979113e-05 -1.162483462083494651e-02
-1.697624579604772171e-05 -9.843189842958979113e-05 -1.162483462083494651e-02
-1.697624579604772171e-05 -9.843189842958979113e-05 -1.162483462083494651e-02
6.631152674848924539e-04 -4.740795317115407623e-04 2.842629953318556030e-02
6.631152674848924539e-04 -4.740795317115407623e-04 2.842629953318556030e-02
6.631152674848924539e-04 -4.740795317115407623e-04 2.842629953318556030e-02
6.631152674848924539e-04 -4.740795317115407623e-04 2.842629953318556030e-02
6.631152674848924539e-04 -4.740795317115407623e-04 2.842629953318556030e-02
6.631152674848924539e-04 -4.740795317115407623e-04 2.842629953318556030e-02
6.631152674848924539e-04 -4.740795317115407623e-04 2.842629953318556030e-02
6.631152674848924539e-04 -4.740795317115407623e-04 2.842629953318556030e-02
6.631152674848924539e-04 -4.740795317115407623e-04 2.842629953318556030e-02
6.631152674848924539e-04 -4.740795317115407623e-04 2.842629953318556030e-02
6.631152674848924539e-04 -4.740795317115407623e-04 2.842629953318556030e-02
6.631152674848924539e-04 -4.740795317115407623e-04 2.842629953318556030e-02
-9.098030320592569858e-05 -2.760724501031715673e-04 -1.542589654084495707e-02
-9.098030320592569858e-05 -2.760724501031715673e-04 -1.542589654084495707e-02
-9.098030320592569858e-05 -2.760724501031715673e-04 -1.542589654084495707e-02
-9.098030320592569858e-05 -2.760724501031715673e-04 -1.542589654084495707e-02
-9.098030320592569858e-05 -2.760724501031715673e-04 -1.542589654084495707e-02
-9.098030320592569858e-05 -2.760724501031715673e-04 -1.542589654084495707e-02
-9.098030320592569858e-05 -2.760724501031715673e-04 -1.542589654084495707e-02
-9.098030320592569858e-05 -2.760724501031715673e-04 -1.542589654084495707e-02
-9.098030320592569858e-05 -2.760724501031715673e-04 -1.542589654084495707e-02
-9.098030320592569858e-05 -2.760724501031715673e-04 -1.542589654084495707e-02
-9.098030320592569858e-05 -2.760724501031715673e-04 -1.542589654084495707e-02
-9.098030320592569858e-05 -2.760724501031715673e-04 -1.542589654084495707e-02
-9.098030320592569858e-05 -2.760724501031715673e-04 -1.542589654084495707e-02
-9.098030320592569858e-05 -2.760724501031715673e-04 -1.542589654084495707e-02
-9.098030320592569858e-05 -2.760724501031715673e-04 -1.542589654084495707e-02
-9.098030320592569858e-05 -2.760724501031715673e-04 -1.542589654084495707e-02
-9.098030320592569858e-05 -2.760724501031715673e-04 -1.542589654084495707e-02
-1.740064263854066242e-04 -1.708617333090970553e-04 -1.820275868471209202e-02
-1.740064263854066242e-04 -1.708617333090970553e-04 -1.820275868471209202e-02
-1.740064263854066242e-04 -1.708617333090970553e-04 -1.820275868471209202e-02
-1.740064263854066242e-04 -1.708617333090970553e-04 -1.820275868471209202e-02
-1.740064263854066242e-04 -1.708617333090970553e-04 -1.820275868471209202e-02
-1.740064263854066242e-04 -1.708617333090970553e-04 -1.820275868471209202e-02
-1.740064263854066242e-04 -1.708617333090970553e-04 -1.820275868471209202e-02
-1.740064263854066242e-04 -1.708617333090970553e-04 -1.820275868471209202e-02
-1.740064263854066242e-04 -1.708617333090970553e-04 -1.820275868471209202e-02
-1.740064263854066242e-04 -1.708617333090970553e-04 -1.820275868471209202e-02
-1.740064263854066242e-04 -1.708617333090970553e-04 -1.820275868471209202e-02
-1.740064263854066242e-04 -1.708617333090970553e-04 -1.820275868471209202e-02
-1.740064263854066242e-04 -1.708617333090970553e-04 -1.820275868471209202e-02
-1.740064263854066242e-04 -1.708617333090970553e-04 -1.820275868471209202e-02
-1.740064263854066242e-04 -1.708617333090970553e-04 -1.820275868471209202e-02
-1.740064263854066242e-04 -1.708617333090970553e-04 -1.820275868471209202e-02
-1.740064263854066242e-04 -1.708617333090970553e-04 -1.820275868471209202e-02
-3.490417060772639524e-05 -3.395485573576707133e-05 -1.712140799544224073e-02
-3.490417060772639524e-05 -3.395485573576707133e-05 -1.712140799544224073e-02
-3.490417060772639524e-05 -3.395485573576707133e-05 -1.712140799544224073e-02
-3.490417060772639524e-05 -3.395485573576707133e-05 -1.712140799544224073e-02
-3.490417060772639524e-05 -3.395485573576707133e-05 -1.712140799544224073e-02
-3.490417060772639524e-05 -3.395485573576707133e-05 -1.712140799544224073e-02
-3.490417060772639524e-05 -3.395485573576707133e-05 -1.712140799544224073e-02
-3.490417060772639524e-05 -3.395485573576707133e-05 -1.712140799544224073e-02
-3.490417060772639524e-05 -3.395485573576707133e-05 -1.712140799544224073e-02
-3.490417060772639524e-05 -3.395485573576707133e-05 -1.712140799544224073e-02
-3.490417060772639524e-05 -3.395485573576707133e-05 -1.712140799544224073e-02
-3.490417060772639524e-05 -3.395485573576707133e-05 -1.712140799544224073e-02
-3.490417060772639524e-05 -3.395485573576707133e-05 -1.712140799544224073e-02
-3.490417060772639524e-05 -3.395485573576707133e-05 -1.712140799544224073e-02
-3.490417060772639524e-05 -3.395485573576707133e-05 -1.712140799544224073e-02
-3.490417060772639524e-05 -3.395485573576707133e-05 -1.712140799544224073e-02
-3.490417060772639524e-05 -3.395485573576707133e-05 -1.712140799544224073e-02
-1.344160298188791861e-04 -4.004693234506387541e-04 -1.149913149370706753e-02
-1.344160298188791861e-04 -4.004693234506387541e-04 -1.149913149370706753e-02
-1.344160298188791861e-04 -4.004693234506387541e-04 -1.149913149370706753e-02
-1.344160298188791861e-04 -4.004693234506387541e-04 -1.149913149370706753e-02
-1.344160298188791861e-04 -4.004693234506387541e-04 -1.149913149370706753e-02
-1.344160298188791861e-04 -4.004693234506387541e-04 -1.149913149370706753e-02
-1.344160298188791861e-04 -4.004693234506387541e-04 -1.149913149370706753e-02
-1.344160298188791861e-04 -4.004693234506387541e-04 -1.149913149370706753e-02
-1.344160298188791861e-04 -4.004693234506387541e-04 -1.149913149370706753e-02
-1.344160298188791861e-04 -4.004693234506387541e-04 -1.149913149370706753e-02
-1.344160298188791861e-04 -4.004693234506387541e-04 -1.149913149370706753e-02
-1.344160298188791861e-04 -4.004693234506387541e-04 -1.149913149370706753e-02
-1.344160298188791861e-04 -4.004693234506387541e-04 -1.149913149370706753e-02
-1.344160298188791861e-04 -4.004693234506387541e-04 -1.149913149370706753e-02
-1.344160298188791861e-04 -4.004693234506387541e-04 -1.149913149370706753e-02
-1.344160298188791861e-04 -4.004693234506387541e-04 -1.149913149370706753e-02
-1.344160298188791861e-04 -4.004693234506387541e-04 -1.149913149370706753e-02
2.549032912609006281e-03 -1.241266252741082821e-03 1.764889737689172289e-02
2.549032912609006281e-03 -1.241266252741082821e-03 1.764889737689172289e-02
2.549032912609006281e-03 -1.241266252741082821e-03 1.764889737689172289e-02
2.549032912609006281e-03 -1.241266252741082821e-03 1.764889737689172289e-02
2.549032912609006281e-03 -1.241266252741082821e-03 1.764889737689172289e-02
2.549032912609006281e-03 -1.241266252741082821e-03 1.764889737689172289e-02
2.549032912609006281e-03 -1.241266252741082821e-03 1.764889737689172289e-02
2.549032912609006281e-03 -1.241266252741082821e-03 1.764889737689172289e-02
2.549032912609006281e-03 -1.241266252741082821e-03 1.764889737689172289e-02
2.549032912609006281e-03 -1.241266252741082821e-03 1.764889737689172289e-02
2.549032912609006281e-03 -1.241266252741082821e-03 1.764889737689172289e-02
2.549032912609006281e-03 -1.241266252741082821e-03 1.764889737689172289e-02
-1.221084087102246307e-05 2.981651520491388797e-05 1.467923584047977140e-02
-1.221084087102246307e-05 2.981651520491388797e-05 1.467923584047977140e-02
-1.221084087102246307e-05 2.981651520491388797e-05 1.467923584047977140e-02
-1.221084087102246307e-05 2.981651520491388797e-05 1.467923584047977140e-02
-1.221084087102246307e-05 2.981651520491388797e-05 1.467923584047977140e-02
-6.746161028117932112e-05 -6.129157633383112980e-05 -1.241564340807617753e-02
-6.746161028117932112e-05 -6.129157633383112980e-05 -1.241564340807617753e-02
-6.746161028117932112e-05 -6.129157633383112980e-05 -1.241564340807617753e-02
-6.746161028117932112e-05 -6.129157633383112980e-05 -1.241564340807617753e-02
-6.746161028117932112e-05 -6.129157633383112980e-05 -1.241564340807617753e-02
-6.746161028117932112e-05 -6.129157633383112980e-05 -1.241564340807617753e-02
-6.746161028117932112e-05 -6.129157633383112980e-05 -1.241564340807617753e-02
-6.746161028117932112e-05 -6.129157633383112980e-05 -1.241564340807617753e-02
-6.746161028117932112e-05 -6.129157633383112980e-05 -1.241564340807617753e-02
-6.746161028117932112e-05 -6.129157633383112980e-05 -1.241564340807617753e-02
-6.746161028117932112e-05 -6.129157633383112980e-05 -1.241564340807617753e-02
-6.746161028117932112e-05 -6.129157633383112980e-05 -1.241564340807617753e-02
-6.746161028117932112e-05 -6.129157633383112980e-05 -1.241564340807617753e-02
-6.746161028117932112e-05 -6.129157633383112980e-05 -1.241564340807617753e-02
-6.746161028117932112e-05 -6.129157633383112980e-05 -1.241564340807617753e-02
-6.746161028117932112e-05 -6.129157633383112980e-05 -1.241564340807617753e-02
-6.746161028117932112e-05 -6.129157633383112980e-05 -1.241564340807617753e-02
-1.871395595791532085e-04 -2.500551392577658044e-04 -6.489111415706719579e-03
-1.871395595791532085e-04 -2.500551392577658044e-04 -6.489111415706719579e-03
-1.871395595791532085e-04 -2.500551392577658044e-04 -6.489111415706719579e-03
-1.871395595791532085e-04 -2.500551392577658044e-04 -6.489111415706719579e-03
-1.871395595791532085e-04 -2.500551392577658044e-04 -6.489111415706719579e-03
-1.871395595791532085e-04 -2.500551392577658044e-04 -6.489111415706719579e-03
-1.871395595791532085e-04 -2.500551392577658044e-04 -6.489111415706719579e-03
-1.871395595791532085e-04 -2.500551392577658044e-04 -6.489111415706719579e-03
-1.871395595791532085e-04 -2.500551392577658044e-04 -6.489111415706719579e-03
-1.871395595791532085e-04 -2.500551392577658044e-04 -6.489111415706719579e-03
-1.871395595791532085e-04 -2.500551392577658044e-04 -6.489111415706719579e-03
-1.871395595791532085e-04 -2.500551392577658044e-04 -6.489111415706719579e-03
-1.871395595791532085e-04 -2.500551392577658044e-04 -6.489111415706719579e-03
-1.871395595791532085e-04 -2.500551392577658044e-04 -6.489111415706719579e-03
-1.871395595791532085e-04 -2.500551392577658044e-04 -6.489111415706719579e-03
-1.871395595791532085e-04 -2.500551392577658044e-04 -6.489111415706719579e-03
-1.871395595791532085e-04 -2.500551392577658044e-04 -6.489111415706719579e-03
