5.254066626201892715e-02
5.254066626201892715e-02
5.254066626201892715e-02
5.254066626201892715e-02
5.254066626201892715e-02
5.254066626201892715e-02
5.254066626201892715e-02
5.254066626201892715e-02
5.254066626201892715e-02
5.254066626201892715e-02
5.254066626201892715e-02
5.047530462360218934e-02
5.047530462360218934e-02
5.047530462360218934e-02
5.047530462360218934e-02
5.047530462360218934e-02
5.047530462360218934e-02
5.047530462360218934e-02
5.047530462360218934e-02
5.047530462360218934e-02
5.047530462360218934e-02
5.047530462360218934e-02
1.273500149493554112e-01
1.273500149493554112e-01
1.273500149493554112e-01
1.273500149493554112e-01
1.273500149493554112e-01
1.273500149493554112e-01
1.273500149493554112e-01
1.273500149493554112e-01
1.273500149493554112e-01
1.273500149493554112e-01
1.273500149493554112e-01
1.273500149493554112e-01
1.273500149493554112e-01
1.275391937986803947e-01
1.275391937986803947e-01
1.275391937986803947e-01
1.275391937986803947e-01
1.275391937986803947e-01
1.275391937986803947e-01
1.275391937986803947e-01
1.275391937986803947e-01
1.275391937986803947e-01
1.275391937986803947e-01
1.275391937986803947e-01
1.275391937986803947e-01
1.275391937986803947e-01
1.275391937986803947e-01
1.275391937986803947e-01
5.274308386906778612e-02
5.274308386906778612e-02
5.274308386906778612e-02
5.274308386906778612e-02
5.274308386906778612e-02
5.274308386906778612e-02
5.274308386906778612e-02
5.274308386906778612e-02
5.274308386906778612e-02
5.274308386906778612e-02
5.274308386906778612e-02
5.274308386906778612e-02
5.274308386906778612e-02
5.274308386906778612e-02
5.274308386906778612e-02
5.274308386906778612e-02
5.274308386906778612e-02
5.418721220377460679e-02
5.418721220377460679e-02
5.418721220377460679e-02
5.418721220377460679e-02
5.418721220377460679e-02
5.418721220377460679e-02
5.418721220377460679e-02
5.418721220377460679e-02
5.418721220377460679e-02
5.418721220377460679e-02
5.418721220377460679e-02
5.418721220377460679e-02
5.418721220377460679e-02
5.418721220377460679e-02
5.418721220377460679e-02
5.418721220377460679e-02
5.418721220377460679e-02
4.939996739262225711e-02
4.939996739262225711e-02
4.939996739262225711e-02
4.939996739262225711e-02
4.939996739262225711e-02
4.939996739262225711e-02
4.939996739262225711e-02
4.939996739262225711e-02
4.939996739262225711e-02
4.939996739262225711e-02
4.939996739262225711e-02
4.939996739262225711e-02
4.939996739262225711e-02
4.967425791333763413e-02
4.967425791333763413e-02
4.967425791333763413e-02
4.967425791333763413e-02
4.967425791333763413e-02
4.967425791333763413e-02
4.967425791333763413e-02
4.967425791333763413e-02
4.967425791333763413e-02
4.967425791333763413e-02
4.967425791333763413e-02
4.967425791333763413e-02
1.271906319820232945e-01
1.271906319820232945e-01
1.271906319820232945e-01
1.271906319820232945e-01
1.271906319820232945e-01
1.271906319820232945e-01
1.271906319820232945e-01
1.271906319820232945e-01
1.271906319820232945e-01
1.271906319820232945e-01
1.271906319820232945e-01
1.271906319820232945e-01
1.271906319820232945e-01
1.271906319820232945e-01
1.271906319820232945e-01
1.271906319820232945e-01
1.271906319820232945e-01
5.102988374052972592e-02
5.102988374052972592e-02
5.102988374052972592e-02
5.102988374052972592e-02
5.102988374052972592e-02
5.102988374052972592e-02
5.102988374052972592e-02
5.102988374052972592e-02
5.102988374052972592e-02
5.102988374052972592e-02
5.102988374052972592e-02
1.045748508619872563e-01
1.045748508619872563e-01
1.045748508619872563e-01
1.045748508619872563e-01
1.045748508619872563e-01
1.045748508619872563e-01
1.045748508619872563e-01
1.045748508619872563e-01
1.045748508619872563e-01
1.045748508619872563e-01
1.045748508619872563e-01
1.045748508619872563e-01
1.045748508619872563e-01
1.045748508619872563e-01
1.045748508619872563e-01
1.045748508619872563e-01
1.014944162876409012e-01
1.014944162876409012e-01
1.014944162876409012e-01
1.014944162876409012e-01
1.014944162876409012e-01
1.014944162876409012e-01
1.014944162876409012e-01
1.014944162876409012e-01
5.371689494429388728e-02
5.371689494429388728e-02
5.371689494429388728e-02
5.371689494429388728e-02
5.371689494429388728e-02
5.371689494429388728e-02
5.371689494429388728e-02
5.371689494429388728e-02
5.371689494429388728e-02
5.371689494429388728e-02
5.371689494429388728e-02
5.371689494429388728e-02
5.371689494429388728e-02
5.371689494429388728e-02
5.371689494429388728e-02
5.371689494429388728e-02
5.371689494429388728e-02
5.125168101884640393e-02
5.125168101884640393e-02
5.125168101884640393e-02
5.125168101884640393e-02
5.125168101884640393e-02
5.125168101884640393e-02
5.125168101884640393e-02
5.125168101884640393e-02
5.125168101884640393e-02
5.125168101884640393e-02
5.125168101884640393e-02
5.125168101884640393e-02
4.946812312971025916e-02
4.946812312971025916e-02
4.946812312971025916e-02
4.946812312971025916e-02
4.946812312971025916e-02
4.946812312971025916e-02
4.946812312971025916e-02
4.946812312971025916e-02
4.946812312971025916e-02
4.946812312971025916e-02
4.946812312971025916e-02
4.946812312971025916e-02
4.946812312971025916e-02
5.063101286698774850e-02
5.063101286698774850e-02
5.063101286698774850e-02
5.063101286698774850e-02
5.063101286698774850e-02
5.063101286698774850e-02
5.063101286698774850e-02
5.063101286698774850e-02
5.063101286698774850e-02
5.063101286698774850e-02
5.063101286698774850e-02
5.353078168355093758e-02
5.353078168355093758e-02
5.353078168355093758e-02
5.353078168355093758e-02
5.353078168355093758e-02
5.353078168355093758e-02
5.353078168355093758e-02
5.353078168355093758e-02
5.353078168355093758e-02
5.353078168355093758e-02
5.353078168355093758e-02
5.353078168355093758e-02
5.353078168355093758e-02
5.353078168355093758e-02
5.353078168355093758e-02
5.353078168355093758e-02
5.353078168355093758e-02
