2.170299027642509648e-02
2.170299027642509648e-02
2.170299027642509648e-02
2.170299027642509648e-02
2.170299027642509648e-02
2.170299027642509648e-02
2.170299027642509648e-02
1.827021608163383048e-02
1.827021608163383048e-02
1.827021608163383048e-02
1.827021608163383048e-02
1.827021608163383048e-02
1.827021608163383048e-02
1.827021608163383048e-02
1.827021608163383048e-02
1.827021608163383048e-02
1.827021608163383048e-02
1.827021608163383048e-02
1.827021608163383048e-02
1.827021608163383048e-02
1.827021608163383048e-02
2.665402563288351082e-02
2.665402563288351082e-02
2.665402563288351082e-02
2.665402563288351082e-02
2.665402563288351082e-02
2.665402563288351082e-02
2.084896364431718108e-02
2.084896364431718108e-02
2.084896364431718108e-02
2.084896364431718108e-02
2.084896364431718108e-02
2.084896364431718108e-02
2.084896364431718108e-02
2.084896364431718108e-02
2.084896364431718108e-02
2.084896364431718108e-02
2.084896364431718108e-02
2.084896364431718108e-02
2.084896364431718108e-02
3.602758483228860054e-02
3.602758483228860054e-02
3.602758483228860054e-02
3.602758483228860054e-02
3.602758483228860054e-02
3.602758483228860054e-02
3.602758483228860054e-02
3.602758483228860054e-02
2.936699241182717107e-02
2.936699241182717107e-02
2.936699241182717107e-02
2.936699241182717107e-02
2.936699241182717107e-02
2.936699241182717107e-02
2.936699241182717107e-02
2.936699241182717107e-02
2.936699241182717107e-02
2.062606772894981164e-02
2.062606772894981164e-02
2.062606772894981164e-02
2.062606772894981164e-02
2.062606772894981164e-02
2.062606772894981164e-02
2.062606772894981164e-02
2.062606772894981164e-02
2.062606772894981164e-02
2.062606772894981164e-02
2.062606772894981164e-02
2.062606772894981164e-02
2.062606772894981164e-02
2.062606772894981164e-02
2.062606772894981164e-02
2.062606772894981164e-02
2.062606772894981164e-02
2.154163114814196603e-02
2.154163114814196603e-02
2.154163114814196603e-02
2.154163114814196603e-02
2.154163114814196603e-02
2.154163114814196603e-02
2.154163114814196603e-02
2.169172285052122645e-02
2.169172285052122645e-02
2.169172285052122645e-02
2.169172285052122645e-02
2.169172285052122645e-02
2.169172285052122645e-02
2.169172285052122645e-02
2.169172285052122645e-02
2.169172285052122645e-02
3.057966061116453374e-02
3.057966061116453374e-02
3.057966061116453374e-02
3.057966061116453374e-02
3.057966061116453374e-02
3.057966061116453374e-02
3.057966061116453374e-02
3.057966061116453374e-02
3.057966061116453374e-02
2.192385796964374522e-02
2.192385796964374522e-02
2.192385796964374522e-02
2.192385796964374522e-02
2.192385796964374522e-02
2.192385796964374522e-02
2.192385796964374522e-02
2.192385796964374522e-02
2.192385796964374522e-02
2.917690266758501266e-02
2.917690266758501266e-02
2.917690266758501266e-02
2.917690266758501266e-02
2.917690266758501266e-02
2.917690266758501266e-02
2.917690266758501266e-02
2.917690266758501266e-02
2.917690266758501266e-02
2.917690266758501266e-02
2.917690266758501266e-02
2.917690266758501266e-02
2.917690266758501266e-02
2.917690266758501266e-02
2.917690266758501266e-02
2.603721025107382653e-02
2.603721025107382653e-02
2.603721025107382653e-02
2.603721025107382653e-02
2.603721025107382653e-02
2.603721025107382653e-02
2.603721025107382653e-02
2.603721025107382653e-02
2.603721025107382653e-02
2.603721025107382653e-02
2.603721025107382653e-02
2.603721025107382653e-02
2.603721025107382653e-02
2.603721025107382653e-02
2.603721025107382653e-02
2.603721025107382653e-02
2.603721025107382653e-02
2.717088115384026781e-02
2.717088115384026781e-02
2.717088115384026781e-02
2.717088115384026781e-02
2.717088115384026781e-02
2.717088115384026781e-02
2.717088115384026781e-02
2.717088115384026781e-02
2.717088115384026781e-02
2.799237665323905250e-02
2.799237665323905250e-02
2.799237665323905250e-02
2.799237665323905250e-02
2.799237665323905250e-02
2.799237665323905250e-02
2.799237665323905250e-02
2.799237665323905250e-02
2.799237665323905250e-02
2.799237665323905250e-02
2.799237665323905250e-02
2.799237665323905250e-02
2.799237665323905250e-02
2.799237665323905250e-02
2.799237665323905250e-02
2.799237665323905250e-02
2.799237665323905250e-02
1.022205396623961510e-01
1.022205396623961510e-01
1.022205396623961510e-01
1.022205396623961510e-01
1.022205396623961510e-01
1.022205396623961510e-01
1.022205396623961510e-01
1.022205396623961510e-01
1.022205396623961510e-01
1.022205396623961510e-01
1.022205396623961510e-01
1.022205396623961510e-01
1.022205396623961510e-01
2.794235805803196512e-02
2.794235805803196512e-02
2.794235805803196512e-02
2.794235805803196512e-02
2.794235805803196512e-02
2.794235805803196512e-02
2.794235805803196512e-02
2.794235805803196512e-02
2.794235805803196512e-02
2.794235805803196512e-02
2.794235805803196512e-02
2.794235805803196512e-02
2.794235805803196512e-02
2.794235805803196512e-02
2.887406823058626462e-02
2.887406823058626462e-02
2.887406823058626462e-02
2.887406823058626462e-02
2.887406823058626462e-02
2.887406823058626462e-02
2.887406823058626462e-02
2.887406823058626462e-02
2.887406823058626462e-02
2.887406823058626462e-02
2.887406823058626462e-02
2.887406823058626462e-02
2.887406823058626462e-02
2.759831674060974488e-02
2.759831674060974488e-02
2.759831674060974488e-02
2.759831674060974488e-02
2.759831674060974488e-02
2.913651716507664052e-02
2.913651716507664052e-02
2.913651716507664052e-02
2.913651716507664052e-02
2.913651716507664052e-02
2.913651716507664052e-02
2.913651716507664052e-02
2.913651716507664052e-02
2.913651716507664052e-02
2.913651716507664052e-02
2.913651716507664052e-02
2.913651716507664052e-02
2.913651716507664052e-02
2.913651716507664052e-02
2.913651716507664052e-02
2.192616404950547410e-02
2.192616404950547410e-02
2.192616404950547410e-02
2.192616404950547410e-02
2.192616404950547410e-02
2.192616404950547410e-02
2.192616404950547410e-02
2.192616404950547410e-02
2.192616404950547410e-02
2.192616404950547410e-02
2.192616404950547410e-02
2.192616404950547410e-02
2.192616404950547410e-02
2.192616404950547410e-02
2.192616404950547410e-02
3.024851118267362846e-02
3.024851118267362846e-02
3.024851118267362846e-02
3.024851118267362846e-02
3.024851118267362846e-02
3.024851118267362846e-02
3.024851118267362846e-02
3.024851118267362846e-02
