3.155754186771227154e-02
3.155754186771227154e-02
3.155754186771227154e-02
3.155754186771227154e-02
3.155754186771227154e-02
3.155754186771227154e-02
3.155754186771227154e-02
3.155754186771227154e-02
3.155754186771227154e-02
3.155754186771227154e-02
1.082756661529636483e-01
1.082756661529636483e-01
1.082756661529636483e-01
2.752677112738883755e-02
2.752677112738883755e-02
2.752677112738883755e-02
2.752677112738883755e-02
2.752677112738883755e-02
2.752677112738883755e-02
2.752677112738883755e-02
2.752677112738883755e-02
2.934144541030976605e-02
2.934144541030976605e-02
2.934144541030976605e-02
2.934144541030976605e-02
2.934144541030976605e-02
2.934144541030976605e-02
2.934144541030976605e-02
2.934144541030976605e-02
2.934144541030976605e-02
2.934144541030976605e-02
2.934144541030976605e-02
1.066366615107809668e-01
1.066366615107809668e-01
1.066366615107809668e-01
1.066366615107809668e-01
1.066366615107809668e-01
1.066366615107809668e-01
1.066366615107809668e-01
1.066366615107809668e-01
1.066366615107809668e-01
1.066366615107809668e-01
1.066366615107809668e-01
3.029608167278541667e-02
3.029608167278541667e-02
3.029608167278541667e-02
3.029608167278541667e-02
3.029608167278541667e-02
3.029608167278541667e-02
3.029608167278541667e-02
3.029608167278541667e-02
3.029608167278541667e-02
3.029608167278541667e-02
3.029608167278541667e-02
2.783617989577408594e-02
2.783617989577408594e-02
2.783617989577408594e-02
2.783617989577408594e-02
2.783617989577408594e-02
2.783617989577408594e-02
2.783617989577408594e-02
2.783617989577408594e-02
2.783617989577408594e-02
2.783617989577408594e-02
9.895912754496456742e-02
9.895912754496456742e-02
2.801567768661838986e-02
2.801567768661838986e-02
2.801567768661838986e-02
2.801567768661838986e-02
2.801567768661838986e-02
9.612005719513370960e-02
2.634181533271093278e-02
2.634181533271093278e-02
2.634181533271093278e-02
2.634181533271093278e-02
2.634181533271093278e-02
2.634181533271093278e-02
2.634181533271093278e-02
2.634181533271093278e-02
2.634181533271093278e-02
2.628802702549990628e-02
2.628802702549990628e-02
2.628802702549990628e-02
2.628802702549990628e-02
2.628802702549990628e-02
2.628802702549990628e-02
2.628802702549990628e-02
2.628802702549990628e-02
2.628802702549990628e-02
2.628802702549990628e-02
9.715616009963801147e-02
9.995207471894015927e-02
2.748354497590248940e-02
2.748354497590248940e-02
2.748354497590248940e-02
2.748354497590248940e-02
2.748354497590248940e-02
2.748354497590248940e-02
2.748354497590248940e-02
2.748354497590248940e-02
2.748354497590248940e-02
9.384642067037343716e-02
9.384642067037343716e-02
9.384642067037343716e-02
9.384642067037343716e-02
9.384642067037343716e-02
9.384642067037343716e-02
9.384642067037343716e-02
9.384642067037343716e-02
3.031590327473328988e-02
3.031590327473328988e-02
3.031590327473328988e-02
3.031590327473328988e-02
3.031590327473328988e-02
3.031590327473328988e-02
3.031590327473328988e-02
3.031590327473328988e-02
3.031590327473328988e-02
3.031590327473328988e-02
3.031590327473328988e-02
2.615249934660344999e-02
2.615249934660344999e-02
2.615249934660344999e-02
2.615249934660344999e-02
2.615249934660344999e-02
2.615249934660344999e-02
2.615249934660344999e-02
2.615249934660344999e-02
2.615249934660344999e-02
9.470988960166432102e-02
9.470988960166432102e-02
7.244205693901582810e-02
7.244205693901582810e-02
7.244205693901582810e-02
7.244205693901582810e-02
2.675671363037095477e-02
2.675671363037095477e-02
2.675671363037095477e-02
2.675671363037095477e-02
2.675671363037095477e-02
2.675671363037095477e-02
2.675671363037095477e-02
2.675671363037095477e-02
2.675671363037095477e-02
2.675671363037095477e-02
9.637223579563337916e-02
9.637223579563337916e-02
2.984455748313553231e-02
2.984455748313553231e-02
2.984455748313553231e-02
2.984455748313553231e-02
2.984455748313553231e-02
2.984455748313553231e-02
2.984455748313553231e-02
2.984455748313553231e-02
2.984455748313553231e-02
2.474071588989985165e-02
2.474071588989985165e-02
2.474071588989985165e-02
2.474071588989985165e-02
2.474071588989985165e-02
2.474071588989985165e-02
2.474071588989985165e-02
2.474071588989985165e-02
2.474071588989985165e-02
3.128219977555562331e-02
3.128219977555562331e-02
3.128219977555562331e-02
3.128219977555562331e-02
3.128219977555562331e-02
3.128219977555562331e-02
3.128219977555562331e-02
3.128219977555562331e-02
3.128219977555562331e-02
3.128219977555562331e-02
2.632208562753791253e-02
2.632208562753791253e-02
2.632208562753791253e-02
2.632208562753791253e-02
2.632208562753791253e-02
2.632208562753791253e-02
2.097908813475749673e-02
2.589610029971821381e-02
2.589610029971821381e-02
2.589610029971821381e-02
2.589610029971821381e-02
2.589610029971821381e-02
2.589610029971821381e-02
2.589610029971821381e-02
2.589610029971821381e-02
2.589610029971821381e-02
2.589610029971821381e-02
2.589610029971821381e-02
7.640804072482734743e-02
5.606942782910388084e-02
5.606942782910388084e-02
3.085246827042521095e-02
3.085246827042521095e-02
3.085246827042521095e-02
3.085246827042521095e-02
3.085246827042521095e-02
3.085246827042521095e-02
3.085246827042521095e-02
3.085246827042521095e-02
3.085246827042521095e-02
9.633684272454616504e-02
