2.654879170207202418e-02
2.654879170207202418e-02
2.654879170207202418e-02
2.654879170207202418e-02
2.654879170207202418e-02
2.654879170207202418e-02
2.654879170207202418e-02
2.654879170207202418e-02
2.654879170207202418e-02
2.654879170207202418e-02
2.654879170207202418e-02
2.654879170207202418e-02
2.654879170207202418e-02
2.654879170207202418e-02
2.654879170207202418e-02
1.734080929213700079e-02
1.734080929213700079e-02
1.734080929213700079e-02
1.734080929213700079e-02
1.734080929213700079e-02
1.734080929213700079e-02
1.734080929213700079e-02
1.734080929213700079e-02
1.734080929213700079e-02
1.734080929213700079e-02
1.734080929213700079e-02
1.734080929213700079e-02
1.734080929213700079e-02
1.734080929213700079e-02
1.971980142498435881e-02
1.971980142498435881e-02
1.971980142498435881e-02
1.971980142498435881e-02
1.971980142498435881e-02
1.971980142498435881e-02
1.971980142498435881e-02
1.971980142498435881e-02
1.971980142498435881e-02
1.971980142498435881e-02
1.971980142498435881e-02
1.971980142498435881e-02
1.971980142498435881e-02
1.971980142498435881e-02
2.576527490338841042e-02
2.576527490338841042e-02
2.576527490338841042e-02
2.576527490338841042e-02
2.576527490338841042e-02
2.576527490338841042e-02
2.576527490338841042e-02
2.576527490338841042e-02
2.576527490338841042e-02
2.576527490338841042e-02
2.576527490338841042e-02
2.576527490338841042e-02
1.905180367335059313e-02
1.905180367335059313e-02
1.905180367335059313e-02
1.905180367335059313e-02
1.905180367335059313e-02
1.905180367335059313e-02
1.905180367335059313e-02
1.905180367335059313e-02
1.905180367335059313e-02
1.905180367335059313e-02
1.905180367335059313e-02
1.932647513863594568e-02
1.932647513863594568e-02
1.731903414682753675e-02
1.731903414682753675e-02
1.731903414682753675e-02
1.731903414682753675e-02
1.731903414682753675e-02
1.731903414682753675e-02
1.731903414682753675e-02
1.731903414682753675e-02
1.731903414682753675e-02
1.731903414682753675e-02
1.731903414682753675e-02
2.361895658665649766e-02
2.361895658665649766e-02
2.361895658665649766e-02
2.361895658665649766e-02
2.361895658665649766e-02
2.361895658665649766e-02
2.361895658665649766e-02
2.361895658665649766e-02
2.361895658665649766e-02
2.361895658665649766e-02
2.361895658665649766e-02
2.361895658665649766e-02
2.361895658665649766e-02
2.361895658665649766e-02
2.361895658665649766e-02
2.361895658665649766e-02
2.501208794046076017e-02
2.501208794046076017e-02
2.501208794046076017e-02
2.501208794046076017e-02
2.501208794046076017e-02
2.501208794046076017e-02
2.501208794046076017e-02
2.501208794046076017e-02
2.501208794046076017e-02
2.501208794046076017e-02
2.501208794046076017e-02
2.501208794046076017e-02
1.957188206636880853e-02
1.957188206636880853e-02
1.957188206636880853e-02
1.957188206636880853e-02
1.957188206636880853e-02
1.957188206636880853e-02
1.957188206636880853e-02
