1.030116178800798976e-01
1.030116178800798976e-01
1.030116178800798976e-01
1.030116178800798976e-01
1.030116178800798976e-01
1.030116178800798976e-01
1.030116178800798976e-01
1.030116178800798976e-01
1.030116178800798976e-01
1.030116178800798976e-01
1.030116178800798976e-01
1.030116178800798976e-01
1.030116178800798976e-01
1.030116178800798976e-01
1.047162173810594205e-01
1.047162173810594205e-01
1.047162173810594205e-01
1.047162173810594205e-01
1.047162173810594205e-01
1.047162173810594205e-01
1.047162173810594205e-01
1.050593600950390366e-01
1.050593600950390366e-01
1.050593600950390366e-01
1.050593600950390366e-01
1.050593600950390366e-01
1.050593600950390366e-01
1.050593600950390366e-01
1.050593600950390366e-01
1.050593600950390366e-01
1.050593600950390366e-01
1.039874720741663927e-01
1.039874720741663927e-01
1.039874720741663927e-01
1.039874720741663927e-01
1.039874720741663927e-01
1.039874720741663927e-01
1.039874720741663927e-01
1.039874720741663927e-01
1.039874720741663927e-01
1.037224256575413478e-01
1.037224256575413478e-01
1.037224256575413478e-01
1.037224256575413478e-01
1.037224256575413478e-01
1.037224256575413478e-01
1.037224256575413478e-01
1.037224256575413478e-01
1.033090426405285228e-01
1.033090426405285228e-01
1.033090426405285228e-01
1.033090426405285228e-01
1.033090426405285228e-01
1.033090426405285228e-01
1.033090426405285228e-01
1.033090426405285228e-01
1.033090426405285228e-01
1.025941075073103920e-01
1.025941075073103920e-01
1.025941075073103920e-01
1.025941075073103920e-01
1.025941075073103920e-01
1.025941075073103920e-01
1.025941075073103920e-01
1.025941075073103920e-01
1.038065243140626898e-01
1.038065243140626898e-01
1.038065243140626898e-01
1.038065243140626898e-01
1.038065243140626898e-01
1.038065243140626898e-01
1.038065243140626898e-01
1.038065243140626898e-01
1.038065243140626898e-01
1.038065243140626898e-01
1.038065243140626898e-01
1.038065243140626898e-01
1.033971362093988600e-01
1.033971362093988600e-01
1.033971362093988600e-01
1.033971362093988600e-01
1.033971362093988600e-01
1.033971362093988600e-01
1.021223940285690412e-01
1.021223940285690412e-01
1.021223940285690412e-01
1.021223940285690412e-01
1.021223940285690412e-01
1.021223940285690412e-01
1.021223940285690412e-01
1.021223940285690412e-01
1.021223940285690412e-01
1.021223940285690412e-01
1.021223940285690412e-01
1.021223940285690412e-01
1.041907582750522254e-01
1.041907582750522254e-01
1.041907582750522254e-01
1.041907582750522254e-01
1.041907582750522254e-01
1.041907582750522254e-01
1.041907582750522254e-01
1.041907582750522254e-01
1.041907582750522254e-01
1.041907582750522254e-01
1.041907582750522254e-01
1.030230281629856692e-01
1.030230281629856692e-01
1.030230281629856692e-01
1.030230281629856692e-01
1.030230281629856692e-01
1.030230281629856692e-01
1.030230281629856692e-01
1.030230281629856692e-01
1.030230281629856692e-01
1.030230281629856692e-01
1.030230281629856692e-01
1.030230281629856692e-01
1.030230281629856692e-01
1.039303575205564045e-01
1.039303575205564045e-01
1.039303575205564045e-01
1.039303575205564045e-01
1.039303575205564045e-01
1.039303575205564045e-01
1.039303575205564045e-01
1.039303575205564045e-01
1.039303575205564045e-01
1.039303575205564045e-01
1.039303575205564045e-01
1.039303575205564045e-01
1.047488457785159255e-01
1.047488457785159255e-01
1.047488457785159255e-01
1.047488457785159255e-01
1.047488457785159255e-01
1.047488457785159255e-01
1.047488457785159255e-01
1.047488457785159255e-01
1.047488457785159255e-01
1.047488457785159255e-01
1.047488457785159255e-01
1.047488457785159255e-01
1.046036847637731304e-01
1.046036847637731304e-01
1.046036847637731304e-01
1.046036847637731304e-01
1.046036847637731304e-01
1.046036847637731304e-01
1.046036847637731304e-01
1.046036847637731304e-01
1.046036847637731304e-01
1.027740478256604639e-01
1.027740478256604639e-01
1.027740478256604639e-01
1.027740478256604639e-01
1.027740478256604639e-01
1.027740478256604639e-01
1.027740478256604639e-01
1.027740478256604639e-01
1.040056553631089203e-01
1.040056553631089203e-01
1.040056553631089203e-01
1.040056553631089203e-01
1.040056553631089203e-01
1.040056553631089203e-01
1.040056553631089203e-01
1.040056553631089203e-01
1.040056553631089203e-01
1.046756563879944202e-01
1.046756563879944202e-01
1.046756563879944202e-01
1.046756563879944202e-01
1.046756563879944202e-01
1.046756563879944202e-01
1.046756563879944202e-01
1.046756563879944202e-01
1.046756563879944202e-01
1.033191537268920990e-01
1.033191537268920990e-01
1.033191537268920990e-01
1.033191537268920990e-01
1.033191537268920990e-01
1.033191537268920990e-01
1.033191537268920990e-01
1.033191537268920990e-01
1.033191537268920990e-01
1.049653449223775792e-01
1.049653449223775792e-01
1.049653449223775792e-01
1.049653449223775792e-01
1.049653449223775792e-01
1.049653449223775792e-01
1.049653449223775792e-01
1.049653449223775792e-01
1.049653449223775792e-01
1.049653449223775792e-01
1.049653449223775792e-01
1.049653449223775792e-01
1.045186499289073867e-01
1.045186499289073867e-01
1.045186499289073867e-01
1.045186499289073867e-01
1.045186499289073867e-01
1.045186499289073867e-01
1.045186499289073867e-01
1.027659176666979313e-01
1.027659176666979313e-01
1.027659176666979313e-01
1.027659176666979313e-01
1.027659176666979313e-01
1.027659176666979313e-01
1.027659176666979313e-01
1.027659176666979313e-01
1.027659176666979313e-01
1.044333358907498371e-01
1.044333358907498371e-01
1.044333358907498371e-01
1.044333358907498371e-01
1.044333358907498371e-01
1.044333358907498371e-01
1.044333358907498371e-01
1.044333358907498371e-01
1.044333358907498371e-01
1.044333358907498371e-01
1.044333358907498371e-01
