5.074624006616832578e-02
5.074624006616832578e-02
5.074624006616832578e-02
5.074624006616832578e-02
5.074624006616832578e-02
5.074624006616832578e-02
5.074624006616832578e-02
5.074624006616832578e-02
5.074624006616832578e-02
5.074624006616832578e-02
5.074624006616832578e-02
5.074624006616832578e-02
5.074624006616832578e-02
5.074624006616832578e-02
5.074624006616832578e-02
5.074624006616832578e-02
5.074624006616832578e-02
5.079471176152883238e-02
5.079471176152883238e-02
5.079471176152883238e-02
5.079471176152883238e-02
5.079471176152883238e-02
5.079471176152883238e-02
5.079471176152883238e-02
5.079471176152883238e-02
5.079471176152883238e-02
5.079471176152883238e-02
5.079471176152883238e-02
5.079471176152883238e-02
5.079471176152883238e-02
5.079471176152883238e-02
5.079471176152883238e-02
5.079471176152883238e-02
5.079471176152883238e-02
4.923934295032322828e-02
4.923934295032322828e-02
4.923934295032322828e-02
4.923934295032322828e-02
4.923934295032322828e-02
4.923934295032322828e-02
4.923934295032322828e-02
4.923934295032322828e-02
4.923934295032322828e-02
4.923934295032322828e-02
4.923934295032322828e-02
4.923934295032322828e-02
4.923934295032322828e-02
4.923934295032322828e-02
4.923934295032322828e-02
4.923934295032322828e-02
4.923934295032322828e-02
5.062246537654047779e-02
5.062246537654047779e-02
5.062246537654047779e-02
5.062246537654047779e-02
5.062246537654047779e-02
5.062246537654047779e-02
5.062246537654047779e-02
5.062246537654047779e-02
5.062246537654047779e-02
5.062246537654047779e-02
5.062246537654047779e-02
5.062246537654047779e-02
5.062246537654047779e-02
5.062246537654047779e-02
5.062246537654047779e-02
5.062246537654047779e-02
5.062246537654047779e-02
5.088221330520828478e-02
5.088221330520828478e-02
5.088221330520828478e-02
5.088221330520828478e-02
5.088221330520828478e-02
5.088221330520828478e-02
5.088221330520828478e-02
5.088221330520828478e-02
5.088221330520828478e-02
5.088221330520828478e-02
5.088221330520828478e-02
5.088221330520828478e-02
5.088221330520828478e-02
5.088221330520828478e-02
5.088221330520828478e-02
5.088221330520828478e-02
5.088221330520828478e-02
4.989895167428989170e-02
4.989895167428989170e-02
4.989895167428989170e-02
4.989895167428989170e-02
4.989895167428989170e-02
4.989895167428989170e-02
4.989895167428989170e-02
4.989895167428989170e-02
4.989895167428989170e-02
4.989895167428989170e-02
4.989895167428989170e-02
4.989895167428989170e-02
4.989895167428989170e-02
4.989895167428989170e-02
4.989895167428989170e-02
4.989895167428989170e-02
4.989895167428989170e-02
5.086636515918394053e-02
5.086636515918394053e-02
5.086636515918394053e-02
5.086636515918394053e-02
5.086636515918394053e-02
5.086636515918394053e-02
5.086636515918394053e-02
5.086636515918394053e-02
5.086636515918394053e-02
5.086636515918394053e-02
5.086636515918394053e-02
5.086636515918394053e-02
5.086636515918394053e-02
5.086636515918394053e-02
5.086636515918394053e-02
5.086636515918394053e-02
5.086636515918394053e-02
5.064528637660407201e-02
5.064528637660407201e-02
5.064528637660407201e-02
5.064528637660407201e-02
5.064528637660407201e-02
5.064528637660407201e-02
5.064528637660407201e-02
5.064528637660407201e-02
5.064528637660407201e-02
5.064528637660407201e-02
5.064528637660407201e-02
5.064528637660407201e-02
5.064528637660407201e-02
5.064528637660407201e-02
5.064528637660407201e-02
5.064528637660407201e-02
5.064528637660407201e-02
5.043231790384285901e-02
5.043231790384285901e-02
5.043231790384285901e-02
5.043231790384285901e-02
5.043231790384285901e-02
5.043231790384285901e-02
5.043231790384285901e-02
5.043231790384285901e-02
5.043231790384285901e-02
5.043231790384285901e-02
5.043231790384285901e-02
5.043231790384285901e-02
5.043231790384285901e-02
5.043231790384285901e-02
5.043231790384285901e-02
5.043231790384285901e-02
5.043231790384285901e-02
5.006589754130689324e-02
5.006589754130689324e-02
5.006589754130689324e-02
5.006589754130689324e-02
5.006589754130689324e-02
5.006589754130689324e-02
5.006589754130689324e-02
5.006589754130689324e-02
5.006589754130689324e-02
5.006589754130689324e-02
5.006589754130689324e-02
5.006589754130689324e-02
5.006589754130689324e-02
5.006589754130689324e-02
5.006589754130689324e-02
5.006589754130689324e-02
5.006589754130689324e-02
4.942926664537208165e-02
4.942926664537208165e-02
4.942926664537208165e-02
4.942926664537208165e-02
4.942926664537208165e-02
4.942926664537208165e-02
4.942926664537208165e-02
4.942926664537208165e-02
4.942926664537208165e-02
4.942926664537208165e-02
4.942926664537208165e-02
4.942926664537208165e-02
4.942926664537208165e-02
4.942926664537208165e-02
4.942926664537208165e-02
4.942926664537208165e-02
4.942926664537208165e-02
5.085545379614878764e-02
5.085545379614878764e-02
5.085545379614878764e-02
5.085545379614878764e-02
5.085545379614878764e-02
5.085545379614878764e-02
5.085545379614878764e-02
5.085545379614878764e-02
5.085545379614878764e-02
5.085545379614878764e-02
5.085545379614878764e-02
5.085545379614878764e-02
5.085545379614878764e-02
5.085545379614878764e-02
5.085545379614878764e-02
5.085545379614878764e-02
5.085545379614878764e-02
5.051378809950907156e-02
5.051378809950907156e-02
5.051378809950907156e-02
5.051378809950907156e-02
5.051378809950907156e-02
5.051378809950907156e-02
5.051378809950907156e-02
5.051378809950907156e-02
5.051378809950907156e-02
5.051378809950907156e-02
5.051378809950907156e-02
5.051378809950907156e-02
5.051378809950907156e-02
5.051378809950907156e-02
5.051378809950907156e-02
5.051378809950907156e-02
5.051378809950907156e-02
5.079096768639494025e-02
5.079096768639494025e-02
5.079096768639494025e-02
5.079096768639494025e-02
5.079096768639494025e-02
5.079096768639494025e-02
5.079096768639494025e-02
5.079096768639494025e-02
5.079096768639494025e-02
5.079096768639494025e-02
5.079096768639494025e-02
5.079096768639494025e-02
5.079096768639494025e-02
5.079096768639494025e-02
5.079096768639494025e-02
5.079096768639494025e-02
5.079096768639494025e-02
