2.140785720735608258e-02
2.140785720735608258e-02
2.140785720735608258e-02
2.140785720735608258e-02
2.140785720735608258e-02
2.166513658588973754e-02
2.166513658588973754e-02
2.166513658588973754e-02
2.166513658588973754e-02
2.166513658588973754e-02
2.166513658588973754e-02
2.166513658588973754e-02
2.142886447222855026e-02
2.142886447222855026e-02
2.142886447222855026e-02
2.142886447222855026e-02
2.142886447222855026e-02
2.927585855800755518e-02
2.927585855800755518e-02
2.927585855800755518e-02
2.927585855800755518e-02
2.184784412594555428e-02
2.164751127526593627e-02
2.138344044089638199e-02
2.138344044089638199e-02
2.138344044089638199e-02
2.138344044089638199e-02
4.195565228105272576e-02
4.195565228105272576e-02
4.195565228105272576e-02
4.195565228105272576e-02
4.195565228105272576e-02
4.195565228105272576e-02
4.195565228105272576e-02
4.195565228105272576e-02
4.195565228105272576e-02
2.813404550570597351e-02
2.813404550570597351e-02
2.813404550570597351e-02
2.813404550570597351e-02
2.813404550570597351e-02
2.813404550570597351e-02
2.813404550570597351e-02
2.813404550570597351e-02
2.000636846002425834e-02
2.168290295994103334e-02
2.168290295994103334e-02
2.191040254670209922e-02
2.191040254670209922e-02
2.191040254670209922e-02
2.191040254670209922e-02
2.191040254670209922e-02
2.191040254670209922e-02
4.186198874582246210e-02
4.186198874582246210e-02
4.186198874582246210e-02
4.186198874582246210e-02
4.186198874582246210e-02
4.186198874582246210e-02
4.186198874582246210e-02
4.186198874582246210e-02
4.186198874582246210e-02
2.128843844449133590e-02
2.882732651261193935e-02
2.882732651261193935e-02
2.882732651261193935e-02
2.882732651261193935e-02
8.011905365913560284e-02
8.011905365913560284e-02
2.240584213108000669e-02
2.240584213108000669e-02
2.204405006644173659e-02
2.204405006644173659e-02
2.204405006644173659e-02
2.204405006644173659e-02
2.204405006644173659e-02
2.204405006644173659e-02
2.204405006644173659e-02
4.209961997343539958e-02
4.209961997343539958e-02
4.209961997343539958e-02
4.209961997343539958e-02
4.209961997343539958e-02
4.209961997343539958e-02
4.209961997343539958e-02
4.209961997343539958e-02
4.209961997343539958e-02
2.180872963789082936e-02
2.180872963789082936e-02
2.180872963789082936e-02
2.180872963789082936e-02
2.180872963789082936e-02
2.180872963789082936e-02
2.180872963789082936e-02
2.157407290466648725e-02
2.221278235491851855e-02
2.221278235491851855e-02
2.221278235491851855e-02
2.221278235491851855e-02
2.221278235491851855e-02
2.221278235491851855e-02
2.221278235491851855e-02
2.221278235491851855e-02
2.221278235491851855e-02
2.197971127821696929e-02
4.175286123269501826e-02
4.175286123269501826e-02
4.175286123269501826e-02
4.175286123269501826e-02
4.175286123269501826e-02
4.175286123269501826e-02
2.194625068319687802e-02
2.194625068319687802e-02
2.194625068319687802e-02
2.194625068319687802e-02
2.194625068319687802e-02
2.194625068319687802e-02
2.194625068319687802e-02
2.194625068319687802e-02
2.194625068319687802e-02
2.245334034243072138e-02
2.245334034243072138e-02
2.245334034243072138e-02
2.245334034243072138e-02
2.245334034243072138e-02
2.245334034243072138e-02
2.245334034243072138e-02
2.245334034243072138e-02
