1.158104014101878215e-01
1.158104014101878215e-01
1.158104014101878215e-01
1.158104014101878215e-01
1.158104014101878215e-01
1.158104014101878215e-01
1.158104014101878215e-01
1.158104014101878215e-01
1.158104014101878215e-01
1.158104014101878215e-01
1.158104014101878215e-01
1.158104014101878215e-01
1.158104014101878215e-01
1.158104014101878215e-01
1.158860822383858680e-01
1.158860822383858680e-01
1.158860822383858680e-01
1.158860822383858680e-01
1.158860822383858680e-01
1.158860822383858680e-01
1.158860822383858680e-01
1.158860822383858680e-01
1.158860822383858680e-01
1.158860822383858680e-01
1.158860822383858680e-01
1.158860822383858680e-01
1.157474181539476649e-01
1.157474181539476649e-01
1.157474181539476649e-01
1.157474181539476649e-01
1.157474181539476649e-01
1.157474181539476649e-01
1.157474181539476649e-01
1.157474181539476649e-01
1.157474181539476649e-01
1.157474181539476649e-01
1.157474181539476649e-01
1.157474181539476649e-01
1.157474181539476649e-01
1.157474181539476649e-01
1.160107587531487572e-01
1.160107587531487572e-01
1.160107587531487572e-01
1.160107587531487572e-01
1.160107587531487572e-01
1.160107587531487572e-01
1.160107587531487572e-01
1.160107587531487572e-01
1.160107587531487572e-01
1.160107587531487572e-01
1.160107587531487572e-01
1.160107587531487572e-01
1.160107587531487572e-01
1.160107587531487572e-01
1.156346270608486354e-01
1.156346270608486354e-01
1.156346270608486354e-01
1.156346270608486354e-01
1.156346270608486354e-01
1.156346270608486354e-01
1.156346270608486354e-01
1.156346270608486354e-01
1.156346270608486354e-01
1.156346270608486354e-01
1.156346270608486354e-01
1.156346270608486354e-01
1.156346270608486354e-01
1.156346270608486354e-01
1.157888979795348439e-01
1.157888979795348439e-01
1.157888979795348439e-01
1.157888979795348439e-01
1.157888979795348439e-01
1.157888979795348439e-01
1.157888979795348439e-01
1.157888979795348439e-01
1.157888979795348439e-01
1.157888979795348439e-01
1.157888979795348439e-01
1.157888979795348439e-01
1.157888979795348439e-01
1.157888979795348439e-01
1.160195416692782339e-01
1.160195416692782339e-01
1.160195416692782339e-01
1.160195416692782339e-01
1.160195416692782339e-01
1.160195416692782339e-01
1.160195416692782339e-01
1.160195416692782339e-01
1.156603323516087328e-01
1.156603323516087328e-01
1.156603323516087328e-01
1.156603323516087328e-01
1.156603323516087328e-01
1.156603323516087328e-01
1.156603323516087328e-01
1.156603323516087328e-01
1.156603323516087328e-01
1.156603323516087328e-01
1.156603323516087328e-01
1.156603323516087328e-01
1.156603323516087328e-01
1.156603323516087328e-01
1.157485186403997418e-01
1.157485186403997418e-01
1.157485186403997418e-01
1.157485186403997418e-01
1.157485186403997418e-01
1.157485186403997418e-01
1.157485186403997418e-01
1.157485186403997418e-01
1.157485186403997418e-01
1.157485186403997418e-01
1.157485186403997418e-01
1.157485186403997418e-01
1.157485186403997418e-01
1.157485186403997418e-01
1.152219011739983173e-01
1.152219011739983173e-01
1.152219011739983173e-01
1.152219011739983173e-01
1.152219011739983173e-01
1.152219011739983173e-01
1.152219011739983173e-01
1.152219011739983173e-01
1.152219011739983173e-01
1.152219011739983173e-01
1.152219011739983173e-01
1.152219011739983173e-01
1.152219011739983173e-01
1.159510901729570442e-01
1.159510901729570442e-01
1.159510901729570442e-01
1.159510901729570442e-01
1.159510901729570442e-01
1.159510901729570442e-01
1.159510901729570442e-01
1.159510901729570442e-01
1.159510901729570442e-01
1.159510901729570442e-01
1.159510901729570442e-01
1.159510901729570442e-01
1.159510901729570442e-01
1.159510901729570442e-01
1.159510901729570442e-01
1.157572395400817689e-01
1.157572395400817689e-01
1.157572395400817689e-01
1.157572395400817689e-01
1.158199263725532557e-01
1.158199263725532557e-01
1.158199263725532557e-01
1.158199263725532557e-01
1.158199263725532557e-01
1.158199263725532557e-01
1.158199263725532557e-01
1.158199263725532557e-01
1.158199263725532557e-01
1.158199263725532557e-01
1.158199263725532557e-01
1.158199263725532557e-01
1.158199263725532557e-01
1.158199263725532557e-01
1.158199263725532557e-01
1.157059568879037909e-01
1.157059568879037909e-01
1.157059568879037909e-01
1.157059568879037909e-01
1.157059568879037909e-01
1.157059568879037909e-01
1.157059568879037909e-01
1.157059568879037909e-01
1.157059568879037909e-01
1.157059568879037909e-01
1.157059568879037909e-01
1.157059568879037909e-01
1.157059568879037909e-01
1.157059568879037909e-01
1.157059568879037909e-01
1.155705068789679713e-01
1.155705068789679713e-01
1.155705068789679713e-01
1.155705068789679713e-01
1.155705068789679713e-01
1.155705068789679713e-01
1.155705068789679713e-01
1.155705068789679713e-01
1.155705068789679713e-01
1.155705068789679713e-01
1.155705068789679713e-01
1.155705068789679713e-01
1.155705068789679713e-01
1.155705068789679713e-01
1.158245354565338309e-01
1.158245354565338309e-01
1.158245354565338309e-01
1.158245354565338309e-01
1.158245354565338309e-01
1.158245354565338309e-01
1.158245354565338309e-01
1.158245354565338309e-01
1.158245354565338309e-01
1.161533720391683955e-01
1.161533720391683955e-01
1.161533720391683955e-01
1.161533720391683955e-01
1.161533720391683955e-01
1.161533720391683955e-01
1.161533720391683955e-01
1.161533720391683955e-01
1.161533720391683955e-01
1.161533720391683955e-01
1.161533720391683955e-01
1.161533720391683955e-01
1.161533720391683955e-01
1.161533720391683955e-01
1.158135930648700740e-01
1.158135930648700740e-01
1.158135930648700740e-01
1.158135930648700740e-01
1.158135930648700740e-01
1.158135930648700740e-01
1.158135930648700740e-01
1.158135930648700740e-01
1.158135930648700740e-01
1.158135930648700740e-01
1.158135930648700740e-01
1.158135930648700740e-01
1.158135930648700740e-01
1.158135930648700740e-01
1.158409831237787735e-01
1.158409831237787735e-01
1.158409831237787735e-01
1.158409831237787735e-01
1.158409831237787735e-01
1.158409831237787735e-01
1.158409831237787735e-01
1.158409831237787735e-01
1.158409831237787735e-01
1.158409831237787735e-01
1.158409831237787735e-01
1.158409831237787735e-01
1.158409831237787735e-01
1.158409831237787735e-01
