2.041924861316338907e-02
2.041924861316338907e-02
2.041924861316338907e-02
2.041924861316338907e-02
2.041924861316338907e-02
2.041924861316338907e-02
2.041924861316338907e-02
1.713427058000045397e-02
1.713427058000045397e-02
1.713427058000045397e-02
1.713427058000045397e-02
1.713427058000045397e-02
1.713427058000045397e-02
1.713427058000045397e-02
1.713427058000045397e-02
1.713427058000045397e-02
1.713427058000045397e-02
1.952947228389159684e-02
1.952947228389159684e-02
1.952947228389159684e-02
1.952947228389159684e-02
1.952947228389159684e-02
1.952947228389159684e-02
1.952947228389159684e-02
1.952947228389159684e-02
1.952947228389159684e-02
1.952947228389159684e-02
1.757510358496842603e-02
2.022352741992137701e-02
2.022352741992137701e-02
2.022352741992137701e-02
2.022352741992137701e-02
2.022352741992137701e-02
2.022352741992137701e-02
2.022352741992137701e-02
1.966870093413038145e-02
1.966870093413038145e-02
1.966870093413038145e-02
1.966870093413038145e-02
1.966870093413038145e-02
1.966870093413038145e-02
1.966870093413038145e-02
1.966870093413038145e-02
1.966870093413038145e-02
1.966870093413038145e-02
1.701465482797267711e-02
1.701465482797267711e-02
1.701465482797267711e-02
1.701465482797267711e-02
1.701465482797267711e-02
1.701465482797267711e-02
1.701465482797267711e-02
1.701465482797267711e-02
1.701465482797267711e-02
1.701465482797267711e-02
1.940445015321386191e-02
2.007910535642823402e-02
2.007910535642823402e-02
2.007910535642823402e-02
2.007910535642823402e-02
2.007910535642823402e-02
2.007910535642823402e-02
2.007910535642823402e-02
2.007910535642823402e-02
2.007910535642823402e-02
2.007910535642823402e-02
2.007910535642823402e-02
1.700669272082603115e-02
1.700669272082603115e-02
1.700669272082603115e-02
1.700669272082603115e-02
1.700669272082603115e-02
1.700669272082603115e-02
1.700669272082603115e-02
1.700669272082603115e-02
1.979893353747424339e-02
1.979893353747424339e-02
1.979893353747424339e-02
1.979893353747424339e-02
1.979893353747424339e-02
1.979893353747424339e-02
1.979893353747424339e-02
1.979893353747424339e-02
1.704567463957195814e-02
1.704567463957195814e-02
1.704567463957195814e-02
1.704567463957195814e-02
1.704567463957195814e-02
1.704567463957195814e-02
1.704567463957195814e-02
1.704567463957195814e-02
1.704567463957195814e-02
1.704567463957195814e-02
1.704532536231047335e-02
1.704532536231047335e-02
1.704532536231047335e-02
1.704532536231047335e-02
1.704532536231047335e-02
1.704532536231047335e-02
1.704532536231047335e-02
1.704532536231047335e-02
2.016833325682175493e-02
2.016833325682175493e-02
2.016833325682175493e-02
2.016833325682175493e-02
2.016833325682175493e-02
2.016833325682175493e-02
2.016833325682175493e-02
2.016833325682175493e-02
