1.891331131906006172e-02
1.891331131906006172e-02
1.891331131906006172e-02
1.891331131906006172e-02
3.855357183454867498e-02
3.855357183454867498e-02
3.855357183454867498e-02
3.855357183454867498e-02
3.855357183454867498e-02
3.855357183454867498e-02
3.855357183454867498e-02
3.855357183454867498e-02
3.855357183454867498e-02
3.855357183454867498e-02
2.827769585114434450e-02
1.852630462491533167e-02
1.870244796667297482e-02
3.015301166140570491e-02
3.015301166140570491e-02
1.877743054738802500e-02
1.877743054738802500e-02
2.254803348832370297e-02
2.254803348832370297e-02
2.254803348832370297e-02
2.254803348832370297e-02
2.254803348832370297e-02
1.880388450348191923e-02
1.896151233011293680e-02
2.891454198332091274e-02
2.891454198332091274e-02
2.891454198332091274e-02
2.891454198332091274e-02
2.891454198332091274e-02
2.891454198332091274e-02
2.891454198332091274e-02
4.198526958174603196e-02
4.198526958174603196e-02
4.198526958174603196e-02
4.198526958174603196e-02
3.901458662333415206e-02
3.901458662333415206e-02
3.901458662333415206e-02
3.901458662333415206e-02
3.901458662333415206e-02
3.901458662333415206e-02
3.901458662333415206e-02
3.901458662333415206e-02
3.901458662333415206e-02
1.958244378478711870e-02
1.958244378478711870e-02
1.958244378478711870e-02
3.870655822938377788e-02
3.870655822938377788e-02
3.870655822938377788e-02
3.870655822938377788e-02
3.870655822938377788e-02
3.870655822938377788e-02
3.870655822938377788e-02
3.870655822938377788e-02
3.870655822938377788e-02
3.870655822938377788e-02
3.870655822938377788e-02
3.870655822938377788e-02
3.870655822938377788e-02
3.870655822938377788e-02
1.874527002286879851e-02
3.668906720636590235e-02
3.668906720636590235e-02
3.668906720636590235e-02
3.668906720636590235e-02
3.668906720636590235e-02
3.668906720636590235e-02
3.668906720636590235e-02
3.668906720636590235e-02
3.668906720636590235e-02
2.971167191966873206e-02
2.971167191966873206e-02
3.245430571603247216e-02
3.245430571603247216e-02
3.245430571603247216e-02
3.245430571603247216e-02
3.245430571603247216e-02
3.245430571603247216e-02
3.245430571603247216e-02
3.857315973207194049e-02
3.857315973207194049e-02
3.857315973207194049e-02
3.857315973207194049e-02
3.857315973207194049e-02
3.857315973207194049e-02
3.857315973207194049e-02
3.857315973207194049e-02
3.857315973207194049e-02
1.884973720522972046e-02
1.903574549578440980e-02
1.903574549578440980e-02
3.708959081682486336e-02
3.708959081682486336e-02
3.708959081682486336e-02
3.708959081682486336e-02
3.708959081682486336e-02
3.708959081682486336e-02
3.708959081682486336e-02
3.708959081682486336e-02
3.708959081682486336e-02
3.708959081682486336e-02
3.708959081682486336e-02
3.708959081682486336e-02
3.708959081682486336e-02
9.210335309595545084e-02
9.210335309595545084e-02
9.210335309595545084e-02
9.210335309595545084e-02
9.210335309595545084e-02
9.210335309595545084e-02
9.210335309595545084e-02
9.210335309595545084e-02
1.873915436323039807e-02
1.883845380429464977e-02
1.883845380429464977e-02
1.883845380429464977e-02
1.934388869568640437e-02
1.934388869568640437e-02
1.884780910610219656e-02
1.919338266074901642e-02
1.919338266074901642e-02
3.817277620504638813e-02
3.817277620504638813e-02
3.817277620504638813e-02
3.817277620504638813e-02
3.817277620504638813e-02
3.817277620504638813e-02
3.817277620504638813e-02
3.817277620504638813e-02
3.817277620504638813e-02
3.817277620504638813e-02
3.817277620504638813e-02
3.817277620504638813e-02
3.817277620504638813e-02
4.057940984114565691e-02
4.057940984114565691e-02
4.057940984114565691e-02
4.057940984114565691e-02
4.057940984114565691e-02
4.057940984114565691e-02
4.057940984114565691e-02
4.057940984114565691e-02
4.057940984114565691e-02
4.057940984114565691e-02
4.057940984114565691e-02
4.057940984114565691e-02
4.057940984114565691e-02
4.057940984114565691e-02
1.961872897219694989e-02
1.961872897219694989e-02
1.961872897219694989e-02
3.846058163918225636e-02
3.846058163918225636e-02
3.846058163918225636e-02
3.846058163918225636e-02
3.846058163918225636e-02
3.846058163918225636e-02
3.846058163918225636e-02
3.846058163918225636e-02
3.846058163918225636e-02
3.846058163918225636e-02
3.846058163918225636e-02
3.846058163918225636e-02
3.846058163918225636e-02
3.846058163918225636e-02
1.893174038323404418e-02
1.905155511657689871e-02
1.902314542877401801e-02
1.866709111925718770e-02
1.900700818159579628e-02
1.900700818159579628e-02
2.293587751767530228e-02
2.293587751767530228e-02
2.293587751767530228e-02
2.293587751767530228e-02
2.293587751767530228e-02
2.293587751767530228e-02
2.293587751767530228e-02
3.693064491162907637e-02
3.693064491162907637e-02
3.693064491162907637e-02
3.693064491162907637e-02
3.693064491162907637e-02
3.693064491162907637e-02
3.693064491162907637e-02
3.693064491162907637e-02
3.693064491162907637e-02
3.693064491162907637e-02
3.693064491162907637e-02
3.693064491162907637e-02
3.693064491162907637e-02
3.551567462334138947e-02
3.551567462334138947e-02
3.551567462334138947e-02
3.551567462334138947e-02
3.551567462334138947e-02
3.551567462334138947e-02
3.774578419053403744e-02
3.774578419053403744e-02
3.774578419053403744e-02
3.774578419053403744e-02
3.774578419053403744e-02
3.774578419053403744e-02
3.774578419053403744e-02
3.774578419053403744e-02
3.774578419053403744e-02
3.774578419053403744e-02
3.774578419053403744e-02
3.774578419053403744e-02
3.518569434750179470e-02
3.518569434750179470e-02
3.518569434750179470e-02
2.886642435133489337e-02
2.886642435133489337e-02
2.886642435133489337e-02
2.886642435133489337e-02
2.886642435133489337e-02
2.886642435133489337e-02
3.981755698094109619e-02
3.981755698094109619e-02
3.981755698094109619e-02
3.981755698094109619e-02
3.981755698094109619e-02
3.981755698094109619e-02
3.981755698094109619e-02
3.981755698094109619e-02
3.981755698094109619e-02
3.981755698094109619e-02
3.981755698094109619e-02
3.981755698094109619e-02
3.981755698094109619e-02
1.919924749942523295e-02
1.880549184805766980e-02
