6.762840587658211500e-02
6.762840587658211500e-02
6.762840587658211500e-02
6.762840587658211500e-02
6.762840587658211500e-02
6.762840587658211500e-02
1.089411484768151583e-01
1.089411484768151583e-01
1.089411484768151583e-01
1.089411484768151583e-01
1.089411484768151583e-01
1.089411484768151583e-01
1.089411484768151583e-01
1.089411484768151583e-01
1.089411484768151583e-01
1.089411484768151583e-01
1.089411484768151583e-01
1.089411484768151583e-01
1.089411484768151583e-01
6.444142648509701421e-02
6.444142648509701421e-02
6.444142648509701421e-02
6.653962629114798522e-02
6.653962629114798522e-02
7.121990771425276701e-02
7.121990771425276701e-02
7.121990771425276701e-02
7.121990771425276701e-02
7.121990771425276701e-02
7.121990771425276701e-02
7.121990771425276701e-02
7.121990771425276701e-02
7.121990771425276701e-02
7.121990771425276701e-02
7.121990771425276701e-02
1.108812683227261564e-01
1.108812683227261564e-01
1.108812683227261564e-01
1.108812683227261564e-01
1.108812683227261564e-01
1.108812683227261564e-01
1.108812683227261564e-01
1.108812683227261564e-01
1.108812683227261564e-01
1.108812683227261564e-01
1.108812683227261564e-01
1.108812683227261564e-01
1.108812683227261564e-01
7.845550093256017932e-02
6.662591252206435943e-02
6.662591252206435943e-02
6.662591252206435943e-02
6.662591252206435943e-02
6.662591252206435943e-02
6.662591252206435943e-02
6.662591252206435943e-02
6.662591252206435943e-02
6.662591252206435943e-02
6.662591252206435943e-02
6.662591252206435943e-02
6.662591252206435943e-02
7.554082837633097069e-02
7.554082837633097069e-02
7.554082837633097069e-02
7.554082837633097069e-02
7.554082837633097069e-02
7.554082837633097069e-02
7.554082837633097069e-02
7.554082837633097069e-02
7.554082837633097069e-02
7.554082837633097069e-02
7.554082837633097069e-02
6.629625200092940929e-02
6.629625200092940929e-02
6.629625200092940929e-02
6.629625200092940929e-02
6.629625200092940929e-02
6.629625200092940929e-02
6.629625200092940929e-02
6.629625200092940929e-02
6.629625200092940929e-02
6.629625200092940929e-02
6.629625200092940929e-02
8.274188994537375053e-02
8.274188994537375053e-02
8.274188994537375053e-02
8.274188994537375053e-02
8.274188994537375053e-02
8.274188994537375053e-02
8.274188994537375053e-02
8.274188994537375053e-02
8.274188994537375053e-02
8.274188994537375053e-02
8.274188994537375053e-02
8.274188994537375053e-02
8.274188994537375053e-02
8.274188994537375053e-02
7.486964363389048138e-02
7.486964363389048138e-02
7.486964363389048138e-02
7.486964363389048138e-02
7.486964363389048138e-02
7.486964363389048138e-02
7.486964363389048138e-02
7.486964363389048138e-02
7.486964363389048138e-02
1.114812507183583906e-01
1.114812507183583906e-01
1.114812507183583906e-01
1.114812507183583906e-01
1.114812507183583906e-01
1.114812507183583906e-01
1.114812507183583906e-01
1.114812507183583906e-01
1.114812507183583906e-01
1.114812507183583906e-01
1.114812507183583906e-01
7.842142193869126865e-02
7.842142193869126865e-02
7.842142193869126865e-02
1.163317327767379727e-01
1.163317327767379727e-01
1.163317327767379727e-01
1.163317327767379727e-01
1.163317327767379727e-01
1.163317327767379727e-01
1.163317327767379727e-01
1.163317327767379727e-01
1.163317327767379727e-01
1.163317327767379727e-01
1.163317327767379727e-01
1.163317327767379727e-01
1.163317327767379727e-01
1.163317327767379727e-01
1.163317327767379727e-01
7.466225074951590712e-02
7.620935043167320622e-02
7.620935043167320622e-02
7.620935043167320622e-02
7.620935043167320622e-02
7.620935043167320622e-02
7.620935043167320622e-02
6.827217152861586591e-02
6.827217152861586591e-02
6.827217152861586591e-02
6.827217152861586591e-02
6.827217152861586591e-02
6.827217152861586591e-02
6.827217152861586591e-02
6.827217152861586591e-02
6.827217152861586591e-02
6.827217152861586591e-02
6.827217152861586591e-02
6.827217152861586591e-02
6.827217152861586591e-02
6.827217152861586591e-02
1.096283138065411999e-01
1.096283138065411999e-01
1.096283138065411999e-01
1.096283138065411999e-01
1.096283138065411999e-01
1.096283138065411999e-01
1.096283138065411999e-01
1.096283138065411999e-01
1.096283138065411999e-01
1.096283138065411999e-01
1.173157045377121593e-01
6.596109346911274707e-02
6.596109346911274707e-02
6.596109346911274707e-02
6.596109346911274707e-02
6.596109346911274707e-02
6.596109346911274707e-02
6.596109346911274707e-02
6.596109346911274707e-02
6.596109346911274707e-02
6.596109346911274707e-02
6.596109346911274707e-02
8.017225612290770909e-02
8.017225612290770909e-02
8.017225612290770909e-02
8.017225612290770909e-02
8.017225612290770909e-02
8.017225612290770909e-02
8.017225612290770909e-02
7.943041969175171357e-02
7.943041969175171357e-02
7.943041969175171357e-02
7.943041969175171357e-02
7.943041969175171357e-02
7.943041969175171357e-02
7.943041969175171357e-02
7.943041969175171357e-02
7.943041969175171357e-02
7.015745192210237624e-02
7.015745192210237624e-02
7.015745192210237624e-02
7.015745192210237624e-02
7.015745192210237624e-02
7.015745192210237624e-02
7.015745192210237624e-02
7.015745192210237624e-02
4.653217546896099011e-02
4.653217546896099011e-02
4.653217546896099011e-02
4.653217546896099011e-02
4.653217546896099011e-02
6.951885301488686109e-02
6.951885301488686109e-02
6.951885301488686109e-02
1.112652996406874040e-01
1.112652996406874040e-01
1.112652996406874040e-01
1.112652996406874040e-01
1.112652996406874040e-01
1.112652996406874040e-01
1.112652996406874040e-01
1.112652996406874040e-01
1.112652996406874040e-01
1.112652996406874040e-01
1.112652996406874040e-01
1.112652996406874040e-01
6.517649180916026963e-02
6.517649180916026963e-02
6.517649180916026963e-02
6.517649180916026963e-02
6.517649180916026963e-02
6.517649180916026963e-02
6.517649180916026963e-02
6.517649180916026963e-02
6.517649180916026963e-02
