7.230658378875085002e-02
7.230658378875085002e-02
7.230658378875085002e-02
7.230658378875085002e-02
7.230658378875085002e-02
7.230658378875085002e-02
7.230658378875085002e-02
7.230658378875085002e-02
7.230658378875085002e-02
7.230658378875085002e-02
7.230658378875085002e-02
7.230658378875085002e-02
1.792807801023480613e-02
1.792807801023480613e-02
1.781184255437519987e-02
1.781184255437519987e-02
7.180461981321650811e-02
7.180461981321650811e-02
7.180461981321650811e-02
7.180461981321650811e-02
7.180461981321650811e-02
7.180461981321650811e-02
7.180461981321650811e-02
7.180461981321650811e-02
7.180461981321650811e-02
7.180461981321650811e-02
7.180461981321650811e-02
7.180461981321650811e-02
7.180461981321650811e-02
7.180461981321650811e-02
1.766009677825430835e-02
1.776040115817993995e-02
7.224647969166006489e-02
7.224647969166006489e-02
7.224647969166006489e-02
7.224647969166006489e-02
7.224647969166006489e-02
7.224647969166006489e-02
7.224647969166006489e-02
7.224647969166006489e-02
7.224647969166006489e-02
7.224647969166006489e-02
7.224647969166006489e-02
7.224647969166006489e-02
7.224647969166006489e-02
7.224647969166006489e-02
1.785436479518307321e-02
7.235267798939766515e-02
7.235267798939766515e-02
7.235267798939766515e-02
7.235267798939766515e-02
7.235267798939766515e-02
7.235267798939766515e-02
7.235267798939766515e-02
7.235267798939766515e-02
7.235267798939766515e-02
7.235267798939766515e-02
7.235267798939766515e-02
7.235267798939766515e-02
1.781046436294290644e-02
7.175635977995206694e-02
7.175635977995206694e-02
7.175635977995206694e-02
7.175635977995206694e-02
7.175635977995206694e-02
7.175635977995206694e-02
7.175635977995206694e-02
7.175635977995206694e-02
7.175635977995206694e-02
7.175635977995206694e-02
7.175635977995206694e-02
7.175635977995206694e-02
7.175635977995206694e-02
7.175635977995206694e-02
1.783576044053255746e-02
1.788564268501921517e-02
1.788564268501921517e-02
1.779306545732442860e-02
1.779306545732442860e-02
1.785942219683873261e-02
7.189910735398559460e-02
7.189910735398559460e-02
7.189910735398559460e-02
7.189910735398559460e-02
7.189910735398559460e-02
7.189910735398559460e-02
7.189910735398559460e-02
7.189910735398559460e-02
7.189910735398559460e-02
7.189910735398559460e-02
7.189910735398559460e-02
7.189910735398559460e-02
7.189910735398559460e-02
7.189910735398559460e-02
7.246627823631499044e-02
1.768193438123536951e-02
1.774311437356710167e-02
1.774311437356710167e-02
1.774311437356710167e-02
1.776402566295603655e-02
7.260366630897563400e-02
7.260366630897563400e-02
7.185492573707319419e-02
7.185492573707319419e-02
7.185492573707319419e-02
7.185492573707319419e-02
7.185492573707319419e-02
7.185492573707319419e-02
7.185492573707319419e-02
7.185492573707319419e-02
7.185492573707319419e-02
7.185492573707319419e-02
7.185492573707319419e-02
7.185492573707319419e-02
7.185492573707319419e-02
7.185492573707319419e-02
7.185492573707319419e-02
1.785929948934264835e-02
7.215974620308485132e-02
7.215974620308485132e-02
7.215974620308485132e-02
7.215974620308485132e-02
7.215974620308485132e-02
7.215974620308485132e-02
7.215974620308485132e-02
7.215974620308485132e-02
7.215974620308485132e-02
7.215974620308485132e-02
7.215974620308485132e-02
7.215974620308485132e-02
7.215974620308485132e-02
6.834529559837970725e-02
6.834529559837970725e-02
6.834529559837970725e-02
6.834529559837970725e-02
6.834529559837970725e-02
6.834529559837970725e-02
6.834529559837970725e-02
6.834529559837970725e-02
6.834529559837970725e-02
6.834529559837970725e-02
6.834529559837970725e-02
6.834529559837970725e-02
6.834529559837970725e-02
6.834529559837970725e-02
7.250451414713296461e-02
7.250451414713296461e-02
7.250451414713296461e-02
7.250451414713296461e-02
7.250451414713296461e-02
7.250451414713296461e-02
7.250451414713296461e-02
7.250451414713296461e-02
7.250451414713296461e-02
7.172736433798886091e-02
7.172736433798886091e-02
7.172736433798886091e-02
7.172736433798886091e-02
7.172736433798886091e-02
7.172736433798886091e-02
7.172736433798886091e-02
7.172736433798886091e-02
7.172736433798886091e-02
7.172736433798886091e-02
7.172736433798886091e-02
7.172736433798886091e-02
7.172736433798886091e-02
7.172736433798886091e-02
7.174770939957948734e-02
7.174770939957948734e-02
7.174770939957948734e-02
7.174770939957948734e-02
7.174770939957948734e-02
7.174770939957948734e-02
7.174770939957948734e-02
7.174770939957948734e-02
7.174770939957948734e-02
7.174770939957948734e-02
7.174770939957948734e-02
7.174770939957948734e-02
7.174770939957948734e-02
7.174770939957948734e-02
7.207730367550438388e-02
7.207730367550438388e-02
7.207730367550438388e-02
7.207730367550438388e-02
7.207730367550438388e-02
7.207730367550438388e-02
7.207730367550438388e-02
7.207730367550438388e-02
7.207730367550438388e-02
7.207730367550438388e-02
7.207730367550438388e-02
7.207730367550438388e-02
7.207730367550438388e-02
1.784460055509029877e-02
1.766079729202651993e-02
7.208363874466403032e-02
7.208363874466403032e-02
7.208363874466403032e-02
7.208363874466403032e-02
7.208363874466403032e-02
7.208363874466403032e-02
7.208363874466403032e-02
7.208363874466403032e-02
7.208363874466403032e-02
7.208363874466403032e-02
7.208363874466403032e-02
7.208363874466403032e-02
7.208363874466403032e-02
7.198475911227419921e-02
7.198475911227419921e-02
7.198475911227419921e-02
7.198475911227419921e-02
7.198475911227419921e-02
7.198475911227419921e-02
7.198475911227419921e-02
7.198475911227419921e-02
7.198475911227419921e-02
7.198475911227419921e-02
7.198475911227419921e-02
7.198475911227419921e-02
7.198475911227419921e-02
7.198475911227419921e-02
1.766596555643018887e-02
1.766596555643018887e-02
