1.811342151465935094e-02
1.811342151465935094e-02
1.811342151465935094e-02
1.811342151465935094e-02
1.811342151465935094e-02
1.811342151465935094e-02
1.811342151465935094e-02
1.811342151465935094e-02
1.811342151465935094e-02
1.811342151465935094e-02
1.811342151465935094e-02
1.811342151465935094e-02
1.811342151465935094e-02
1.811342151465935094e-02
3.297975119966083807e-02
3.297975119966083807e-02
3.297975119966083807e-02
3.297975119966083807e-02
3.297975119966083807e-02
3.297975119966083807e-02
3.297975119966083807e-02
3.297975119966083807e-02
3.297975119966083807e-02
3.297975119966083807e-02
3.297975119966083807e-02
3.297975119966083807e-02
3.297975119966083807e-02
3.297975119966083807e-02
3.297975119966083807e-02
3.297975119966083807e-02
1.816722307934840255e-02
1.816722307934840255e-02
1.816722307934840255e-02
1.816722307934840255e-02
1.816722307934840255e-02
1.816722307934840255e-02
1.816722307934840255e-02
1.816722307934840255e-02
1.816722307934840255e-02
1.816722307934840255e-02
1.816722307934840255e-02
1.816722307934840255e-02
1.816722307934840255e-02
1.816722307934840255e-02
1.816722307934840255e-02
3.249435870625153044e-02
3.249435870625153044e-02
3.249435870625153044e-02
3.249435870625153044e-02
3.249435870625153044e-02
3.249435870625153044e-02
3.249435870625153044e-02
3.249435870625153044e-02
3.249435870625153044e-02
3.249435870625153044e-02
3.249435870625153044e-02
3.249435870625153044e-02
3.249435870625153044e-02
3.249435870625153044e-02
3.249435870625153044e-02
3.249435870625153044e-02
3.006597165443489900e-02
3.006597165443489900e-02
3.006597165443489900e-02
3.006597165443489900e-02
3.006597165443489900e-02
3.006597165443489900e-02
3.006597165443489900e-02
3.006597165443489900e-02
3.006597165443489900e-02
3.006597165443489900e-02
3.006597165443489900e-02
3.006597165443489900e-02
3.006597165443489900e-02
3.006597165443489900e-02
3.006597165443489900e-02
3.006597165443489900e-02
3.279749347321381236e-02
3.279749347321381236e-02
3.279749347321381236e-02
3.279749347321381236e-02
3.279749347321381236e-02
3.279749347321381236e-02
3.279749347321381236e-02
3.279749347321381236e-02
3.279749347321381236e-02
3.279749347321381236e-02
3.279749347321381236e-02
3.279749347321381236e-02
3.279749347321381236e-02
3.279749347321381236e-02
3.279749347321381236e-02
3.279749347321381236e-02
2.998963162315603295e-02
2.998963162315603295e-02
2.998963162315603295e-02
2.998963162315603295e-02
2.998963162315603295e-02
2.998963162315603295e-02
2.998963162315603295e-02
2.998963162315603295e-02
2.998963162315603295e-02
2.998963162315603295e-02
2.998963162315603295e-02
2.998963162315603295e-02
2.998963162315603295e-02
2.998963162315603295e-02
2.998963162315603295e-02
2.998963162315603295e-02
2.266475254538007425e-02
2.266475254538007425e-02
2.266475254538007425e-02
2.266475254538007425e-02
2.266475254538007425e-02
2.266475254538007425e-02
2.266475254538007425e-02
2.266475254538007425e-02
2.266475254538007425e-02
2.266475254538007425e-02
2.266475254538007425e-02
2.266475254538007425e-02
3.226230166518613551e-02
3.226230166518613551e-02
3.226230166518613551e-02
3.226230166518613551e-02
3.226230166518613551e-02
3.226230166518613551e-02
3.226230166518613551e-02
3.226230166518613551e-02
3.226230166518613551e-02
3.226230166518613551e-02
3.226230166518613551e-02
3.226230166518613551e-02
3.226230166518613551e-02
3.226230166518613551e-02
3.226230166518613551e-02
3.226230166518613551e-02
2.850837316312480191e-02
2.850837316312480191e-02
2.850837316312480191e-02
2.850837316312480191e-02
2.850837316312480191e-02
2.850837316312480191e-02
2.850837316312480191e-02
2.850837316312480191e-02
2.850837316312480191e-02
2.850837316312480191e-02
2.850837316312480191e-02
2.850837316312480191e-02
2.850837316312480191e-02
2.850837316312480191e-02
2.850837316312480191e-02
2.850837316312480191e-02
1.830114336127254548e-02
1.830114336127254548e-02
1.830114336127254548e-02
1.830114336127254548e-02
1.830114336127254548e-02
1.830114336127254548e-02
1.830114336127254548e-02
1.830114336127254548e-02
1.830114336127254548e-02
1.830114336127254548e-02
1.830114336127254548e-02
1.830114336127254548e-02
1.830114336127254548e-02
1.830114336127254548e-02
1.830114336127254548e-02
2.762697444804572411e-02
2.762697444804572411e-02
2.762697444804572411e-02
2.762697444804572411e-02
2.762697444804572411e-02
2.762697444804572411e-02
2.762697444804572411e-02
2.762697444804572411e-02
2.762697444804572411e-02
2.762697444804572411e-02
2.762697444804572411e-02
2.762697444804572411e-02
2.762697444804572411e-02
2.762697444804572411e-02
2.762697444804572411e-02
2.762697444804572411e-02
2.762697444804572411e-02
2.011559348275846967e-02
2.011559348275846967e-02
2.011559348275846967e-02
2.011559348275846967e-02
2.769101524290852254e-02
2.769101524290852254e-02
2.769101524290852254e-02
2.769101524290852254e-02
2.769101524290852254e-02
2.769101524290852254e-02
2.769101524290852254e-02
2.769101524290852254e-02
2.769101524290852254e-02
2.769101524290852254e-02
2.769101524290852254e-02
2.769101524290852254e-02
2.769101524290852254e-02
2.769101524290852254e-02
2.769101524290852254e-02
2.769101524290852254e-02
2.769101524290852254e-02
2.122355906384305879e-02
2.122355906384305879e-02
2.122355906384305879e-02
2.122355906384305879e-02
2.122355906384305879e-02
2.122355906384305879e-02
2.122355906384305879e-02
2.122355906384305879e-02
2.122355906384305879e-02
2.122355906384305879e-02
2.122355906384305879e-02
2.122355906384305879e-02
2.122355906384305879e-02
2.122355906384305879e-02
2.122355906384305879e-02
2.122355906384305879e-02
2.856202134053542965e-02
2.856202134053542965e-02
2.856202134053542965e-02
2.856202134053542965e-02
2.856202134053542965e-02
2.856202134053542965e-02
2.856202134053542965e-02
2.856202134053542965e-02
2.856202134053542965e-02
2.856202134053542965e-02
2.856202134053542965e-02
2.856202134053542965e-02
2.856202134053542965e-02
2.856202134053542965e-02
2.856202134053542965e-02
2.856202134053542965e-02
