4.788911417606846882e-02
4.788911417606846882e-02
4.788911417606846882e-02
4.788911417606846882e-02
4.788911417606846882e-02
4.788911417606846882e-02
4.788911417606846882e-02
4.788911417606846882e-02
4.788911417606846882e-02
4.788911417606846882e-02
4.788911417606846882e-02
4.788911417606846882e-02
4.788911417606846882e-02
4.788911417606846882e-02
4.788911417606846882e-02
4.788911417606846882e-02
4.788911417606846882e-02
4.797708157265727358e-02
4.797708157265727358e-02
4.797708157265727358e-02
4.797708157265727358e-02
4.797708157265727358e-02
4.797708157265727358e-02
4.797708157265727358e-02
4.797708157265727358e-02
4.797708157265727358e-02
4.797708157265727358e-02
4.797708157265727358e-02
4.797708157265727358e-02
4.797708157265727358e-02
4.797708157265727358e-02
4.797708157265727358e-02
4.797708157265727358e-02
4.797708157265727358e-02
4.787974043116885459e-02
4.787974043116885459e-02
4.787974043116885459e-02
4.787974043116885459e-02
4.787974043116885459e-02
4.787974043116885459e-02
4.787974043116885459e-02
4.787974043116885459e-02
4.787974043116885459e-02
4.787974043116885459e-02
4.787974043116885459e-02
4.787974043116885459e-02
4.787974043116885459e-02
4.787974043116885459e-02
4.787974043116885459e-02
4.787974043116885459e-02
4.787974043116885459e-02
4.784844739827155691e-02
4.784844739827155691e-02
4.784844739827155691e-02
4.784844739827155691e-02
4.784844739827155691e-02
4.784844739827155691e-02
4.784844739827155691e-02
4.784844739827155691e-02
4.784844739827155691e-02
4.784844739827155691e-02
4.784844739827155691e-02
4.784844739827155691e-02
4.784844739827155691e-02
4.784844739827155691e-02
4.784844739827155691e-02
4.784844739827155691e-02
4.784844739827155691e-02
4.742738597433016068e-02
4.742738597433016068e-02
4.742738597433016068e-02
4.742738597433016068e-02
4.742738597433016068e-02
4.742738597433016068e-02
4.742738597433016068e-02
4.742738597433016068e-02
4.160009787748634308e-02
4.160009787748634308e-02
4.160009787748634308e-02
4.160009787748634308e-02
4.160009787748634308e-02
4.160009787748634308e-02
4.160009787748634308e-02
4.160009787748634308e-02
4.160009787748634308e-02
4.160009787748634308e-02
4.160009787748634308e-02
4.784775875620658758e-02
4.784775875620658758e-02
4.784775875620658758e-02
4.784775875620658758e-02
4.784775875620658758e-02
4.784775875620658758e-02
4.784775875620658758e-02
4.784775875620658758e-02
4.784775875620658758e-02
4.784775875620658758e-02
4.784775875620658758e-02
4.784775875620658758e-02
4.784775875620658758e-02
4.784775875620658758e-02
4.784775875620658758e-02
4.784775875620658758e-02
4.784775875620658758e-02
4.787213569965743931e-02
4.787213569965743931e-02
4.787213569965743931e-02
4.787213569965743931e-02
4.787213569965743931e-02
4.787213569965743931e-02
4.787213569965743931e-02
4.787213569965743931e-02
4.787213569965743931e-02
4.787213569965743931e-02
4.787213569965743931e-02
4.787213569965743931e-02
4.787213569965743931e-02
4.787213569965743931e-02
4.787213569965743931e-02
4.787213569965743931e-02
4.787213569965743931e-02
4.786358390971535981e-02
4.786358390971535981e-02
4.786358390971535981e-02
4.786358390971535981e-02
4.786358390971535981e-02
4.786358390971535981e-02
4.786358390971535981e-02
4.786358390971535981e-02
4.786358390971535981e-02
4.786358390971535981e-02
4.786358390971535981e-02
4.786358390971535981e-02
4.786358390971535981e-02
4.786358390971535981e-02
4.786358390971535981e-02
4.786358390971535981e-02
4.786358390971535981e-02
4.763782436175592605e-02
4.763782436175592605e-02
4.763782436175592605e-02
4.763782436175592605e-02
4.763782436175592605e-02
4.763782436175592605e-02
4.763782436175592605e-02
4.763782436175592605e-02
4.763782436175592605e-02
4.763782436175592605e-02
4.764818490079011926e-02
4.764818490079011926e-02
4.764818490079011926e-02
4.764818490079011926e-02
4.764818490079011926e-02
4.764818490079011926e-02
4.764818490079011926e-02
4.764818490079011926e-02
4.764818490079011926e-02
4.750922187316537759e-02
4.750922187316537759e-02
4.750922187316537759e-02
4.750922187316537759e-02
4.750922187316537759e-02
4.725643696785695319e-02
4.725643696785695319e-02
4.725643696785695319e-02
4.725643696785695319e-02
4.763305862586771772e-02
4.763305862586771772e-02
4.763305862586771772e-02
4.763305862586771772e-02
4.763305862586771772e-02
4.763305862586771772e-02
4.763305862586771772e-02
4.763305862586771772e-02
4.763305862586771772e-02
4.763305862586771772e-02
4.787053991376152839e-02
4.787053991376152839e-02
4.787053991376152839e-02
4.787053991376152839e-02
4.787053991376152839e-02
4.787053991376152839e-02
4.787053991376152839e-02
4.787053991376152839e-02
4.787053991376152839e-02
4.787053991376152839e-02
4.787053991376152839e-02
4.787053991376152839e-02
4.787053991376152839e-02
4.787053991376152839e-02
4.787053991376152839e-02
4.787053991376152839e-02
4.787053991376152839e-02
4.700965301199157287e-02
4.700965301199157287e-02
4.700965301199157287e-02
4.700965301199157287e-02
4.700965301199157287e-02
4.700965301199157287e-02
4.700965301199157287e-02
4.700965301199157287e-02
