4.775610795058980729e-02
4.775610795058980729e-02
4.775610795058980729e-02
4.775610795058980729e-02
4.775610795058980729e-02
4.775610795058980729e-02
4.775610795058980729e-02
4.775610795058980729e-02
4.775610795058980729e-02
4.775610795058980729e-02
4.775610795058980729e-02
4.775610795058980729e-02
4.775610795058980729e-02
4.775610795058980729e-02
4.775610795058980729e-02
4.775610795058980729e-02
4.775610795058980729e-02
4.777428927378836454e-02
4.777428927378836454e-02
4.777428927378836454e-02
4.777428927378836454e-02
4.777428927378836454e-02
4.777428927378836454e-02
4.777428927378836454e-02
4.777428927378836454e-02
4.777428927378836454e-02
4.777428927378836454e-02
4.777428927378836454e-02
4.777428927378836454e-02
4.777428927378836454e-02
4.777428927378836454e-02
4.777428927378836454e-02
4.777428927378836454e-02
4.777428927378836454e-02
4.789825608838724907e-02
4.789825608838724907e-02
4.789825608838724907e-02
4.789825608838724907e-02
4.789825608838724907e-02
4.789825608838724907e-02
4.789825608838724907e-02
4.789825608838724907e-02
4.789825608838724907e-02
4.789825608838724907e-02
4.789825608838724907e-02
4.789825608838724907e-02
4.789825608838724907e-02
4.789825608838724907e-02
4.789825608838724907e-02
4.789825608838724907e-02
4.789825608838724907e-02
4.778645155083525997e-02
4.778645155083525997e-02
4.778645155083525997e-02
4.778645155083525997e-02
4.778645155083525997e-02
4.778645155083525997e-02
4.778645155083525997e-02
4.778645155083525997e-02
4.778645155083525997e-02
4.778645155083525997e-02
4.778645155083525997e-02
4.778645155083525997e-02
4.778645155083525997e-02
4.778645155083525997e-02
4.778645155083525997e-02
4.778645155083525997e-02
4.778645155083525997e-02
4.776647818583114324e-02
4.776647818583114324e-02
4.776647818583114324e-02
4.776647818583114324e-02
4.776647818583114324e-02
4.776647818583114324e-02
4.776647818583114324e-02
4.776647818583114324e-02
4.776647818583114324e-02
4.776647818583114324e-02
4.776647818583114324e-02
4.776647818583114324e-02
4.776647818583114324e-02
4.776647818583114324e-02
4.776647818583114324e-02
4.776647818583114324e-02
4.776647818583114324e-02
4.768168564485373434e-02
4.768168564485373434e-02
4.768168564485373434e-02
4.768168564485373434e-02
4.768168564485373434e-02
4.768168564485373434e-02
4.768168564485373434e-02
4.768168564485373434e-02
4.768168564485373434e-02
4.768168564485373434e-02
4.768168564485373434e-02
4.768168564485373434e-02
4.768168564485373434e-02
4.768168564485373434e-02
4.768168564485373434e-02
4.768168564485373434e-02
4.768168564485373434e-02
4.756457309463766464e-02
4.756457309463766464e-02
4.756457309463766464e-02
4.756457309463766464e-02
4.756457309463766464e-02
4.756457309463766464e-02
4.756457309463766464e-02
4.756457309463766464e-02
4.756457309463766464e-02
4.756457309463766464e-02
4.756457309463766464e-02
4.756457309463766464e-02
4.756457309463766464e-02
4.756457309463766464e-02
4.756457309463766464e-02
4.756457309463766464e-02
4.756457309463766464e-02
4.778691237274280273e-02
4.778691237274280273e-02
4.778691237274280273e-02
4.778691237274280273e-02
4.778691237274280273e-02
4.778691237274280273e-02
4.778691237274280273e-02
4.778691237274280273e-02
4.778691237274280273e-02
4.778691237274280273e-02
4.778691237274280273e-02
4.778691237274280273e-02
4.778691237274280273e-02
4.778691237274280273e-02
4.778691237274280273e-02
4.778691237274280273e-02
4.778691237274280273e-02
4.782396055392405809e-02
4.782396055392405809e-02
4.782396055392405809e-02
4.782396055392405809e-02
4.782396055392405809e-02
4.782396055392405809e-02
4.782396055392405809e-02
4.782396055392405809e-02
4.782396055392405809e-02
4.782396055392405809e-02
4.782396055392405809e-02
4.782396055392405809e-02
4.782396055392405809e-02
4.782396055392405809e-02
4.782396055392405809e-02
4.782396055392405809e-02
4.782396055392405809e-02
4.777294064490938963e-02
4.777294064490938963e-02
4.777294064490938963e-02
4.777294064490938963e-02
4.777294064490938963e-02
4.777294064490938963e-02
4.777294064490938963e-02
4.777294064490938963e-02
4.777294064490938963e-02
4.777294064490938963e-02
4.777294064490938963e-02
4.777294064490938963e-02
4.777294064490938963e-02
4.777294064490938963e-02
4.777294064490938963e-02
4.777294064490938963e-02
4.777294064490938963e-02
4.799921271983403209e-02
4.799921271983403209e-02
4.799921271983403209e-02
4.799921271983403209e-02
4.799921271983403209e-02
4.799921271983403209e-02
4.799921271983403209e-02
4.799921271983403209e-02
4.799921271983403209e-02
4.799921271983403209e-02
4.799921271983403209e-02
4.799921271983403209e-02
4.799921271983403209e-02
4.799921271983403209e-02
4.799921271983403209e-02
4.799921271983403209e-02
4.799921271983403209e-02
4.776283385506444046e-02
4.776283385506444046e-02
4.776283385506444046e-02
4.776283385506444046e-02
4.776283385506444046e-02
4.776283385506444046e-02
4.776283385506444046e-02
4.776283385506444046e-02
4.776283385506444046e-02
4.776283385506444046e-02
4.776283385506444046e-02
4.776283385506444046e-02
4.776283385506444046e-02
4.776283385506444046e-02
4.776283385506444046e-02
4.776283385506444046e-02
4.776283385506444046e-02
4.772686501993982089e-02
4.772686501993982089e-02
4.772686501993982089e-02
4.772686501993982089e-02
4.772686501993982089e-02
4.772686501993982089e-02
4.772686501993982089e-02
4.772686501993982089e-02
4.772686501993982089e-02
4.772686501993982089e-02
4.772686501993982089e-02
4.772686501993982089e-02
4.772686501993982089e-02
4.772686501993982089e-02
4.772686501993982089e-02
4.772686501993982089e-02
4.772686501993982089e-02
4.769974296123116048e-02
4.769974296123116048e-02
4.769974296123116048e-02
4.769974296123116048e-02
4.769974296123116048e-02
4.769974296123116048e-02
4.769974296123116048e-02
4.769974296123116048e-02
4.769974296123116048e-02
4.769974296123116048e-02
4.769974296123116048e-02
4.769974296123116048e-02
4.769974296123116048e-02
4.769974296123116048e-02
4.769974296123116048e-02
4.769974296123116048e-02
4.769974296123116048e-02
