7.289475059790126443e-02
7.289475059790126443e-02
7.289475059790126443e-02
7.289475059790126443e-02
7.289475059790126443e-02
7.289475059790126443e-02
7.289475059790126443e-02
7.289475059790126443e-02
7.289475059790126443e-02
7.289475059790126443e-02
7.289475059790126443e-02
7.289475059790126443e-02
7.289475059790126443e-02
6.418935617379183112e-02
6.418935617379183112e-02
6.418935617379183112e-02
6.418935617379183112e-02
6.418935617379183112e-02
6.418935617379183112e-02
6.418935617379183112e-02
6.418935617379183112e-02
4.707216698729060900e-02
4.707216698729060900e-02
4.707216698729060900e-02
4.707216698729060900e-02
4.707216698729060900e-02
4.707216698729060900e-02
4.707216698729060900e-02
4.707216698729060900e-02
4.707216698729060900e-02
4.707216698729060900e-02
4.707216698729060900e-02
4.707216698729060900e-02
4.707216698729060900e-02
3.106164989848894664e-02
3.106164989848894664e-02
3.106164989848894664e-02
3.106164989848894664e-02
3.106164989848894664e-02
3.106164989848894664e-02
3.106164989848894664e-02
3.106164989848894664e-02
3.106164989848894664e-02
3.106164989848894664e-02
3.106164989848894664e-02
4.563803831846333092e-02
4.563803831846333092e-02
4.563803831846333092e-02
4.563803831846333092e-02
4.563803831846333092e-02
4.563803831846333092e-02
4.563803831846333092e-02
4.563803831846333092e-02
4.563803831846333092e-02
4.563803831846333092e-02
4.563803831846333092e-02
6.475157390245814271e-02
6.475157390245814271e-02
4.708546730168845784e-02
4.708546730168845784e-02
4.708546730168845784e-02
4.708546730168845784e-02
4.708546730168845784e-02
4.708546730168845784e-02
4.708546730168845784e-02
4.708546730168845784e-02
4.708546730168845784e-02
4.708546730168845784e-02
4.708546730168845784e-02
4.708546730168845784e-02
4.708546730168845784e-02
7.303071676546504798e-02
7.303071676546504798e-02
7.303071676546504798e-02
7.303071676546504798e-02
7.303071676546504798e-02
7.303071676546504798e-02
7.303071676546504798e-02
7.303071676546504798e-02
7.303071676546504798e-02
7.303071676546504798e-02
7.303071676546504798e-02
7.303071676546504798e-02
7.303071676546504798e-02
7.303071676546504798e-02
7.303071676546504798e-02
7.303071676546504798e-02
7.303071676546504798e-02
7.206719351831725184e-02
7.206719351831725184e-02
7.206719351831725184e-02
7.206719351831725184e-02
7.206719351831725184e-02
7.206719351831725184e-02
7.206719351831725184e-02
7.206719351831725184e-02
7.206719351831725184e-02
7.206719351831725184e-02
7.206719351831725184e-02
7.206719351831725184e-02
7.206719351831725184e-02
4.610365970062751950e-02
4.610365970062751950e-02
4.610365970062751950e-02
4.610365970062751950e-02
4.610365970062751950e-02
4.610365970062751950e-02
4.610365970062751950e-02
4.610365970062751950e-02
4.610365970062751950e-02
4.610365970062751950e-02
4.610365970062751950e-02
4.610365970062751950e-02
7.397110637904943942e-02
7.397110637904943942e-02
7.397110637904943942e-02
7.057400489275053590e-02
7.057400489275053590e-02
7.057400489275053590e-02
7.057400489275053590e-02
7.057400489275053590e-02
7.057400489275053590e-02
7.057400489275053590e-02
7.057400489275053590e-02
7.057400489275053590e-02
7.057400489275053590e-02
7.057400489275053590e-02
7.057400489275053590e-02
7.147256272406460331e-02
7.147256272406460331e-02
7.147256272406460331e-02
7.147256272406460331e-02
7.147256272406460331e-02
7.147256272406460331e-02
7.147256272406460331e-02
7.147256272406460331e-02
7.147256272406460331e-02
7.147256272406460331e-02
3.109526421275973784e-02
3.109526421275973784e-02
3.109526421275973784e-02
3.109526421275973784e-02
3.109526421275973784e-02
3.109526421275973784e-02
3.109526421275973784e-02
3.109526421275973784e-02
3.109526421275973784e-02
4.620589209727398589e-02
4.620589209727398589e-02
4.620589209727398589e-02
4.620589209727398589e-02
4.620589209727398589e-02
4.620589209727398589e-02
4.620589209727398589e-02
4.620589209727398589e-02
4.620589209727398589e-02
4.620589209727398589e-02
7.212847874825589756e-02
7.212847874825589756e-02
7.212847874825589756e-02
7.212847874825589756e-02
7.212847874825589756e-02
7.212847874825589756e-02
7.212847874825589756e-02
7.212847874825589756e-02
7.212847874825589756e-02
7.212847874825589756e-02
7.212847874825589756e-02
7.212847874825589756e-02
7.212847874825589756e-02
6.814121848993183461e-02
6.814121848993183461e-02
7.395257745680677841e-02
7.395257745680677841e-02
7.395257745680677841e-02
7.395257745680677841e-02
7.395257745680677841e-02
7.395257745680677841e-02
7.395257745680677841e-02
7.395257745680677841e-02
7.395257745680677841e-02
7.395257745680677841e-02
7.395257745680677841e-02
7.395257745680677841e-02
7.324633159245405589e-02
7.324633159245405589e-02
7.324633159245405589e-02
7.324633159245405589e-02
7.324633159245405589e-02
7.324633159245405589e-02
7.324633159245405589e-02
7.324633159245405589e-02
7.324633159245405589e-02
7.324633159245405589e-02
7.324633159245405589e-02
7.324633159245405589e-02
7.324633159245405589e-02
7.324633159245405589e-02
7.324633159245405589e-02
7.324633159245405589e-02
6.288151552603682415e-02
6.288151552603682415e-02
6.288151552603682415e-02
6.288151552603682415e-02
6.288151552603682415e-02
6.288151552603682415e-02
6.288151552603682415e-02
6.288151552603682415e-02
6.288151552603682415e-02
6.288151552603682415e-02
6.288151552603682415e-02
6.288151552603682415e-02
7.348430713089930399e-02
7.348430713089930399e-02
7.348430713089930399e-02
7.348430713089930399e-02
7.348430713089930399e-02
7.348430713089930399e-02
7.348430713089930399e-02
7.348430713089930399e-02
