5.145821082593295126e-02
5.145821082593295126e-02
5.145821082593295126e-02
5.145821082593295126e-02
5.145821082593295126e-02
5.145821082593295126e-02
5.145821082593295126e-02
5.145821082593295126e-02
5.145821082593295126e-02
5.145821082593295126e-02
5.145821082593295126e-02
5.145821082593295126e-02
5.145821082593295126e-02
4.034021586342873000e-02
4.034021586342873000e-02
4.034021586342873000e-02
4.034021586342873000e-02
4.034021586342873000e-02
4.034021586342873000e-02
4.034021586342873000e-02
4.034021586342873000e-02
4.034021586342873000e-02
4.034021586342873000e-02
4.034021586342873000e-02
4.034021586342873000e-02
4.034021586342873000e-02
4.070060410585808752e-02
4.070060410585808752e-02
4.070060410585808752e-02
4.070060410585808752e-02
4.070060410585808752e-02
4.070060410585808752e-02
4.070060410585808752e-02
4.070060410585808752e-02
4.070060410585808752e-02
4.070060410585808752e-02
4.070060410585808752e-02
4.070060410585808752e-02
4.070060410585808752e-02
4.070060410585808752e-02
5.397581785204371568e-02
5.397581785204371568e-02
5.397581785204371568e-02
5.397581785204371568e-02
5.397581785204371568e-02
9.442533601973197854e-02
9.442533601973197854e-02
9.442533601973197854e-02
9.442533601973197854e-02
9.442533601973197854e-02
9.442533601973197854e-02
9.442533601973197854e-02
9.442533601973197854e-02
9.442533601973197854e-02
9.442533601973197854e-02
9.442533601973197854e-02
9.442533601973197854e-02
9.442533601973197854e-02
9.442533601973197854e-02
4.051516153766517719e-02
4.051516153766517719e-02
4.051516153766517719e-02
4.051516153766517719e-02
4.051516153766517719e-02
4.051516153766517719e-02
4.051516153766517719e-02
4.051516153766517719e-02
4.051516153766517719e-02
4.051516153766517719e-02
4.051516153766517719e-02
4.051516153766517719e-02
4.051516153766517719e-02
4.110832580022892591e-02
4.110832580022892591e-02
4.110832580022892591e-02
4.110832580022892591e-02
4.110832580022892591e-02
4.110832580022892591e-02
4.110832580022892591e-02
4.110832580022892591e-02
4.110832580022892591e-02
3.943773951342542661e-02
3.943773951342542661e-02
3.943773951342542661e-02
3.943773951342542661e-02
3.943773951342542661e-02
3.943773951342542661e-02
3.943773951342542661e-02
3.943773951342542661e-02
3.943773951342542661e-02
4.081316157045778575e-02
4.081316157045778575e-02
4.081316157045778575e-02
4.081316157045778575e-02
4.081316157045778575e-02
4.081316157045778575e-02
4.081316157045778575e-02
4.081316157045778575e-02
4.081316157045778575e-02
4.066058276235723357e-02
4.066058276235723357e-02
4.066058276235723357e-02
4.066058276235723357e-02
4.066058276235723357e-02
4.066058276235723357e-02
4.066058276235723357e-02
4.066058276235723357e-02
4.066058276235723357e-02
4.066058276235723357e-02
4.066058276235723357e-02
4.066058276235723357e-02
4.066058276235723357e-02
4.066058276235723357e-02
4.042415795856862948e-02
4.042415795856862948e-02
4.042415795856862948e-02
4.042415795856862948e-02
4.042415795856862948e-02
4.042415795856862948e-02
4.042415795856862948e-02
4.042415795856862948e-02
4.042415795856862948e-02
4.042415795856862948e-02
4.042415795856862948e-02
4.042415795856862948e-02
4.042415795856862948e-02
4.042415795856862948e-02
4.082611789792785217e-02
4.055034255451600567e-02
4.055034255451600567e-02
4.055034255451600567e-02
4.055034255451600567e-02
4.055034255451600567e-02
4.055034255451600567e-02
4.055034255451600567e-02
4.055034255451600567e-02
4.055034255451600567e-02
4.055034255451600567e-02
4.055034255451600567e-02
4.055034255451600567e-02
4.055034255451600567e-02
4.055034255451600567e-02
4.045752923844282700e-02
4.045752923844282700e-02
4.045752923844282700e-02
4.045752923844282700e-02
4.045752923844282700e-02
4.045752923844282700e-02
4.045752923844282700e-02
4.045752923844282700e-02
4.045752923844282700e-02
4.045752923844282700e-02
4.045752923844282700e-02
4.045752923844282700e-02
4.045752923844282700e-02
4.070855942677473888e-02
4.070855942677473888e-02
4.070855942677473888e-02
4.070855942677473888e-02
4.070855942677473888e-02
4.070855942677473888e-02
4.070855942677473888e-02
4.070855942677473888e-02
4.070855942677473888e-02
4.070855942677473888e-02
4.070855942677473888e-02
4.070855942677473888e-02
4.038664146359111085e-02
4.038664146359111085e-02
4.038664146359111085e-02
4.038664146359111085e-02
4.038664146359111085e-02
4.038664146359111085e-02
4.038664146359111085e-02
4.038664146359111085e-02
4.038664146359111085e-02
4.038664146359111085e-02
4.038664146359111085e-02
4.038664146359111085e-02
4.038664146359111085e-02
4.038006814056360749e-02
4.038006814056360749e-02
4.038006814056360749e-02
4.038006814056360749e-02
4.038006814056360749e-02
4.038006814056360749e-02
4.038006814056360749e-02
4.038006814056360749e-02
4.038006814056360749e-02
4.038006814056360749e-02
4.038006814056360749e-02
4.038006814056360749e-02
