1.777507594167465968e-02
9.491244360035970551e-02
9.491244360035970551e-02
9.491244360035970551e-02
9.491244360035970551e-02
9.491244360035970551e-02
9.491244360035970551e-02
9.491244360035970551e-02
9.491244360035970551e-02
9.491244360035970551e-02
9.491244360035970551e-02
9.491244360035970551e-02
9.491244360035970551e-02
9.491244360035970551e-02
9.491244360035970551e-02
1.784042652043691182e-02
1.784042652043691182e-02
1.768444960421076267e-02
9.582220280654955846e-02
9.582220280654955846e-02
9.582220280654955846e-02
9.582220280654955846e-02
9.519247994092755460e-02
9.519247994092755460e-02
9.519247994092755460e-02
9.519247994092755460e-02
9.519247994092755460e-02
9.519247994092755460e-02
9.519247994092755460e-02
9.519247994092755460e-02
9.519247994092755460e-02
9.519247994092755460e-02
9.519247994092755460e-02
9.519247994092755460e-02
1.778343501172827829e-02
1.804307779262937644e-02
1.804307779262937644e-02
1.804307779262937644e-02
9.490619691123423907e-02
9.490619691123423907e-02
9.490619691123423907e-02
9.490619691123423907e-02
9.490619691123423907e-02
9.490619691123423907e-02
9.490619691123423907e-02
9.490619691123423907e-02
9.490619691123423907e-02
9.490619691123423907e-02
9.490619691123423907e-02
9.490619691123423907e-02
9.490619691123423907e-02
1.814219067760108883e-02
1.793182485468776746e-02
1.793182485468776746e-02
1.793182485468776746e-02
9.454281025508895486e-02
9.454281025508895486e-02
9.454281025508895486e-02
9.454281025508895486e-02
9.454281025508895486e-02
9.454281025508895486e-02
9.454281025508895486e-02
9.454281025508895486e-02
9.454281025508895486e-02
9.454281025508895486e-02
9.454281025508895486e-02
9.454281025508895486e-02
9.454281025508895486e-02
9.454281025508895486e-02
9.454281025508895486e-02
9.454281025508895486e-02
1.792603233274064206e-02
1.792603233274064206e-02
1.792603233274064206e-02
2.364568846694509868e-02
2.364568846694509868e-02
2.364568846694509868e-02
2.364568846694509868e-02
1.787454432295023168e-02
9.531588809340663104e-02
9.531588809340663104e-02
9.531588809340663104e-02
9.531588809340663104e-02
9.531588809340663104e-02
9.531588809340663104e-02
9.531588809340663104e-02
9.531588809340663104e-02
9.531588809340663104e-02
9.531588809340663104e-02
9.531588809340663104e-02
1.773699272635137145e-02
1.778776796975533453e-02
1.778776796975533453e-02
1.778776796975533453e-02
1.782294218694053037e-02
1.782294218694053037e-02
1.782294218694053037e-02
1.787579913525755640e-02
9.512357645532026895e-02
9.512357645532026895e-02
9.512357645532026895e-02
9.512357645532026895e-02
9.512357645532026895e-02
9.512357645532026895e-02
9.512357645532026895e-02
9.512357645532026895e-02
9.512357645532026895e-02
9.512357645532026895e-02
9.512357645532026895e-02
9.512357645532026895e-02
1.786672528023826312e-02
1.796210537970950247e-02
1.796210537970950247e-02
9.466616989217592482e-02
9.466616989217592482e-02
9.466616989217592482e-02
9.466616989217592482e-02
9.466616989217592482e-02
9.466616989217592482e-02
9.466616989217592482e-02
9.466616989217592482e-02
9.466616989217592482e-02
9.466616989217592482e-02
9.466616989217592482e-02
9.466616989217592482e-02
9.466616989217592482e-02
1.780320540471327928e-02
9.525776909010026661e-02
9.525776909010026661e-02
9.525776909010026661e-02
9.525776909010026661e-02
9.525776909010026661e-02
9.525776909010026661e-02
9.525776909010026661e-02
9.525776909010026661e-02
9.525776909010026661e-02
9.525776909010026661e-02
9.525776909010026661e-02
9.525776909010026661e-02
9.553967398935456212e-02
9.553967398935456212e-02
9.553967398935456212e-02
9.553967398935456212e-02
9.553967398935456212e-02
9.553967398935456212e-02
9.553967398935456212e-02
9.553967398935456212e-02
9.553967398935456212e-02
1.787554211073492244e-02
1.787554211073492244e-02
9.549522295460943777e-02
1.792882572662393703e-02
1.792882572662393703e-02
1.791512034305935488e-02
1.778029772785934964e-02
1.802832099597599658e-02
1.802832099597599658e-02
1.802832099597599658e-02
1.802832099597599658e-02
1.785944323481436155e-02
1.785944323481436155e-02
1.785944323481436155e-02
1.785944323481436155e-02
9.468297062172421896e-02
9.468297062172421896e-02
9.468297062172421896e-02
9.468297062172421896e-02
9.468297062172421896e-02
9.468297062172421896e-02
9.468297062172421896e-02
9.468297062172421896e-02
9.468297062172421896e-02
9.468297062172421896e-02
9.468297062172421896e-02
9.468297062172421896e-02
9.468297062172421896e-02
9.468297062172421896e-02
9.463090672137086656e-02
9.463090672137086656e-02
9.463090672137086656e-02
9.463090672137086656e-02
9.463090672137086656e-02
9.463090672137086656e-02
9.463090672137086656e-02
9.463090672137086656e-02
9.463090672137086656e-02
9.463090672137086656e-02
9.463090672137086656e-02
9.463090672137086656e-02
9.463090672137086656e-02
9.463090672137086656e-02
9.463090672137086656e-02
9.544808076798058649e-02
9.544808076798058649e-02
9.544808076798058649e-02
9.544808076798058649e-02
9.544808076798058649e-02
9.544808076798058649e-02
9.544808076798058649e-02
9.544808076798058649e-02
9.544808076798058649e-02
9.544808076798058649e-02
9.544808076798058649e-02
9.544808076798058649e-02
9.478531689585727171e-02
9.478531689585727171e-02
9.478531689585727171e-02
9.478531689585727171e-02
9.478531689585727171e-02
9.478531689585727171e-02
9.478531689585727171e-02
9.478531689585727171e-02
9.478531689585727171e-02
9.478531689585727171e-02
9.478531689585727171e-02
9.478531689585727171e-02
9.478531689585727171e-02
9.478531689585727171e-02
1.801432555468884464e-02
