6.620899285630710285e-02
6.620899285630710285e-02
6.620899285630710285e-02
6.620899285630710285e-02
6.620899285630710285e-02
6.620899285630710285e-02
6.620899285630710285e-02
6.620899285630710285e-02
6.620899285630710285e-02
6.620899285630710285e-02
6.620899285630710285e-02
6.620899285630710285e-02
6.620899285630710285e-02
6.620899285630710285e-02
6.620899285630710285e-02
6.620899285630710285e-02
6.620899285630710285e-02
6.592445353457550283e-02
6.592445353457550283e-02
6.592445353457550283e-02
6.592445353457550283e-02
6.592445353457550283e-02
6.592445353457550283e-02
6.592445353457550283e-02
6.592445353457550283e-02
6.592445353457550283e-02
6.592445353457550283e-02
6.592445353457550283e-02
6.592445353457550283e-02
6.592445353457550283e-02
6.592445353457550283e-02
6.592445353457550283e-02
6.592445353457550283e-02
6.592445353457550283e-02
9.139356132837514468e-02
9.139356132837514468e-02
9.139356132837514468e-02
9.139356132837514468e-02
9.139356132837514468e-02
9.139356132837514468e-02
9.139356132837514468e-02
9.139356132837514468e-02
9.139356132837514468e-02
9.139356132837514468e-02
9.139356132837514468e-02
9.139356132837514468e-02
9.139356132837514468e-02
9.139356132837514468e-02
9.139356132837514468e-02
9.139356132837514468e-02
9.139356132837514468e-02
6.625793756378330068e-02
6.625793756378330068e-02
6.625793756378330068e-02
6.625793756378330068e-02
6.625793756378330068e-02
6.625793756378330068e-02
6.625793756378330068e-02
6.625793756378330068e-02
6.625793756378330068e-02
6.625793756378330068e-02
6.625793756378330068e-02
6.625793756378330068e-02
6.625793756378330068e-02
6.625793756378330068e-02
6.625793756378330068e-02
6.625793756378330068e-02
6.625793756378330068e-02
6.752499985627781476e-02
6.752499985627781476e-02
6.752499985627781476e-02
6.752499985627781476e-02
6.752499985627781476e-02
6.752499985627781476e-02
6.752499985627781476e-02
6.752499985627781476e-02
6.752499985627781476e-02
6.752499985627781476e-02
6.652678311039057768e-02
6.652678311039057768e-02
6.652678311039057768e-02
6.652678311039057768e-02
6.652678311039057768e-02
6.652678311039057768e-02
6.652678311039057768e-02
6.652678311039057768e-02
6.652678311039057768e-02
6.652678311039057768e-02
6.652678311039057768e-02
6.652678311039057768e-02
6.652678311039057768e-02
6.652678311039057768e-02
6.652678311039057768e-02
6.652678311039057768e-02
6.652678311039057768e-02
6.607899781467886646e-02
6.607899781467886646e-02
6.607899781467886646e-02
6.607899781467886646e-02
6.607899781467886646e-02
6.607899781467886646e-02
6.607899781467886646e-02
6.607899781467886646e-02
6.607899781467886646e-02
6.607899781467886646e-02
6.607899781467886646e-02
6.607899781467886646e-02
6.607899781467886646e-02
6.607899781467886646e-02
6.607899781467886646e-02
6.607899781467886646e-02
6.607899781467886646e-02
9.074205854535681570e-02
9.074205854535681570e-02
9.074205854535681570e-02
9.074205854535681570e-02
9.074205854535681570e-02
9.074205854535681570e-02
9.074205854535681570e-02
9.074205854535681570e-02
9.074205854535681570e-02
9.074205854535681570e-02
9.074205854535681570e-02
9.074205854535681570e-02
9.074205854535681570e-02
9.074205854535681570e-02
9.074205854535681570e-02
9.074205854535681570e-02
9.074205854535681570e-02
6.658930114712366399e-02
6.658930114712366399e-02
6.658930114712366399e-02
6.658930114712366399e-02
6.658930114712366399e-02
6.658930114712366399e-02
6.658930114712366399e-02
6.658930114712366399e-02
6.658930114712366399e-02
6.658930114712366399e-02
6.658930114712366399e-02
6.658930114712366399e-02
6.658930114712366399e-02
6.658930114712366399e-02
6.658930114712366399e-02
6.658930114712366399e-02
6.658930114712366399e-02
9.072899930228409127e-02
9.072899930228409127e-02
9.072899930228409127e-02
9.072899930228409127e-02
9.072899930228409127e-02
9.072899930228409127e-02
9.072899930228409127e-02
9.072899930228409127e-02
9.072899930228409127e-02
9.072899930228409127e-02
9.072899930228409127e-02
9.072899930228409127e-02
9.072899930228409127e-02
9.072899930228409127e-02
9.072899930228409127e-02
9.072899930228409127e-02
9.072899930228409127e-02
6.529385092372047561e-02
6.529385092372047561e-02
6.529385092372047561e-02
6.529385092372047561e-02
6.529385092372047561e-02
6.529385092372047561e-02
6.529385092372047561e-02
6.529385092372047561e-02
6.529385092372047561e-02
6.529385092372047561e-02
6.529385092372047561e-02
6.529385092372047561e-02
6.529385092372047561e-02
6.529385092372047561e-02
6.529385092372047561e-02
6.529385092372047561e-02
6.529385092372047561e-02
6.644227906658581317e-02
6.644227906658581317e-02
6.644227906658581317e-02
6.644227906658581317e-02
6.644227906658581317e-02
6.644227906658581317e-02
6.644227906658581317e-02
6.644227906658581317e-02
6.644227906658581317e-02
6.644227906658581317e-02
6.644227906658581317e-02
6.644227906658581317e-02
6.644227906658581317e-02
6.644227906658581317e-02
6.644227906658581317e-02
6.624561869730619112e-02
6.624561869730619112e-02
6.624561869730619112e-02
6.624561869730619112e-02
6.624561869730619112e-02
6.624561869730619112e-02
6.624561869730619112e-02
6.624561869730619112e-02
6.624561869730619112e-02
6.624561869730619112e-02
6.624561869730619112e-02
6.624561869730619112e-02
6.624561869730619112e-02
6.624561869730619112e-02
6.678842598991413526e-02
6.678842598991413526e-02
6.678842598991413526e-02
6.678842598991413526e-02
6.678842598991413526e-02
6.678842598991413526e-02
6.678842598991413526e-02
6.678842598991413526e-02
6.678842598991413526e-02
6.678842598991413526e-02
6.678842598991413526e-02
6.678842598991413526e-02
6.678842598991413526e-02
6.678842598991413526e-02
6.678842598991413526e-02
6.678842598991413526e-02
6.678842598991413526e-02
