6.816699924005176214e-02
6.816699924005176214e-02
6.816699924005176214e-02
6.816699924005176214e-02
6.816699924005176214e-02
6.816699924005176214e-02
6.816699924005176214e-02
6.816699924005176214e-02
6.816699924005176214e-02
6.527184786320031074e-02
6.527184786320031074e-02
6.527184786320031074e-02
6.527184786320031074e-02
6.527184786320031074e-02
6.527184786320031074e-02
6.527184786320031074e-02
6.527184786320031074e-02
6.527184786320031074e-02
6.527184786320031074e-02
6.527184786320031074e-02
6.940049191921704441e-02
6.940049191921704441e-02
6.940049191921704441e-02
5.629739846036341255e-02
1.131118333042801100e-01
1.131118333042801100e-01
1.131118333042801100e-01
1.131118333042801100e-01
1.131118333042801100e-01
1.131118333042801100e-01
1.131118333042801100e-01
1.131118333042801100e-01
1.131118333042801100e-01
1.131118333042801100e-01
1.131118333042801100e-01
1.131118333042801100e-01
1.131118333042801100e-01
1.131118333042801100e-01
1.131118333042801100e-01
6.607519534791304883e-02
6.607519534791304883e-02
6.607519534791304883e-02
6.607519534791304883e-02
6.607519534791304883e-02
6.607519534791304883e-02
6.607519534791304883e-02
6.607519534791304883e-02
6.607519534791304883e-02
6.607519534791304883e-02
6.607519534791304883e-02
6.607519534791304883e-02
6.607519534791304883e-02
6.618478790988481519e-02
6.618478790988481519e-02
6.618478790988481519e-02
6.618478790988481519e-02
6.618478790988481519e-02
6.618478790988481519e-02
6.618478790988481519e-02
6.618478790988481519e-02
7.228593163478648498e-02
7.228593163478648498e-02
7.228593163478648498e-02
7.228593163478648498e-02
7.228593163478648498e-02
7.228593163478648498e-02
7.228593163478648498e-02
7.228593163478648498e-02
7.228593163478648498e-02
7.228593163478648498e-02
7.228593163478648498e-02
7.228593163478648498e-02
7.228593163478648498e-02
7.228593163478648498e-02
1.125714331381459793e-01
1.125714331381459793e-01
1.125714331381459793e-01
1.125714331381459793e-01
1.125714331381459793e-01
1.125714331381459793e-01
1.125714331381459793e-01
1.125714331381459793e-01
1.125714331381459793e-01
1.125714331381459793e-01
1.125714331381459793e-01
1.125714331381459793e-01
1.125714331381459793e-01
1.125714331381459793e-01
1.125714331381459793e-01
1.119825631633608459e-01
1.117173260223699310e-01
1.117173260223699310e-01
1.117173260223699310e-01
1.117173260223699310e-01
1.117173260223699310e-01
1.117173260223699310e-01
1.117173260223699310e-01
1.117173260223699310e-01
1.117173260223699310e-01
1.117173260223699310e-01
1.117173260223699310e-01
1.117173260223699310e-01
1.117173260223699310e-01
1.117173260223699310e-01
1.117173260223699310e-01
6.573314334400613690e-02
6.573314334400613690e-02
6.573314334400613690e-02
6.573314334400613690e-02
6.573314334400613690e-02
6.573314334400613690e-02
6.573314334400613690e-02
6.573314334400613690e-02
6.573314334400613690e-02
6.573314334400613690e-02
6.573314334400613690e-02
6.752576013226427309e-02
6.752576013226427309e-02
6.752576013226427309e-02
6.752576013226427309e-02
6.752576013226427309e-02
6.752576013226427309e-02
6.752576013226427309e-02
6.819214177248536513e-02
6.819214177248536513e-02
6.819214177248536513e-02
6.819214177248536513e-02
6.819214177248536513e-02
6.819214177248536513e-02
6.819214177248536513e-02
6.819214177248536513e-02
6.819214177248536513e-02
6.819214177248536513e-02
6.819214177248536513e-02
6.819214177248536513e-02
6.819214177248536513e-02
6.819214177248536513e-02
6.598659728780449651e-02
6.598659728780449651e-02
6.598659728780449651e-02
6.598659728780449651e-02
6.598659728780449651e-02
6.598659728780449651e-02
6.598659728780449651e-02
6.598659728780449651e-02
6.598659728780449651e-02
6.598659728780449651e-02
6.598659728780449651e-02
6.598659728780449651e-02
6.598659728780449651e-02
6.598659728780449651e-02
7.496987542755306766e-02
7.496987542755306766e-02
7.496987542755306766e-02
7.496987542755306766e-02
7.496987542755306766e-02
7.496987542755306766e-02
6.595025524229526648e-02
6.595025524229526648e-02
6.595025524229526648e-02
6.595025524229526648e-02
6.595025524229526648e-02
6.595025524229526648e-02
6.595025524229526648e-02
6.595025524229526648e-02
6.595025524229526648e-02
6.595025524229526648e-02
6.595025524229526648e-02
6.595025524229526648e-02
6.595025524229526648e-02
6.595025524229526648e-02
6.595025524229526648e-02
6.595025524229526648e-02
7.251331688512953344e-02
7.251331688512953344e-02
7.251331688512953344e-02
7.251331688512953344e-02
7.251331688512953344e-02
7.251331688512953344e-02
7.251331688512953344e-02
7.251331688512953344e-02
7.251331688512953344e-02
7.251331688512953344e-02
7.251331688512953344e-02
7.251331688512953344e-02
7.251331688512953344e-02
7.251331688512953344e-02
6.937610908652672159e-02
6.937610908652672159e-02
6.937610908652672159e-02
6.937610908652672159e-02
6.937610908652672159e-02
6.937610908652672159e-02
1.121798577036751676e-01
1.121798577036751676e-01
1.121798577036751676e-01
1.121798577036751676e-01
1.121798577036751676e-01
1.121798577036751676e-01
1.121798577036751676e-01
1.121798577036751676e-01
1.121798577036751676e-01
1.121798577036751676e-01
1.121798577036751676e-01
1.121798577036751676e-01
1.121798577036751676e-01
1.121798577036751676e-01
1.121798577036751676e-01
7.464545601007688269e-02
7.464545601007688269e-02
7.464545601007688269e-02
7.464545601007688269e-02
7.464545601007688269e-02
7.464545601007688269e-02
7.464545601007688269e-02
7.058502850455543320e-02
7.058502850455543320e-02
7.058502850455543320e-02
7.058502850455543320e-02
7.058502850455543320e-02
7.058502850455543320e-02
7.058502850455543320e-02
7.058502850455543320e-02
7.058502850455543320e-02
7.058502850455543320e-02
7.058502850455543320e-02
7.058502850455543320e-02
7.058502850455543320e-02
7.058502850455543320e-02
