5.811267212141295324e-02
1.113656047021389373e-01
1.113656047021389373e-01
1.113656047021389373e-01
1.113656047021389373e-01
1.113656047021389373e-01
7.976828303932609332e-02
1.832895568229078384e-02
1.115660942730740540e-01
1.115660942730740540e-01
1.115660942730740540e-01
1.115660942730740540e-01
1.115660942730740540e-01
1.115660942730740540e-01
1.115660942730740540e-01
1.115660942730740540e-01
1.115660942730740540e-01
1.107317617112992258e-01
1.107317617112992258e-01
1.107317617112992258e-01
1.107317617112992258e-01
1.107317617112992258e-01
1.107317617112992258e-01
1.107317617112992258e-01
1.107317617112992258e-01
7.944801584365199232e-02
7.944801584365199232e-02
7.944801584365199232e-02
1.826250970529215423e-02
1.826250970529215423e-02
1.826250970529215423e-02
3.120832089231040385e-02
1.121518685936394727e-01
1.121518685936394727e-01
1.121518685936394727e-01
1.121518685936394727e-01
4.469307771587065908e-02
4.469307771587065908e-02
4.469307771587065908e-02
3.209784830417029833e-02
3.209784830417029833e-02
3.209784830417029833e-02
3.209784830417029833e-02
5.779620984286166357e-02
5.779620984286166357e-02
3.231501276410481127e-02
3.231501276410481127e-02
3.231501276410481127e-02
1.823759495748360562e-02
1.823759495748360562e-02
1.823759495748360562e-02
1.823759495748360562e-02
7.932785215946903945e-02
7.932785215946903945e-02
7.932785215946903945e-02
7.932785215946903945e-02
1.103641619897147291e-01
1.103641619897147291e-01
1.103641619897147291e-01
1.103641619897147291e-01
1.103641619897147291e-01
1.103641619897147291e-01
5.799961506510473846e-02
5.799961506510473846e-02
1.105840501390743941e-01
1.105840501390743941e-01
1.105840501390743941e-01
1.105840501390743941e-01
1.105840501390743941e-01
1.105840501390743941e-01
1.105840501390743941e-01
7.934306876333305225e-02
7.934306876333305225e-02
7.934306876333305225e-02
1.828134615530525864e-02
1.828134615530525864e-02
1.828134615530525864e-02
4.549801722052221331e-02
4.549801722052221331e-02
4.549801722052221331e-02
4.549801722052221331e-02
4.549801722052221331e-02
4.549801722052221331e-02
4.549801722052221331e-02
4.549801722052221331e-02
4.549801722052221331e-02
4.549801722052221331e-02
4.549801722052221331e-02
4.549801722052221331e-02
4.549801722052221331e-02
4.549801722052221331e-02
4.549801722052221331e-02
5.864290946404047272e-02
5.864290946404047272e-02
5.864290946404047272e-02
1.115307004035060723e-01
1.115307004035060723e-01
1.115307004035060723e-01
1.115307004035060723e-01
1.115307004035060723e-01
1.115307004035060723e-01
1.115307004035060723e-01
1.115307004035060723e-01
1.120622565837846585e-01
1.120622565837846585e-01
1.120622565837846585e-01
1.120622565837846585e-01
3.268154970705036688e-02
3.268154970705036688e-02
3.268154970705036688e-02
3.268154970705036688e-02
3.268154970705036688e-02
4.480392480660112808e-02
4.480392480660112808e-02
4.480392480660112808e-02
4.480392480660112808e-02
1.120848418427574655e-01
1.120848418427574655e-01
1.120848418427574655e-01
1.120848418427574655e-01
4.466152078764962230e-02
4.466152078764962230e-02
4.466152078764962230e-02
1.115129048416120122e-01
1.115129048416120122e-01
1.115129048416120122e-01
1.115129048416120122e-01
1.115129048416120122e-01
1.115129048416120122e-01
1.115129048416120122e-01
7.929824755489101040e-02
7.929824755489101040e-02
4.831472941761823930e-02
4.831472941761823930e-02
4.831472941761823930e-02
4.831472941761823930e-02
4.831472941761823930e-02
4.831472941761823930e-02
4.831472941761823930e-02
3.240694336758719735e-02
3.240694336758719735e-02
3.240694336758719735e-02
3.240694336758719735e-02
3.240694336758719735e-02
3.240694336758719735e-02
4.824932262593149834e-02
4.824932262593149834e-02
4.824932262593149834e-02
4.824932262593149834e-02
4.824932262593149834e-02
3.221432413273900286e-02
3.221432413273900286e-02
3.221432413273900286e-02
3.221432413273900286e-02
3.221432413273900286e-02
3.221432413273900286e-02
3.221432413273900286e-02
1.120916822831756199e-01
1.120916822831756199e-01
1.828858967117292372e-02
1.828858967117292372e-02
1.122093564928378640e-01
5.475290652716400391e-02
5.475290652716400391e-02
5.475290652716400391e-02
5.475290652716400391e-02
5.475290652716400391e-02
5.475290652716400391e-02
5.475290652716400391e-02
5.475290652716400391e-02
5.475290652716400391e-02
5.475290652716400391e-02
5.475290652716400391e-02
5.475290652716400391e-02
5.475290652716400391e-02
5.785828288008721537e-02
5.785828288008721537e-02
4.481362124220002185e-02
4.481362124220002185e-02
4.481362124220002185e-02
4.712650763655466118e-02
1.817229820172263505e-02
1.817229820172263505e-02
3.185446159953130713e-02
3.185446159953130713e-02
3.185446159953130713e-02
3.185446159953130713e-02
3.185446159953130713e-02
3.185446159953130713e-02
3.185446159953130713e-02
1.109554760358888309e-01
1.109554760358888309e-01
1.109554760358888309e-01
1.109554760358888309e-01
1.109554760358888309e-01
1.109554760358888309e-01
7.960398675177829397e-02
7.960398675177829397e-02
1.831791926357779349e-02
1.831791926357779349e-02
3.230925286138967151e-02
3.230925286138967151e-02
3.230925286138967151e-02
3.230925286138967151e-02
3.230925286138967151e-02
1.922687441220113924e-02
1.922687441220113924e-02
1.922687441220113924e-02
1.922687441220113924e-02
1.922687441220113924e-02
1.922687441220113924e-02
1.922687441220113924e-02
1.922687441220113924e-02
1.922687441220113924e-02
1.922687441220113924e-02
1.117217876083357875e-01
1.117217876083357875e-01
1.117217876083357875e-01
1.117217876083357875e-01
1.117217876083357875e-01
1.117217876083357875e-01
1.117217876083357875e-01
5.808070429435883281e-02
1.967880297909013060e-02
1.967880297909013060e-02
1.967880297909013060e-02
1.967880297909013060e-02
1.967880297909013060e-02
1.967880297909013060e-02
1.967880297909013060e-02
1.967880297909013060e-02
1.967880297909013060e-02
1.967880297909013060e-02
1.967880297909013060e-02
3.039682521151126221e-02
3.039682521151126221e-02
3.039682521151126221e-02
3.039682521151126221e-02
3.039682521151126221e-02
