8.507434113354454819e-02
8.507434113354454819e-02
8.507434113354454819e-02
8.507434113354454819e-02
8.507434113354454819e-02
8.507434113354454819e-02
7.839448704954907199e-02
7.839448704954907199e-02
7.839448704954907199e-02
7.839448704954907199e-02
7.839448704954907199e-02
7.725388207289472786e-02
7.725388207289472786e-02
7.725388207289472786e-02
7.725388207289472786e-02
7.725388207289472786e-02
7.725388207289472786e-02
8.591355335971292972e-02
8.591355335971292972e-02
8.591355335971292972e-02
8.591355335971292972e-02
8.591355335971292972e-02
8.591355335971292972e-02
8.591355335971292972e-02
8.591355335971292972e-02
8.591355335971292972e-02
8.291116300836083586e-02
8.291116300836083586e-02
8.291116300836083586e-02
8.291116300836083586e-02
8.291116300836083586e-02
8.291116300836083586e-02
8.291116300836083586e-02
7.831798508693182947e-02
7.831798508693182947e-02
7.831798508693182947e-02
7.831798508693182947e-02
7.831798508693182947e-02
8.125712107173782561e-02
8.125712107173782561e-02
8.125712107173782561e-02
8.125712107173782561e-02
8.125712107173782561e-02
8.125712107173782561e-02
8.125712107173782561e-02
8.243600620050869909e-02
8.243600620050869909e-02
8.243600620050869909e-02
7.920697927913748770e-02
7.920697927913748770e-02
7.920697927913748770e-02
8.187797069569696662e-02
8.187797069569696662e-02
8.187797069569696662e-02
8.187797069569696662e-02
8.187797069569696662e-02
8.187797069569696662e-02
8.187797069569696662e-02
8.187797069569696662e-02
8.187797069569696662e-02
8.600894238918914414e-02
8.600894238918914414e-02
8.600894238918914414e-02
8.600894238918914414e-02
8.600894238918914414e-02
8.600894238918914414e-02
8.600894238918914414e-02
8.600894238918914414e-02
8.600894238918914414e-02
8.600894238918914414e-02
8.293144586400183482e-02
8.293144586400183482e-02
8.293144586400183482e-02
8.293144586400183482e-02
8.293144586400183482e-02
8.293144586400183482e-02
8.098168456610425892e-02
8.098168456610425892e-02
8.098168456610425892e-02
8.098168456610425892e-02
8.098168456610425892e-02
8.098168456610425892e-02
8.098168456610425892e-02
8.098168456610425892e-02
8.647681931011369505e-02
8.647681931011369505e-02
8.647681931011369505e-02
8.647681931011369505e-02
8.647681931011369505e-02
8.647681931011369505e-02
8.647681931011369505e-02
8.647681931011369505e-02
8.647681931011369505e-02
8.647681931011369505e-02
7.766153025311048341e-02
7.766153025311048341e-02
7.766153025311048341e-02
7.766153025311048341e-02
8.534802995860148178e-02
8.534802995860148178e-02
8.534802995860148178e-02
8.534802995860148178e-02
8.534802995860148178e-02
8.534802995860148178e-02
8.534802995860148178e-02
8.534802995860148178e-02
8.534802995860148178e-02
8.534802995860148178e-02
8.485399899963752546e-02
8.485399899963752546e-02
8.485399899963752546e-02
8.485399899963752546e-02
8.156106348296135455e-02
8.156106348296135455e-02
8.156106348296135455e-02
8.156106348296135455e-02
8.156106348296135455e-02
8.156106348296135455e-02
8.156106348296135455e-02
8.156106348296135455e-02
8.156106348296135455e-02
8.123174206317448909e-02
8.123174206317448909e-02
8.123174206317448909e-02
8.123174206317448909e-02
8.123174206317448909e-02
8.123174206317448909e-02
8.123174206317448909e-02
8.123174206317448909e-02
8.123174206317448909e-02
8.123174206317448909e-02
7.910522379015817729e-02
7.910522379015817729e-02
7.910522379015817729e-02
7.910522379015817729e-02
7.910522379015817729e-02
7.910522379015817729e-02
7.910522379015817729e-02
7.910522379015817729e-02
7.910522379015817729e-02
7.910522379015817729e-02
8.581342539351430321e-02
8.581342539351430321e-02
8.581342539351430321e-02
8.581342539351430321e-02
8.581342539351430321e-02
8.581342539351430321e-02
8.581342539351430321e-02
8.581342539351430321e-02
8.581342539351430321e-02
8.635682185706856917e-02
8.635682185706856917e-02
8.635682185706856917e-02
8.635682185706856917e-02
8.635682185706856917e-02
8.635682185706856917e-02
8.635682185706856917e-02
8.635682185706856917e-02
8.635682185706856917e-02
8.063529422648946232e-02
8.063529422648946232e-02
8.063529422648946232e-02
8.063529422648946232e-02
8.063529422648946232e-02
8.272380645383441145e-02
8.272380645383441145e-02
8.272380645383441145e-02
8.252922159502049104e-02
8.252922159502049104e-02
8.252922159502049104e-02
8.252922159502049104e-02
8.252922159502049104e-02
8.252922159502049104e-02
8.252922159502049104e-02
8.149225685733844926e-02
8.149225685733844926e-02
8.149225685733844926e-02
8.523317099397435814e-02
8.523317099397435814e-02
8.523317099397435814e-02
8.523317099397435814e-02
8.523317099397435814e-02
8.523317099397435814e-02
8.523317099397435814e-02
7.985244093692438205e-02
8.206020562514215744e-02
8.206020562514215744e-02
8.206020562514215744e-02
8.206020562514215744e-02
8.206020562514215744e-02
8.206020562514215744e-02
8.206020562514215744e-02
8.206020562514215744e-02
8.206020562514215744e-02
8.206020562514215744e-02
8.122820518816904756e-02
8.122820518816904756e-02
8.122820518816904756e-02
8.122820518816904756e-02
8.122820518816904756e-02
8.122820518816904756e-02
8.122820518816904756e-02
8.122820518816904756e-02
8.122820518816904756e-02
8.122820518816904756e-02
8.053610071671540860e-02
8.053610071671540860e-02
8.053610071671540860e-02
8.053610071671540860e-02
8.053610071671540860e-02
8.053610071671540860e-02
8.132589346862033330e-02
8.132589346862033330e-02
8.132589346862033330e-02
8.132589346862033330e-02
8.132589346862033330e-02
8.132589346862033330e-02
8.132589346862033330e-02
7.717841838505984375e-02
7.717841838505984375e-02
7.717841838505984375e-02
7.717841838505984375e-02
8.568536087615984120e-02
8.568536087615984120e-02
8.568536087615984120e-02
8.568536087615984120e-02
8.568536087615984120e-02
8.720119142807307433e-02
8.720119142807307433e-02
7.683062812895555260e-02
7.683062812895555260e-02
7.683062812895555260e-02
7.683062812895555260e-02
7.683062812895555260e-02
7.683062812895555260e-02
7.683062812895555260e-02
7.683062812895555260e-02
