9.778417997903739167e-02
9.778417997903739167e-02
9.778417997903739167e-02
9.778417997903739167e-02
1.715507289574530470e-02
1.715507289574530470e-02
1.732988350685577689e-02
1.732988350685577689e-02
1.732988350685577689e-02
1.732988350685577689e-02
1.732988350685577689e-02
9.728301536544245454e-02
9.728301536544245454e-02
9.728301536544245454e-02
9.728301536544245454e-02
9.728301536544245454e-02
9.728301536544245454e-02
9.728301536544245454e-02
9.728301536544245454e-02
9.728301536544245454e-02
9.728301536544245454e-02
9.728301536544245454e-02
9.728301536544245454e-02
9.728301536544245454e-02
9.728301536544245454e-02
9.728301536544245454e-02
9.728301536544245454e-02
1.717334621919737805e-02
1.717334621919737805e-02
1.717334621919737805e-02
1.732196730511708499e-02
1.732196730511708499e-02
1.734773727480468791e-02
1.734773727480468791e-02
9.755092864229684968e-02
9.755092864229684968e-02
9.755092864229684968e-02
9.755092864229684968e-02
9.755092864229684968e-02
9.755092864229684968e-02
9.755092864229684968e-02
9.755092864229684968e-02
9.755092864229684968e-02
9.755092864229684968e-02
9.740860188690159127e-02
9.740860188690159127e-02
9.740860188690159127e-02
9.740860188690159127e-02
9.740860188690159127e-02
9.740860188690159127e-02
9.740860188690159127e-02
9.740860188690159127e-02
9.740860188690159127e-02
9.740860188690159127e-02
9.740860188690159127e-02
9.740860188690159127e-02
9.740860188690159127e-02
9.740860188690159127e-02
9.800676599761150298e-02
9.800676599761150298e-02
9.800676599761150298e-02
9.800676599761150298e-02
9.800676599761150298e-02
9.800676599761150298e-02
9.719688129324946524e-02
9.719688129324946524e-02
9.719688129324946524e-02
9.719688129324946524e-02
9.719688129324946524e-02
9.719688129324946524e-02
9.719688129324946524e-02
9.719688129324946524e-02
9.719688129324946524e-02
9.719688129324946524e-02
9.719688129324946524e-02
9.719688129324946524e-02
9.719688129324946524e-02
9.719688129324946524e-02
9.737149186777567522e-02
9.737149186777567522e-02
9.737149186777567522e-02
9.737149186777567522e-02
9.737149186777567522e-02
9.737149186777567522e-02
9.737149186777567522e-02
9.737149186777567522e-02
9.737149186777567522e-02
9.737149186777567522e-02
9.737149186777567522e-02
9.737149186777567522e-02
9.737149186777567522e-02
9.702575234785672242e-02
9.702575234785672242e-02
9.702575234785672242e-02
9.702575234785672242e-02
9.702575234785672242e-02
9.702575234785672242e-02
9.702575234785672242e-02
9.702575234785672242e-02
9.702575234785672242e-02
9.702575234785672242e-02
9.702575234785672242e-02
9.702575234785672242e-02
9.702575234785672242e-02
9.733020753050013185e-02
9.733020753050013185e-02
9.733020753050013185e-02
9.733020753050013185e-02
9.733020753050013185e-02
1.742018253429314378e-02
1.742018253429314378e-02
9.722901741432493639e-02
9.722901741432493639e-02
9.722901741432493639e-02
9.722901741432493639e-02
9.722901741432493639e-02
9.722901741432493639e-02
9.722901741432493639e-02
9.722901741432493639e-02
9.722901741432493639e-02
9.722901741432493639e-02
9.722901741432493639e-02
9.722901741432493639e-02
9.722901741432493639e-02
9.722901741432493639e-02
1.717586429713048243e-02
1.717586429713048243e-02
9.780675762191441691e-02
9.780675762191441691e-02
9.780675762191441691e-02
9.780675762191441691e-02
9.780675762191441691e-02
9.780675762191441691e-02
9.780675762191441691e-02
9.780675762191441691e-02
9.780675762191441691e-02
9.780675762191441691e-02
9.780675762191441691e-02
9.780675762191441691e-02
9.806786663467320642e-02
9.806786663467320642e-02
9.806786663467320642e-02
9.806786663467320642e-02
9.806786663467320642e-02
9.806786663467320642e-02
9.806786663467320642e-02
9.806786663467320642e-02
9.806786663467320642e-02
9.806786663467320642e-02
9.806786663467320642e-02
9.806786663467320642e-02
9.806786663467320642e-02
9.767044301651384153e-02
9.767044301651384153e-02
9.767044301651384153e-02
9.767044301651384153e-02
9.767044301651384153e-02
9.767044301651384153e-02
9.767044301651384153e-02
9.767044301651384153e-02
9.767044301651384153e-02
9.767044301651384153e-02
9.767044301651384153e-02
9.767044301651384153e-02
9.767044301651384153e-02
9.767044301651384153e-02
9.802389241892962846e-02
9.802389241892962846e-02
9.802389241892962846e-02
9.802389241892962846e-02
9.802389241892962846e-02
9.802389241892962846e-02
1.709886614631793769e-02
1.709886614631793769e-02
1.709886614631793769e-02
9.762318989525642365e-02
9.762318989525642365e-02
9.762318989525642365e-02
9.762318989525642365e-02
9.762318989525642365e-02
9.762318989525642365e-02
1.720768750984666765e-02
1.720768750984666765e-02
9.820151029280557720e-02
9.820151029280557720e-02
9.820151029280557720e-02
9.820151029280557720e-02
9.820151029280557720e-02
1.701575400382784528e-02
1.701575400382784528e-02
1.701575400382784528e-02
1.701575400382784528e-02
1.705979931183796566e-02
1.705979931183796566e-02
1.705979931183796566e-02
1.709055628874213070e-02
1.709055628874213070e-02
1.709055628874213070e-02
1.709055628874213070e-02
9.736618013761468016e-02
9.736618013761468016e-02
9.736618013761468016e-02
9.736618013761468016e-02
9.736618013761468016e-02
9.736618013761468016e-02
9.736618013761468016e-02
9.736618013761468016e-02
9.736618013761468016e-02
9.736618013761468016e-02
9.736618013761468016e-02
9.736618013761468016e-02
9.785952495913158300e-02
9.785952495913158300e-02
9.785952495913158300e-02
9.785952495913158300e-02
9.785952495913158300e-02
9.785952495913158300e-02
