4.827146386964074193e-02
4.827146386964074193e-02
4.827146386964074193e-02
4.827146386964074193e-02
4.827146386964074193e-02
4.827146386964074193e-02
4.827146386964074193e-02
4.827146386964074193e-02
4.827146386964074193e-02
4.827146386964074193e-02
4.827146386964074193e-02
4.827146386964074193e-02
4.827146386964074193e-02
4.827146386964074193e-02
4.827146386964074193e-02
4.827146386964074193e-02
4.827146386964074193e-02
4.803228765376749837e-02
4.803228765376749837e-02
4.803228765376749837e-02
4.803228765376749837e-02
4.803228765376749837e-02
4.803228765376749837e-02
4.803228765376749837e-02
4.803228765376749837e-02
4.803228765376749837e-02
4.803228765376749837e-02
4.803228765376749837e-02
4.803228765376749837e-02
4.803228765376749837e-02
4.803228765376749837e-02
4.803228765376749837e-02
4.803228765376749837e-02
4.803228765376749837e-02
4.797918600284916540e-02
4.797918600284916540e-02
4.797918600284916540e-02
4.797918600284916540e-02
4.797918600284916540e-02
4.797918600284916540e-02
4.797918600284916540e-02
4.797918600284916540e-02
4.797918600284916540e-02
4.797918600284916540e-02
4.797918600284916540e-02
4.797918600284916540e-02
4.797918600284916540e-02
4.797918600284916540e-02
4.797918600284916540e-02
4.797918600284916540e-02
4.797918600284916540e-02
4.802124155781046372e-02
4.802124155781046372e-02
4.802124155781046372e-02
4.802124155781046372e-02
4.802124155781046372e-02
4.802124155781046372e-02
4.802124155781046372e-02
4.802124155781046372e-02
4.802124155781046372e-02
4.802124155781046372e-02
4.802124155781046372e-02
4.802124155781046372e-02
4.802124155781046372e-02
4.802124155781046372e-02
4.802124155781046372e-02
4.802124155781046372e-02
4.802124155781046372e-02
4.823671198771807556e-02
4.823671198771807556e-02
4.823671198771807556e-02
4.823671198771807556e-02
4.823671198771807556e-02
4.823671198771807556e-02
4.823671198771807556e-02
4.823671198771807556e-02
4.823671198771807556e-02
4.823671198771807556e-02
4.823671198771807556e-02
4.823671198771807556e-02
4.823671198771807556e-02
4.823671198771807556e-02
4.823671198771807556e-02
4.823671198771807556e-02
4.823671198771807556e-02
4.796682090782147107e-02
4.796682090782147107e-02
4.796682090782147107e-02
4.796682090782147107e-02
4.796682090782147107e-02
4.796682090782147107e-02
4.796682090782147107e-02
4.796682090782147107e-02
4.796682090782147107e-02
4.796682090782147107e-02
4.796682090782147107e-02
4.796682090782147107e-02
4.796682090782147107e-02
4.796682090782147107e-02
4.796682090782147107e-02
4.796682090782147107e-02
4.796682090782147107e-02
4.800473643923607731e-02
4.800473643923607731e-02
4.800473643923607731e-02
4.800473643923607731e-02
4.800473643923607731e-02
4.800473643923607731e-02
4.800473643923607731e-02
4.800473643923607731e-02
4.800473643923607731e-02
4.800473643923607731e-02
4.800473643923607731e-02
4.800473643923607731e-02
4.800473643923607731e-02
4.800473643923607731e-02
4.800473643923607731e-02
4.800473643923607731e-02
4.800473643923607731e-02
4.801684630072317744e-02
4.801684630072317744e-02
4.801684630072317744e-02
4.801684630072317744e-02
4.801684630072317744e-02
4.801684630072317744e-02
4.801684630072317744e-02
4.801684630072317744e-02
4.801684630072317744e-02
4.801684630072317744e-02
4.801684630072317744e-02
4.801684630072317744e-02
4.801684630072317744e-02
4.801684630072317744e-02
4.801684630072317744e-02
4.801684630072317744e-02
4.801684630072317744e-02
4.803336277249149744e-02
4.803336277249149744e-02
4.803336277249149744e-02
4.803336277249149744e-02
4.803336277249149744e-02
4.803336277249149744e-02
4.803336277249149744e-02
4.803336277249149744e-02
4.803336277249149744e-02
4.803336277249149744e-02
4.803336277249149744e-02
4.803336277249149744e-02
4.803336277249149744e-02
4.803336277249149744e-02
4.803336277249149744e-02
4.803336277249149744e-02
4.803336277249149744e-02
4.830263446563028140e-02
4.830263446563028140e-02
4.830263446563028140e-02
4.830263446563028140e-02
4.830263446563028140e-02
4.830263446563028140e-02
4.830263446563028140e-02
4.830263446563028140e-02
4.830263446563028140e-02
4.830263446563028140e-02
4.830263446563028140e-02
4.830263446563028140e-02
4.830263446563028140e-02
4.830263446563028140e-02
4.830263446563028140e-02
4.830263446563028140e-02
4.830263446563028140e-02
4.795620654335014388e-02
4.795620654335014388e-02
4.795620654335014388e-02
4.795620654335014388e-02
4.795620654335014388e-02
4.795620654335014388e-02
4.795620654335014388e-02
4.795620654335014388e-02
4.795620654335014388e-02
4.795620654335014388e-02
4.795620654335014388e-02
4.795620654335014388e-02
4.795620654335014388e-02
4.795620654335014388e-02
4.795620654335014388e-02
4.795620654335014388e-02
4.795620654335014388e-02
4.806935430093448036e-02
4.806935430093448036e-02
4.806935430093448036e-02
4.806935430093448036e-02
4.806935430093448036e-02
4.806935430093448036e-02
4.806935430093448036e-02
4.806935430093448036e-02
4.806935430093448036e-02
4.806935430093448036e-02
4.806935430093448036e-02
4.806935430093448036e-02
4.806935430093448036e-02
4.806935430093448036e-02
4.806935430093448036e-02
4.806935430093448036e-02
4.806935430093448036e-02
4.802100276061088691e-02
4.802100276061088691e-02
4.802100276061088691e-02
4.802100276061088691e-02
4.802100276061088691e-02
4.802100276061088691e-02
4.802100276061088691e-02
4.802100276061088691e-02
4.802100276061088691e-02
4.802100276061088691e-02
4.802100276061088691e-02
4.802100276061088691e-02
4.802100276061088691e-02
4.802100276061088691e-02
4.802100276061088691e-02
4.802100276061088691e-02
4.802100276061088691e-02
