7.202686513409717328e-02
7.202686513409717328e-02
7.202686513409717328e-02
7.202686513409717328e-02
7.202686513409717328e-02
7.202686513409717328e-02
7.202686513409717328e-02
7.202686513409717328e-02
7.202686513409717328e-02
7.202686513409717328e-02
7.202686513409717328e-02
7.202686513409717328e-02
7.202686513409717328e-02
7.202686513409717328e-02
7.202686513409717328e-02
7.202686513409717328e-02
7.202686513409717328e-02
7.170049128265448823e-02
7.170049128265448823e-02
7.170049128265448823e-02
7.170049128265448823e-02
7.170049128265448823e-02
7.170049128265448823e-02
7.170049128265448823e-02
7.170049128265448823e-02
7.170049128265448823e-02
7.170049128265448823e-02
7.170049128265448823e-02
7.170049128265448823e-02
7.170049128265448823e-02
7.170049128265448823e-02
7.170049128265448823e-02
7.170049128265448823e-02
7.170049128265448823e-02
7.180321417865404010e-02
7.180321417865404010e-02
7.180321417865404010e-02
7.180321417865404010e-02
7.180321417865404010e-02
7.180321417865404010e-02
7.180321417865404010e-02
7.180321417865404010e-02
7.180321417865404010e-02
7.180321417865404010e-02
7.180321417865404010e-02
7.180321417865404010e-02
7.180321417865404010e-02
7.180321417865404010e-02
7.180321417865404010e-02
7.180321417865404010e-02
7.180321417865404010e-02
7.154936814489697150e-02
7.154936814489697150e-02
7.154936814489697150e-02
7.154936814489697150e-02
7.154936814489697150e-02
7.154936814489697150e-02
7.154936814489697150e-02
7.154936814489697150e-02
7.154936814489697150e-02
7.154936814489697150e-02
7.154936814489697150e-02
7.154936814489697150e-02
7.154936814489697150e-02
7.154936814489697150e-02
7.154936814489697150e-02
7.154936814489697150e-02
7.154936814489697150e-02
7.187915892639702709e-02
7.187915892639702709e-02
7.187915892639702709e-02
7.187915892639702709e-02
7.187915892639702709e-02
7.187915892639702709e-02
7.187915892639702709e-02
7.187915892639702709e-02
7.187915892639702709e-02
7.187915892639702709e-02
7.187915892639702709e-02
7.187915892639702709e-02
7.187915892639702709e-02
7.187915892639702709e-02
7.187915892639702709e-02
7.187915892639702709e-02
7.187915892639702709e-02
7.200547569408100035e-02
7.200547569408100035e-02
7.200547569408100035e-02
7.200547569408100035e-02
7.200547569408100035e-02
7.200547569408100035e-02
7.200547569408100035e-02
7.200547569408100035e-02
7.200547569408100035e-02
7.200547569408100035e-02
7.200547569408100035e-02
7.200547569408100035e-02
7.200547569408100035e-02
7.200547569408100035e-02
7.200547569408100035e-02
7.200547569408100035e-02
7.200547569408100035e-02
7.171300442689228227e-02
7.171300442689228227e-02
7.171300442689228227e-02
7.171300442689228227e-02
7.171300442689228227e-02
7.171300442689228227e-02
7.171300442689228227e-02
7.171300442689228227e-02
7.171300442689228227e-02
7.171300442689228227e-02
7.171300442689228227e-02
7.171300442689228227e-02
7.171300442689228227e-02
7.171300442689228227e-02
7.171300442689228227e-02
7.171300442689228227e-02
7.171300442689228227e-02
7.174010528425209254e-02
7.174010528425209254e-02
7.174010528425209254e-02
7.174010528425209254e-02
7.174010528425209254e-02
7.174010528425209254e-02
7.174010528425209254e-02
7.174010528425209254e-02
7.174010528425209254e-02
7.174010528425209254e-02
7.174010528425209254e-02
7.174010528425209254e-02
7.174010528425209254e-02
7.174010528425209254e-02
7.174010528425209254e-02
7.174010528425209254e-02
7.174010528425209254e-02
7.178236346771860177e-02
7.178236346771860177e-02
7.178236346771860177e-02
7.178236346771860177e-02
7.178236346771860177e-02
7.178236346771860177e-02
7.178236346771860177e-02
7.178236346771860177e-02
7.178236346771860177e-02
7.178236346771860177e-02
7.178236346771860177e-02
7.178236346771860177e-02
7.178236346771860177e-02
7.178236346771860177e-02
7.178236346771860177e-02
7.178236346771860177e-02
7.178236346771860177e-02
7.188118819090563716e-02
7.188118819090563716e-02
7.188118819090563716e-02
7.188118819090563716e-02
7.188118819090563716e-02
7.188118819090563716e-02
7.188118819090563716e-02
7.188118819090563716e-02
7.188118819090563716e-02
7.188118819090563716e-02
7.188118819090563716e-02
7.188118819090563716e-02
7.188118819090563716e-02
7.188118819090563716e-02
7.188118819090563716e-02
7.188118819090563716e-02
7.188118819090563716e-02
7.162398474923076241e-02
7.162398474923076241e-02
7.162398474923076241e-02
7.162398474923076241e-02
7.162398474923076241e-02
7.162398474923076241e-02
7.162398474923076241e-02
7.162398474923076241e-02
7.162398474923076241e-02
7.162398474923076241e-02
7.162398474923076241e-02
7.162398474923076241e-02
7.162398474923076241e-02
7.162398474923076241e-02
7.162398474923076241e-02
7.162398474923076241e-02
7.162398474923076241e-02
7.168934689131759019e-02
7.168934689131759019e-02
7.168934689131759019e-02
7.168934689131759019e-02
7.168934689131759019e-02
7.168934689131759019e-02
7.168934689131759019e-02
7.168934689131759019e-02
7.168934689131759019e-02
7.168934689131759019e-02
7.168934689131759019e-02
7.168934689131759019e-02
7.168934689131759019e-02
7.168934689131759019e-02
7.168934689131759019e-02
7.168934689131759019e-02
7.168934689131759019e-02
7.193521941158904920e-02
7.193521941158904920e-02
7.193521941158904920e-02
7.193521941158904920e-02
7.193521941158904920e-02
7.193521941158904920e-02
7.193521941158904920e-02
7.193521941158904920e-02
7.193521941158904920e-02
7.193521941158904920e-02
7.193521941158904920e-02
7.193521941158904920e-02
7.193521941158904920e-02
7.193521941158904920e-02
7.193521941158904920e-02
7.193521941158904920e-02
7.193521941158904920e-02
