7.627758891173944122e-02
7.627758891173944122e-02
7.627758891173944122e-02
7.627758891173944122e-02
7.627758891173944122e-02
7.627758891173944122e-02
7.627758891173944122e-02
7.627758891173944122e-02
7.627758891173944122e-02
7.627758891173944122e-02
7.627758891173944122e-02
7.627758891173944122e-02
7.627758891173944122e-02
7.627758891173944122e-02
1.782965784378853780e-02
1.782965784378853780e-02
1.774082905867961635e-02
7.614583944593997233e-02
7.614583944593997233e-02
7.614583944593997233e-02
7.614583944593997233e-02
7.614583944593997233e-02
7.614583944593997233e-02
7.614583944593997233e-02
7.614583944593997233e-02
7.614583944593997233e-02
7.614583944593997233e-02
7.614583944593997233e-02
7.614583944593997233e-02
7.614583944593997233e-02
7.614583944593997233e-02
2.196162701780409593e-02
2.196162701780409593e-02
2.196162701780409593e-02
2.196162701780409593e-02
7.680489818134111912e-02
7.680489818134111912e-02
7.680489818134111912e-02
7.680489818134111912e-02
7.680489818134111912e-02
7.680489818134111912e-02
7.680489818134111912e-02
7.680489818134111912e-02
7.680489818134111912e-02
7.680489818134111912e-02
7.680489818134111912e-02
1.783235379271548571e-02
1.776746606867760786e-02
1.776746606867760786e-02
1.785135824742671920e-02
1.785135824742671920e-02
1.785135824742671920e-02
7.692857936658333007e-02
7.692857936658333007e-02
7.692857936658333007e-02
7.692857936658333007e-02
7.692857936658333007e-02
1.781366698014410360e-02
1.774560300093107681e-02
2.354777961609034326e-02
1.775667000311184976e-02
1.775667000311184976e-02
7.658817048211385980e-02
7.658817048211385980e-02
7.658817048211385980e-02
7.658817048211385980e-02
7.658817048211385980e-02
7.658817048211385980e-02
7.658817048211385980e-02
7.658817048211385980e-02
7.658817048211385980e-02
7.658817048211385980e-02
7.658817048211385980e-02
7.658817048211385980e-02
7.658817048211385980e-02
7.623628463178683257e-02
7.623628463178683257e-02
7.623628463178683257e-02
7.623628463178683257e-02
7.623628463178683257e-02
7.623628463178683257e-02
7.623628463178683257e-02
7.623628463178683257e-02
7.623628463178683257e-02
7.623628463178683257e-02
7.623628463178683257e-02
7.623628463178683257e-02
7.623628463178683257e-02
7.623628463178683257e-02
1.789454632562992309e-02
7.622132226659077137e-02
7.622132226659077137e-02
7.622132226659077137e-02
7.622132226659077137e-02
7.622132226659077137e-02
7.622132226659077137e-02
7.622132226659077137e-02
7.622132226659077137e-02
7.622132226659077137e-02
7.622132226659077137e-02
7.622132226659077137e-02
7.622132226659077137e-02
7.622132226659077137e-02
7.622132226659077137e-02
7.604016354757003882e-02
7.604016354757003882e-02
7.604016354757003882e-02
7.604016354757003882e-02
7.604016354757003882e-02
7.604016354757003882e-02
7.604016354757003882e-02
7.604016354757003882e-02
7.604016354757003882e-02
7.604016354757003882e-02
7.604016354757003882e-02
7.604016354757003882e-02
7.604016354757003882e-02
7.604016354757003882e-02
7.604016354757003882e-02
1.787939122281307844e-02
6.888959947118797333e-02
6.888959947118797333e-02
6.888959947118797333e-02
6.888959947118797333e-02
7.669782158613439038e-02
7.669782158613439038e-02
7.669782158613439038e-02
7.669782158613439038e-02
7.669782158613439038e-02
7.669782158613439038e-02
7.669782158613439038e-02
7.669782158613439038e-02
7.669782158613439038e-02
7.669782158613439038e-02
7.669782158613439038e-02
7.669782158613439038e-02
7.669782158613439038e-02
1.770205298473050831e-02
1.770205298473050831e-02
7.671085776344060969e-02
1.776428825511314202e-02
1.776428825511314202e-02
1.776428825511314202e-02
1.771828554672217476e-02
1.784862640994728383e-02
1.784862640994728383e-02
7.613983050430708777e-02
7.613983050430708777e-02
7.613983050430708777e-02
7.613983050430708777e-02
7.613983050430708777e-02
7.613983050430708777e-02
7.613983050430708777e-02
7.613983050430708777e-02
7.613983050430708777e-02
7.613983050430708777e-02
7.613983050430708777e-02
7.613983050430708777e-02
7.613983050430708777e-02
7.613983050430708777e-02
1.773870447991384922e-02
1.773870447991384922e-02
1.773870447991384922e-02
2.186717166315699928e-02
2.186717166315699928e-02
2.186717166315699928e-02
2.186717166315699928e-02
2.186717166315699928e-02
1.778629617713234704e-02
7.670567865174018896e-02
7.670567865174018896e-02
7.670567865174018896e-02
7.670567865174018896e-02
7.670567865174018896e-02
7.670567865174018896e-02
7.670567865174018896e-02
7.670567865174018896e-02
7.670567865174018896e-02
7.670567865174018896e-02
7.670567865174018896e-02
7.670567865174018896e-02
7.670567865174018896e-02
7.635266763189113570e-02
7.635266763189113570e-02
7.635266763189113570e-02
7.635266763189113570e-02
7.635266763189113570e-02
7.635266763189113570e-02
7.635266763189113570e-02
7.635266763189113570e-02
7.635266763189113570e-02
7.635266763189113570e-02
7.635266763189113570e-02
7.635266763189113570e-02
7.635266763189113570e-02
7.635266763189113570e-02
1.783439548282035950e-02
1.783439548282035950e-02
1.795907623640416798e-02
7.611067533008100683e-02
7.611067533008100683e-02
7.611067533008100683e-02
7.611067533008100683e-02
7.611067533008100683e-02
7.611067533008100683e-02
7.611067533008100683e-02
7.611067533008100683e-02
7.611067533008100683e-02
7.611067533008100683e-02
7.611067533008100683e-02
7.611067533008100683e-02
7.611067533008100683e-02
7.611067533008100683e-02
1.771492115818972674e-02
1.771492115818972674e-02
