4.019055458084964949e-02
4.019055458084964949e-02
4.019055458084964949e-02
4.019055458084964949e-02
4.019055458084964949e-02
4.019055458084964949e-02
4.019055458084964949e-02
4.019055458084964949e-02
4.019055458084964949e-02
4.019055458084964949e-02
4.019055458084964949e-02
4.019055458084964949e-02
4.019055458084964949e-02
4.069787484734029015e-02
4.069787484734029015e-02
4.069787484734029015e-02
4.069787484734029015e-02
4.069787484734029015e-02
4.069787484734029015e-02
4.069787484734029015e-02
4.069787484734029015e-02
4.069787484734029015e-02
4.069787484734029015e-02
4.069787484734029015e-02
4.094803022586595426e-02
4.094803022586595426e-02
4.094803022586595426e-02
4.094803022586595426e-02
4.094803022586595426e-02
4.094803022586595426e-02
4.094803022586595426e-02
4.094803022586595426e-02
4.094803022586595426e-02
4.094803022586595426e-02
4.094803022586595426e-02
4.094803022586595426e-02
4.094803022586595426e-02
4.106430569149061016e-02
4.106430569149061016e-02
4.106430569149061016e-02
4.034529305523968518e-02
4.034529305523968518e-02
4.034529305523968518e-02
4.034529305523968518e-02
4.034529305523968518e-02
4.034529305523968518e-02
4.034529305523968518e-02
4.034529305523968518e-02
4.034529305523968518e-02
4.034529305523968518e-02
4.034529305523968518e-02
4.064586338429027057e-02
4.064586338429027057e-02
4.064586338429027057e-02
4.064586338429027057e-02
4.064586338429027057e-02
4.064586338429027057e-02
4.064586338429027057e-02
4.064586338429027057e-02
4.064586338429027057e-02
4.064586338429027057e-02
4.064586338429027057e-02
4.064586338429027057e-02
4.064586338429027057e-02
4.039585700140448793e-02
4.039585700140448793e-02
4.039585700140448793e-02
4.039585700140448793e-02
4.039585700140448793e-02
4.039585700140448793e-02
4.039585700140448793e-02
4.039585700140448793e-02
4.039585700140448793e-02
4.039585700140448793e-02
4.039585700140448793e-02
4.039585700140448793e-02
4.039585700140448793e-02
4.039585700140448793e-02
4.026647105933590931e-02
4.026647105933590931e-02
4.026647105933590931e-02
4.026647105933590931e-02
4.026647105933590931e-02
4.026647105933590931e-02
4.026647105933590931e-02
4.026647105933590931e-02
4.026647105933590931e-02
4.026647105933590931e-02
4.026647105933590931e-02
4.026647105933590931e-02
4.026647105933590931e-02
4.024778613380357306e-02
4.024778613380357306e-02
4.024778613380357306e-02
4.024778613380357306e-02
4.024778613380357306e-02
4.024778613380357306e-02
4.024778613380357306e-02
4.024778613380357306e-02
4.024778613380357306e-02
4.024778613380357306e-02
4.024778613380357306e-02
4.024778613380357306e-02
4.066775966934635389e-02
4.066775966934635389e-02
4.066775966934635389e-02
4.066775966934635389e-02
4.066775966934635389e-02
4.066775966934635389e-02
4.066775966934635389e-02
4.066775966934635389e-02
4.066775966934635389e-02
4.066775966934635389e-02
4.066775966934635389e-02
4.066775966934635389e-02
4.061883449293795384e-02
4.061883449293795384e-02
4.061883449293795384e-02
4.061883449293795384e-02
4.061883449293795384e-02
4.061883449293795384e-02
4.061883449293795384e-02
4.040177917160810150e-02
4.040177917160810150e-02
4.040177917160810150e-02
4.040177917160810150e-02
4.040177917160810150e-02
4.040177917160810150e-02
4.040177917160810150e-02
4.040177917160810150e-02
4.040177917160810150e-02
4.040177917160810150e-02
4.040177917160810150e-02
4.040177917160810150e-02
4.040177917160810150e-02
4.040177917160810150e-02
4.297414294000950763e-02
4.297414294000950763e-02
4.297414294000950763e-02
4.297414294000950763e-02
4.297414294000950763e-02
4.297414294000950763e-02
4.297414294000950763e-02
4.297414294000950763e-02
4.297414294000950763e-02
4.297414294000950763e-02
4.297414294000950763e-02
4.338518689293695274e-02
4.338518689293695274e-02
4.338518689293695274e-02
4.338518689293695274e-02
4.338518689293695274e-02
4.338518689293695274e-02
4.338518689293695274e-02
4.338518689293695274e-02
4.338518689293695274e-02
4.338518689293695274e-02
4.338518689293695274e-02
4.072827549790099949e-02
4.072827549790099949e-02
4.072827549790099949e-02
4.072827549790099949e-02
4.072827549790099949e-02
4.072827549790099949e-02
4.072827549790099949e-02
4.072827549790099949e-02
4.072827549790099949e-02
4.072827549790099949e-02
4.072827549790099949e-02
4.072827549790099949e-02
3.963217920495766544e-02
3.963217920495766544e-02
3.963217920495766544e-02
3.963217920495766544e-02
3.963217920495766544e-02
3.963217920495766544e-02
3.963217920495766544e-02
3.963217920495766544e-02
3.963217920495766544e-02
