1.724374980841995170e-02
1.709872483145365163e-02
1.709872483145365163e-02
1.709872483145365163e-02
1.709872483145365163e-02
1.709872483145365163e-02
1.709872483145365163e-02
1.709872483145365163e-02
1.701686727055426104e-02
1.700784024216245999e-02
1.700784024216245999e-02
1.700784024216245999e-02
1.718326762866978843e-02
1.718326762866978843e-02
1.718326762866978843e-02
1.713589673285179429e-02
1.713589673285179429e-02
1.713589673285179429e-02
1.713589673285179429e-02
1.751760016479377360e-02
1.751760016479377360e-02
1.751760016479377360e-02
1.751760016479377360e-02
1.751760016479377360e-02
1.703666706420613880e-02
1.703666706420613880e-02
1.703666706420613880e-02
1.712941732232846348e-02
1.712941732232846348e-02
1.712941732232846348e-02
1.708020326360460556e-02
1.708020326360460556e-02
1.701185056591206918e-02
1.701185056591206918e-02
1.716290493858519881e-02
1.700640812998330254e-02
1.700118796863081885e-02
1.700118796863081885e-02
1.713721857296681556e-02
1.710369226765426007e-02
1.710369226765426007e-02
1.710369226765426007e-02
1.710237677381038282e-02
1.710237677381038282e-02
1.701261412290541383e-02
1.701261412290541383e-02
1.701261412290541383e-02
1.705059574002343314e-02
1.705059574002343314e-02
1.705059574002343314e-02
1.705059574002343314e-02
1.706209403281444548e-02
1.995567024703397488e-02
1.995567024703397488e-02
1.995567024703397488e-02
1.718010474871083104e-02
1.718010474871083104e-02
1.704892088516102647e-02
1.704892088516102647e-02
1.704892088516102647e-02
1.704892088516102647e-02
1.704892088516102647e-02
1.717000899318314386e-02
1.709143357321205037e-02
1.709143357321205037e-02
1.709096218923620430e-02
1.709096218923620430e-02
1.709096218923620430e-02
1.709096218923620430e-02
1.712393004311425077e-02
1.712393004311425077e-02
1.712393004311425077e-02
1.707833950394427661e-02
1.707833950394427661e-02
1.707833950394427661e-02
1.707833950394427661e-02
1.707833950394427661e-02
1.700086253644830792e-02
1.700086253644830792e-02
1.705827445671963261e-02
1.705827445671963261e-02
1.705827445671963261e-02
1.705827445671963261e-02
1.731318331647433220e-02
1.731318331647433220e-02
1.731318331647433220e-02
1.731318331647433220e-02
1.731318331647433220e-02
1.731318331647433220e-02
1.731318331647433220e-02
1.704871008871802068e-02
1.725960669211880696e-02
1.725960669211880696e-02
1.725960669211880696e-02
1.725960669211880696e-02
1.725960669211880696e-02
1.725960669211880696e-02
1.700230547979649301e-02
1.707783950858175748e-02
1.707783950858175748e-02
1.732054805489924992e-02
1.732054805489924992e-02
1.732054805489924992e-02
1.732054805489924992e-02
1.739652739306208479e-02
1.700517666814121975e-02
1.715052069670985543e-02
1.715052069670985543e-02
1.702542281368267171e-02
1.701994449175760898e-02
