6.599952370707407034e-02
6.599952370707407034e-02
6.599952370707407034e-02
6.599952370707407034e-02
6.599952370707407034e-02
6.599952370707407034e-02
6.599952370707407034e-02
6.599952370707407034e-02
6.599952370707407034e-02
6.599952370707407034e-02
6.599952370707407034e-02
6.599952370707407034e-02
6.599952370707407034e-02
6.599952370707407034e-02
6.599952370707407034e-02
4.152688156980366418e-02
4.152688156980366418e-02
4.152688156980366418e-02
4.152688156980366418e-02
4.152688156980366418e-02
4.152688156980366418e-02
4.152688156980366418e-02
4.152688156980366418e-02
4.152688156980366418e-02
4.152688156980366418e-02
4.152688156980366418e-02
4.152688156980366418e-02
4.152688156980366418e-02
4.152688156980366418e-02
4.152688156980366418e-02
4.152688156980366418e-02
4.152688156980366418e-02
3.876442779415904816e-02
3.876442779415904816e-02
3.876442779415904816e-02
3.876442779415904816e-02
3.876442779415904816e-02
3.876442779415904816e-02
3.876442779415904816e-02
3.876442779415904816e-02
3.876442779415904816e-02
3.876442779415904816e-02
3.876442779415904816e-02
3.876442779415904816e-02
3.876442779415904816e-02
3.876442779415904816e-02
3.876442779415904816e-02
6.582083017819242987e-02
6.582083017819242987e-02
6.582083017819242987e-02
6.582083017819242987e-02
6.582083017819242987e-02
6.582083017819242987e-02
6.582083017819242987e-02
6.582083017819242987e-02
6.582083017819242987e-02
6.582083017819242987e-02
6.582083017819242987e-02
6.582083017819242987e-02
6.582083017819242987e-02
6.582083017819242987e-02
6.582083017819242987e-02
6.582083017819242987e-02
6.582083017819242987e-02
5.385966510604958679e-02
5.385966510604958679e-02
5.385966510604958679e-02
5.385966510604958679e-02
5.385966510604958679e-02
5.385966510604958679e-02
5.385966510604958679e-02
5.385966510604958679e-02
5.385966510604958679e-02
5.385966510604958679e-02
5.385966510604958679e-02
5.371066320368310387e-02
5.371066320368310387e-02
5.371066320368310387e-02
5.371066320368310387e-02
5.371066320368310387e-02
5.371066320368310387e-02
5.371066320368310387e-02
5.371066320368310387e-02
5.371066320368310387e-02
5.371066320368310387e-02
5.371066320368310387e-02
5.371066320368310387e-02
5.364682733759857519e-02
5.364682733759857519e-02
5.364682733759857519e-02
5.364682733759857519e-02
5.364682733759857519e-02
5.364682733759857519e-02
5.364682733759857519e-02
5.364682733759857519e-02
6.902819565395337809e-02
6.902819565395337809e-02
6.902819565395337809e-02
6.902819565395337809e-02
6.902819565395337809e-02
6.902819565395337809e-02
6.902819565395337809e-02
6.902819565395337809e-02
6.902819565395337809e-02
6.902819565395337809e-02
6.902819565395337809e-02
6.902819565395337809e-02
6.902819565395337809e-02
6.902819565395337809e-02
6.902819565395337809e-02
6.902819565395337809e-02
6.902819565395337809e-02
3.826136993653124485e-02
3.826136993653124485e-02
3.826136993653124485e-02
3.826136993653124485e-02
3.826136993653124485e-02
3.826136993653124485e-02
3.826136993653124485e-02
3.826136993653124485e-02
3.826136993653124485e-02
3.826136993653124485e-02
3.826136993653124485e-02
3.826136993653124485e-02
3.826136993653124485e-02
3.826136993653124485e-02
4.057234663207214681e-02
4.057234663207214681e-02
4.057234663207214681e-02
4.057234663207214681e-02
4.057234663207214681e-02
4.057234663207214681e-02
4.057234663207214681e-02
4.057234663207214681e-02
4.057234663207214681e-02
4.057234663207214681e-02
4.057234663207214681e-02
4.057234663207214681e-02
4.057234663207214681e-02
4.057234663207214681e-02
4.057234663207214681e-02
4.057234663207214681e-02
4.057234663207214681e-02
4.399790332280256039e-02
4.399790332280256039e-02
3.898943014201738944e-02
3.898943014201738944e-02
3.898943014201738944e-02
3.898943014201738944e-02
3.898943014201738944e-02
3.898943014201738944e-02
3.898943014201738944e-02
3.898943014201738944e-02
3.898943014201738944e-02
3.898943014201738944e-02
3.898943014201738944e-02
3.898943014201738944e-02
3.898943014201738944e-02
3.898943014201738944e-02
3.898943014201738944e-02
3.898943014201738944e-02
3.898943014201738944e-02
3.845473255540045321e-02
3.845473255540045321e-02
3.845473255540045321e-02
3.845473255540045321e-02
3.845473255540045321e-02
3.845473255540045321e-02
3.845473255540045321e-02
3.845473255540045321e-02
3.845473255540045321e-02
3.845473255540045321e-02
3.845473255540045321e-02
3.845473255540045321e-02
3.910322287341249509e-02
3.910322287341249509e-02
3.910322287341249509e-02
3.910322287341249509e-02
3.910322287341249509e-02
3.910322287341249509e-02
3.910322287341249509e-02
3.910322287341249509e-02
3.910322287341249509e-02
3.910322287341249509e-02
3.910322287341249509e-02
3.910322287341249509e-02
3.910322287341249509e-02
3.910322287341249509e-02
3.910322287341249509e-02
3.910322287341249509e-02
3.910322287341249509e-02
3.854344670147537288e-02
3.854344670147537288e-02
3.854344670147537288e-02
3.854344670147537288e-02
3.854344670147537288e-02
3.854344670147537288e-02
3.854344670147537288e-02
3.854344670147537288e-02
3.854344670147537288e-02
3.854344670147537288e-02
3.854344670147537288e-02
3.854344670147537288e-02
3.854344670147537288e-02
3.854344670147537288e-02
3.854344670147537288e-02
3.854344670147537288e-02
3.854344670147537288e-02
