9.928577936742852272e-02
9.928577936742852272e-02
9.928577936742852272e-02
9.928577936742852272e-02
9.928577936742852272e-02
9.928577936742852272e-02
9.928577936742852272e-02
9.928577936742852272e-02
9.928577936742852272e-02
9.928577936742852272e-02
9.928577936742852272e-02
9.928577936742852272e-02
9.928577936742852272e-02
9.928577936742852272e-02
9.990505888590095473e-02
9.990505888590095473e-02
9.990505888590095473e-02
9.990505888590095473e-02
9.990505888590095473e-02
9.990505888590095473e-02
9.990505888590095473e-02
9.990505888590095473e-02
9.990505888590095473e-02
9.990505888590095473e-02
9.990505888590095473e-02
9.962863585749613671e-02
9.962863585749613671e-02
9.962863585749613671e-02
9.962863585749613671e-02
9.962863585749613671e-02
9.962863585749613671e-02
9.962863585749613671e-02
9.962863585749613671e-02
9.962863585749613671e-02
9.962863585749613671e-02
9.962863585749613671e-02
9.910053590183491579e-02
9.910053590183491579e-02
9.910053590183491579e-02
9.910053590183491579e-02
9.910053590183491579e-02
9.910053590183491579e-02
9.910053590183491579e-02
9.910053590183491579e-02
9.910053590183491579e-02
9.910053590183491579e-02
9.910053590183491579e-02
9.910053590183491579e-02
9.910053590183491579e-02
9.910053590183491579e-02
9.910053590183491579e-02
9.959805001769858612e-02
9.959805001769858612e-02
9.959805001769858612e-02
9.959805001769858612e-02
9.959805001769858612e-02
9.959805001769858612e-02
9.959805001769858612e-02
9.959805001769858612e-02
9.959805001769858612e-02
9.959805001769858612e-02
9.959805001769858612e-02
9.959805001769858612e-02
9.922117028878957301e-02
9.922117028878957301e-02
9.922117028878957301e-02
9.922117028878957301e-02
9.922117028878957301e-02
9.922117028878957301e-02
9.922117028878957301e-02
9.922117028878957301e-02
9.922117028878957301e-02
9.922117028878957301e-02
9.922117028878957301e-02
9.922117028878957301e-02
9.922117028878957301e-02
1.000796072500699380e-01
9.920615232289890784e-02
9.920615232289890784e-02
9.920615232289890784e-02
9.920615232289890784e-02
9.920615232289890784e-02
9.920615232289890784e-02
9.920615232289890784e-02
9.920615232289890784e-02
9.920615232289890784e-02
9.920615232289890784e-02
9.920615232289890784e-02
9.920615232289890784e-02
9.920615232289890784e-02
9.993485432593228468e-02
9.993485432593228468e-02
9.993485432593228468e-02
9.993485432593228468e-02
9.993485432593228468e-02
9.993485432593228468e-02
9.993485432593228468e-02
9.993485432593228468e-02
9.993485432593228468e-02
9.963919887502822870e-02
9.963919887502822870e-02
9.963919887502822870e-02
9.963919887502822870e-02
9.963919887502822870e-02
9.963919887502822870e-02
9.963919887502822870e-02
9.963919887502822870e-02
9.963919887502822870e-02
9.963919887502822870e-02
9.963919887502822870e-02
9.963919887502822870e-02
9.963919887502822870e-02
9.972553086722261984e-02
9.972553086722261984e-02
9.972553086722261984e-02
9.972553086722261984e-02
9.972553086722261984e-02
9.972553086722261984e-02
9.972553086722261984e-02
9.972553086722261984e-02
9.972553086722261984e-02
9.972553086722261984e-02
9.972553086722261984e-02
9.972553086722261984e-02
9.946710573976318137e-02
9.946710573976318137e-02
9.946710573976318137e-02
9.946710573976318137e-02
9.946710573976318137e-02
9.946710573976318137e-02
9.946710573976318137e-02
9.946710573976318137e-02
9.946710573976318137e-02
9.946710573976318137e-02
9.946710573976318137e-02
9.946710573976318137e-02
9.946710573976318137e-02
9.946710573976318137e-02
9.932231520597058216e-02
9.932231520597058216e-02
9.932231520597058216e-02
9.932231520597058216e-02
9.932231520597058216e-02
9.932231520597058216e-02
9.932231520597058216e-02
9.932231520597058216e-02
9.932231520597058216e-02
9.932231520597058216e-02
9.932231520597058216e-02
9.932231520597058216e-02
9.932231520597058216e-02
9.947910169618272291e-02
9.947910169618272291e-02
9.947910169618272291e-02
9.947910169618272291e-02
9.947910169618272291e-02
9.947910169618272291e-02
9.947910169618272291e-02
9.947910169618272291e-02
9.947910169618272291e-02
9.947910169618272291e-02
9.947910169618272291e-02
9.947910169618272291e-02
9.947910169618272291e-02
1.000468780123209417e-01
1.000468780123209417e-01
1.000468780123209417e-01
1.000468780123209417e-01
1.000468780123209417e-01
1.000468780123209417e-01
9.972038125247441320e-02
9.972038125247441320e-02
9.972038125247441320e-02
9.972038125247441320e-02
9.972038125247441320e-02
9.972038125247441320e-02
9.972038125247441320e-02
9.972038125247441320e-02
9.972038125247441320e-02
9.972038125247441320e-02
9.972038125247441320e-02
9.972038125247441320e-02
9.937827634514623254e-02
9.937827634514623254e-02
9.937827634514623254e-02
9.937827634514623254e-02
9.937827634514623254e-02
9.937827634514623254e-02
9.937827634514623254e-02
9.937827634514623254e-02
9.937827634514623254e-02
9.937827634514623254e-02
9.937827634514623254e-02
9.937827634514623254e-02
9.955587752755454267e-02
9.955587752755454267e-02
9.955587752755454267e-02
9.955587752755454267e-02
9.955587752755454267e-02
9.955587752755454267e-02
9.955587752755454267e-02
9.955587752755454267e-02
9.955587752755454267e-02
9.955587752755454267e-02
9.955587752755454267e-02
9.955587752755454267e-02
9.955587752755454267e-02
9.969350726589905343e-02
9.969350726589905343e-02
9.969350726589905343e-02
9.969350726589905343e-02
9.969350726589905343e-02
9.969350726589905343e-02
9.969350726589905343e-02
9.969350726589905343e-02
9.969350726589905343e-02
9.969350726589905343e-02
9.969350726589905343e-02
9.969350726589905343e-02
