8.788042157789915931e-02
8.788042157789915931e-02
8.788042157789915931e-02
8.788042157789915931e-02
8.788042157789915931e-02
8.788042157789915931e-02
8.788042157789915931e-02
8.788042157789915931e-02
8.788042157789915931e-02
8.788042157789915931e-02
8.788042157789915931e-02
8.788042157789915931e-02
8.788042157789915931e-02
8.788042157789915931e-02
8.788042157789915931e-02
8.788042157789915931e-02
8.788042157789915931e-02
4.508474119796852808e-02
4.508474119796852808e-02
4.508474119796852808e-02
4.508474119796852808e-02
4.508474119796852808e-02
4.508474119796852808e-02
4.508474119796852808e-02
4.508474119796852808e-02
4.508474119796852808e-02
4.508474119796852808e-02
4.508474119796852808e-02
4.508474119796852808e-02
4.275623577184174684e-02
4.275623577184174684e-02
4.275623577184174684e-02
4.275623577184174684e-02
4.275623577184174684e-02
4.275623577184174684e-02
4.275623577184174684e-02
4.275623577184174684e-02
4.275623577184174684e-02
4.275623577184174684e-02
4.275623577184174684e-02
4.275623577184174684e-02
4.275623577184174684e-02
4.275623577184174684e-02
4.275623577184174684e-02
4.331146694355222926e-02
4.331146694355222926e-02
4.331146694355222926e-02
4.331146694355222926e-02
4.331146694355222926e-02
4.331146694355222926e-02
4.331146694355222926e-02
4.331146694355222926e-02
4.331146694355222926e-02
4.331146694355222926e-02
4.331146694355222926e-02
4.331146694355222926e-02
4.331146694355222926e-02
4.331146694355222926e-02
4.331146694355222926e-02
4.331146694355222926e-02
4.331146694355222926e-02
4.423389282554063273e-02
4.423389282554063273e-02
4.423389282554063273e-02
4.423389282554063273e-02
4.423389282554063273e-02
4.423389282554063273e-02
4.423389282554063273e-02
4.423389282554063273e-02
4.423389282554063273e-02
4.423389282554063273e-02
4.423389282554063273e-02
4.423389282554063273e-02
4.423389282554063273e-02
4.423389282554063273e-02
4.423389282554063273e-02
4.423389282554063273e-02
4.423389282554063273e-02
4.423545095748825096e-02
4.423545095748825096e-02
4.423545095748825096e-02
4.423545095748825096e-02
4.423545095748825096e-02
4.423545095748825096e-02
4.423545095748825096e-02
4.423545095748825096e-02
4.423545095748825096e-02
4.423545095748825096e-02
4.423545095748825096e-02
4.423545095748825096e-02
4.423545095748825096e-02
4.423545095748825096e-02
4.423545095748825096e-02
4.423545095748825096e-02
4.423545095748825096e-02
4.283295286684364600e-02
4.283295286684364600e-02
4.283295286684364600e-02
4.283295286684364600e-02
4.283295286684364600e-02
4.283295286684364600e-02
4.283295286684364600e-02
4.283295286684364600e-02
4.283295286684364600e-02
4.283295286684364600e-02
4.422939220053626053e-02
4.422939220053626053e-02
4.422939220053626053e-02
4.422939220053626053e-02
4.422939220053626053e-02
4.422939220053626053e-02
4.422939220053626053e-02
4.422939220053626053e-02
4.422939220053626053e-02
4.422939220053626053e-02
4.422939220053626053e-02
4.422939220053626053e-02
4.422939220053626053e-02
4.422939220053626053e-02
4.422939220053626053e-02
4.422939220053626053e-02
4.422939220053626053e-02
4.351463437049178651e-02
4.351463437049178651e-02
4.351463437049178651e-02
4.351463437049178651e-02
4.351463437049178651e-02
4.351463437049178651e-02
4.351463437049178651e-02
4.351463437049178651e-02
4.351463437049178651e-02
4.351463437049178651e-02
4.351463437049178651e-02
4.351463437049178651e-02
4.351463437049178651e-02
4.351463437049178651e-02
4.351463437049178651e-02
4.351463437049178651e-02
4.351463437049178651e-02
8.962386854943518721e-02
8.962386854943518721e-02
8.962386854943518721e-02
8.962386854943518721e-02
8.962386854943518721e-02
8.962386854943518721e-02
8.962386854943518721e-02
8.962386854943518721e-02
8.962386854943518721e-02
8.962386854943518721e-02
8.962386854943518721e-02
8.962386854943518721e-02
8.962386854943518721e-02
8.962386854943518721e-02
8.962386854943518721e-02
8.962386854943518721e-02
4.451845173823291979e-02
4.451845173823291979e-02
4.451845173823291979e-02
4.451845173823291979e-02
4.451845173823291979e-02
4.451845173823291979e-02
4.451845173823291979e-02
4.451845173823291979e-02
4.451845173823291979e-02
4.451845173823291979e-02
4.451845173823291979e-02
4.451845173823291979e-02
4.451845173823291979e-02
4.451845173823291979e-02
4.451845173823291979e-02
4.451845173823291979e-02
4.451845173823291979e-02
8.834270709206273886e-02
8.834270709206273886e-02
8.834270709206273886e-02
8.834270709206273886e-02
8.834270709206273886e-02
8.834270709206273886e-02
8.834270709206273886e-02
8.834270709206273886e-02
8.834270709206273886e-02
8.834270709206273886e-02
8.834270709206273886e-02
8.834270709206273886e-02
8.834270709206273886e-02
8.834270709206273886e-02
8.834270709206273886e-02
8.834270709206273886e-02
8.834270709206273886e-02
4.387695614825882356e-02
4.387695614825882356e-02
4.387695614825882356e-02
4.387695614825882356e-02
4.387695614825882356e-02
4.387695614825882356e-02
4.387695614825882356e-02
4.387695614825882356e-02
4.387695614825882356e-02
4.387695614825882356e-02
4.387695614825882356e-02
4.387695614825882356e-02
4.387695614825882356e-02
4.387695614825882356e-02
4.387695614825882356e-02
4.387695614825882356e-02
4.387695614825882356e-02
8.851613539152408672e-02
8.851613539152408672e-02
8.851613539152408672e-02
8.851613539152408672e-02
8.851613539152408672e-02
8.851613539152408672e-02
8.851613539152408672e-02
8.851613539152408672e-02
8.851613539152408672e-02
8.851613539152408672e-02
8.851613539152408672e-02
8.851613539152408672e-02
8.851613539152408672e-02
8.851613539152408672e-02
8.851613539152408672e-02
8.851613539152408672e-02
8.851613539152408672e-02
4.375375530288494463e-02
4.375375530288494463e-02
4.375375530288494463e-02
4.375375530288494463e-02
4.375375530288494463e-02
4.375375530288494463e-02
4.375375530288494463e-02
4.375375530288494463e-02
4.375375530288494463e-02
4.375375530288494463e-02
4.375375530288494463e-02
4.375375530288494463e-02
4.375375530288494463e-02
4.375375530288494463e-02
4.375375530288494463e-02
4.375375530288494463e-02
4.375375530288494463e-02
