8.818224101313222596e-02
8.818224101313222596e-02
8.818224101313222596e-02
8.818224101313222596e-02
8.818224101313222596e-02
8.818224101313222596e-02
8.818224101313222596e-02
8.818224101313222596e-02
8.818224101313222596e-02
8.818224101313222596e-02
8.818224101313222596e-02
8.818224101313222596e-02
8.818224101313222596e-02
8.818224101313222596e-02
8.818224101313222596e-02
8.818224101313222596e-02
8.818224101313222596e-02
8.831936136349172184e-02
8.831936136349172184e-02
8.831936136349172184e-02
8.831936136349172184e-02
8.831936136349172184e-02
8.831936136349172184e-02
8.831936136349172184e-02
8.831936136349172184e-02
8.831936136349172184e-02
8.831936136349172184e-02
8.831936136349172184e-02
8.831936136349172184e-02
8.831936136349172184e-02
8.831936136349172184e-02
8.831936136349172184e-02
8.831936136349172184e-02
8.831936136349172184e-02
8.789612137177074680e-02
8.789612137177074680e-02
8.789612137177074680e-02
8.789612137177074680e-02
8.789612137177074680e-02
8.789612137177074680e-02
8.789612137177074680e-02
8.789612137177074680e-02
8.789612137177074680e-02
8.789612137177074680e-02
8.789612137177074680e-02
8.789612137177074680e-02
8.789612137177074680e-02
8.789612137177074680e-02
8.789612137177074680e-02
8.789612137177074680e-02
8.789612137177074680e-02
8.842086221818076797e-02
8.842086221818076797e-02
8.842086221818076797e-02
8.842086221818076797e-02
8.842086221818076797e-02
8.842086221818076797e-02
8.842086221818076797e-02
8.842086221818076797e-02
8.842086221818076797e-02
8.842086221818076797e-02
8.842086221818076797e-02
8.842086221818076797e-02
8.842086221818076797e-02
8.842086221818076797e-02
8.842086221818076797e-02
8.842086221818076797e-02
8.842086221818076797e-02
8.840762953811828750e-02
8.840762953811828750e-02
8.840762953811828750e-02
8.840762953811828750e-02
8.840762953811828750e-02
8.840762953811828750e-02
8.840762953811828750e-02
8.840762953811828750e-02
8.840762953811828750e-02
8.840762953811828750e-02
8.840762953811828750e-02
8.840762953811828750e-02
8.840762953811828750e-02
8.840762953811828750e-02
8.840762953811828750e-02
8.840762953811828750e-02
8.840762953811828750e-02
8.994866867874545813e-02
8.994866867874545813e-02
8.994866867874545813e-02
8.994866867874545813e-02
8.994866867874545813e-02
8.994866867874545813e-02
8.994866867874545813e-02
8.994866867874545813e-02
8.994866867874545813e-02
8.994866867874545813e-02
8.994866867874545813e-02
8.994866867874545813e-02
8.994866867874545813e-02
8.994866867874545813e-02
8.994866867874545813e-02
8.994866867874545813e-02
8.994866867874545813e-02
8.770641615578128603e-02
8.770641615578128603e-02
8.770641615578128603e-02
8.770641615578128603e-02
8.770641615578128603e-02
8.770641615578128603e-02
8.770641615578128603e-02
8.770641615578128603e-02
8.770641615578128603e-02
8.770641615578128603e-02
8.770641615578128603e-02
8.770641615578128603e-02
8.770641615578128603e-02
8.770641615578128603e-02
8.770641615578128603e-02
8.770641615578128603e-02
8.770641615578128603e-02
8.894742455041391993e-02
8.894742455041391993e-02
8.894742455041391993e-02
8.894742455041391993e-02
8.894742455041391993e-02
8.894742455041391993e-02
8.894742455041391993e-02
8.894742455041391993e-02
8.894742455041391993e-02
8.894742455041391993e-02
8.894742455041391993e-02
8.894742455041391993e-02
8.894742455041391993e-02
8.894742455041391993e-02
8.894742455041391993e-02
8.894742455041391993e-02
8.894742455041391993e-02
8.840668378451219112e-02
8.840668378451219112e-02
8.840668378451219112e-02
8.840668378451219112e-02
8.840668378451219112e-02
8.840668378451219112e-02
8.840668378451219112e-02
8.840668378451219112e-02
8.840668378451219112e-02
8.840668378451219112e-02
8.840668378451219112e-02
8.840668378451219112e-02
8.840668378451219112e-02
8.840668378451219112e-02
8.840668378451219112e-02
8.840668378451219112e-02
8.840668378451219112e-02
8.870190803943497904e-02
8.870190803943497904e-02
8.870190803943497904e-02
8.870190803943497904e-02
8.870190803943497904e-02
8.870190803943497904e-02
8.870190803943497904e-02
8.870190803943497904e-02
8.870190803943497904e-02
8.870190803943497904e-02
8.870190803943497904e-02
8.870190803943497904e-02
8.870190803943497904e-02
8.870190803943497904e-02
8.870190803943497904e-02
8.870190803943497904e-02
8.870190803943497904e-02
8.853055584511182463e-02
8.853055584511182463e-02
8.853055584511182463e-02
8.853055584511182463e-02
8.853055584511182463e-02
8.853055584511182463e-02
8.853055584511182463e-02
8.853055584511182463e-02
8.853055584511182463e-02
8.853055584511182463e-02
8.853055584511182463e-02
8.853055584511182463e-02
8.853055584511182463e-02
8.853055584511182463e-02
8.853055584511182463e-02
8.853055584511182463e-02
8.853055584511182463e-02
8.877384963540164986e-02
8.877384963540164986e-02
8.877384963540164986e-02
8.877384963540164986e-02
8.877384963540164986e-02
8.877384963540164986e-02
8.877384963540164986e-02
8.877384963540164986e-02
8.877384963540164986e-02
8.877384963540164986e-02
8.877384963540164986e-02
8.877384963540164986e-02
8.877384963540164986e-02
8.877384963540164986e-02
8.877384963540164986e-02
8.877384963540164986e-02
8.877384963540164986e-02
