1.775507598717173882e-02
1.775507598717173882e-02
1.785335137105741043e-02
1.785335137105741043e-02
2.235685131139014334e-02
2.235685131139014334e-02
2.235685131139014334e-02
2.235685131139014334e-02
1.788116398970437254e-02
1.788116398970437254e-02
1.783207041398326281e-02
8.133361570572827937e-02
8.133361570572827937e-02
8.133361570572827937e-02
8.133361570572827937e-02
8.133361570572827937e-02
8.133361570572827937e-02
8.133361570572827937e-02
8.133361570572827937e-02
8.133361570572827937e-02
8.133361570572827937e-02
8.133361570572827937e-02
8.133361570572827937e-02
8.133361570572827937e-02
8.133361570572827937e-02
2.223577782160952171e-02
2.223577782160952171e-02
2.223577782160952171e-02
2.223577782160952171e-02
8.114129074739177827e-02
8.114129074739177827e-02
8.114129074739177827e-02
8.114129074739177827e-02
8.114129074739177827e-02
8.114129074739177827e-02
8.114129074739177827e-02
8.114129074739177827e-02
8.114129074739177827e-02
8.114129074739177827e-02
8.114129074739177827e-02
8.114129074739177827e-02
8.114129074739177827e-02
8.114129074739177827e-02
1.790549716807584429e-02
1.790549716807584429e-02
1.790549716807584429e-02
8.095635591812568033e-02
8.095635591812568033e-02
8.095635591812568033e-02
8.095635591812568033e-02
8.095635591812568033e-02
8.095635591812568033e-02
8.095635591812568033e-02
8.095635591812568033e-02
8.095635591812568033e-02
8.095635591812568033e-02
8.095635591812568033e-02
8.095635591812568033e-02
8.095635591812568033e-02
8.095635591812568033e-02
8.095635591812568033e-02
8.095635591812568033e-02
8.771340859477054497e-02
8.771340859477054497e-02
8.771340859477054497e-02
8.771340859477054497e-02
8.771340859477054497e-02
8.771340859477054497e-02
8.771340859477054497e-02
8.771340859477054497e-02
8.771340859477054497e-02
8.771340859477054497e-02
8.111890364270410436e-02
8.111890364270410436e-02
8.111890364270410436e-02
8.111890364270410436e-02
8.111890364270410436e-02
8.111890364270410436e-02
8.111890364270410436e-02
8.111890364270410436e-02
8.111890364270410436e-02
8.111890364270410436e-02
8.111890364270410436e-02
8.111890364270410436e-02
8.111890364270410436e-02
8.111890364270410436e-02
8.135314956974204481e-02
8.135314956974204481e-02
8.135314956974204481e-02
8.135314956974204481e-02
8.135314956974204481e-02
8.135314956974204481e-02
8.135314956974204481e-02
8.135314956974204481e-02
8.135314956974204481e-02
8.135314956974204481e-02
8.135314956974204481e-02
8.135314956974204481e-02
8.135314956974204481e-02
8.135314956974204481e-02
1.781559345100605998e-02
8.127129968909133084e-02
8.127129968909133084e-02
8.127129968909133084e-02
8.127129968909133084e-02
8.127129968909133084e-02
8.127129968909133084e-02
8.127129968909133084e-02
8.127129968909133084e-02
8.127129968909133084e-02
8.127129968909133084e-02
8.127129968909133084e-02
8.127129968909133084e-02
8.127129968909133084e-02
8.117204557431988154e-02
8.117204557431988154e-02
8.117204557431988154e-02
8.117204557431988154e-02
8.117204557431988154e-02
8.117204557431988154e-02
8.117204557431988154e-02
8.117204557431988154e-02
8.117204557431988154e-02
8.117204557431988154e-02
8.117204557431988154e-02
8.117204557431988154e-02
8.117204557431988154e-02
8.117204557431988154e-02
1.790020262921710598e-02
1.792670771738739260e-02
1.792712196179182746e-02
8.141620493980938900e-02
8.141620493980938900e-02
8.141620493980938900e-02
8.141620493980938900e-02
8.141620493980938900e-02
8.141620493980938900e-02
8.141620493980938900e-02
8.141620493980938900e-02
8.141620493980938900e-02
8.141620493980938900e-02
8.141620493980938900e-02
8.141620493980938900e-02
8.141620493980938900e-02
8.141620493980938900e-02
8.097914513808336656e-02
8.097914513808336656e-02
8.097914513808336656e-02
8.097914513808336656e-02
8.097914513808336656e-02
8.097914513808336656e-02
8.097914513808336656e-02
8.097914513808336656e-02
8.097914513808336656e-02
8.097914513808336656e-02
8.097914513808336656e-02
8.097914513808336656e-02
8.097914513808336656e-02
8.097914513808336656e-02
8.119742586929891426e-02
8.119742586929891426e-02
8.119742586929891426e-02
8.119742586929891426e-02
8.119742586929891426e-02
8.119742586929891426e-02
8.119742586929891426e-02
8.119742586929891426e-02
8.119742586929891426e-02
8.119742586929891426e-02
8.119742586929891426e-02
8.119742586929891426e-02
8.119742586929891426e-02
8.119742586929891426e-02
2.559280205589635829e-02
8.131569679803898887e-02
8.131569679803898887e-02
8.131569679803898887e-02
8.131569679803898887e-02
8.131569679803898887e-02
8.131569679803898887e-02
8.131569679803898887e-02
8.131569679803898887e-02
8.131569679803898887e-02
8.131569679803898887e-02
8.131569679803898887e-02
8.131569679803898887e-02
8.131569679803898887e-02
8.131569679803898887e-02
1.782563793590767609e-02
2.190978260167593047e-02
2.190978260167593047e-02
2.190978260167593047e-02
2.190978260167593047e-02
8.134674958784098020e-02
8.134674958784098020e-02
8.134674958784098020e-02
8.134674958784098020e-02
8.134674958784098020e-02
8.134674958784098020e-02
8.134674958784098020e-02
8.134674958784098020e-02
8.134674958784098020e-02
8.134674958784098020e-02
8.134674958784098020e-02
8.134674958784098020e-02
8.134674958784098020e-02
1.781556470420788893e-02
1.779597002295500371e-02
1.779597002295500371e-02
1.784779342525787821e-02
1.785603409846437534e-02
1.795995079077062143e-02
