6.677317554332432015e-02
6.677317554332432015e-02
6.677317554332432015e-02
6.677317554332432015e-02
6.677317554332432015e-02
6.677317554332432015e-02
6.677317554332432015e-02
6.677317554332432015e-02
6.677317554332432015e-02
6.677317554332432015e-02
6.677317554332432015e-02
6.677317554332432015e-02
6.677317554332432015e-02
6.677317554332432015e-02
6.815904742498879454e-02
6.815904742498879454e-02
6.815904742498879454e-02
6.815904742498879454e-02
6.815904742498879454e-02
6.815904742498879454e-02
1.774529634466204611e-02
6.683784997878507161e-02
6.683784997878507161e-02
6.683784997878507161e-02
6.683784997878507161e-02
6.683784997878507161e-02
6.683784997878507161e-02
6.683784997878507161e-02
6.683784997878507161e-02
6.683784997878507161e-02
6.683784997878507161e-02
6.683784997878507161e-02
6.683784997878507161e-02
6.683784997878507161e-02
6.683784997878507161e-02
6.700853201652003099e-02
6.700853201652003099e-02
6.700853201652003099e-02
6.700853201652003099e-02
6.700853201652003099e-02
6.700853201652003099e-02
6.700853201652003099e-02
6.700853201652003099e-02
6.700853201652003099e-02
6.700853201652003099e-02
6.700853201652003099e-02
6.700853201652003099e-02
6.700853201652003099e-02
6.700853201652003099e-02
6.751140598818528016e-02
6.751140598818528016e-02
6.751140598818528016e-02
6.751140598818528016e-02
6.751140598818528016e-02
6.751140598818528016e-02
6.751140598818528016e-02
6.751140598818528016e-02
6.751140598818528016e-02
6.751140598818528016e-02
6.751140598818528016e-02
6.751140598818528016e-02
6.727581560643022818e-02
6.727581560643022818e-02
6.727581560643022818e-02
6.727581560643022818e-02
6.727581560643022818e-02
6.727581560643022818e-02
6.727581560643022818e-02
6.727581560643022818e-02
6.727581560643022818e-02
6.727581560643022818e-02
6.727581560643022818e-02
6.727581560643022818e-02
1.774544843564924632e-02
6.687322924883962183e-02
6.687322924883962183e-02
6.687322924883962183e-02
6.687322924883962183e-02
6.687322924883962183e-02
6.687322924883962183e-02
6.687322924883962183e-02
6.687322924883962183e-02
6.687322924883962183e-02
6.687322924883962183e-02
6.687322924883962183e-02
6.687322924883962183e-02
6.687322924883962183e-02
6.687322924883962183e-02
6.672015804626246771e-02
6.672015804626246771e-02
6.672015804626246771e-02
6.672015804626246771e-02
6.672015804626246771e-02
6.672015804626246771e-02
6.672015804626246771e-02
6.672015804626246771e-02
6.672015804626246771e-02
6.672015804626246771e-02
6.672015804626246771e-02
6.672015804626246771e-02
6.672015804626246771e-02
6.672015804626246771e-02
1.771601922300421184e-02
1.774200364519407797e-02
6.705452761159080843e-02
6.705452761159080843e-02
6.705452761159080843e-02
6.705452761159080843e-02
6.705452761159080843e-02
6.705452761159080843e-02
6.705452761159080843e-02
6.705452761159080843e-02
6.705452761159080843e-02
6.705452761159080843e-02
6.705452761159080843e-02
6.705452761159080843e-02
1.781206665482757551e-02
1.760981558958355300e-02
6.760078885922315983e-02
6.760078885922315983e-02
6.760078885922315983e-02
6.760078885922315983e-02
6.760078885922315983e-02
6.760078885922315983e-02
6.760078885922315983e-02
6.760078885922315983e-02
6.760078885922315983e-02
6.760078885922315983e-02
1.765761443898702238e-02
6.463669620382814229e-02
6.463669620382814229e-02
6.463669620382814229e-02
6.463669620382814229e-02
6.463669620382814229e-02
6.463669620382814229e-02
6.463669620382814229e-02
6.463669620382814229e-02
6.765107939308780127e-02
6.765107939308780127e-02
6.765107939308780127e-02
6.765107939308780127e-02
6.765107939308780127e-02
6.765107939308780127e-02
6.765107939308780127e-02
6.765107939308780127e-02
6.765107939308780127e-02
1.781376527599895510e-02
1.756957956219248884e-02
1.776166922358911326e-02
6.774661868225592687e-02
1.757699695436555631e-02
6.734774147401978439e-02
6.734774147401978439e-02
6.734774147401978439e-02
6.734774147401978439e-02
6.734774147401978439e-02
6.734774147401978439e-02
6.734774147401978439e-02
6.734774147401978439e-02
6.734774147401978439e-02
6.734774147401978439e-02
6.734774147401978439e-02
6.734774147401978439e-02
6.734774147401978439e-02
6.712689122933249153e-02
6.712689122933249153e-02
6.712689122933249153e-02
6.712689122933249153e-02
6.712689122933249153e-02
6.712689122933249153e-02
6.712689122933249153e-02
6.712689122933249153e-02
6.712689122933249153e-02
6.712689122933249153e-02
6.712689122933249153e-02
6.712689122933249153e-02
1.766501734778780017e-02
1.762697263053994781e-02
1.762697263053994781e-02
1.758709335838406357e-02
1.772578049505409148e-02
6.720874276808458392e-02
6.720874276808458392e-02
6.720874276808458392e-02
6.720874276808458392e-02
6.720874276808458392e-02
6.720874276808458392e-02
6.720874276808458392e-02
6.720874276808458392e-02
6.720874276808458392e-02
6.720874276808458392e-02
6.720874276808458392e-02
6.720874276808458392e-02
6.720874276808458392e-02
6.687632357159553620e-02
6.687632357159553620e-02
6.687632357159553620e-02
6.687632357159553620e-02
6.687632357159553620e-02
6.687632357159553620e-02
6.687632357159553620e-02
6.687632357159553620e-02
6.687632357159553620e-02
6.687632357159553620e-02
6.687632357159553620e-02
6.687632357159553620e-02
6.687632357159553620e-02
6.687632357159553620e-02
6.776208376956903423e-02
6.776208376956903423e-02
1.759539034901461824e-02
