7.302946485750518024e-02
7.302946485750518024e-02
7.302946485750518024e-02
7.302946485750518024e-02
7.302946485750518024e-02
7.302946485750518024e-02
7.302946485750518024e-02
7.302946485750518024e-02
7.302946485750518024e-02
7.302946485750518024e-02
7.302946485750518024e-02
7.302946485750518024e-02
7.302946485750518024e-02
7.302946485750518024e-02
7.302946485750518024e-02
7.302946485750518024e-02
7.302946485750518024e-02
7.324558863058186486e-02
7.324558863058186486e-02
7.324558863058186486e-02
7.324558863058186486e-02
7.324558863058186486e-02
7.324558863058186486e-02
7.324558863058186486e-02
7.324558863058186486e-02
7.324558863058186486e-02
7.324558863058186486e-02
7.324558863058186486e-02
7.324558863058186486e-02
7.324558863058186486e-02
7.324558863058186486e-02
7.324558863058186486e-02
7.324558863058186486e-02
7.324558863058186486e-02
7.290073874642391538e-02
7.290073874642391538e-02
7.290073874642391538e-02
7.290073874642391538e-02
7.290073874642391538e-02
7.290073874642391538e-02
7.290073874642391538e-02
7.290073874642391538e-02
7.290073874642391538e-02
7.290073874642391538e-02
7.290073874642391538e-02
7.290073874642391538e-02
7.290073874642391538e-02
7.290073874642391538e-02
7.290073874642391538e-02
7.290073874642391538e-02
7.290073874642391538e-02
7.305894065908405399e-02
7.305894065908405399e-02
7.305894065908405399e-02
7.305894065908405399e-02
7.305894065908405399e-02
7.305894065908405399e-02
7.305894065908405399e-02
7.305894065908405399e-02
7.305894065908405399e-02
7.305894065908405399e-02
7.305894065908405399e-02
7.305894065908405399e-02
7.305894065908405399e-02
7.305894065908405399e-02
7.305894065908405399e-02
7.305894065908405399e-02
7.305894065908405399e-02
7.309473704331462263e-02
7.309473704331462263e-02
7.309473704331462263e-02
7.309473704331462263e-02
7.309473704331462263e-02
7.309473704331462263e-02
7.309473704331462263e-02
7.309473704331462263e-02
7.309473704331462263e-02
7.309473704331462263e-02
7.309473704331462263e-02
7.309473704331462263e-02
7.309473704331462263e-02
7.309473704331462263e-02
7.309473704331462263e-02
7.309473704331462263e-02
7.309473704331462263e-02
7.303099579090216453e-02
7.303099579090216453e-02
7.303099579090216453e-02
7.303099579090216453e-02
7.303099579090216453e-02
7.303099579090216453e-02
7.303099579090216453e-02
7.303099579090216453e-02
7.303099579090216453e-02
7.303099579090216453e-02
7.303099579090216453e-02
7.303099579090216453e-02
7.303099579090216453e-02
7.303099579090216453e-02
7.303099579090216453e-02
7.303099579090216453e-02
7.303099579090216453e-02
7.283630853453881837e-02
7.283630853453881837e-02
7.283630853453881837e-02
7.283630853453881837e-02
7.283630853453881837e-02
7.283630853453881837e-02
7.283630853453881837e-02
7.283630853453881837e-02
7.283630853453881837e-02
7.283630853453881837e-02
7.283630853453881837e-02
7.283630853453881837e-02
7.283630853453881837e-02
7.283630853453881837e-02
7.283630853453881837e-02
7.283630853453881837e-02
7.283630853453881837e-02
7.461652170784784099e-02
7.306443273908122538e-02
7.306443273908122538e-02
7.306443273908122538e-02
7.306443273908122538e-02
7.306443273908122538e-02
7.306443273908122538e-02
7.306443273908122538e-02
7.306443273908122538e-02
7.306443273908122538e-02
7.306443273908122538e-02
7.306443273908122538e-02
7.306443273908122538e-02
7.306443273908122538e-02
7.306443273908122538e-02
7.306443273908122538e-02
7.306443273908122538e-02
7.306443273908122538e-02
7.312570854554752142e-02
7.312570854554752142e-02
7.312570854554752142e-02
7.312570854554752142e-02
7.312570854554752142e-02
7.312570854554752142e-02
7.312570854554752142e-02
7.312570854554752142e-02
7.312570854554752142e-02
7.312570854554752142e-02
7.312570854554752142e-02
7.312570854554752142e-02
7.312570854554752142e-02
7.312570854554752142e-02
7.312570854554752142e-02
7.312570854554752142e-02
7.312570854554752142e-02
7.299694037507270528e-02
7.299694037507270528e-02
7.299694037507270528e-02
7.299694037507270528e-02
7.299694037507270528e-02
7.299694037507270528e-02
7.299694037507270528e-02
7.299694037507270528e-02
7.299694037507270528e-02
7.299694037507270528e-02
7.299694037507270528e-02
7.299694037507270528e-02
7.299694037507270528e-02
7.299694037507270528e-02
7.299694037507270528e-02
7.299694037507270528e-02
7.299694037507270528e-02
7.318849280236577881e-02
7.318849280236577881e-02
7.318849280236577881e-02
7.318849280236577881e-02
7.318849280236577881e-02
7.318849280236577881e-02
7.318849280236577881e-02
7.318849280236577881e-02
7.318849280236577881e-02
7.318849280236577881e-02
7.318849280236577881e-02
7.318849280236577881e-02
7.318849280236577881e-02
7.318849280236577881e-02
7.318849280236577881e-02
7.318849280236577881e-02
7.318849280236577881e-02
7.304043552899769365e-02
7.304043552899769365e-02
7.304043552899769365e-02
7.304043552899769365e-02
7.304043552899769365e-02
7.304043552899769365e-02
7.304043552899769365e-02
7.304043552899769365e-02
7.304043552899769365e-02
7.304043552899769365e-02
7.304043552899769365e-02
7.304043552899769365e-02
7.304043552899769365e-02
7.304043552899769365e-02
7.304043552899769365e-02
7.304043552899769365e-02
7.304043552899769365e-02
