8.324439455146336042e-02
8.324439455146336042e-02
8.324439455146336042e-02
8.324439455146336042e-02
8.324439455146336042e-02
8.324439455146336042e-02
8.324439455146336042e-02
8.324439455146336042e-02
8.324439455146336042e-02
8.324439455146336042e-02
8.324439455146336042e-02
8.324439455146336042e-02
8.324439455146336042e-02
8.324439455146336042e-02
8.324439455146336042e-02
8.324439455146336042e-02
8.324439455146336042e-02
8.277613013540575937e-02
8.277613013540575937e-02
8.277613013540575937e-02
8.277613013540575937e-02
8.277613013540575937e-02
8.277613013540575937e-02
8.277613013540575937e-02
8.277613013540575937e-02
8.277613013540575937e-02
8.277613013540575937e-02
8.277613013540575937e-02
8.277613013540575937e-02
8.277613013540575937e-02
8.277613013540575937e-02
8.277613013540575937e-02
8.277613013540575937e-02
8.277613013540575937e-02
8.160934082345097651e-02
8.160934082345097651e-02
8.160934082345097651e-02
8.160934082345097651e-02
8.160934082345097651e-02
8.160934082345097651e-02
8.160934082345097651e-02
8.160934082345097651e-02
8.160934082345097651e-02
8.160934082345097651e-02
8.160934082345097651e-02
8.160934082345097651e-02
8.160934082345097651e-02
8.160934082345097651e-02
8.160934082345097651e-02
8.160934082345097651e-02
8.160934082345097651e-02
8.225099775168782934e-02
8.225099775168782934e-02
8.225099775168782934e-02
8.225099775168782934e-02
8.225099775168782934e-02
8.225099775168782934e-02
8.225099775168782934e-02
8.225099775168782934e-02
8.225099775168782934e-02
8.225099775168782934e-02
8.225099775168782934e-02
8.225099775168782934e-02
8.225099775168782934e-02
8.225099775168782934e-02
8.225099775168782934e-02
8.225099775168782934e-02
8.154714290583575664e-02
8.154714290583575664e-02
8.154714290583575664e-02
8.154714290583575664e-02
8.154714290583575664e-02
8.154714290583575664e-02
8.154714290583575664e-02
8.154714290583575664e-02
8.154714290583575664e-02
8.154714290583575664e-02
8.154714290583575664e-02
8.154714290583575664e-02
8.154714290583575664e-02
8.154714290583575664e-02
8.185841527173981502e-02
8.185841527173981502e-02
8.185841527173981502e-02
8.185841527173981502e-02
8.185841527173981502e-02
8.185841527173981502e-02
8.185841527173981502e-02
8.185841527173981502e-02
8.185841527173981502e-02
8.185841527173981502e-02
8.185841527173981502e-02
8.185841527173981502e-02
8.185841527173981502e-02
8.185841527173981502e-02
8.185841527173981502e-02
8.185841527173981502e-02
8.185841527173981502e-02
8.173443407339513189e-02
8.173443407339513189e-02
8.173443407339513189e-02
8.173443407339513189e-02
8.173443407339513189e-02
8.173443407339513189e-02
8.173443407339513189e-02
8.173443407339513189e-02
8.173443407339513189e-02
8.173443407339513189e-02
8.173443407339513189e-02
8.173443407339513189e-02
8.173443407339513189e-02
8.173443407339513189e-02
8.173443407339513189e-02
8.173443407339513189e-02
8.173443407339513189e-02
8.321912205236979554e-02
8.321912205236979554e-02
8.321912205236979554e-02
8.321912205236979554e-02
8.321912205236979554e-02
8.321912205236979554e-02
8.321912205236979554e-02
8.321912205236979554e-02
8.321912205236979554e-02
8.321912205236979554e-02
8.321912205236979554e-02
8.321912205236979554e-02
8.321912205236979554e-02
8.222548881022287426e-02
8.222548881022287426e-02
8.222548881022287426e-02
8.222548881022287426e-02
8.222548881022287426e-02
8.222548881022287426e-02
8.222548881022287426e-02
8.222548881022287426e-02
8.222548881022287426e-02
8.222548881022287426e-02
8.222548881022287426e-02
8.222548881022287426e-02
8.222548881022287426e-02
8.222548881022287426e-02
8.222548881022287426e-02
8.222548881022287426e-02
8.222548881022287426e-02
8.280643012472167774e-02
8.280643012472167774e-02
8.280643012472167774e-02
8.166804636969852982e-02
8.166804636969852982e-02
8.166804636969852982e-02
8.166804636969852982e-02
8.166804636969852982e-02
8.166804636969852982e-02
8.166804636969852982e-02
8.166804636969852982e-02
8.166804636969852982e-02
8.166804636969852982e-02
8.166804636969852982e-02
8.166804636969852982e-02
8.166804636969852982e-02
8.166804636969852982e-02
8.166804636969852982e-02
8.166804636969852982e-02
8.166804636969852982e-02
8.278150275105065903e-02
8.278150275105065903e-02
8.278150275105065903e-02
8.278150275105065903e-02
8.278150275105065903e-02
8.278150275105065903e-02
8.278150275105065903e-02
8.278150275105065903e-02
8.278150275105065903e-02
8.278150275105065903e-02
8.193909731750549652e-02
8.193909731750549652e-02
8.193909731750549652e-02
8.193909731750549652e-02
8.193909731750549652e-02
8.193909731750549652e-02
8.193909731750549652e-02
8.193909731750549652e-02
8.193909731750549652e-02
8.193909731750549652e-02
8.193909731750549652e-02
8.193909731750549652e-02
8.193909731750549652e-02
8.193909731750549652e-02
8.193909731750549652e-02
8.193909731750549652e-02
8.193909731750549652e-02
8.192758709306417753e-02
8.192758709306417753e-02
8.192758709306417753e-02
8.192758709306417753e-02
8.192758709306417753e-02
8.192758709306417753e-02
8.192758709306417753e-02
8.192758709306417753e-02
8.192758709306417753e-02
8.192758709306417753e-02
8.192758709306417753e-02
8.192758709306417753e-02
8.192758709306417753e-02
8.192758709306417753e-02
8.192758709306417753e-02
8.192758709306417753e-02
8.192758709306417753e-02
8.206611455753365370e-02
8.206611455753365370e-02
8.206611455753365370e-02
8.206611455753365370e-02
8.206611455753365370e-02
8.206611455753365370e-02
8.206611455753365370e-02
8.206611455753365370e-02
8.206611455753365370e-02
8.206611455753365370e-02
8.206611455753365370e-02
8.206611455753365370e-02
8.206611455753365370e-02
8.206611455753365370e-02
8.206611455753365370e-02
8.206611455753365370e-02
