1.117911020053036775e-01
1.117911020053036775e-01
1.117911020053036775e-01
1.117911020053036775e-01
1.117911020053036775e-01
1.117911020053036775e-01
1.117911020053036775e-01
1.117911020053036775e-01
1.117911020053036775e-01
1.117911020053036775e-01
1.117911020053036775e-01
1.117911020053036775e-01
1.117911020053036775e-01
1.117911020053036775e-01
1.117911020053036775e-01
1.117911020053036775e-01
1.117911020053036775e-01
1.124560848376070094e-01
1.124560848376070094e-01
1.124560848376070094e-01
1.124560848376070094e-01
1.124560848376070094e-01
1.124560848376070094e-01
1.124560848376070094e-01
1.124560848376070094e-01
1.124560848376070094e-01
1.124560848376070094e-01
1.124560848376070094e-01
1.124560848376070094e-01
1.124560848376070094e-01
1.124560848376070094e-01
1.124560848376070094e-01
1.124560848376070094e-01
1.124560848376070094e-01
1.119036571148333686e-01
1.119036571148333686e-01
1.119036571148333686e-01
1.119036571148333686e-01
1.119036571148333686e-01
1.119036571148333686e-01
1.119036571148333686e-01
1.119036571148333686e-01
1.119036571148333686e-01
1.119036571148333686e-01
1.119036571148333686e-01
1.119036571148333686e-01
1.119036571148333686e-01
1.119036571148333686e-01
1.119036571148333686e-01
1.119036571148333686e-01
1.119036571148333686e-01
1.137556864138480894e-01
1.137556864138480894e-01
1.137556864138480894e-01
1.137556864138480894e-01
1.137556864138480894e-01
1.137556864138480894e-01
1.137556864138480894e-01
1.137556864138480894e-01
1.137556864138480894e-01
1.137556864138480894e-01
1.137556864138480894e-01
1.137556864138480894e-01
1.137556864138480894e-01
1.137556864138480894e-01
1.137556864138480894e-01
1.137556864138480894e-01
1.137556864138480894e-01
1.111279394233984918e-01
1.111279394233984918e-01
1.111279394233984918e-01
1.111279394233984918e-01
1.111279394233984918e-01
1.111279394233984918e-01
1.111279394233984918e-01
1.111279394233984918e-01
1.111279394233984918e-01
1.111279394233984918e-01
1.111279394233984918e-01
1.111279394233984918e-01
1.111279394233984918e-01
1.111279394233984918e-01
1.111279394233984918e-01
1.111279394233984918e-01
1.111279394233984918e-01
1.117665859064262274e-01
1.117665859064262274e-01
1.117665859064262274e-01
1.117665859064262274e-01
1.117665859064262274e-01
1.117665859064262274e-01
1.117665859064262274e-01
1.117665859064262274e-01
1.117665859064262274e-01
1.117665859064262274e-01
1.117665859064262274e-01
1.117665859064262274e-01
1.117665859064262274e-01
1.117665859064262274e-01
1.117665859064262274e-01
1.117665859064262274e-01
1.117665859064262274e-01
1.110595886111363229e-01
1.110595886111363229e-01
1.110595886111363229e-01
1.110595886111363229e-01
1.110595886111363229e-01
1.110595886111363229e-01
1.110595886111363229e-01
1.110595886111363229e-01
1.110595886111363229e-01
1.110595886111363229e-01
1.110595886111363229e-01
1.110595886111363229e-01
1.110595886111363229e-01
1.110595886111363229e-01
1.110595886111363229e-01
1.110595886111363229e-01
1.110595886111363229e-01
1.116363725533941198e-01
1.116363725533941198e-01
1.116363725533941198e-01
1.116363725533941198e-01
1.116363725533941198e-01
1.116363725533941198e-01
1.116363725533941198e-01
1.116363725533941198e-01
1.116363725533941198e-01
1.116363725533941198e-01
1.116363725533941198e-01
1.116363725533941198e-01
1.116363725533941198e-01
1.116363725533941198e-01
1.116363725533941198e-01
1.116363725533941198e-01
1.116363725533941198e-01
1.108579110183605387e-01
1.108579110183605387e-01
1.108579110183605387e-01
1.108579110183605387e-01
1.108579110183605387e-01
1.108579110183605387e-01
1.108579110183605387e-01
1.108579110183605387e-01
1.108579110183605387e-01
1.108579110183605387e-01
1.108579110183605387e-01
1.108579110183605387e-01
1.108579110183605387e-01
1.108579110183605387e-01
1.108579110183605387e-01
1.108579110183605387e-01
1.108579110183605387e-01
1.113357731498793440e-01
1.113357731498793440e-01
1.113357731498793440e-01
1.113357731498793440e-01
1.113357731498793440e-01
1.113357731498793440e-01
1.113357731498793440e-01
1.113357731498793440e-01
1.113357731498793440e-01
1.113357731498793440e-01
1.113357731498793440e-01
1.113357731498793440e-01
1.113357731498793440e-01
1.113357731498793440e-01
1.113357731498793440e-01
1.113357731498793440e-01
1.113357731498793440e-01
1.114073832053881774e-01
1.114073832053881774e-01
1.114073832053881774e-01
1.114073832053881774e-01
1.114073832053881774e-01
1.114073832053881774e-01
1.114073832053881774e-01
1.114073832053881774e-01
1.114073832053881774e-01
1.114073832053881774e-01
1.114073832053881774e-01
1.114073832053881774e-01
1.114073832053881774e-01
1.114073832053881774e-01
1.114073832053881774e-01
1.114073832053881774e-01
1.114073832053881774e-01
1.115986520444046393e-01
1.115986520444046393e-01
1.115986520444046393e-01
1.115986520444046393e-01
1.115986520444046393e-01
1.115986520444046393e-01
1.115986520444046393e-01
1.115986520444046393e-01
1.115986520444046393e-01
1.115986520444046393e-01
1.115986520444046393e-01
1.115986520444046393e-01
1.115986520444046393e-01
1.115986520444046393e-01
1.115986520444046393e-01
1.115986520444046393e-01
1.115986520444046393e-01
1.115513641965287239e-01
1.115513641965287239e-01
1.115513641965287239e-01
1.115513641965287239e-01
1.115513641965287239e-01
1.115513641965287239e-01
1.115513641965287239e-01
1.115513641965287239e-01
1.115513641965287239e-01
1.115513641965287239e-01
1.115513641965287239e-01
1.115513641965287239e-01
1.115513641965287239e-01
1.115513641965287239e-01
1.115513641965287239e-01
1.115513641965287239e-01
1.115513641965287239e-01
