3.137852553516231463e-02
3.137852553516231463e-02
3.137852553516231463e-02
3.137852553516231463e-02
3.137852553516231463e-02
3.137852553516231463e-02
3.137852553516231463e-02
3.137852553516231463e-02
3.137852553516231463e-02
3.137852553516231463e-02
3.137852553516231463e-02
3.137852553516231463e-02
4.329549536292841283e-02
4.329549536292841283e-02
4.329549536292841283e-02
4.329549536292841283e-02
4.329549536292841283e-02
4.329549536292841283e-02
4.329549536292841283e-02
4.329549536292841283e-02
4.329549536292841283e-02
4.329549536292841283e-02
4.329549536292841283e-02
4.329549536292841283e-02
4.329549536292841283e-02
4.329549536292841283e-02
3.130975824923665218e-02
3.130975824923665218e-02
3.130975824923665218e-02
9.245484473572951334e-02
9.245484473572951334e-02
9.245484473572951334e-02
9.245484473572951334e-02
9.245484473572951334e-02
9.245484473572951334e-02
9.245484473572951334e-02
9.245484473572951334e-02
9.245484473572951334e-02
9.245484473572951334e-02
9.245484473572951334e-02
9.245484473572951334e-02
9.245484473572951334e-02
9.245484473572951334e-02
9.245484473572951334e-02
9.245484473572951334e-02
9.245484473572951334e-02
5.420354049661171153e-02
5.420354049661171153e-02
5.420354049661171153e-02
5.420354049661171153e-02
5.420354049661171153e-02
5.420354049661171153e-02
5.420354049661171153e-02
5.420354049661171153e-02
5.420354049661171153e-02
5.420354049661171153e-02
5.420354049661171153e-02
3.089399692448104723e-02
3.089399692448104723e-02
3.089399692448104723e-02
3.089399692448104723e-02
3.089399692448104723e-02
3.089399692448104723e-02
3.089399692448104723e-02
3.089399692448104723e-02
3.089399692448104723e-02
3.089399692448104723e-02
3.089399692448104723e-02
3.089399692448104723e-02
3.123932234526257193e-02
3.123932234526257193e-02
3.123932234526257193e-02
3.123932234526257193e-02
3.123932234526257193e-02
3.123932234526257193e-02
3.123932234526257193e-02
3.123932234526257193e-02
4.619181467841927680e-02
3.094804828014871556e-02
3.094804828014871556e-02
3.094804828014871556e-02
3.094804828014871556e-02
3.094804828014871556e-02
3.094804828014871556e-02
3.094804828014871556e-02
3.094804828014871556e-02
3.094804828014871556e-02
3.094804828014871556e-02
3.094804828014871556e-02
3.106452581240824046e-02
3.106452581240824046e-02
3.106452581240824046e-02
3.080403901065925654e-02
3.080403901065925654e-02
3.080403901065925654e-02
3.080403901065925654e-02
3.080403901065925654e-02
3.080403901065925654e-02
3.080403901065925654e-02
3.080403901065925654e-02
3.080403901065925654e-02
3.080403901065925654e-02
3.080403901065925654e-02
3.080403901065925654e-02
3.080403901065925654e-02
3.092218396314107276e-02
3.092218396314107276e-02
3.092791244021862382e-02
3.092791244021862382e-02
3.092791244021862382e-02
3.092791244021862382e-02
3.092791244021862382e-02
3.092791244021862382e-02
3.092791244021862382e-02
3.092791244021862382e-02
4.167577788404865785e-02
4.167577788404865785e-02
4.167577788404865785e-02
4.167577788404865785e-02
4.167577788404865785e-02
4.167577788404865785e-02
4.167577788404865785e-02
4.167577788404865785e-02
4.167577788404865785e-02
4.167577788404865785e-02
4.167577788404865785e-02
4.167577788404865785e-02
4.167577788404865785e-02
4.167577788404865785e-02
4.167577788404865785e-02
4.167577788404865785e-02
4.167577788404865785e-02
3.144490996503913893e-02
3.144490996503913893e-02
3.144490996503913893e-02
3.144490996503913893e-02
3.144490996503913893e-02
3.144490996503913893e-02
3.144490996503913893e-02
3.144490996503913893e-02
3.144490996503913893e-02
3.144490996503913893e-02
3.144490996503913893e-02
3.144490996503913893e-02
3.522941666050710685e-02
3.522941666050710685e-02
3.522941666050710685e-02
3.522941666050710685e-02
3.522941666050710685e-02
3.522941666050710685e-02
3.522941666050710685e-02
3.522941666050710685e-02
3.522941666050710685e-02
3.522941666050710685e-02
3.522941666050710685e-02
3.522941666050710685e-02
3.522941666050710685e-02
3.522941666050710685e-02
