8.933471029827831644e-02
8.933471029827831644e-02
8.933471029827831644e-02
8.933471029827831644e-02
8.933471029827831644e-02
8.933471029827831644e-02
8.933471029827831644e-02
8.933471029827831644e-02
8.933471029827831644e-02
8.933471029827831644e-02
8.933471029827831644e-02
8.933471029827831644e-02
8.933471029827831644e-02
8.933471029827831644e-02
8.933471029827831644e-02
8.933471029827831644e-02
8.933471029827831644e-02
8.982872877574796244e-02
8.982872877574796244e-02
8.982872877574796244e-02
8.982872877574796244e-02
8.982872877574796244e-02
8.982872877574796244e-02
8.982872877574796244e-02
8.982872877574796244e-02
8.982872877574796244e-02
8.982872877574796244e-02
8.982872877574796244e-02
8.982872877574796244e-02
8.982872877574796244e-02
8.982872877574796244e-02
8.982872877574796244e-02
8.982872877574796244e-02
8.982872877574796244e-02
8.928731940100861908e-02
8.928731940100861908e-02
8.928731940100861908e-02
8.928731940100861908e-02
8.928731940100861908e-02
8.928731940100861908e-02
8.928731940100861908e-02
8.928731940100861908e-02
8.928731940100861908e-02
8.928731940100861908e-02
8.928731940100861908e-02
8.928731940100861908e-02
8.928731940100861908e-02
8.928731940100861908e-02
8.928731940100861908e-02
8.928731940100861908e-02
8.928731940100861908e-02
8.691476496420416642e-02
8.691476496420416642e-02
8.691476496420416642e-02
8.691476496420416642e-02
8.691476496420416642e-02
8.691476496420416642e-02
8.691476496420416642e-02
8.691476496420416642e-02
8.691476496420416642e-02
8.691476496420416642e-02
8.691476496420416642e-02
8.691476496420416642e-02
8.691476496420416642e-02
8.691476496420416642e-02
8.691476496420416642e-02
8.691476496420416642e-02
8.691476496420416642e-02
8.947503020014165032e-02
8.947503020014165032e-02
8.947503020014165032e-02
8.947503020014165032e-02
8.947503020014165032e-02
8.947503020014165032e-02
8.947503020014165032e-02
8.947503020014165032e-02
8.947503020014165032e-02
8.947503020014165032e-02
8.947503020014165032e-02
8.947503020014165032e-02
8.947503020014165032e-02
8.947503020014165032e-02
8.947503020014165032e-02
8.947503020014165032e-02
8.947503020014165032e-02
8.951454955677232150e-02
8.951454955677232150e-02
8.951454955677232150e-02
8.951454955677232150e-02
8.951454955677232150e-02
8.951454955677232150e-02
8.951454955677232150e-02
8.951454955677232150e-02
8.951454955677232150e-02
8.951454955677232150e-02
8.951454955677232150e-02
8.951454955677232150e-02
8.951454955677232150e-02
8.951454955677232150e-02
8.951454955677232150e-02
8.951454955677232150e-02
8.951454955677232150e-02
8.990631972419721452e-02
8.990631972419721452e-02
8.990631972419721452e-02
8.990631972419721452e-02
8.990631972419721452e-02
8.990631972419721452e-02
8.990631972419721452e-02
8.990631972419721452e-02
8.990631972419721452e-02
8.990631972419721452e-02
8.990631972419721452e-02
8.990631972419721452e-02
8.990631972419721452e-02
8.990631972419721452e-02
8.990631972419721452e-02
8.990631972419721452e-02
8.990631972419721452e-02
8.935838338384355373e-02
8.935838338384355373e-02
8.935838338384355373e-02
8.935838338384355373e-02
8.935838338384355373e-02
8.935838338384355373e-02
8.935838338384355373e-02
8.935838338384355373e-02
8.935838338384355373e-02
8.935838338384355373e-02
8.935838338384355373e-02
8.935838338384355373e-02
8.935838338384355373e-02
8.935838338384355373e-02
8.935838338384355373e-02
8.935838338384355373e-02
8.935838338384355373e-02
8.878764947152330278e-02
8.878764947152330278e-02
8.878764947152330278e-02
8.878764947152330278e-02
8.878764947152330278e-02
8.878764947152330278e-02
8.878764947152330278e-02
8.878764947152330278e-02
8.878764947152330278e-02
8.878764947152330278e-02
8.878764947152330278e-02
8.878764947152330278e-02
8.878764947152330278e-02
8.878764947152330278e-02
8.878764947152330278e-02
8.878764947152330278e-02
8.878764947152330278e-02
8.897857096963879275e-02
8.897857096963879275e-02
8.897857096963879275e-02
8.897857096963879275e-02
8.897857096963879275e-02
8.897857096963879275e-02
8.897857096963879275e-02
8.897857096963879275e-02
8.897857096963879275e-02
8.897857096963879275e-02
8.897857096963879275e-02
8.897857096963879275e-02
8.897857096963879275e-02
8.897857096963879275e-02
8.897857096963879275e-02
8.897857096963879275e-02
8.897857096963879275e-02
8.986310321023237291e-02
8.986310321023237291e-02
8.986310321023237291e-02
8.986310321023237291e-02
8.986310321023237291e-02
8.986310321023237291e-02
8.986310321023237291e-02
8.986310321023237291e-02
8.986310321023237291e-02
8.986310321023237291e-02
8.986310321023237291e-02
8.986310321023237291e-02
8.986310321023237291e-02
8.986310321023237291e-02
8.986310321023237291e-02
8.986310321023237291e-02
8.986310321023237291e-02
8.661050795688828019e-02
8.661050795688828019e-02
8.661050795688828019e-02
8.661050795688828019e-02
8.661050795688828019e-02
8.661050795688828019e-02
8.661050795688828019e-02
8.661050795688828019e-02
8.661050795688828019e-02
8.661050795688828019e-02
8.661050795688828019e-02
8.661050795688828019e-02
8.661050795688828019e-02
8.661050795688828019e-02
8.661050795688828019e-02
8.661050795688828019e-02
8.661050795688828019e-02
8.986162413465462184e-02
8.986162413465462184e-02
8.986162413465462184e-02
8.986162413465462184e-02
8.986162413465462184e-02
8.986162413465462184e-02
8.986162413465462184e-02
8.986162413465462184e-02
8.986162413465462184e-02
8.986162413465462184e-02
8.986162413465462184e-02
8.986162413465462184e-02
8.986162413465462184e-02
8.986162413465462184e-02
8.986162413465462184e-02
8.986162413465462184e-02
8.986162413465462184e-02
8.796672950929436408e-02
8.796672950929436408e-02
8.796672950929436408e-02
8.796672950929436408e-02
8.796672950929436408e-02
8.796672950929436408e-02
8.796672950929436408e-02
8.796672950929436408e-02
8.796672950929436408e-02
8.796672950929436408e-02
8.796672950929436408e-02
8.796672950929436408e-02
8.796672950929436408e-02
8.796672950929436408e-02
8.796672950929436408e-02
8.796672950929436408e-02
8.796672950929436408e-02
