2.227243717069858284e-02
2.227243717069858284e-02
2.227243717069858284e-02
2.227243717069858284e-02
2.227243717069858284e-02
2.227243717069858284e-02
2.227243717069858284e-02
2.227243717069858284e-02
2.227243717069858284e-02
2.227243717069858284e-02
2.227243717069858284e-02
2.227243717069858284e-02
2.227243717069858284e-02
2.227243717069858284e-02
2.970578954038123609e-02
2.970578954038123609e-02
2.970578954038123609e-02
2.970578954038123609e-02
2.970578954038123609e-02
2.970578954038123609e-02
2.970578954038123609e-02
2.970578954038123609e-02
2.970578954038123609e-02
2.970578954038123609e-02
2.970578954038123609e-02
2.618154485770816248e-02
2.641293028304346480e-02
2.641293028304346480e-02
2.641293028304346480e-02
2.641293028304346480e-02
2.641293028304346480e-02
2.641293028304346480e-02
3.224993551127533498e-02
3.224993551127533498e-02
3.224993551127533498e-02
3.224993551127533498e-02
3.224993551127533498e-02
3.224993551127533498e-02
3.224993551127533498e-02
3.224993551127533498e-02
3.224993551127533498e-02
3.224993551127533498e-02
3.224993551127533498e-02
2.618801782113594490e-02
2.618801782113594490e-02
2.618801782113594490e-02
2.618801782113594490e-02
2.618801782113594490e-02
2.618801782113594490e-02
2.618801782113594490e-02
2.618801782113594490e-02
2.618801782113594490e-02
2.607942749502640406e-02
2.607942749502640406e-02
2.607942749502640406e-02
2.078284754280690025e-02
2.078284754280690025e-02
2.078284754280690025e-02
2.078284754280690025e-02
2.078284754280690025e-02
2.650518659197347721e-02
2.650518659197347721e-02
2.650518659197347721e-02
2.650518659197347721e-02
3.097696707123644144e-02
3.097696707123644144e-02
3.097696707123644144e-02
3.097696707123644144e-02
3.097696707123644144e-02
3.097696707123644144e-02
3.097696707123644144e-02
3.097696707123644144e-02
3.097696707123644144e-02
3.097696707123644144e-02
3.638991883120570869e-02
3.638991883120570869e-02
3.638991883120570869e-02
3.638991883120570869e-02
3.638991883120570869e-02
3.638991883120570869e-02
3.638991883120570869e-02
3.638991883120570869e-02
3.638991883120570869e-02
3.638991883120570869e-02
3.638991883120570869e-02
3.638991883120570869e-02
3.638991883120570869e-02
3.129175725893210830e-02
3.129175725893210830e-02
3.129175725893210830e-02
3.129175725893210830e-02
3.129175725893210830e-02
3.129175725893210830e-02
3.129175725893210830e-02
2.396432436739684424e-02
2.396432436739684424e-02
2.396432436739684424e-02
2.396432436739684424e-02
2.396432436739684424e-02
2.396432436739684424e-02
2.396432436739684424e-02
2.396432436739684424e-02
2.396432436739684424e-02
2.396432436739684424e-02
2.396432436739684424e-02
2.396432436739684424e-02
2.396432436739684424e-02
3.688410992160828794e-02
3.688410992160828794e-02
3.688410992160828794e-02
3.688410992160828794e-02
3.688410992160828794e-02
3.688410992160828794e-02
3.688410992160828794e-02
3.688410992160828794e-02
3.688410992160828794e-02
3.688410992160828794e-02
3.688410992160828794e-02
3.688410992160828794e-02
3.688410992160828794e-02
3.688410992160828794e-02
3.688410992160828794e-02
3.228956772262368130e-02
3.228956772262368130e-02
3.228956772262368130e-02
3.228956772262368130e-02
3.228956772262368130e-02
3.228956772262368130e-02
3.228956772262368130e-02
3.228956772262368130e-02
3.228956772262368130e-02
2.644925784542663527e-02
2.644925784542663527e-02
2.644925784542663527e-02
2.644925784542663527e-02
2.703432643618928696e-02
2.703432643618928696e-02
2.703432643618928696e-02
2.703432643618928696e-02
2.703432643618928696e-02
2.703432643618928696e-02
2.703432643618928696e-02
2.703432643618928696e-02
2.703432643618928696e-02
2.703432643618928696e-02
2.703432643618928696e-02
2.703432643618928696e-02
2.202566913399352580e-02
2.202566913399352580e-02
2.202566913399352580e-02
2.202566913399352580e-02
2.202566913399352580e-02
2.202566913399352580e-02
2.202566913399352580e-02
2.202566913399352580e-02
2.202566913399352580e-02
2.202566913399352580e-02
2.202566913399352580e-02
2.199710459074060917e-02
2.199710459074060917e-02
2.199710459074060917e-02
2.199710459074060917e-02
2.199710459074060917e-02
2.199710459074060917e-02
2.199710459074060917e-02
2.199710459074060917e-02
2.199710459074060917e-02
2.199710459074060917e-02
2.199710459074060917e-02
2.199710459074060917e-02
3.636606501284501275e-02
3.636606501284501275e-02
3.636606501284501275e-02
3.636606501284501275e-02
3.636606501284501275e-02
3.636606501284501275e-02
3.636606501284501275e-02
3.636606501284501275e-02
3.636606501284501275e-02
3.636606501284501275e-02
3.636606501284501275e-02
3.636606501284501275e-02
3.636606501284501275e-02
3.636606501284501275e-02
3.636606501284501275e-02
3.636606501284501275e-02
3.712660376656742867e-02
3.712660376656742867e-02
3.712660376656742867e-02
3.712660376656742867e-02
3.712660376656742867e-02
3.712660376656742867e-02
3.712660376656742867e-02
3.712660376656742867e-02
3.712660376656742867e-02
3.712660376656742867e-02
3.712660376656742867e-02
3.712660376656742867e-02
3.712660376656742867e-02
3.712660376656742867e-02
