3.334812445477395443e-02
3.334812445477395443e-02
3.334812445477395443e-02
3.334812445477395443e-02
3.334812445477395443e-02
3.334812445477395443e-02
3.334812445477395443e-02
3.334812445477395443e-02
3.334812445477395443e-02
3.334812445477395443e-02
3.334812445477395443e-02
3.334812445477395443e-02
3.334812445477395443e-02
3.334812445477395443e-02
3.334812445477395443e-02
3.334812445477395443e-02
3.334812445477395443e-02
3.437742562089128595e-02
3.437742562089128595e-02
3.437742562089128595e-02
3.437742562089128595e-02
3.437742562089128595e-02
3.437742562089128595e-02
3.437742562089128595e-02
3.437742562089128595e-02
3.437742562089128595e-02
3.437742562089128595e-02
3.437742562089128595e-02
3.440121340991256216e-02
3.440121340991256216e-02
3.440121340991256216e-02
3.440121340991256216e-02
3.440121340991256216e-02
3.440121340991256216e-02
3.440121340991256216e-02
3.440121340991256216e-02
3.440121340991256216e-02
3.440121340991256216e-02
3.440121340991256216e-02
3.440121340991256216e-02
3.440121340991256216e-02
3.440121340991256216e-02
3.440121340991256216e-02
3.440121340991256216e-02
3.440121340991256216e-02
3.336597075899255110e-02
3.336597075899255110e-02
3.336597075899255110e-02
3.336597075899255110e-02
3.336597075899255110e-02
3.336597075899255110e-02
3.336597075899255110e-02
3.336597075899255110e-02
3.336597075899255110e-02
3.336597075899255110e-02
3.336597075899255110e-02
3.336597075899255110e-02
3.336597075899255110e-02
3.336597075899255110e-02
3.336597075899255110e-02
3.336597075899255110e-02
3.336597075899255110e-02
3.465705768692608352e-02
3.465705768692608352e-02
3.465705768692608352e-02
3.465705768692608352e-02
3.465705768692608352e-02
3.465705768692608352e-02
3.465705768692608352e-02
3.465705768692608352e-02
3.465705768692608352e-02
3.465705768692608352e-02
3.465705768692608352e-02
3.465705768692608352e-02
3.465705768692608352e-02
3.465705768692608352e-02
3.465705768692608352e-02
3.465705768692608352e-02
3.465705768692608352e-02
3.390746141969833150e-02
3.390746141969833150e-02
3.390746141969833150e-02
3.390746141969833150e-02
3.390746141969833150e-02
3.390746141969833150e-02
3.390746141969833150e-02
3.390746141969833150e-02
3.390746141969833150e-02
3.390746141969833150e-02
3.390746141969833150e-02
3.390746141969833150e-02
3.390746141969833150e-02
3.390746141969833150e-02
3.390746141969833150e-02
3.390746141969833150e-02
3.390746141969833150e-02
3.434322073903631894e-02
3.434322073903631894e-02
3.434322073903631894e-02
3.434322073903631894e-02
3.434322073903631894e-02
3.434322073903631894e-02
3.434322073903631894e-02
3.434322073903631894e-02
3.434322073903631894e-02
3.434322073903631894e-02
3.434322073903631894e-02
3.434322073903631894e-02
3.434322073903631894e-02
3.434322073903631894e-02
3.434322073903631894e-02
3.434322073903631894e-02
3.434322073903631894e-02
3.354179431949420170e-02
3.354179431949420170e-02
3.354179431949420170e-02
3.354179431949420170e-02
3.354179431949420170e-02
3.354179431949420170e-02
3.354179431949420170e-02
3.354179431949420170e-02
3.354179431949420170e-02
3.354179431949420170e-02
3.354179431949420170e-02
3.354179431949420170e-02
3.354179431949420170e-02
3.354179431949420170e-02
3.354179431949420170e-02
3.354179431949420170e-02
3.354179431949420170e-02
3.456894123711333477e-02
3.456894123711333477e-02
3.456894123711333477e-02
3.456894123711333477e-02
3.456894123711333477e-02
3.456894123711333477e-02
3.456894123711333477e-02
3.456894123711333477e-02
3.456894123711333477e-02
3.456894123711333477e-02
3.456894123711333477e-02
3.456894123711333477e-02
3.456894123711333477e-02
3.456894123711333477e-02
3.456894123711333477e-02
3.456894123711333477e-02
3.456894123711333477e-02
3.354489817499485549e-02
3.354489817499485549e-02
3.354489817499485549e-02
3.354489817499485549e-02
3.354489817499485549e-02
3.354489817499485549e-02
3.354489817499485549e-02
3.354489817499485549e-02
3.354489817499485549e-02
3.354489817499485549e-02
3.354489817499485549e-02
3.354489817499485549e-02
3.354527240714191144e-02
3.354527240714191144e-02
3.354527240714191144e-02
3.354527240714191144e-02
3.354527240714191144e-02
3.354527240714191144e-02
3.354527240714191144e-02
3.354527240714191144e-02
3.354527240714191144e-02
3.391686924538523523e-02
3.391686924538523523e-02
3.391686924538523523e-02
3.391686924538523523e-02
3.391686924538523523e-02
3.391686924538523523e-02
3.391686924538523523e-02
3.391686924538523523e-02
3.391686924538523523e-02
3.391686924538523523e-02
3.391686924538523523e-02
3.391686924538523523e-02
3.391686924538523523e-02
3.391686924538523523e-02
3.391686924538523523e-02
3.391686924538523523e-02
3.391686924538523523e-02
3.395683004001132099e-02
3.395683004001132099e-02
3.395683004001132099e-02
3.395683004001132099e-02
3.395683004001132099e-02
3.395683004001132099e-02
3.395683004001132099e-02
3.395683004001132099e-02
3.395683004001132099e-02
3.395683004001132099e-02
3.395683004001132099e-02
3.395683004001132099e-02
3.395683004001132099e-02
3.395683004001132099e-02
3.395683004001132099e-02
3.356373363986836500e-02
3.356373363986836500e-02
3.356373363986836500e-02
3.356373363986836500e-02
3.356373363986836500e-02
3.356373363986836500e-02
3.356373363986836500e-02
3.356373363986836500e-02
3.356373363986836500e-02
3.356373363986836500e-02
3.356373363986836500e-02
3.356373363986836500e-02
3.356373363986836500e-02
3.356373363986836500e-02
3.356373363986836500e-02
3.356373363986836500e-02
3.356373363986836500e-02
