4.908676256983399155e-02
4.908676256983399155e-02
4.908676256983399155e-02
4.908676256983399155e-02
4.908676256983399155e-02
4.908676256983399155e-02
4.908676256983399155e-02
4.908676256983399155e-02
4.908676256983399155e-02
4.908676256983399155e-02
4.908676256983399155e-02
4.908676256983399155e-02
4.908676256983399155e-02
4.908676256983399155e-02
4.908676256983399155e-02
4.908676256983399155e-02
4.300265935096596326e-02
4.300265935096596326e-02
4.300265935096596326e-02
4.300265935096596326e-02
4.300265935096596326e-02
4.300265935096596326e-02
4.300265935096596326e-02
4.300265935096596326e-02
4.300265935096596326e-02
4.300265935096596326e-02
4.300265935096596326e-02
4.300265935096596326e-02
3.993317361759152195e-02
3.993317361759152195e-02
3.993317361759152195e-02
3.993317361759152195e-02
3.993317361759152195e-02
3.993317361759152195e-02
3.993317361759152195e-02
3.993317361759152195e-02
3.993317361759152195e-02
3.993317361759152195e-02
4.932808259384327543e-02
4.932808259384327543e-02
4.932808259384327543e-02
4.932808259384327543e-02
4.932808259384327543e-02
4.932808259384327543e-02
4.932808259384327543e-02
4.932808259384327543e-02
4.932808259384327543e-02
4.932808259384327543e-02
4.932808259384327543e-02
4.932808259384327543e-02
4.932808259384327543e-02
4.932808259384327543e-02
4.932808259384327543e-02
4.932808259384327543e-02
4.229087161264801636e-02
4.229087161264801636e-02
4.229087161264801636e-02
4.229087161264801636e-02
4.229087161264801636e-02
4.229087161264801636e-02
4.229087161264801636e-02
4.229087161264801636e-02
4.886413556031710126e-02
4.886413556031710126e-02
4.886413556031710126e-02
4.886413556031710126e-02
4.886413556031710126e-02
4.886413556031710126e-02
4.886413556031710126e-02
4.886413556031710126e-02
4.886413556031710126e-02
4.886413556031710126e-02
4.886413556031710126e-02
4.886413556031710126e-02
4.886413556031710126e-02
4.886413556031710126e-02
4.886413556031710126e-02
4.886413556031710126e-02
4.886413556031710126e-02
4.986787275253652674e-02
4.986787275253652674e-02
4.986787275253652674e-02
4.986787275253652674e-02
4.986787275253652674e-02
4.986787275253652674e-02
4.986787275253652674e-02
4.986787275253652674e-02
4.986787275253652674e-02
4.986787275253652674e-02
4.986787275253652674e-02
4.986787275253652674e-02
4.986787275253652674e-02
4.986787275253652674e-02
4.986787275253652674e-02
4.986787275253652674e-02
4.937047020481478976e-02
4.937047020481478976e-02
4.937047020481478976e-02
4.937047020481478976e-02
4.937047020481478976e-02
4.937047020481478976e-02
4.937047020481478976e-02
4.937047020481478976e-02
4.937047020481478976e-02
4.937047020481478976e-02
4.937047020481478976e-02
4.937047020481478976e-02
4.937047020481478976e-02
4.937047020481478976e-02
4.937047020481478976e-02
4.937047020481478976e-02
4.929991960556576180e-02
4.929991960556576180e-02
4.929991960556576180e-02
4.929991960556576180e-02
4.929991960556576180e-02
4.929991960556576180e-02
4.929991960556576180e-02
4.929991960556576180e-02
4.929991960556576180e-02
4.929991960556576180e-02
4.929991960556576180e-02
4.929991960556576180e-02
4.929991960556576180e-02
4.929991960556576180e-02
4.929991960556576180e-02
3.942914119854923349e-02
3.942914119854923349e-02
3.942914119854923349e-02
3.942914119854923349e-02
3.942914119854923349e-02
3.942914119854923349e-02
3.942914119854923349e-02
3.942914119854923349e-02
3.942914119854923349e-02
5.015788351323836880e-02
5.015788351323836880e-02
5.015788351323836880e-02
5.015788351323836880e-02
5.015788351323836880e-02
5.015788351323836880e-02
5.015788351323836880e-02
5.015788351323836880e-02
5.015788351323836880e-02
5.015788351323836880e-02
5.015788351323836880e-02
5.015788351323836880e-02
5.015788351323836880e-02
5.015788351323836880e-02
5.015788351323836880e-02
5.015788351323836880e-02
5.014314972209643617e-02
5.014314972209643617e-02
5.014314972209643617e-02
5.014314972209643617e-02
5.014314972209643617e-02
5.014314972209643617e-02
5.014314972209643617e-02
5.014314972209643617e-02
5.014314972209643617e-02
5.014314972209643617e-02
5.014314972209643617e-02
5.014314972209643617e-02
4.926675558415043871e-02
4.926675558415043871e-02
4.926675558415043871e-02
4.926675558415043871e-02
4.926675558415043871e-02
4.926675558415043871e-02
4.926675558415043871e-02
4.926675558415043871e-02
4.926675558415043871e-02
4.926675558415043871e-02
4.926675558415043871e-02
4.926675558415043871e-02
4.926675558415043871e-02
4.926675558415043871e-02
4.926675558415043871e-02
4.924877093144944956e-02
4.924877093144944956e-02
4.924877093144944956e-02
4.924877093144944956e-02
4.924877093144944956e-02
4.924877093144944956e-02
4.924877093144944956e-02
4.924877093144944956e-02
4.924877093144944956e-02
4.924877093144944956e-02
4.924877093144944956e-02
4.924877093144944956e-02
4.924877093144944956e-02
4.924877093144944956e-02
4.924877093144944956e-02
4.924877093144944956e-02
4.163102564480414963e-02
2.031491357020986932e-02
2.031491357020986932e-02
2.031491357020986932e-02
2.031491357020986932e-02
2.031491357020986932e-02
2.031491357020986932e-02
2.031491357020986932e-02
2.031491357020986932e-02
2.031491357020986932e-02
2.031491357020986932e-02
2.031491357020986932e-02
2.031491357020986932e-02
2.031491357020986932e-02
2.031491357020986932e-02
2.031491357020986932e-02
4.988555396705125766e-02
4.988555396705125766e-02
4.988555396705125766e-02
4.988555396705125766e-02
