5.073582815449371314e-02
4.875772740054799825e-02
4.875772740054799825e-02
4.875772740054799825e-02
4.875772740054799825e-02
4.875772740054799825e-02
8.213228357375997046e-02
8.213228357375997046e-02
8.213228357375997046e-02
8.213228357375997046e-02
8.213228357375997046e-02
8.213228357375997046e-02
8.213228357375997046e-02
8.213228357375997046e-02
8.213228357375997046e-02
8.213228357375997046e-02
8.213228357375997046e-02
8.213228357375997046e-02
8.213228357375997046e-02
8.213228357375997046e-02
2.946908249706135102e-02
2.946908249706135102e-02
2.946908249706135102e-02
7.223953826996565297e-02
7.223953826996565297e-02
5.770720386306287669e-02
8.390446928634343049e-02
8.390446928634343049e-02
8.390446928634343049e-02
8.390446928634343049e-02
8.390446928634343049e-02
8.390446928634343049e-02
8.390446928634343049e-02
8.390446928634343049e-02
8.390446928634343049e-02
5.350950284404087237e-02
5.350950284404087237e-02
5.350950284404087237e-02
9.077170682906939014e-02
9.077170682906939014e-02
9.077170682906939014e-02
9.077170682906939014e-02
9.077170682906939014e-02
9.077170682906939014e-02
9.077170682906939014e-02
9.077170682906939014e-02
9.077170682906939014e-02
9.077170682906939014e-02
9.077170682906939014e-02
9.077170682906939014e-02
9.077170682906939014e-02
