7.194978455850811749e-02
7.194978455850811749e-02
7.194978455850811749e-02
7.194978455850811749e-02
7.194978455850811749e-02
7.194978455850811749e-02
7.194978455850811749e-02
7.194978455850811749e-02
7.194978455850811749e-02
7.194978455850811749e-02
7.194978455850811749e-02
7.194978455850811749e-02
7.194978455850811749e-02
7.194978455850811749e-02
7.194978455850811749e-02
7.194978455850811749e-02
7.194978455850811749e-02
6.808728422096865796e-02
6.808728422096865796e-02
6.808728422096865796e-02
6.808728422096865796e-02
6.808728422096865796e-02
6.808728422096865796e-02
6.808728422096865796e-02
6.808728422096865796e-02
6.808728422096865796e-02
6.808728422096865796e-02
6.808728422096865796e-02
6.808728422096865796e-02
6.808728422096865796e-02
6.808728422096865796e-02
6.808728422096865796e-02
6.808728422096865796e-02
6.808728422096865796e-02
7.154706167379901172e-02
7.154706167379901172e-02
7.154706167379901172e-02
7.154706167379901172e-02
7.154706167379901172e-02
7.154706167379901172e-02
7.154706167379901172e-02
7.154706167379901172e-02
7.154706167379901172e-02
7.154706167379901172e-02
7.154706167379901172e-02
7.154706167379901172e-02
7.154706167379901172e-02
7.154706167379901172e-02
7.154706167379901172e-02
7.154706167379901172e-02
7.154706167379901172e-02
7.192729215817289523e-02
7.192729215817289523e-02
7.192729215817289523e-02
7.192729215817289523e-02
7.192729215817289523e-02
7.192729215817289523e-02
7.192729215817289523e-02
7.192729215817289523e-02
7.192729215817289523e-02
7.192729215817289523e-02
7.192729215817289523e-02
7.192729215817289523e-02
7.192729215817289523e-02
7.192729215817289523e-02
7.192729215817289523e-02
7.192729215817289523e-02
7.192729215817289523e-02
7.039717471816843430e-02
7.039717471816843430e-02
7.039717471816843430e-02
7.039717471816843430e-02
7.039717471816843430e-02
7.039717471816843430e-02
7.039717471816843430e-02
7.039717471816843430e-02
7.039717471816843430e-02
7.039717471816843430e-02
7.039717471816843430e-02
7.039717471816843430e-02
7.039717471816843430e-02
7.039717471816843430e-02
7.039717471816843430e-02
7.039717471816843430e-02
7.039717471816843430e-02
6.765151655049921053e-02
6.765151655049921053e-02
6.765151655049921053e-02
6.765151655049921053e-02
6.765151655049921053e-02
6.765151655049921053e-02
6.765151655049921053e-02
6.765151655049921053e-02
6.765151655049921053e-02
6.765151655049921053e-02
6.765151655049921053e-02
6.765151655049921053e-02
6.765151655049921053e-02
6.765151655049921053e-02
6.765151655049921053e-02
6.765151655049921053e-02
6.765151655049921053e-02
7.089559965158738486e-02
7.089559965158738486e-02
7.089559965158738486e-02
7.089559965158738486e-02
7.089559965158738486e-02
7.089559965158738486e-02
7.089559965158738486e-02
7.089559965158738486e-02
7.089559965158738486e-02
7.089559965158738486e-02
7.089559965158738486e-02
7.089559965158738486e-02
7.089559965158738486e-02
7.089559965158738486e-02
7.089559965158738486e-02
7.089559965158738486e-02
7.089559965158738486e-02
7.121981356697207333e-02
7.121981356697207333e-02
7.121981356697207333e-02
7.121981356697207333e-02
7.121981356697207333e-02
7.121981356697207333e-02
7.121981356697207333e-02
7.121981356697207333e-02
7.121981356697207333e-02
7.121981356697207333e-02
7.121981356697207333e-02
7.121981356697207333e-02
7.121981356697207333e-02
7.121981356697207333e-02
7.121981356697207333e-02
7.121981356697207333e-02
7.121981356697207333e-02
7.095115634761833823e-02
7.095115634761833823e-02
7.095115634761833823e-02
7.095115634761833823e-02
7.095115634761833823e-02
7.095115634761833823e-02
7.095115634761833823e-02
7.095115634761833823e-02
7.095115634761833823e-02
7.095115634761833823e-02
7.095115634761833823e-02
7.095115634761833823e-02
7.095115634761833823e-02
7.095115634761833823e-02
7.095115634761833823e-02
7.095115634761833823e-02
7.095115634761833823e-02
7.280375309525766170e-02
7.280375309525766170e-02
7.280375309525766170e-02
7.280375309525766170e-02
7.280375309525766170e-02
7.280375309525766170e-02
7.280375309525766170e-02
7.280375309525766170e-02
7.280375309525766170e-02
7.280375309525766170e-02
7.280375309525766170e-02
7.280375309525766170e-02
7.280375309525766170e-02
7.280375309525766170e-02
7.280375309525766170e-02
7.280375309525766170e-02
7.280375309525766170e-02
7.102648980576573012e-02
7.102648980576573012e-02
7.102648980576573012e-02
7.102648980576573012e-02
7.102648980576573012e-02
7.102648980576573012e-02
7.102648980576573012e-02
7.102648980576573012e-02
7.102648980576573012e-02
7.102648980576573012e-02
7.102648980576573012e-02
7.102648980576573012e-02
7.102648980576573012e-02
7.102648980576573012e-02
7.102648980576573012e-02
7.102648980576573012e-02
7.102648980576573012e-02
6.963564321080599473e-02
6.963564321080599473e-02
6.963564321080599473e-02
6.963564321080599473e-02
6.963564321080599473e-02
6.963564321080599473e-02
6.963564321080599473e-02
6.963564321080599473e-02
6.963564321080599473e-02
6.963564321080599473e-02
6.963564321080599473e-02
6.963564321080599473e-02
6.963564321080599473e-02
6.963564321080599473e-02
6.963564321080599473e-02
6.963564321080599473e-02
6.963564321080599473e-02
