1.793711631428387965e-02
1.793711631428387965e-02
1.778063354580997416e-02
9.109415621868179047e-02
9.109415621868179047e-02
9.109415621868179047e-02
9.109415621868179047e-02
9.109415621868179047e-02
9.109415621868179047e-02
9.109415621868179047e-02
9.109415621868179047e-02
9.109415621868179047e-02
9.109415621868179047e-02
9.109415621868179047e-02
1.811294580549541872e-02
1.775763496168174943e-02
9.042177893980903047e-02
9.042177893980903047e-02
9.042177893980903047e-02
9.042177893980903047e-02
9.042177893980903047e-02
9.042177893980903047e-02
9.042177893980903047e-02
9.042177893980903047e-02
9.042177893980903047e-02
9.042177893980903047e-02
9.042177893980903047e-02
9.042177893980903047e-02
1.788495083187820883e-02
9.118648580994175024e-02
9.118648580994175024e-02
9.118648580994175024e-02
9.118648580994175024e-02
9.118648580994175024e-02
9.118648580994175024e-02
9.118648580994175024e-02
9.118648580994175024e-02
9.118648580994175024e-02
9.118648580994175024e-02
9.118648580994175024e-02
9.010531678968011771e-02
9.010531678968011771e-02
9.010531678968011771e-02
9.010531678968011771e-02
9.010531678968011771e-02
9.010531678968011771e-02
9.010531678968011771e-02
9.010531678968011771e-02
9.010531678968011771e-02
9.010531678968011771e-02
9.010531678968011771e-02
9.010531678968011771e-02
9.010531678968011771e-02
9.010531678968011771e-02
9.010531678968011771e-02
9.097127813038033417e-02
9.097127813038033417e-02
9.097127813038033417e-02
9.097127813038033417e-02
9.097127813038033417e-02
9.097127813038033417e-02
9.097127813038033417e-02
9.097127813038033417e-02
9.097127813038033417e-02
9.097127813038033417e-02
9.097127813038033417e-02
9.097127813038033417e-02
1.790952424250160172e-02
9.042893391148151827e-02
9.042893391148151827e-02
9.042893391148151827e-02
9.042893391148151827e-02
9.042893391148151827e-02
9.042893391148151827e-02
9.042893391148151827e-02
9.042893391148151827e-02
9.042893391148151827e-02
9.042893391148151827e-02
9.042893391148151827e-02
9.042893391148151827e-02
9.032434367390859697e-02
9.032434367390859697e-02
9.032434367390859697e-02
9.032434367390859697e-02
9.032434367390859697e-02
9.032434367390859697e-02
9.032434367390859697e-02
9.032434367390859697e-02
9.032434367390859697e-02
9.032434367390859697e-02
9.032434367390859697e-02
9.032434367390859697e-02
9.032434367390859697e-02
9.032434367390859697e-02
1.799430121104260080e-02
1.799430121104260080e-02
1.799430121104260080e-02
1.787283139954335895e-02
1.787283139954335895e-02
1.787283139954335895e-02
9.035371808457418052e-02
9.035371808457418052e-02
9.035371808457418052e-02
9.035371808457418052e-02
9.035371808457418052e-02
9.035371808457418052e-02
9.035371808457418052e-02
9.035371808457418052e-02
9.035371808457418052e-02
9.035371808457418052e-02
9.035371808457418052e-02
9.035371808457418052e-02
9.035371808457418052e-02
9.035371808457418052e-02
1.800128212581264542e-02
1.777523639336362968e-02
9.129146691900748289e-02
9.129146691900748289e-02
1.793312400787276314e-02
1.784880462684954386e-02
1.784880462684954386e-02
1.798038391321970728e-02
9.140846660940346591e-02
9.140846660940346591e-02
9.140846660940346591e-02
1.779579061805800985e-02
1.779579061805800985e-02
1.779579061805800985e-02
9.055076796867535249e-02
9.055076796867535249e-02
9.055076796867535249e-02
9.055076796867535249e-02
9.055076796867535249e-02
9.055076796867535249e-02
9.055076796867535249e-02
9.055076796867535249e-02
9.055076796867535249e-02
9.055076796867535249e-02
9.055076796867535249e-02
9.055076796867535249e-02
9.055076796867535249e-02
9.024439809589045181e-02
9.024439809589045181e-02
9.024439809589045181e-02
9.024439809589045181e-02
9.024439809589045181e-02
9.024439809589045181e-02
9.024439809589045181e-02
9.024439809589045181e-02
9.024439809589045181e-02
9.024439809589045181e-02
9.024439809589045181e-02
9.024439809589045181e-02
9.024439809589045181e-02
9.024439809589045181e-02
1.798744280489320696e-02
1.798744280489320696e-02
1.780215299323157155e-02
9.115905849254316018e-02
9.115905849254316018e-02
9.115905849254316018e-02
9.115905849254316018e-02
9.115905849254316018e-02
9.115905849254316018e-02
9.115905849254316018e-02
9.115905849254316018e-02
9.115905849254316018e-02
9.115905849254316018e-02
1.779154045190810968e-02
1.780739978808752039e-02
1.780739978808752039e-02
1.780739978808752039e-02
1.780739978808752039e-02
1.780739978808752039e-02
1.782473648226414950e-02
1.782473648226414950e-02
9.120771671251223789e-02
9.120771671251223789e-02
1.782049567273471385e-02
9.115030338367731411e-02
9.115030338367731411e-02
9.115030338367731411e-02
9.115030338367731411e-02
9.115030338367731411e-02
9.115030338367731411e-02
9.115030338367731411e-02
9.115030338367731411e-02
9.115030338367731411e-02
9.115030338367731411e-02
9.115030338367731411e-02
2.104167079319600731e-02
9.042271151934300200e-02
9.042271151934300200e-02
9.042271151934300200e-02
9.042271151934300200e-02
9.042271151934300200e-02
9.042271151934300200e-02
9.042271151934300200e-02
9.042271151934300200e-02
9.042271151934300200e-02
9.042271151934300200e-02
9.042271151934300200e-02
9.042271151934300200e-02
9.042271151934300200e-02
9.042271151934300200e-02
1.786418853587901090e-02
1.786418853587901090e-02
1.790613677454211058e-02
1.790613677454211058e-02
9.068365399652310310e-02
9.068365399652310310e-02
9.068365399652310310e-02
9.068365399652310310e-02
9.068365399652310310e-02
9.068365399652310310e-02
9.068365399652310310e-02
9.068365399652310310e-02
9.068365399652310310e-02
9.068365399652310310e-02
9.068365399652310310e-02
9.068365399652310310e-02
