8.275015237784251465e-02
8.275015237784251465e-02
8.275015237784251465e-02
8.275015237784251465e-02
8.275015237784251465e-02
8.275015237784251465e-02
8.275015237784251465e-02
8.275015237784251465e-02
8.275015237784251465e-02
8.275015237784251465e-02
8.275015237784251465e-02
8.275015237784251465e-02
8.275015237784251465e-02
8.275015237784251465e-02
8.275015237784251465e-02
8.275015237784251465e-02
8.275015237784251465e-02
8.238866278806931953e-02
8.238866278806931953e-02
8.238866278806931953e-02
8.238866278806931953e-02
8.238866278806931953e-02
8.238866278806931953e-02
8.238866278806931953e-02
8.238866278806931953e-02
8.238866278806931953e-02
8.238866278806931953e-02
8.238866278806931953e-02
8.238866278806931953e-02
8.238866278806931953e-02
8.238866278806931953e-02
8.238866278806931953e-02
8.238866278806931953e-02
8.238866278806931953e-02
8.214709088382508850e-02
8.214709088382508850e-02
8.214709088382508850e-02
8.214709088382508850e-02
8.214709088382508850e-02
8.214709088382508850e-02
8.214709088382508850e-02
8.214709088382508850e-02
8.214709088382508850e-02
8.214709088382508850e-02
8.214709088382508850e-02
8.214709088382508850e-02
8.214709088382508850e-02
8.214709088382508850e-02
8.214709088382508850e-02
8.214709088382508850e-02
8.214709088382508850e-02
8.054505840924064408e-02
8.054505840924064408e-02
8.054505840924064408e-02
8.054505840924064408e-02
8.054505840924064408e-02
8.054505840924064408e-02
8.054505840924064408e-02
8.054505840924064408e-02
8.054505840924064408e-02
8.054505840924064408e-02
8.054505840924064408e-02
8.054505840924064408e-02
8.054505840924064408e-02
8.054505840924064408e-02
8.054505840924064408e-02
8.054505840924064408e-02
8.054505840924064408e-02
8.269451488056728250e-02
8.269451488056728250e-02
8.269451488056728250e-02
8.269451488056728250e-02
8.269451488056728250e-02
8.269451488056728250e-02
8.269451488056728250e-02
8.269451488056728250e-02
8.269451488056728250e-02
8.269451488056728250e-02
8.269451488056728250e-02
8.269451488056728250e-02
8.269451488056728250e-02
8.269451488056728250e-02
8.269451488056728250e-02
8.269451488056728250e-02
8.269451488056728250e-02
8.150156823708276654e-02
8.150156823708276654e-02
8.150156823708276654e-02
8.150156823708276654e-02
8.150156823708276654e-02
8.150156823708276654e-02
8.150156823708276654e-02
8.150156823708276654e-02
8.150156823708276654e-02
8.150156823708276654e-02
8.150156823708276654e-02
8.150156823708276654e-02
8.150156823708276654e-02
8.150156823708276654e-02
8.150156823708276654e-02
8.150156823708276654e-02
8.150156823708276654e-02
8.270634907851195927e-02
8.270634907851195927e-02
8.270634907851195927e-02
8.270634907851195927e-02
8.270634907851195927e-02
8.270634907851195927e-02
8.270634907851195927e-02
8.270634907851195927e-02
8.270634907851195927e-02
8.270634907851195927e-02
8.270634907851195927e-02
8.270634907851195927e-02
8.270634907851195927e-02
8.270634907851195927e-02
8.270634907851195927e-02
8.270634907851195927e-02
8.270634907851195927e-02
8.294194858928934100e-02
8.294194858928934100e-02
8.294194858928934100e-02
8.294194858928934100e-02
8.294194858928934100e-02
8.294194858928934100e-02
8.294194858928934100e-02
8.294194858928934100e-02
8.294194858928934100e-02
8.294194858928934100e-02
8.294194858928934100e-02
8.294194858928934100e-02
8.294194858928934100e-02
8.294194858928934100e-02
8.294194858928934100e-02
8.294194858928934100e-02
8.294194858928934100e-02
8.283201704817524935e-02
8.283201704817524935e-02
8.283201704817524935e-02
8.283201704817524935e-02
8.283201704817524935e-02
8.283201704817524935e-02
8.283201704817524935e-02
8.283201704817524935e-02
8.283201704817524935e-02
8.283201704817524935e-02
8.283201704817524935e-02
8.283201704817524935e-02
8.283201704817524935e-02
8.283201704817524935e-02
8.283201704817524935e-02
8.283201704817524935e-02
8.283201704817524935e-02
8.240849866792156198e-02
8.240849866792156198e-02
8.240849866792156198e-02
8.240849866792156198e-02
8.240849866792156198e-02
8.240849866792156198e-02
8.240849866792156198e-02
8.240849866792156198e-02
8.240849866792156198e-02
8.240849866792156198e-02
8.240849866792156198e-02
8.240849866792156198e-02
8.240849866792156198e-02
8.240849866792156198e-02
8.240849866792156198e-02
8.240849866792156198e-02
8.240849866792156198e-02
8.281302614684546426e-02
8.281302614684546426e-02
8.281302614684546426e-02
8.281302614684546426e-02
8.281302614684546426e-02
8.281302614684546426e-02
8.281302614684546426e-02
8.281302614684546426e-02
8.281302614684546426e-02
8.281302614684546426e-02
8.281302614684546426e-02
8.281302614684546426e-02
8.281302614684546426e-02
8.281302614684546426e-02
8.281302614684546426e-02
8.281302614684546426e-02
8.281302614684546426e-02
8.266216913677171263e-02
8.266216913677171263e-02
8.266216913677171263e-02
8.266216913677171263e-02
8.266216913677171263e-02
8.266216913677171263e-02
8.266216913677171263e-02
8.266216913677171263e-02
8.266216913677171263e-02
8.266216913677171263e-02
8.266216913677171263e-02
8.266216913677171263e-02
8.266216913677171263e-02
8.266216913677171263e-02
8.266216913677171263e-02
8.266216913677171263e-02
8.266216913677171263e-02
8.277835579366800423e-02
8.277835579366800423e-02
8.277835579366800423e-02
8.277835579366800423e-02
8.277835579366800423e-02
8.277835579366800423e-02
8.277835579366800423e-02
8.277835579366800423e-02
8.277835579366800423e-02
8.277835579366800423e-02
8.277835579366800423e-02
8.277835579366800423e-02
8.277835579366800423e-02
8.277835579366800423e-02
8.277835579366800423e-02
8.277835579366800423e-02
8.277835579366800423e-02
