1.782515270278649602e-02
8.577494397272276971e-02
8.577494397272276971e-02
8.577494397272276971e-02
8.577494397272276971e-02
8.577494397272276971e-02
8.577494397272276971e-02
8.577494397272276971e-02
8.577494397272276971e-02
8.577494397272276971e-02
8.577494397272276971e-02
8.577494397272276971e-02
2.639291925452712240e-02
8.578032286981715493e-02
8.578032286981715493e-02
8.578032286981715493e-02
8.578032286981715493e-02
8.578032286981715493e-02
8.578032286981715493e-02
8.578032286981715493e-02
8.578032286981715493e-02
8.578032286981715493e-02
8.578032286981715493e-02
8.578032286981715493e-02
8.578032286981715493e-02
8.578032286981715493e-02
8.537408958658154745e-02
8.537408958658154745e-02
8.537408958658154745e-02
8.537408958658154745e-02
8.537408958658154745e-02
8.537408958658154745e-02
8.537408958658154745e-02
8.537408958658154745e-02
8.537408958658154745e-02
8.537408958658154745e-02
8.537408958658154745e-02
8.537408958658154745e-02
8.537408958658154745e-02
8.547718644329871385e-02
8.547718644329871385e-02
8.547718644329871385e-02
8.547718644329871385e-02
8.547718644329871385e-02
8.547718644329871385e-02
8.547718644329871385e-02
8.547718644329871385e-02
8.547718644329871385e-02
8.547718644329871385e-02
8.547718644329871385e-02
8.547718644329871385e-02
8.547718644329871385e-02
8.547718644329871385e-02
8.614260321261286990e-02
8.614260321261286990e-02
8.614260321261286990e-02
8.614260321261286990e-02
8.614260321261286990e-02
8.614260321261286990e-02
8.614260321261286990e-02
8.614260321261286990e-02
8.614260321261286990e-02
8.614260321261286990e-02
1.792140802719583911e-02
1.792140802719583911e-02
1.792140802719583911e-02
1.792140802719583911e-02
8.626560409716647893e-02
8.626560409716647893e-02
8.626560409716647893e-02
8.626560409716647893e-02
8.626560409716647893e-02
8.626560409716647893e-02
8.626560409716647893e-02
8.626560409716647893e-02
8.626560409716647893e-02
8.626560409716647893e-02
8.518393742589024098e-02
8.518393742589024098e-02
8.518393742589024098e-02
8.518393742589024098e-02
8.518393742589024098e-02
8.518393742589024098e-02
8.518393742589024098e-02
8.518393742589024098e-02
8.518393742589024098e-02
8.518393742589024098e-02
8.518393742589024098e-02
8.518393742589024098e-02
8.518393742589024098e-02
8.518393742589024098e-02
8.518393742589024098e-02
8.598074660910667855e-02
8.598074660910667855e-02
8.598074660910667855e-02
8.598074660910667855e-02
8.598074660910667855e-02
8.598074660910667855e-02
8.598074660910667855e-02
8.598074660910667855e-02
8.598074660910667855e-02
8.598074660910667855e-02
8.598074660910667855e-02
8.598074660910667855e-02
8.598074660910667855e-02
1.783194813277181809e-02
1.775026632880600044e-02
1.775026632880600044e-02
1.775026632880600044e-02
8.516364362737438576e-02
8.516364362737438576e-02
8.516364362737438576e-02
8.516364362737438576e-02
8.516364362737438576e-02
8.516364362737438576e-02
8.516364362737438576e-02
8.516364362737438576e-02
8.516364362737438576e-02
8.516364362737438576e-02
8.516364362737438576e-02
8.516364362737438576e-02
8.516364362737438576e-02
8.516364362737438576e-02
8.501702843429427559e-02
8.501702843429427559e-02
8.501702843429427559e-02
8.501702843429427559e-02
8.501702843429427559e-02
8.501702843429427559e-02
8.501702843429427559e-02
8.501702843429427559e-02
8.501702843429427559e-02
8.501702843429427559e-02
8.501702843429427559e-02
8.501702843429427559e-02
8.501702843429427559e-02
8.501702843429427559e-02
8.501702843429427559e-02
8.501702843429427559e-02
8.501702843429427559e-02
1.805372665216100139e-02
8.527555704354804200e-02
8.527555704354804200e-02
8.527555704354804200e-02
8.527555704354804200e-02
8.527555704354804200e-02
8.527555704354804200e-02
8.527555704354804200e-02
8.527555704354804200e-02
8.527555704354804200e-02
8.527555704354804200e-02
8.527555704354804200e-02
8.527555704354804200e-02
8.527555704354804200e-02
8.527555704354804200e-02
1.786201430676775254e-02
8.603909635964630820e-02
8.603909635964630820e-02
8.603909635964630820e-02
8.603909635964630820e-02
8.603909635964630820e-02
8.603909635964630820e-02
8.603909635964630820e-02
8.603909635964630820e-02
8.603909635964630820e-02
8.603909635964630820e-02
8.517643008500119794e-02
8.517643008500119794e-02
8.517643008500119794e-02
8.517643008500119794e-02
8.517643008500119794e-02
8.517643008500119794e-02
8.517643008500119794e-02
8.517643008500119794e-02
8.517643008500119794e-02
8.517643008500119794e-02
8.517643008500119794e-02
8.517643008500119794e-02
8.517643008500119794e-02
8.517643008500119794e-02
8.578193597936110970e-02
8.578193597936110970e-02
8.578193597936110970e-02
8.578193597936110970e-02
8.578193597936110970e-02
8.578193597936110970e-02
8.578193597936110970e-02
8.578193597936110970e-02
8.578193597936110970e-02
8.578193597936110970e-02
8.578193597936110970e-02
8.578193597936110970e-02
2.655120464645455147e-02
8.550122360231285357e-02
8.550122360231285357e-02
8.550122360231285357e-02
8.550122360231285357e-02
8.550122360231285357e-02
8.550122360231285357e-02
8.550122360231285357e-02
8.550122360231285357e-02
8.550122360231285357e-02
8.550122360231285357e-02
8.550122360231285357e-02
8.550122360231285357e-02
8.550122360231285357e-02
1.781401737721863276e-02
1.781401737721863276e-02
1.781401737721863276e-02
1.781401737721863276e-02
1.781401737721863276e-02
8.602400920155152397e-02
8.602400920155152397e-02
8.602400920155152397e-02
8.602400920155152397e-02
8.602400920155152397e-02
8.602400920155152397e-02
8.602400920155152397e-02
8.602400920155152397e-02
8.602400920155152397e-02
8.602400920155152397e-02
