7.777104112607854947e-02
7.777104112607854947e-02
7.777104112607854947e-02
7.777104112607854947e-02
7.777104112607854947e-02
7.777104112607854947e-02
7.777104112607854947e-02
7.777104112607854947e-02
7.777104112607854947e-02
7.777104112607854947e-02
7.777104112607854947e-02
7.777104112607854947e-02
7.777104112607854947e-02
7.777104112607854947e-02
7.777104112607854947e-02
7.777104112607854947e-02
7.777104112607854947e-02
7.428802380426520469e-02
7.428802380426520469e-02
7.428802380426520469e-02
7.428802380426520469e-02
7.428802380426520469e-02
7.428802380426520469e-02
7.428802380426520469e-02
7.428802380426520469e-02
7.428802380426520469e-02
7.428802380426520469e-02
7.428802380426520469e-02
7.428802380426520469e-02
7.428802380426520469e-02
7.428802380426520469e-02
7.428802380426520469e-02
7.428802380426520469e-02
7.428802380426520469e-02
7.649016666391070252e-02
7.649016666391070252e-02
7.649016666391070252e-02
7.649016666391070252e-02
7.649016666391070252e-02
7.649016666391070252e-02
7.649016666391070252e-02
7.649016666391070252e-02
7.649016666391070252e-02
7.649016666391070252e-02
7.649016666391070252e-02
7.649016666391070252e-02
7.649016666391070252e-02
7.649016666391070252e-02
7.649016666391070252e-02
7.649016666391070252e-02
7.649016666391070252e-02
7.658027057046040698e-02
7.658027057046040698e-02
7.658027057046040698e-02
7.658027057046040698e-02
7.658027057046040698e-02
7.658027057046040698e-02
7.658027057046040698e-02
7.658027057046040698e-02
7.658027057046040698e-02
7.658027057046040698e-02
7.658027057046040698e-02
7.658027057046040698e-02
7.658027057046040698e-02
7.658027057046040698e-02
7.658027057046040698e-02
7.658027057046040698e-02
7.658027057046040698e-02
7.772171478155587288e-02
7.772171478155587288e-02
7.772171478155587288e-02
7.772171478155587288e-02
7.772171478155587288e-02
7.772171478155587288e-02
7.772171478155587288e-02
7.772171478155587288e-02
7.772171478155587288e-02
7.772171478155587288e-02
7.772171478155587288e-02
7.772171478155587288e-02
7.772171478155587288e-02
7.772171478155587288e-02
7.772171478155587288e-02
7.772171478155587288e-02
7.772171478155587288e-02
7.833255225709034875e-02
7.833255225709034875e-02
7.833255225709034875e-02
7.833255225709034875e-02
7.833255225709034875e-02
7.833255225709034875e-02
7.833255225709034875e-02
7.833255225709034875e-02
7.833255225709034875e-02
7.833255225709034875e-02
7.833255225709034875e-02
7.833255225709034875e-02
7.833255225709034875e-02
7.833255225709034875e-02
7.833255225709034875e-02
7.833255225709034875e-02
7.833255225709034875e-02
7.349283293596273192e-02
7.349283293596273192e-02
7.349283293596273192e-02
7.349283293596273192e-02
7.349283293596273192e-02
7.349283293596273192e-02
7.349283293596273192e-02
7.349283293596273192e-02
7.349283293596273192e-02
7.349283293596273192e-02
7.349283293596273192e-02
7.349283293596273192e-02
7.349283293596273192e-02
7.349283293596273192e-02
7.349283293596273192e-02
7.349283293596273192e-02
7.349283293596273192e-02
7.761568070398608410e-02
7.761568070398608410e-02
7.761568070398608410e-02
7.761568070398608410e-02
7.761568070398608410e-02
7.761568070398608410e-02
7.761568070398608410e-02
7.761568070398608410e-02
7.761568070398608410e-02
7.761568070398608410e-02
7.761568070398608410e-02
7.761568070398608410e-02
7.761568070398608410e-02
7.761568070398608410e-02
7.761568070398608410e-02
7.761568070398608410e-02
7.761568070398608410e-02
7.778703549938451034e-02
7.778703549938451034e-02
7.778703549938451034e-02
7.778703549938451034e-02
7.778703549938451034e-02
7.778703549938451034e-02
7.778703549938451034e-02
7.778703549938451034e-02
7.778703549938451034e-02
7.778703549938451034e-02
7.778703549938451034e-02
7.778703549938451034e-02
7.778703549938451034e-02
7.778703549938451034e-02
7.778703549938451034e-02
7.778703549938451034e-02
7.778703549938451034e-02
7.548273244250958136e-02
7.548273244250958136e-02
7.548273244250958136e-02
7.548273244250958136e-02
7.548273244250958136e-02
7.548273244250958136e-02
7.548273244250958136e-02
7.548273244250958136e-02
7.548273244250958136e-02
7.548273244250958136e-02
7.548273244250958136e-02
7.548273244250958136e-02
7.548273244250958136e-02
7.548273244250958136e-02
7.548273244250958136e-02
7.548273244250958136e-02
7.548273244250958136e-02
7.861910526519219622e-02
7.861910526519219622e-02
7.861910526519219622e-02
7.861910526519219622e-02
7.861910526519219622e-02
7.861910526519219622e-02
7.861910526519219622e-02
7.861910526519219622e-02
7.861910526519219622e-02
7.861910526519219622e-02
7.861910526519219622e-02
7.861910526519219622e-02
7.861910526519219622e-02
7.861910526519219622e-02
7.861910526519219622e-02
7.861910526519219622e-02
7.861910526519219622e-02
7.660413721359130013e-02
7.660413721359130013e-02
7.660413721359130013e-02
7.660413721359130013e-02
7.660413721359130013e-02
7.660413721359130013e-02
7.660413721359130013e-02
7.660413721359130013e-02
7.660413721359130013e-02
7.660413721359130013e-02
7.660413721359130013e-02
7.660413721359130013e-02
7.660413721359130013e-02
7.660413721359130013e-02
7.660413721359130013e-02
7.660413721359130013e-02
7.660413721359130013e-02
7.582478579471518820e-02
7.582478579471518820e-02
7.582478579471518820e-02
7.582478579471518820e-02
7.582478579471518820e-02
7.582478579471518820e-02
7.582478579471518820e-02
7.582478579471518820e-02
7.582478579471518820e-02
7.582478579471518820e-02
7.582478579471518820e-02
7.582478579471518820e-02
7.582478579471518820e-02
7.582478579471518820e-02
7.582478579471518820e-02
7.582478579471518820e-02
7.582478579471518820e-02
7.721444561893818503e-02
7.721444561893818503e-02
7.721444561893818503e-02
7.721444561893818503e-02
7.721444561893818503e-02
7.721444561893818503e-02
7.721444561893818503e-02
7.721444561893818503e-02
7.721444561893818503e-02
7.721444561893818503e-02
7.721444561893818503e-02
7.721444561893818503e-02
7.721444561893818503e-02
7.721444561893818503e-02
7.721444561893818503e-02
7.721444561893818503e-02
7.721444561893818503e-02
