8.850896624623058595e-02
8.850896624623058595e-02
8.850896624623058595e-02
8.850896624623058595e-02
8.850896624623058595e-02
8.850896624623058595e-02
8.850896624623058595e-02
8.850896624623058595e-02
8.850896624623058595e-02
8.850896624623058595e-02
8.850896624623058595e-02
8.850896624623058595e-02
8.850896624623058595e-02
8.850896624623058595e-02
8.850896624623058595e-02
3.298268708348031653e-02
3.298268708348031653e-02
3.298268708348031653e-02
3.298268708348031653e-02
3.298268708348031653e-02
3.298268708348031653e-02
3.298268708348031653e-02
8.826082822448215459e-02
8.826082822448215459e-02
8.826082822448215459e-02
8.826082822448215459e-02
8.826082822448215459e-02
8.826082822448215459e-02
8.826082822448215459e-02
8.826082822448215459e-02
8.826082822448215459e-02
8.826082822448215459e-02
8.826082822448215459e-02
8.826082822448215459e-02
8.826082822448215459e-02
8.826082822448215459e-02
3.253302025283294485e-02
3.253302025283294485e-02
3.253302025283294485e-02
3.253302025283294485e-02
3.253302025283294485e-02
3.253302025283294485e-02
3.253302025283294485e-02
3.253302025283294485e-02
3.253302025283294485e-02
3.253302025283294485e-02
3.253302025283294485e-02
3.176409055139353677e-02
3.176409055139353677e-02
3.176409055139353677e-02
3.176409055139353677e-02
3.176409055139353677e-02
3.176409055139353677e-02
3.176409055139353677e-02
3.176409055139353677e-02
3.176409055139353677e-02
3.176409055139353677e-02
3.176409055139353677e-02
3.176409055139353677e-02
3.176409055139353677e-02
3.197306957323982346e-02
3.197306957323982346e-02
3.197306957323982346e-02
3.197306957323982346e-02
3.197306957323982346e-02
3.197306957323982346e-02
3.197306957323982346e-02
3.197306957323982346e-02
3.197306957323982346e-02
3.197306957323982346e-02
3.197306957323982346e-02
3.197306957323982346e-02
3.197306957323982346e-02
3.197306957323982346e-02
3.197306957323982346e-02
3.197306957323982346e-02
3.197306957323982346e-02
8.856316025979678319e-02
8.856316025979678319e-02
8.856316025979678319e-02
8.856316025979678319e-02
8.856316025979678319e-02
8.856316025979678319e-02
8.856316025979678319e-02
8.856316025979678319e-02
8.856316025979678319e-02
8.856316025979678319e-02
8.856316025979678319e-02
3.329473925628959052e-02
3.329473925628959052e-02
3.329473925628959052e-02
3.329473925628959052e-02
3.043042262709048928e-02
3.043042262709048928e-02
3.043042262709048928e-02
3.043042262709048928e-02
3.043042262709048928e-02
3.043042262709048928e-02
3.043042262709048928e-02
3.043042262709048928e-02
3.043042262709048928e-02
3.043042262709048928e-02
3.279607906719692045e-02
3.279607906719692045e-02
3.279607906719692045e-02
3.279607906719692045e-02
3.279607906719692045e-02
3.279607906719692045e-02
3.279607906719692045e-02
3.279607906719692045e-02
3.279607906719692045e-02
3.279607906719692045e-02
3.122082319478585583e-02
3.122082319478585583e-02
3.122082319478585583e-02
3.122082319478585583e-02
3.122082319478585583e-02
3.122082319478585583e-02
3.122082319478585583e-02
3.122082319478585583e-02
3.122082319478585583e-02
3.122082319478585583e-02
3.122082319478585583e-02
3.122082319478585583e-02
3.271655127801872953e-02
3.271655127801872953e-02
3.271655127801872953e-02
3.271655127801872953e-02
3.271655127801872953e-02
3.271655127801872953e-02
3.271655127801872953e-02
3.271655127801872953e-02
3.271655127801872953e-02
3.271655127801872953e-02
8.865434637410407603e-02
8.865434637410407603e-02
8.865434637410407603e-02
8.865434637410407603e-02
8.865434637410407603e-02
8.865434637410407603e-02
8.865434637410407603e-02
8.865434637410407603e-02
8.865434637410407603e-02
8.865434637410407603e-02
8.865434637410407603e-02
8.865434637410407603e-02
8.865434637410407603e-02
8.865434637410407603e-02
8.865434637410407603e-02
3.240076401424563102e-02
3.240076401424563102e-02
3.240076401424563102e-02
3.240076401424563102e-02
3.240076401424563102e-02
3.240076401424563102e-02
3.240076401424563102e-02
3.240076401424563102e-02
3.240076401424563102e-02
3.240076401424563102e-02
3.240076401424563102e-02
3.240076401424563102e-02
3.224225056794043087e-02
3.224225056794043087e-02
3.224225056794043087e-02
3.224225056794043087e-02
3.224225056794043087e-02
3.224225056794043087e-02
3.224225056794043087e-02
3.224225056794043087e-02
3.224225056794043087e-02
3.224225056794043087e-02
3.224225056794043087e-02
3.224225056794043087e-02
3.224225056794043087e-02
3.224225056794043087e-02
3.224225056794043087e-02
3.224225056794043087e-02
3.224225056794043087e-02
3.231656653993121575e-02
3.231656653993121575e-02
3.231656653993121575e-02
3.231656653993121575e-02
3.231656653993121575e-02
3.231656653993121575e-02
3.231656653993121575e-02
3.231656653993121575e-02
3.231656653993121575e-02
3.231656653993121575e-02
3.217615252203674669e-02
3.217615252203674669e-02
3.217615252203674669e-02
3.217615252203674669e-02
3.217615252203674669e-02
3.217615252203674669e-02
3.210714652350353526e-02
3.210714652350353526e-02
3.210714652350353526e-02
3.210714652350353526e-02
3.210714652350353526e-02
3.210714652350353526e-02
3.210714652350353526e-02
3.210714652350353526e-02
3.210714652350353526e-02
3.210714652350353526e-02
3.210714652350353526e-02
3.210714652350353526e-02
3.210714652350353526e-02
3.266934574417919290e-02
3.266934574417919290e-02
3.266934574417919290e-02
3.266934574417919290e-02
3.266934574417919290e-02
3.266934574417919290e-02
3.266934574417919290e-02
3.266934574417919290e-02
3.266934574417919290e-02
3.044716140961875595e-02
3.044716140961875595e-02
3.044716140961875595e-02
3.044716140961875595e-02
3.044716140961875595e-02
3.044716140961875595e-02
3.044716140961875595e-02
3.044716140961875595e-02
3.044716140961875595e-02
3.044716140961875595e-02
3.044716140961875595e-02
3.044716140961875595e-02
