1.845605173273334385e-02
1.845605173273334385e-02
1.845605173273334385e-02
1.845605173273334385e-02
1.845605173273334385e-02
1.845605173273334385e-02
1.845605173273334385e-02
1.845605173273334385e-02
1.845605173273334385e-02
1.845605173273334385e-02
1.845605173273334385e-02
1.845605173273334385e-02
1.845605173273334385e-02
1.845605173273334385e-02
1.845605173273334385e-02
3.599271000464862591e-02
3.599271000464862591e-02
3.599271000464862591e-02
3.599271000464862591e-02
3.599271000464862591e-02
3.599271000464862591e-02
3.599271000464862591e-02
3.599271000464862591e-02
3.599271000464862591e-02
3.599271000464862591e-02
1.903359217715826918e-02
1.903359217715826918e-02
1.903359217715826918e-02
1.903359217715826918e-02
1.903359217715826918e-02
1.903359217715826918e-02
1.903359217715826918e-02
1.907229688680792817e-02
1.907229688680792817e-02
1.907229688680792817e-02
1.907229688680792817e-02
1.907229688680792817e-02
1.907229688680792817e-02
1.907229688680792817e-02
1.907229688680792817e-02
1.907229688680792817e-02
1.907229688680792817e-02
1.907229688680792817e-02
1.907229688680792817e-02
1.925218344738269596e-02
1.925218344738269596e-02
1.925218344738269596e-02
1.925218344738269596e-02
1.925218344738269596e-02
1.925218344738269596e-02
1.925218344738269596e-02
1.925218344738269596e-02
1.925218344738269596e-02
1.925218344738269596e-02
1.925218344738269596e-02
1.932533713987071369e-02
1.932533713987071369e-02
1.932533713987071369e-02
1.932533713987071369e-02
1.932533713987071369e-02
1.932533713987071369e-02
1.932533713987071369e-02
1.932533713987071369e-02
1.932533713987071369e-02
1.932533713987071369e-02
1.932533713987071369e-02
1.913432185593523169e-02
1.913432185593523169e-02
1.913432185593523169e-02
1.913432185593523169e-02
1.913432185593523169e-02
1.913432185593523169e-02
1.913432185593523169e-02
1.913432185593523169e-02
1.913432185593523169e-02
1.913432185593523169e-02
1.913432185593523169e-02
1.913432185593523169e-02
1.913432185593523169e-02
1.913432185593523169e-02
1.913432185593523169e-02
1.913432185593523169e-02
1.922582424238645019e-02
1.922582424238645019e-02
1.922582424238645019e-02
1.922582424238645019e-02
1.922582424238645019e-02
1.922582424238645019e-02
1.922582424238645019e-02
1.922582424238645019e-02
1.922582424238645019e-02
1.922582424238645019e-02
1.922582424238645019e-02
1.922582424238645019e-02
1.922582424238645019e-02
1.922582424238645019e-02
1.922582424238645019e-02
1.922582424238645019e-02
1.909499088380188850e-02
1.909499088380188850e-02
1.909499088380188850e-02
1.909499088380188850e-02
1.909499088380188850e-02
1.909499088380188850e-02
1.909499088380188850e-02
1.909499088380188850e-02
1.909499088380188850e-02
1.909499088380188850e-02
1.909499088380188850e-02
1.909499088380188850e-02
1.909499088380188850e-02
1.909499088380188850e-02
1.909499088380188850e-02
1.903425353923759653e-02
1.903425353923759653e-02
1.903425353923759653e-02
1.903425353923759653e-02
1.903425353923759653e-02
1.903425353923759653e-02
1.903425353923759653e-02
1.903425353923759653e-02
1.903425353923759653e-02
1.903425353923759653e-02
1.903425353923759653e-02
1.903425353923759653e-02
1.900047836511038410e-02
1.900047836511038410e-02
1.900047836511038410e-02
1.900047836511038410e-02
1.900047836511038410e-02
1.900047836511038410e-02
1.900047836511038410e-02
1.900047836511038410e-02
1.900047836511038410e-02
1.900047836511038410e-02
1.900047836511038410e-02
1.900047836511038410e-02
1.900047836511038410e-02
1.900047836511038410e-02
1.900047836511038410e-02
1.940319184075828263e-02
1.940319184075828263e-02
1.940319184075828263e-02
1.940319184075828263e-02
1.940319184075828263e-02
1.940319184075828263e-02
1.940319184075828263e-02
1.940319184075828263e-02
1.940319184075828263e-02
1.940319184075828263e-02
1.940319184075828263e-02
1.940319184075828263e-02
1.940319184075828263e-02
1.940319184075828263e-02
1.940319184075828263e-02
1.940319184075828263e-02
1.807426346718617530e-02
1.807426346718617530e-02
1.807426346718617530e-02
1.807426346718617530e-02
1.807426346718617530e-02
1.807426346718617530e-02
1.807426346718617530e-02
1.807426346718617530e-02
1.807426346718617530e-02
1.807426346718617530e-02
1.807426346718617530e-02
1.807426346718617530e-02
1.915108893226432490e-02
1.915108893226432490e-02
1.915108893226432490e-02
1.915108893226432490e-02
1.915108893226432490e-02
1.915108893226432490e-02
1.915108893226432490e-02
1.915108893226432490e-02
1.915108893226432490e-02
1.915108893226432490e-02
1.915108893226432490e-02
1.915108893226432490e-02
1.915108893226432490e-02
1.915108893226432490e-02
1.915108893226432490e-02
1.915108893226432490e-02
1.924879195357669798e-02
1.924879195357669798e-02
1.924879195357669798e-02
1.924879195357669798e-02
1.924879195357669798e-02
1.924879195357669798e-02
1.924879195357669798e-02
1.924879195357669798e-02
1.924879195357669798e-02
1.924879195357669798e-02
1.924879195357669798e-02
1.924879195357669798e-02
1.924879195357669798e-02
1.924879195357669798e-02
1.924879195357669798e-02
1.924879195357669798e-02
1.917132364233427658e-02
1.917132364233427658e-02
1.917132364233427658e-02
1.917132364233427658e-02
1.917132364233427658e-02
1.917132364233427658e-02
1.917132364233427658e-02
1.917132364233427658e-02
1.917132364233427658e-02
1.917132364233427658e-02
1.917132364233427658e-02
1.917132364233427658e-02
1.917132364233427658e-02
1.917132364233427658e-02
1.917132364233427658e-02
1.917132364233427658e-02
1.916602284580235654e-02
1.916602284580235654e-02
1.916602284580235654e-02
1.916602284580235654e-02
1.916602284580235654e-02
1.928801008559606275e-02
1.928801008559606275e-02
1.928801008559606275e-02
1.928801008559606275e-02
1.928801008559606275e-02
1.928801008559606275e-02
1.928801008559606275e-02
1.928801008559606275e-02
1.928801008559606275e-02
1.928801008559606275e-02
1.928801008559606275e-02
3.432426191977545199e-02
3.432426191977545199e-02
3.432426191977545199e-02
3.432426191977545199e-02
3.432426191977545199e-02
3.432426191977545199e-02
3.432426191977545199e-02
3.432426191977545199e-02
3.432426191977545199e-02
3.432426191977545199e-02
3.432426191977545199e-02
3.432426191977545199e-02
3.432426191977545199e-02
3.432426191977545199e-02
3.432426191977545199e-02
