4.643997755336133626e-02
4.643997755336133626e-02
4.643997755336133626e-02
4.643997755336133626e-02
4.643997755336133626e-02
4.643997755336133626e-02
4.643997755336133626e-02
4.643997755336133626e-02
4.643997755336133626e-02
4.643997755336133626e-02
4.643997755336133626e-02
4.643997755336133626e-02
4.643997755336133626e-02
4.643997755336133626e-02
4.643997755336133626e-02
4.643997755336133626e-02
4.643997755336133626e-02
4.665763921589503871e-02
4.665763921589503871e-02
4.665763921589503871e-02
4.665763921589503871e-02
4.665763921589503871e-02
4.665763921589503871e-02
4.665763921589503871e-02
4.665763921589503871e-02
4.665763921589503871e-02
4.665763921589503871e-02
4.665763921589503871e-02
4.665763921589503871e-02
4.665763921589503871e-02
4.665763921589503871e-02
4.665763921589503871e-02
4.665763921589503871e-02
4.665763921589503871e-02
4.631458830462868714e-02
4.631458830462868714e-02
4.631458830462868714e-02
4.631458830462868714e-02
4.631458830462868714e-02
4.631458830462868714e-02
4.631458830462868714e-02
4.631458830462868714e-02
4.631458830462868714e-02
4.631458830462868714e-02
4.631458830462868714e-02
4.631458830462868714e-02
4.631458830462868714e-02
4.631458830462868714e-02
4.631458830462868714e-02
4.631458830462868714e-02
4.631458830462868714e-02
4.641580481885016624e-02
4.641580481885016624e-02
4.641580481885016624e-02
4.641580481885016624e-02
4.641580481885016624e-02
4.641580481885016624e-02
4.641580481885016624e-02
4.641580481885016624e-02
4.641580481885016624e-02
4.641580481885016624e-02
4.641580481885016624e-02
4.641580481885016624e-02
4.641580481885016624e-02
4.641580481885016624e-02
4.641580481885016624e-02
4.641580481885016624e-02
4.641580481885016624e-02
4.639319661016841345e-02
4.639319661016841345e-02
4.639319661016841345e-02
4.639319661016841345e-02
4.639319661016841345e-02
4.639319661016841345e-02
4.639319661016841345e-02
4.639319661016841345e-02
4.639319661016841345e-02
4.639319661016841345e-02
4.639319661016841345e-02
4.639319661016841345e-02
4.639319661016841345e-02
4.639319661016841345e-02
4.639319661016841345e-02
4.639319661016841345e-02
4.639319661016841345e-02
4.646746400355245693e-02
4.646746400355245693e-02
4.646746400355245693e-02
4.646746400355245693e-02
4.646746400355245693e-02
4.646746400355245693e-02
4.646746400355245693e-02
4.646746400355245693e-02
4.646746400355245693e-02
4.646746400355245693e-02
4.646746400355245693e-02
4.646746400355245693e-02
4.646746400355245693e-02
4.646746400355245693e-02
4.646746400355245693e-02
4.646746400355245693e-02
4.646746400355245693e-02
4.648166911442454946e-02
4.648166911442454946e-02
4.648166911442454946e-02
4.648166911442454946e-02
4.648166911442454946e-02
4.648166911442454946e-02
4.648166911442454946e-02
4.648166911442454946e-02
4.648166911442454946e-02
4.648166911442454946e-02
4.648166911442454946e-02
4.648166911442454946e-02
4.648166911442454946e-02
4.648166911442454946e-02
4.648166911442454946e-02
4.648166911442454946e-02
4.648166911442454946e-02
3.404219396762084293e-02
3.404219396762084293e-02
3.404219396762084293e-02
3.404219396762084293e-02
3.404219396762084293e-02
3.404219396762084293e-02
3.404219396762084293e-02
3.404219396762084293e-02
3.404219396762084293e-02
3.404219396762084293e-02
3.404219396762084293e-02
3.404219396762084293e-02
4.650748130479327724e-02
4.650748130479327724e-02
4.650748130479327724e-02
4.650748130479327724e-02
4.650748130479327724e-02
4.650748130479327724e-02
4.650748130479327724e-02
4.650748130479327724e-02
4.650748130479327724e-02
4.650748130479327724e-02
4.650748130479327724e-02
4.650748130479327724e-02
4.650748130479327724e-02
4.650748130479327724e-02
4.650748130479327724e-02
4.650748130479327724e-02
4.650748130479327724e-02
4.666790641443518961e-02
4.666790641443518961e-02
4.666790641443518961e-02
4.666790641443518961e-02
4.666790641443518961e-02
4.666790641443518961e-02
4.666790641443518961e-02
4.666790641443518961e-02
4.666790641443518961e-02
4.666790641443518961e-02
4.666790641443518961e-02
4.666790641443518961e-02
4.666790641443518961e-02
4.666790641443518961e-02
4.666790641443518961e-02
4.666790641443518961e-02
4.666790641443518961e-02
4.656551270959018163e-02
4.656551270959018163e-02
4.656551270959018163e-02
4.656551270959018163e-02
4.656551270959018163e-02
4.656551270959018163e-02
4.656551270959018163e-02
4.656551270959018163e-02
4.656551270959018163e-02
4.656551270959018163e-02
4.656551270959018163e-02
4.656551270959018163e-02
4.656551270959018163e-02
4.656551270959018163e-02
4.656551270959018163e-02
4.656551270959018163e-02
4.656551270959018163e-02
4.646958224402451126e-02
4.646958224402451126e-02
4.646958224402451126e-02
4.646958224402451126e-02
4.646958224402451126e-02
4.646958224402451126e-02
4.646958224402451126e-02
4.646958224402451126e-02
4.646958224402451126e-02
4.646958224402451126e-02
4.646958224402451126e-02
4.646958224402451126e-02
4.646958224402451126e-02
4.646958224402451126e-02
4.646958224402451126e-02
4.646958224402451126e-02
4.646958224402451126e-02
3.169688626072108412e-02
3.169688626072108412e-02
3.169688626072108412e-02
3.169688626072108412e-02
3.169688626072108412e-02
3.169688626072108412e-02
3.169688626072108412e-02
3.169688626072108412e-02
3.169688626072108412e-02
3.169688626072108412e-02
3.169688626072108412e-02
3.169688626072108412e-02
3.234730037509198075e-02
3.234730037509198075e-02
3.234730037509198075e-02
3.234730037509198075e-02
3.234730037509198075e-02
4.646828307366107635e-02
4.646828307366107635e-02
4.646828307366107635e-02
4.646828307366107635e-02
4.646828307366107635e-02
4.646828307366107635e-02
4.646828307366107635e-02
4.646828307366107635e-02
4.646828307366107635e-02
4.646828307366107635e-02
4.646828307366107635e-02
4.646828307366107635e-02
4.646828307366107635e-02
4.646828307366107635e-02
4.646828307366107635e-02
4.646828307366107635e-02
4.646828307366107635e-02
4.641344550845863393e-02
4.641344550845863393e-02
4.641344550845863393e-02
4.641344550845863393e-02
4.641344550845863393e-02
4.641344550845863393e-02
4.641344550845863393e-02
4.641344550845863393e-02
4.641344550845863393e-02
4.641344550845863393e-02
4.641344550845863393e-02
4.641344550845863393e-02
4.641344550845863393e-02
4.641344550845863393e-02
4.641344550845863393e-02
4.641344550845863393e-02
4.641344550845863393e-02
