4.150318069709679064e-02
4.150318069709679064e-02
4.150318069709679064e-02
4.150318069709679064e-02
4.150318069709679064e-02
4.150318069709679064e-02
4.150318069709679064e-02
4.150318069709679064e-02
4.150318069709679064e-02
4.150318069709679064e-02
4.150318069709679064e-02
4.150318069709679064e-02
4.150318069709679064e-02
4.150318069709679064e-02
4.150318069709679064e-02
4.150318069709679064e-02
4.150318069709679064e-02
4.150800029382384349e-02
4.150800029382384349e-02
4.150800029382384349e-02
4.150800029382384349e-02
4.150800029382384349e-02
4.150800029382384349e-02
4.150800029382384349e-02
4.150800029382384349e-02
4.150800029382384349e-02
4.150800029382384349e-02
4.150800029382384349e-02
4.150800029382384349e-02
4.150800029382384349e-02
4.150800029382384349e-02
4.150800029382384349e-02
4.150800029382384349e-02
4.150800029382384349e-02
4.136241823983510812e-02
4.136241823983510812e-02
4.136241823983510812e-02
4.136241823983510812e-02
4.136241823983510812e-02
4.136241823983510812e-02
4.136241823983510812e-02
4.136241823983510812e-02
4.136241823983510812e-02
4.136241823983510812e-02
4.136241823983510812e-02
4.136241823983510812e-02
4.136241823983510812e-02
4.136241823983510812e-02
4.136241823983510812e-02
4.136241823983510812e-02
4.136241823983510812e-02
4.152796461086832175e-02
4.152796461086832175e-02
4.152796461086832175e-02
4.152796461086832175e-02
4.152796461086832175e-02
4.152796461086832175e-02
4.152796461086832175e-02
4.152796461086832175e-02
4.152796461086832175e-02
4.152796461086832175e-02
4.152796461086832175e-02
4.152796461086832175e-02
4.152796461086832175e-02
4.152796461086832175e-02
4.152796461086832175e-02
4.152796461086832175e-02
4.152796461086832175e-02
4.142183262420255641e-02
4.142183262420255641e-02
4.142183262420255641e-02
4.142183262420255641e-02
4.142183262420255641e-02
4.142183262420255641e-02
4.142183262420255641e-02
4.142183262420255641e-02
4.142183262420255641e-02
4.142183262420255641e-02
4.142183262420255641e-02
4.142183262420255641e-02
4.142183262420255641e-02
4.142183262420255641e-02
4.142183262420255641e-02
4.142183262420255641e-02
4.142183262420255641e-02
4.132012972664524109e-02
4.132012972664524109e-02
4.132012972664524109e-02
4.132012972664524109e-02
4.132012972664524109e-02
4.132012972664524109e-02
4.132012972664524109e-02
4.132012972664524109e-02
4.132012972664524109e-02
4.132012972664524109e-02
4.132012972664524109e-02
4.132012972664524109e-02
4.132012972664524109e-02
4.132012972664524109e-02
4.132012972664524109e-02
4.132012972664524109e-02
4.132012972664524109e-02
4.153731693218853938e-02
4.153731693218853938e-02
4.153731693218853938e-02
4.153731693218853938e-02
4.153731693218853938e-02
4.153731693218853938e-02
4.153731693218853938e-02
4.153731693218853938e-02
4.153731693218853938e-02
4.153731693218853938e-02
4.153731693218853938e-02
4.153731693218853938e-02
4.153731693218853938e-02
4.153731693218853938e-02
4.153731693218853938e-02
4.153731693218853938e-02
4.153731693218853938e-02
4.136361749855473058e-02
4.136361749855473058e-02
4.136361749855473058e-02
4.136361749855473058e-02
4.136361749855473058e-02
4.136361749855473058e-02
4.136361749855473058e-02
4.136361749855473058e-02
4.136361749855473058e-02
4.136361749855473058e-02
4.136361749855473058e-02
4.136361749855473058e-02
4.136361749855473058e-02
4.136361749855473058e-02
4.136361749855473058e-02
4.136361749855473058e-02
4.136361749855473058e-02
4.153635774074920795e-02
4.153635774074920795e-02
4.153635774074920795e-02
4.153635774074920795e-02
4.153635774074920795e-02
4.153635774074920795e-02
4.153635774074920795e-02
4.153635774074920795e-02
4.153635774074920795e-02
4.153635774074920795e-02
4.153635774074920795e-02
4.153635774074920795e-02
4.153635774074920795e-02
4.153635774074920795e-02
4.153635774074920795e-02
4.153635774074920795e-02
4.153635774074920795e-02
4.143749890945512548e-02
4.143749890945512548e-02
4.143749890945512548e-02
4.143749890945512548e-02
4.143749890945512548e-02
4.143749890945512548e-02
4.143749890945512548e-02
4.143749890945512548e-02
4.143749890945512548e-02
4.143749890945512548e-02
4.143749890945512548e-02
4.143749890945512548e-02
4.143749890945512548e-02
4.143749890945512548e-02
4.143749890945512548e-02
4.143749890945512548e-02
4.143749890945512548e-02
4.146227208767745698e-02
4.146227208767745698e-02
4.146227208767745698e-02
4.146227208767745698e-02
4.146227208767745698e-02
4.146227208767745698e-02
4.146227208767745698e-02
4.146227208767745698e-02
4.146227208767745698e-02
4.146227208767745698e-02
4.146227208767745698e-02
4.146227208767745698e-02
4.146227208767745698e-02
4.146227208767745698e-02
4.146227208767745698e-02
4.146227208767745698e-02
4.146227208767745698e-02
4.128762821409738548e-02
4.128762821409738548e-02
4.128762821409738548e-02
4.128762821409738548e-02
4.128762821409738548e-02
4.128762821409738548e-02
4.128762821409738548e-02
4.128762821409738548e-02
4.128762821409738548e-02
4.128762821409738548e-02
4.128762821409738548e-02
4.128762821409738548e-02
4.128762821409738548e-02
4.128762821409738548e-02
4.128762821409738548e-02
4.128762821409738548e-02
4.128762821409738548e-02
4.138862129953292668e-02
4.138862129953292668e-02
4.138862129953292668e-02
4.138862129953292668e-02
4.138862129953292668e-02
4.138862129953292668e-02
4.138862129953292668e-02
4.138862129953292668e-02
4.138862129953292668e-02
4.138862129953292668e-02
4.138862129953292668e-02
4.138862129953292668e-02
4.138862129953292668e-02
4.138862129953292668e-02
4.138862129953292668e-02
4.138862129953292668e-02
4.138862129953292668e-02
