7.194247535602574239e-02
7.194247535602574239e-02
7.194247535602574239e-02
7.194247535602574239e-02
7.194247535602574239e-02
7.194247535602574239e-02
7.194247535602574239e-02
7.194247535602574239e-02
7.194247535602574239e-02
7.194247535602574239e-02
7.194247535602574239e-02
7.194247535602574239e-02
7.194247535602574239e-02
6.068607237768293416e-02
6.068607237768293416e-02
6.068607237768293416e-02
6.068607237768293416e-02
6.068607237768293416e-02
6.068607237768293416e-02
6.068607237768293416e-02
6.068607237768293416e-02
6.970406080230107104e-02
6.970406080230107104e-02
6.970406080230107104e-02
6.970406080230107104e-02
6.970406080230107104e-02
6.970406080230107104e-02
6.970406080230107104e-02
6.970406080230107104e-02
6.970406080230107104e-02
6.970406080230107104e-02
6.970406080230107104e-02
6.970406080230107104e-02
6.970406080230107104e-02
4.617390207219149167e-02
4.617390207219149167e-02
7.306185431662953755e-02
7.306185431662953755e-02
7.306185431662953755e-02
5.618748749272158699e-02
5.618748749272158699e-02
5.618748749272158699e-02
5.618748749272158699e-02
5.618748749272158699e-02
5.618748749272158699e-02
5.618748749272158699e-02
5.618748749272158699e-02
5.618748749272158699e-02
5.618748749272158699e-02
5.876567665330478807e-02
5.876567665330478807e-02
5.876567665330478807e-02
5.876567665330478807e-02
5.876567665330478807e-02
5.876567665330478807e-02
5.876567665330478807e-02
5.876567665330478807e-02
5.876567665330478807e-02
5.876567665330478807e-02
5.876567665330478807e-02
5.876567665330478807e-02
5.876567665330478807e-02
5.876567665330478807e-02
4.871909389133714796e-02
4.871909389133714796e-02
7.062586096415213177e-02
7.062586096415213177e-02
7.062586096415213177e-02
7.062586096415213177e-02
7.062586096415213177e-02
7.062586096415213177e-02
7.062586096415213177e-02
7.062586096415213177e-02
7.062586096415213177e-02
7.065933635618210085e-02
7.065933635618210085e-02
7.065933635618210085e-02
7.065933635618210085e-02
7.065933635618210085e-02
7.065933635618210085e-02
7.065933635618210085e-02
7.065933635618210085e-02
7.065933635618210085e-02
7.065933635618210085e-02
7.065933635618210085e-02
7.065933635618210085e-02
7.065933635618210085e-02
7.065933635618210085e-02
6.554102486742555134e-02
6.554102486742555134e-02
6.475207992231329923e-02
6.475207992231329923e-02
6.475207992231329923e-02
6.475207992231329923e-02
6.475207992231329923e-02
6.475207992231329923e-02
6.475207992231329923e-02
6.475207992231329923e-02
6.475207992231329923e-02
6.475207992231329923e-02
6.475207992231329923e-02
6.475207992231329923e-02
6.475207992231329923e-02
6.475207992231329923e-02
6.516408937917125832e-02
6.516408937917125832e-02
6.455469746165186373e-02
6.455469746165186373e-02
6.455469746165186373e-02
6.455469746165186373e-02
6.455469746165186373e-02
6.455469746165186373e-02
6.455469746165186373e-02
6.455469746165186373e-02
6.455469746165186373e-02
6.455469746165186373e-02
6.455469746165186373e-02
6.432450956192811709e-02
6.432450956192811709e-02
6.432450956192811709e-02
6.432450956192811709e-02
6.432450956192811709e-02
6.377762815503239258e-02
6.377762815503239258e-02
6.377762815503239258e-02
6.377762815503239258e-02
6.377762815503239258e-02
6.377762815503239258e-02
6.377762815503239258e-02
6.377762815503239258e-02
6.377762815503239258e-02
6.377762815503239258e-02
6.377762815503239258e-02
6.377762815503239258e-02
6.377762815503239258e-02
6.377762815503239258e-02
5.070931843369962805e-02
5.070931843369962805e-02
5.070931843369962805e-02
5.070931843369962805e-02
5.070931843369962805e-02
5.070931843369962805e-02
4.941250769248084485e-02
4.941250769248084485e-02
4.941250769248084485e-02
4.941250769248084485e-02
4.941250769248084485e-02
4.941250769248084485e-02
4.941250769248084485e-02
4.941250769248084485e-02
6.596410000537428209e-02
6.596410000537428209e-02
6.596410000537428209e-02
6.596410000537428209e-02
6.596410000537428209e-02
6.596410000537428209e-02
6.596410000537428209e-02
6.596410000537428209e-02
6.596410000537428209e-02
6.596410000537428209e-02
6.596410000537428209e-02
4.514419497912237900e-02
4.514419497912237900e-02
4.514419497912237900e-02
4.828389901781838384e-02
4.828389901781838384e-02
4.828389901781838384e-02
4.828389901781838384e-02
4.828389901781838384e-02
4.828389901781838384e-02
4.828389901781838384e-02
4.828389901781838384e-02
4.828389901781838384e-02
4.828389901781838384e-02
4.828389901781838384e-02
4.828389901781838384e-02
4.828389901781838384e-02
4.828389901781838384e-02
6.798066125622159728e-02
6.798066125622159728e-02
6.798066125622159728e-02
6.798066125622159728e-02
6.798066125622159728e-02
6.798066125622159728e-02
6.798066125622159728e-02
6.798066125622159728e-02
6.798066125622159728e-02
6.798066125622159728e-02
6.798066125622159728e-02
6.798066125622159728e-02
6.798066125622159728e-02
5.823653415046974730e-02
5.823653415046974730e-02
5.823653415046974730e-02
5.823653415046974730e-02
5.823653415046974730e-02
5.823653415046974730e-02
5.823653415046974730e-02
5.823653415046974730e-02
5.823653415046974730e-02
5.823653415046974730e-02
5.823653415046974730e-02
5.823653415046974730e-02
6.469750802041990267e-02
6.469750802041990267e-02
6.469750802041990267e-02
6.469750802041990267e-02
6.469750802041990267e-02
6.469750802041990267e-02
6.469750802041990267e-02
6.469750802041990267e-02
6.469750802041990267e-02
6.469750802041990267e-02
6.469750802041990267e-02
6.469750802041990267e-02
6.469750802041990267e-02
4.940240083227273593e-02
4.940240083227273593e-02
4.940240083227273593e-02
4.940240083227273593e-02
4.940240083227273593e-02
4.940240083227273593e-02
4.940240083227273593e-02
4.940240083227273593e-02
4.970034939296916199e-02
4.970034939296916199e-02
4.970034939296916199e-02
4.970034939296916199e-02
4.970034939296916199e-02
4.970034939296916199e-02
4.970034939296916199e-02
4.970034939296916199e-02
5.559049821170300443e-02
5.559049821170300443e-02
5.559049821170300443e-02
5.559049821170300443e-02
5.559049821170300443e-02
5.559049821170300443e-02
5.559049821170300443e-02
5.559049821170300443e-02
5.559049821170300443e-02
5.559049821170300443e-02
5.559049821170300443e-02
5.559049821170300443e-02
5.559049821170300443e-02
6.606363560695648063e-02
6.606363560695648063e-02
