4.782170085619166788e-02
4.782170085619166788e-02
4.782170085619166788e-02
4.782170085619166788e-02
4.782170085619166788e-02
4.782170085619166788e-02
4.782170085619166788e-02
4.782170085619166788e-02
4.782170085619166788e-02
4.782170085619166788e-02
4.782170085619166788e-02
4.782170085619166788e-02
4.782170085619166788e-02
4.782170085619166788e-02
4.782170085619166788e-02
4.782170085619166788e-02
4.782170085619166788e-02
4.789553090680744030e-02
4.789553090680744030e-02
4.789553090680744030e-02
4.789553090680744030e-02
4.789553090680744030e-02
4.789553090680744030e-02
4.789553090680744030e-02
4.789553090680744030e-02
4.789553090680744030e-02
4.789553090680744030e-02
4.789553090680744030e-02
4.789553090680744030e-02
4.789553090680744030e-02
4.789553090680744030e-02
4.789553090680744030e-02
4.789553090680744030e-02
4.789553090680744030e-02
8.002396349268207920e-02
8.002396349268207920e-02
8.002396349268207920e-02
8.002396349268207920e-02
8.002396349268207920e-02
8.002396349268207920e-02
8.002396349268207920e-02
8.002396349268207920e-02
8.002396349268207920e-02
8.002396349268207920e-02
8.002396349268207920e-02
8.002396349268207920e-02
8.002396349268207920e-02
8.002396349268207920e-02
8.002396349268207920e-02
8.002396349268207920e-02
8.002396349268207920e-02
4.789880380766859541e-02
4.789880380766859541e-02
4.789880380766859541e-02
4.789880380766859541e-02
4.789880380766859541e-02
4.789880380766859541e-02
4.789880380766859541e-02
4.789880380766859541e-02
4.789880380766859541e-02
4.789880380766859541e-02
4.789880380766859541e-02
4.789880380766859541e-02
4.789880380766859541e-02
4.789880380766859541e-02
4.789880380766859541e-02
4.789880380766859541e-02
4.789880380766859541e-02
7.978608297723524534e-02
7.978608297723524534e-02
7.978608297723524534e-02
7.978608297723524534e-02
7.978608297723524534e-02
7.978608297723524534e-02
7.978608297723524534e-02
7.978608297723524534e-02
7.978608297723524534e-02
7.978608297723524534e-02
7.978608297723524534e-02
7.978608297723524534e-02
7.978608297723524534e-02
7.978608297723524534e-02
7.978608297723524534e-02
7.978608297723524534e-02
7.978608297723524534e-02
4.775774517880068681e-02
4.775774517880068681e-02
4.775774517880068681e-02
4.775774517880068681e-02
4.775774517880068681e-02
4.775774517880068681e-02
4.775774517880068681e-02
4.775774517880068681e-02
4.775774517880068681e-02
4.775774517880068681e-02
4.775774517880068681e-02
4.775774517880068681e-02
4.775774517880068681e-02
4.775774517880068681e-02
4.775774517880068681e-02
4.775774517880068681e-02
4.775774517880068681e-02
7.979335642588834820e-02
7.979335642588834820e-02
7.979335642588834820e-02
7.979335642588834820e-02
7.979335642588834820e-02
7.979335642588834820e-02
7.979335642588834820e-02
7.979335642588834820e-02
7.979335642588834820e-02
7.979335642588834820e-02
7.979335642588834820e-02
7.979335642588834820e-02
7.979335642588834820e-02
7.979335642588834820e-02
7.979335642588834820e-02
7.979335642588834820e-02
7.979335642588834820e-02
4.804152032483669649e-02
4.804152032483669649e-02
4.804152032483669649e-02
4.804152032483669649e-02
4.804152032483669649e-02
4.804152032483669649e-02
4.804152032483669649e-02
4.804152032483669649e-02
4.804152032483669649e-02
4.804152032483669649e-02
4.804152032483669649e-02
4.804152032483669649e-02
4.804152032483669649e-02
4.804152032483669649e-02
4.804152032483669649e-02
4.804152032483669649e-02
4.804152032483669649e-02
7.984417883891349599e-02
7.984417883891349599e-02
7.984417883891349599e-02
7.984417883891349599e-02
7.984417883891349599e-02
7.984417883891349599e-02
7.984417883891349599e-02
7.984417883891349599e-02
7.984417883891349599e-02
7.984417883891349599e-02
7.984417883891349599e-02
7.984417883891349599e-02
7.984417883891349599e-02
7.984417883891349599e-02
7.984417883891349599e-02
7.984417883891349599e-02
7.984417883891349599e-02
4.783217281796483394e-02
4.783217281796483394e-02
4.783217281796483394e-02
4.783217281796483394e-02
4.783217281796483394e-02
4.783217281796483394e-02
4.783217281796483394e-02
4.783217281796483394e-02
4.783217281796483394e-02
4.783217281796483394e-02
4.783217281796483394e-02
4.783217281796483394e-02
4.783217281796483394e-02
4.783217281796483394e-02
4.783217281796483394e-02
4.783217281796483394e-02
4.783217281796483394e-02
4.789973182381171424e-02
4.789973182381171424e-02
4.789973182381171424e-02
4.789973182381171424e-02
4.789973182381171424e-02
4.789973182381171424e-02
4.789973182381171424e-02
4.789973182381171424e-02
4.789973182381171424e-02
4.789973182381171424e-02
4.789973182381171424e-02
4.789973182381171424e-02
4.789973182381171424e-02
4.789973182381171424e-02
4.789973182381171424e-02
4.789973182381171424e-02
4.789973182381171424e-02
4.788593360431442347e-02
4.788593360431442347e-02
4.788593360431442347e-02
4.788593360431442347e-02
4.788593360431442347e-02
4.788593360431442347e-02
4.788593360431442347e-02
4.788593360431442347e-02
4.788593360431442347e-02
4.788593360431442347e-02
4.788593360431442347e-02
4.788593360431442347e-02
4.788593360431442347e-02
4.788593360431442347e-02
4.788593360431442347e-02
4.788593360431442347e-02
4.788593360431442347e-02
7.975062684957034964e-02
7.975062684957034964e-02
7.975062684957034964e-02
7.975062684957034964e-02
7.975062684957034964e-02
7.975062684957034964e-02
7.975062684957034964e-02
7.975062684957034964e-02
7.975062684957034964e-02
7.975062684957034964e-02
7.975062684957034964e-02
7.975062684957034964e-02
7.975062684957034964e-02
7.975062684957034964e-02
7.975062684957034964e-02
7.975062684957034964e-02
7.975062684957034964e-02
