4.826667343406439853e-02
4.826667343406439853e-02
4.826667343406439853e-02
4.826667343406439853e-02
4.826667343406439853e-02
4.826667343406439853e-02
4.826667343406439853e-02
4.826667343406439853e-02
4.826667343406439853e-02
4.826667343406439853e-02
4.826667343406439853e-02
4.826667343406439853e-02
4.826667343406439853e-02
4.826667343406439853e-02
4.826667343406439853e-02
4.826667343406439853e-02
4.826667343406439853e-02
4.778651671148233249e-02
4.778651671148233249e-02
4.778651671148233249e-02
4.778651671148233249e-02
4.778651671148233249e-02
4.778651671148233249e-02
4.778651671148233249e-02
4.778651671148233249e-02
4.778651671148233249e-02
4.778651671148233249e-02
4.778651671148233249e-02
4.778651671148233249e-02
4.778651671148233249e-02
4.778651671148233249e-02
4.778651671148233249e-02
4.778651671148233249e-02
4.778651671148233249e-02
4.792412587364063004e-02
4.792412587364063004e-02
4.792412587364063004e-02
4.792412587364063004e-02
4.792412587364063004e-02
4.792412587364063004e-02
4.792412587364063004e-02
4.792412587364063004e-02
4.792412587364063004e-02
4.792412587364063004e-02
4.792412587364063004e-02
4.792412587364063004e-02
4.792412587364063004e-02
4.792412587364063004e-02
4.792412587364063004e-02
4.792412587364063004e-02
4.792412587364063004e-02
4.793435348840106164e-02
4.793435348840106164e-02
4.793435348840106164e-02
4.793435348840106164e-02
4.793435348840106164e-02
4.793435348840106164e-02
4.793435348840106164e-02
4.793435348840106164e-02
4.793435348840106164e-02
4.793435348840106164e-02
4.793435348840106164e-02
4.793435348840106164e-02
4.793435348840106164e-02
4.793435348840106164e-02
4.793435348840106164e-02
4.793435348840106164e-02
4.793435348840106164e-02
4.789748571618735601e-02
4.789748571618735601e-02
4.789748571618735601e-02
4.789748571618735601e-02
4.789748571618735601e-02
4.789748571618735601e-02
4.789748571618735601e-02
4.789748571618735601e-02
4.789748571618735601e-02
4.789748571618735601e-02
4.789748571618735601e-02
4.789748571618735601e-02
4.789748571618735601e-02
4.789748571618735601e-02
4.789748571618735601e-02
4.789748571618735601e-02
4.789748571618735601e-02
4.786135577989136108e-02
4.786135577989136108e-02
4.786135577989136108e-02
4.786135577989136108e-02
4.786135577989136108e-02
4.786135577989136108e-02
4.786135577989136108e-02
4.786135577989136108e-02
4.786135577989136108e-02
4.786135577989136108e-02
4.786135577989136108e-02
4.786135577989136108e-02
4.786135577989136108e-02
4.786135577989136108e-02
4.786135577989136108e-02
4.786135577989136108e-02
4.786135577989136108e-02
4.787567391069829509e-02
4.787567391069829509e-02
4.787567391069829509e-02
4.787567391069829509e-02
4.787567391069829509e-02
4.787567391069829509e-02
4.787567391069829509e-02
4.787567391069829509e-02
4.787567391069829509e-02
4.787567391069829509e-02
4.787567391069829509e-02
4.787567391069829509e-02
4.787567391069829509e-02
4.787567391069829509e-02
4.787567391069829509e-02
4.787567391069829509e-02
4.787567391069829509e-02
4.992088941851093725e-02
4.992088941851093725e-02
4.992088941851093725e-02
4.992088941851093725e-02
4.992088941851093725e-02
4.992088941851093725e-02
4.992088941851093725e-02
4.992088941851093725e-02
4.992088941851093725e-02
4.992088941851093725e-02
4.992088941851093725e-02
4.992088941851093725e-02
4.992088941851093725e-02
4.992088941851093725e-02
4.992088941851093725e-02
4.992088941851093725e-02
4.992088941851093725e-02
4.812968963839250880e-02
4.812968963839250880e-02
4.812968963839250880e-02
4.812968963839250880e-02
4.812968963839250880e-02
4.812968963839250880e-02
4.812968963839250880e-02
4.812968963839250880e-02
4.812968963839250880e-02
4.812968963839250880e-02
4.812968963839250880e-02
4.812968963839250880e-02
4.812968963839250880e-02
4.812968963839250880e-02
4.812968963839250880e-02
4.812968963839250880e-02
4.812968963839250880e-02
4.781745550900450004e-02
4.781745550900450004e-02
4.781745550900450004e-02
4.781745550900450004e-02
4.781745550900450004e-02
4.781745550900450004e-02
4.781745550900450004e-02
4.781745550900450004e-02
4.781745550900450004e-02
4.781745550900450004e-02
4.781745550900450004e-02
4.781745550900450004e-02
4.781745550900450004e-02
4.781745550900450004e-02
4.781745550900450004e-02
4.781745550900450004e-02
4.781745550900450004e-02
4.788102179047960122e-02
4.788102179047960122e-02
4.788102179047960122e-02
4.788102179047960122e-02
4.788102179047960122e-02
4.788102179047960122e-02
4.788102179047960122e-02
4.788102179047960122e-02
4.788102179047960122e-02
4.788102179047960122e-02
4.788102179047960122e-02
4.788102179047960122e-02
4.788102179047960122e-02
4.788102179047960122e-02
4.788102179047960122e-02
4.788102179047960122e-02
4.788102179047960122e-02
4.779434804280798671e-02
4.779434804280798671e-02
4.779434804280798671e-02
4.779434804280798671e-02
4.779434804280798671e-02
4.779434804280798671e-02
4.779434804280798671e-02
4.779434804280798671e-02
4.779434804280798671e-02
4.779434804280798671e-02
4.779434804280798671e-02
4.779434804280798671e-02
4.779434804280798671e-02
4.779434804280798671e-02
4.779434804280798671e-02
4.779434804280798671e-02
4.779434804280798671e-02
