2.820504319198102045e-02
2.820504319198102045e-02
2.820504319198102045e-02
2.820504319198102045e-02
2.820504319198102045e-02
2.820504319198102045e-02
2.820504319198102045e-02
2.820504319198102045e-02
2.820504319198102045e-02
2.820504319198102045e-02
2.820504319198102045e-02
2.820504319198102045e-02
2.820504319198102045e-02
2.820504319198102045e-02
2.820504319198102045e-02
2.241344752851934935e-02
2.241344752851934935e-02
2.241344752851934935e-02
2.241344752851934935e-02
2.241344752851934935e-02
2.241344752851934935e-02
2.241344752851934935e-02
2.241344752851934935e-02
2.241344752851934935e-02
2.241344752851934935e-02
2.241344752851934935e-02
2.241344752851934935e-02
2.749737925811020223e-02
2.749737925811020223e-02
2.749737925811020223e-02
2.749737925811020223e-02
2.749737925811020223e-02
2.749737925811020223e-02
2.749737925811020223e-02
2.749737925811020223e-02
2.749737925811020223e-02
2.749737925811020223e-02
2.749737925811020223e-02
2.749737925811020223e-02
2.749737925811020223e-02
2.749737925811020223e-02
2.749737925811020223e-02
2.749737925811020223e-02
2.917043775997742172e-02
2.917043775997742172e-02
2.917043775997742172e-02
2.917043775997742172e-02
2.917043775997742172e-02
2.917043775997742172e-02
2.917043775997742172e-02
2.917043775997742172e-02
2.917043775997742172e-02
2.917043775997742172e-02
2.917043775997742172e-02
2.917043775997742172e-02
2.917043775997742172e-02
2.917043775997742172e-02
2.917043775997742172e-02
2.917043775997742172e-02
2.999449374128585963e-02
2.999449374128585963e-02
2.999449374128585963e-02
2.999449374128585963e-02
2.999449374128585963e-02
2.999449374128585963e-02
2.999449374128585963e-02
2.999449374128585963e-02
2.999449374128585963e-02
2.999449374128585963e-02
2.999449374128585963e-02
2.999449374128585963e-02
2.999449374128585963e-02
2.999449374128585963e-02
2.999449374128585963e-02
2.999449374128585963e-02
2.732055375917566420e-02
2.732055375917566420e-02
2.732055375917566420e-02
2.732055375917566420e-02
2.732055375917566420e-02
2.732055375917566420e-02
2.732055375917566420e-02
2.732055375917566420e-02
2.732055375917566420e-02
2.732055375917566420e-02
2.732055375917566420e-02
2.732055375917566420e-02
2.732055375917566420e-02
2.732055375917566420e-02
2.732055375917566420e-02
2.732055375917566420e-02
2.847881618369309947e-02
2.847881618369309947e-02
2.847881618369309947e-02
2.847881618369309947e-02
2.847881618369309947e-02
2.847881618369309947e-02
2.847881618369309947e-02
2.847881618369309947e-02
2.847881618369309947e-02
2.847881618369309947e-02
2.847881618369309947e-02
2.847881618369309947e-02
2.847881618369309947e-02
2.847881618369309947e-02
2.847881618369309947e-02
2.847881618369309947e-02
3.364691766229757630e-02
3.364691766229757630e-02
3.364691766229757630e-02
3.364691766229757630e-02
3.364691766229757630e-02
3.364691766229757630e-02
3.364691766229757630e-02
3.364691766229757630e-02
3.364691766229757630e-02
3.364691766229757630e-02
3.364691766229757630e-02
3.364691766229757630e-02
3.364691766229757630e-02
3.364691766229757630e-02
1.705724614191436381e-02
3.313776125627772295e-02
3.313776125627772295e-02
3.313776125627772295e-02
3.313776125627772295e-02
3.313776125627772295e-02
3.313776125627772295e-02
3.313776125627772295e-02
3.313776125627772295e-02
3.313776125627772295e-02
3.313776125627772295e-02
3.313776125627772295e-02
3.313776125627772295e-02
3.313776125627772295e-02
3.313776125627772295e-02
3.313776125627772295e-02
3.313776125627772295e-02
3.386290560811550110e-02
3.386290560811550110e-02
3.386290560811550110e-02
3.386290560811550110e-02
3.386290560811550110e-02
3.386290560811550110e-02
3.386290560811550110e-02
3.386290560811550110e-02
3.386290560811550110e-02
3.386290560811550110e-02
3.386290560811550110e-02
3.386290560811550110e-02
3.386290560811550110e-02
3.386290560811550110e-02
3.386290560811550110e-02
3.386290560811550110e-02
1.724588793996600922e-02
1.724588793996600922e-02
1.724588793996600922e-02
1.724588793996600922e-02
2.749190026811543230e-02
2.749190026811543230e-02
2.749190026811543230e-02
2.749190026811543230e-02
2.749190026811543230e-02
2.749190026811543230e-02
2.749190026811543230e-02
2.749190026811543230e-02
2.749190026811543230e-02
2.749190026811543230e-02
2.749190026811543230e-02
2.749190026811543230e-02
2.749190026811543230e-02
2.749190026811543230e-02
2.749190026811543230e-02
2.749190026811543230e-02
3.002246583287654369e-02
3.002246583287654369e-02
3.002246583287654369e-02
3.002246583287654369e-02
3.002246583287654369e-02
3.002246583287654369e-02
3.002246583287654369e-02
3.002246583287654369e-02
3.002246583287654369e-02
3.002246583287654369e-02
3.002246583287654369e-02
3.002246583287654369e-02
3.002246583287654369e-02
3.002246583287654369e-02
3.002246583287654369e-02
3.002246583287654369e-02
2.997462102807211051e-02
2.997462102807211051e-02
2.997462102807211051e-02
2.997462102807211051e-02
2.997462102807211051e-02
2.997462102807211051e-02
2.997462102807211051e-02
2.997462102807211051e-02
2.997462102807211051e-02
2.997462102807211051e-02
2.997462102807211051e-02
2.997462102807211051e-02
2.997462102807211051e-02
2.997462102807211051e-02
2.997462102807211051e-02
3.352759980444227489e-02
3.352759980444227489e-02
3.352759980444227489e-02
3.352759980444227489e-02
3.352759980444227489e-02
3.352759980444227489e-02
3.352759980444227489e-02
3.352759980444227489e-02
3.352759980444227489e-02
3.352759980444227489e-02
3.352759980444227489e-02
3.352759980444227489e-02
3.352759980444227489e-02
3.352759980444227489e-02
3.352759980444227489e-02
3.352759980444227489e-02
