1.786356605293562202e-02
6.320858163368375804e-02
6.320858163368375804e-02
6.320858163368375804e-02
6.320858163368375804e-02
6.320858163368375804e-02
6.320858163368375804e-02
6.320858163368375804e-02
6.320858163368375804e-02
6.320858163368375804e-02
6.320858163368375804e-02
6.320858163368375804e-02
6.320858163368375804e-02
5.972805102266575544e-02
5.972805102266575544e-02
5.972805102266575544e-02
5.972805102266575544e-02
5.972805102266575544e-02
5.972805102266575544e-02
5.972805102266575544e-02
5.972805102266575544e-02
5.972805102266575544e-02
5.972805102266575544e-02
5.972805102266575544e-02
5.972805102266575544e-02
6.357817270524643294e-02
6.357817270524643294e-02
6.357817270524643294e-02
6.357817270524643294e-02
6.357817270524643294e-02
1.769958261194295307e-02
6.338366161991897119e-02
6.338366161991897119e-02
6.338366161991897119e-02
6.338366161991897119e-02
6.338366161991897119e-02
6.338366161991897119e-02
6.338366161991897119e-02
6.338366161991897119e-02
6.338366161991897119e-02
6.338366161991897119e-02
6.338366161991897119e-02
6.338366161991897119e-02
6.266963723658358631e-02
6.266963723658358631e-02
6.266963723658358631e-02
6.266963723658358631e-02
6.266963723658358631e-02
6.266963723658358631e-02
6.266963723658358631e-02
6.266963723658358631e-02
6.266963723658358631e-02
6.266963723658358631e-02
6.266963723658358631e-02
6.266963723658358631e-02
6.266963723658358631e-02
6.266963723658358631e-02
6.329112303141913587e-02
6.329112303141913587e-02
6.329112303141913587e-02
6.329112303141913587e-02
6.329112303141913587e-02
6.329112303141913587e-02
6.329112303141913587e-02
6.329112303141913587e-02
6.329112303141913587e-02
6.329112303141913587e-02
6.329112303141913587e-02
6.329112303141913587e-02
6.329112303141913587e-02
6.350337779077530609e-02
6.350337779077530609e-02
6.350337779077530609e-02
6.350337779077530609e-02
6.339251272135726367e-02
6.339251272135726367e-02
6.339251272135726367e-02
6.339251272135726367e-02
6.339251272135726367e-02
6.339251272135726367e-02
6.339251272135726367e-02
6.339251272135726367e-02
6.339251272135726367e-02
6.339251272135726367e-02
6.339251272135726367e-02
6.339251272135726367e-02
1.769148021326728132e-02
1.769493719507392662e-02
1.777707150447575823e-02
6.329340487542577109e-02
6.329340487542577109e-02
6.329340487542577109e-02
6.329340487542577109e-02
6.329340487542577109e-02
6.329340487542577109e-02
6.329340487542577109e-02
6.329340487542577109e-02
6.329340487542577109e-02
6.329340487542577109e-02
6.329340487542577109e-02
6.329340487542577109e-02
6.327441895462976307e-02
6.327441895462976307e-02
6.327441895462976307e-02
6.327441895462976307e-02
6.327441895462976307e-02
6.327441895462976307e-02
6.327441895462976307e-02
6.327441895462976307e-02
6.327441895462976307e-02
6.327441895462976307e-02
6.327441895462976307e-02
6.327441895462976307e-02
1.777953013495339740e-02
1.772866823452156834e-02
6.322192097353829254e-02
6.322192097353829254e-02
6.322192097353829254e-02
6.322192097353829254e-02
6.322192097353829254e-02
6.322192097353829254e-02
6.322192097353829254e-02
6.322192097353829254e-02
6.322192097353829254e-02
6.322192097353829254e-02
6.322192097353829254e-02
6.322192097353829254e-02
6.318253155199526905e-02
6.318253155199526905e-02
6.318253155199526905e-02
6.318253155199526905e-02
6.318253155199526905e-02
6.318253155199526905e-02
6.318253155199526905e-02
6.318253155199526905e-02
6.318253155199526905e-02
6.318253155199526905e-02
6.318253155199526905e-02
6.318253155199526905e-02
6.287714604774641280e-02
6.287714604774641280e-02
6.287714604774641280e-02
6.287714604774641280e-02
6.287714604774641280e-02
6.287714604774641280e-02
6.287714604774641280e-02
6.287714604774641280e-02
6.287714604774641280e-02
6.287714604774641280e-02
6.287714604774641280e-02
6.287714604774641280e-02
6.287714604774641280e-02
6.287714604774641280e-02
6.355307552463421161e-02
6.355307552463421161e-02
6.299790234670715749e-02
6.299790234670715749e-02
6.299790234670715749e-02
6.299790234670715749e-02
6.299790234670715749e-02
6.299790234670715749e-02
6.299790234670715749e-02
6.299790234670715749e-02
6.299790234670715749e-02
6.299790234670715749e-02
6.299790234670715749e-02
6.299790234670715749e-02
6.299790234670715749e-02
6.299790234670715749e-02
1.912500994013176595e-02
6.278440888370570572e-02
6.278440888370570572e-02
6.278440888370570572e-02
6.278440888370570572e-02
6.278440888370570572e-02
6.278440888370570572e-02
6.278440888370570572e-02
6.278440888370570572e-02
6.278440888370570572e-02
6.278440888370570572e-02
6.278440888370570572e-02
6.278440888370570572e-02
6.278440888370570572e-02
6.278440888370570572e-02
1.745111757388742926e-02
1.745111757388742926e-02
6.283862265804977809e-02
6.283862265804977809e-02
6.283862265804977809e-02
6.283862265804977809e-02
6.283862265804977809e-02
6.283862265804977809e-02
6.283862265804977809e-02
6.283862265804977809e-02
6.283862265804977809e-02
6.283862265804977809e-02
6.283862265804977809e-02
6.283862265804977809e-02
6.283862265804977809e-02
6.283862265804977809e-02
6.265717900215203584e-02
6.265717900215203584e-02
6.265717900215203584e-02
6.265717900215203584e-02
6.265717900215203584e-02
6.265717900215203584e-02
6.265717900215203584e-02
6.265717900215203584e-02
6.265717900215203584e-02
6.265717900215203584e-02
6.265717900215203584e-02
6.265717900215203584e-02
6.265717900215203584e-02
6.265717900215203584e-02
6.265717900215203584e-02
6.293161684269413247e-02
6.293161684269413247e-02
6.293161684269413247e-02
6.293161684269413247e-02
6.293161684269413247e-02
6.293161684269413247e-02
6.293161684269413247e-02
6.293161684269413247e-02
6.293161684269413247e-02
6.293161684269413247e-02
6.293161684269413247e-02
6.293161684269413247e-02
6.293161684269413247e-02
6.293161684269413247e-02
1.775338751075425381e-02
