1.040027478971413538e-01
1.040027478971413538e-01
1.040027478971413538e-01
1.040027478971413538e-01
1.040027478971413538e-01
1.040027478971413538e-01
1.040027478971413538e-01
1.040027478971413538e-01
1.040027478971413538e-01
1.040027478971413538e-01
1.040027478971413538e-01
1.040027478971413538e-01
1.039879521302436577e-01
1.039879521302436577e-01
1.039879521302436577e-01
1.039879521302436577e-01
1.039879521302436577e-01
1.039879521302436577e-01
1.039879521302436577e-01
1.039879521302436577e-01
1.039879521302436577e-01
1.039879521302436577e-01
1.039879521302436577e-01
1.039879521302436577e-01
1.032025458224057335e-01
1.032025458224057335e-01
1.032025458224057335e-01
1.032025458224057335e-01
1.032025458224057335e-01
1.032025458224057335e-01
1.032025458224057335e-01
1.032025458224057335e-01
1.032025458224057335e-01
1.032025458224057335e-01
1.032025458224057335e-01
1.032025458224057335e-01
1.032025458224057335e-01
1.032025458224057335e-01
1.032025458224057335e-01
1.032025458224057335e-01
1.032025458224057335e-01
1.034165251751361647e-01
1.034165251751361647e-01
1.034165251751361647e-01
1.034165251751361647e-01
1.034165251751361647e-01
1.034165251751361647e-01
1.034165251751361647e-01
1.034165251751361647e-01
1.034165251751361647e-01
1.034165251751361647e-01
1.034165251751361647e-01
1.034165251751361647e-01
1.034165251751361647e-01
1.034165251751361647e-01
1.042044106495325501e-01
1.042044106495325501e-01
1.042044106495325501e-01
1.042044106495325501e-01
1.042044106495325501e-01
1.042044106495325501e-01
1.042044106495325501e-01
1.042044106495325501e-01
1.042044106495325501e-01
1.042044106495325501e-01
1.044449128968362728e-01
1.044449128968362728e-01
1.044449128968362728e-01
1.044449128968362728e-01
1.044449128968362728e-01
1.044449128968362728e-01
1.044449128968362728e-01
1.044449128968362728e-01
1.044449128968362728e-01
1.044449128968362728e-01
1.038097007858687360e-01
1.038097007858687360e-01
1.038097007858687360e-01
1.038097007858687360e-01
1.038097007858687360e-01
1.038097007858687360e-01
1.038097007858687360e-01
1.038097007858687360e-01
1.038097007858687360e-01
1.038097007858687360e-01
1.038097007858687360e-01
1.038097007858687360e-01
2.445951020910791529e-02
2.445951020910791529e-02
2.445951020910791529e-02
2.445951020910791529e-02
1.036005657611078490e-01
1.036005657611078490e-01
1.036005657611078490e-01
1.036005657611078490e-01
1.036005657611078490e-01
1.036005657611078490e-01
1.036005657611078490e-01
1.036005657611078490e-01
1.036005657611078490e-01
1.036005657611078490e-01
1.036005657611078490e-01
1.036005657611078490e-01
1.036005657611078490e-01
2.471237429570330435e-02
2.471237429570330435e-02
2.471237429570330435e-02
2.471237429570330435e-02
2.471237429570330435e-02
1.042361624111109442e-01
1.042361624111109442e-01
1.042361624111109442e-01
1.042361624111109442e-01
1.042361624111109442e-01
1.042361624111109442e-01
1.037295124558983567e-01
1.037295124558983567e-01
1.037295124558983567e-01
1.037295124558983567e-01
1.037295124558983567e-01
1.037295124558983567e-01
1.037295124558983567e-01
1.037295124558983567e-01
1.037295124558983567e-01
1.037295124558983567e-01
1.037295124558983567e-01
1.037295124558983567e-01
1.037295124558983567e-01
1.041749430250149822e-01
1.041749430250149822e-01
1.041749430250149822e-01
1.041749430250149822e-01
1.036081117177032607e-01
1.036081117177032607e-01
1.036081117177032607e-01
1.036081117177032607e-01
1.036081117177032607e-01
1.036081117177032607e-01
1.036081117177032607e-01
1.036081117177032607e-01
1.036081117177032607e-01
1.036081117177032607e-01
1.036081117177032607e-01
1.036081117177032607e-01
1.036081117177032607e-01
1.032538356204159985e-01
1.032538356204159985e-01
1.032538356204159985e-01
1.032538356204159985e-01
1.032538356204159985e-01
1.032538356204159985e-01
1.032538356204159985e-01
1.032538356204159985e-01
1.032538356204159985e-01
1.032538356204159985e-01
1.032538356204159985e-01
1.032538356204159985e-01
1.032538356204159985e-01
1.032538356204159985e-01
1.040788016886387418e-01
1.040788016886387418e-01
1.040788016886387418e-01
1.040788016886387418e-01
1.040788016886387418e-01
1.040788016886387418e-01
1.040788016886387418e-01
1.040788016886387418e-01
1.040788016886387418e-01
1.040788016886387418e-01
1.040788016886387418e-01
1.042388468302395260e-01
1.042388468302395260e-01
1.042388468302395260e-01
1.042388468302395260e-01
1.042388468302395260e-01
1.042388468302395260e-01
1.042388468302395260e-01
1.042388468302395260e-01
1.042388468302395260e-01
1.042388468302395260e-01
1.037241107728153339e-01
1.037241107728153339e-01
1.037241107728153339e-01
1.037241107728153339e-01
1.037241107728153339e-01
1.037241107728153339e-01
1.037241107728153339e-01
1.037241107728153339e-01
1.037241107728153339e-01
1.037241107728153339e-01
1.037241107728153339e-01
1.037241107728153339e-01
1.037241107728153339e-01
1.036327542766202620e-01
1.036327542766202620e-01
1.036327542766202620e-01
1.036327542766202620e-01
1.036327542766202620e-01
1.036327542766202620e-01
1.036327542766202620e-01
1.036327542766202620e-01
1.036327542766202620e-01
1.036327542766202620e-01
1.036327542766202620e-01
1.036327542766202620e-01
1.036327542766202620e-01
