9.310187135879770259e-02
9.310187135879770259e-02
9.310187135879770259e-02
9.310187135879770259e-02
9.310187135879770259e-02
9.310187135879770259e-02
9.310187135879770259e-02
1.244070934547512608e-01
1.244070934547512608e-01
1.244070934547512608e-01
1.244070934547512608e-01
1.244070934547512608e-01
1.244070934547512608e-01
1.244070934547512608e-01
1.289302462980427555e-01
1.289302462980427555e-01
1.256630571177801969e-01
1.241515818651541120e-01
1.241515818651541120e-01
1.248456736942743922e-01
1.248456736942743922e-01
1.269585858704957715e-01
1.280101333974475175e-01
1.293009137320541013e-01
1.293009137320541013e-01
1.259405267942814710e-01
1.257817234815763463e-01
1.257817234815763463e-01
1.265825987185220103e-01
1.265825987185220103e-01
1.265825987185220103e-01
1.265825987185220103e-01
1.265825987185220103e-01
1.265825987185220103e-01
1.265825987185220103e-01
1.265825987185220103e-01
1.265825987185220103e-01
1.275824540300047327e-01
1.275824540300047327e-01
1.270210350723603998e-01
1.270210350723603998e-01
1.270210350723603998e-01
1.270210350723603998e-01
1.270210350723603998e-01
1.270210350723603998e-01
1.270210350723603998e-01
1.270210350723603998e-01
1.270210350723603998e-01
1.270210350723603998e-01
1.270210350723603998e-01
1.270210350723603998e-01
1.302671039266544983e-01
1.251157949792953139e-01
1.251157949792953139e-01
1.251157949792953139e-01
1.251157949792953139e-01
1.251157949792953139e-01
1.251157949792953139e-01
1.251157949792953139e-01
1.260881529032002180e-01
9.294874120278653895e-02
9.294874120278653895e-02
9.294874120278653895e-02
9.294874120278653895e-02
9.294874120278653895e-02
9.294874120278653895e-02
9.294874120278653895e-02
1.307332859811833892e-01
1.307332859811833892e-01
1.293981050999197246e-01
1.242083599462639881e-01
1.242083599462639881e-01
1.242083599462639881e-01
1.242083599462639881e-01
1.242083599462639881e-01
1.242083599462639881e-01
1.242083599462639881e-01
1.242083599462639881e-01
1.242083599462639881e-01
1.258340109731164447e-01
1.258340109731164447e-01
1.281502288781616872e-01
1.281502288781616872e-01
1.285638244371813677e-01
1.273128293485743523e-01
1.273128293485743523e-01
1.240996110261649577e-01
1.240996110261649577e-01
1.295228204486160162e-01
1.295228204486160162e-01
1.244872867645528125e-01
1.244872867645528125e-01
1.244872867645528125e-01
1.244872867645528125e-01
1.244872867645528125e-01
1.238827840796048047e-01
1.238827840796048047e-01
1.310571242591486441e-01
3.546976962072667661e-02
3.546976962072667661e-02
3.546976962072667661e-02
3.546976962072667661e-02
3.546976962072667661e-02
3.546976962072667661e-02
3.546976962072667661e-02
1.291821634791728290e-01
1.291821634791728290e-01
1.293097744306485053e-01
1.293097744306485053e-01
1.238967574072592365e-01
1.238967574072592365e-01
1.238967574072592365e-01
1.238967574072592365e-01
1.238967574072592365e-01
1.257716659051879848e-01
1.257716659051879848e-01
1.257716659051879848e-01
1.249408228936086523e-01
1.249408228936086523e-01
1.249408228936086523e-01
1.249408228936086523e-01
1.249408228936086523e-01
1.278716705227395112e-01
1.278716705227395112e-01
1.238559779394170363e-01
1.238559779394170363e-01
1.238559779394170363e-01
1.303124483626020291e-01
1.303124483626020291e-01
1.283027888216251022e-01
1.284600496518010782e-01
1.284600496518010782e-01
1.275756736922559753e-01
1.275756736922559753e-01
1.275756736922559753e-01
1.275756736922559753e-01
1.275756736922559753e-01
1.275756736922559753e-01
1.275756736922559753e-01
1.275756736922559753e-01
1.246824319331905906e-01
1.246824319331905906e-01
9.333167222321810119e-02
9.333167222321810119e-02
9.333167222321810119e-02
1.262080106609105856e-01
1.262080106609105856e-01
1.245273099825966873e-01
1.245273099825966873e-01
1.245273099825966873e-01
1.245273099825966873e-01
1.245273099825966873e-01
1.245273099825966873e-01
1.245273099825966873e-01
1.245273099825966873e-01
1.300253041561209022e-01
1.300253041561209022e-01
1.242930564365461454e-01
1.242930564365461454e-01
1.242930564365461454e-01
1.242930564365461454e-01
1.242930564365461454e-01
1.300207364920982767e-01
1.259568925427125841e-01
1.301948957549112218e-01
1.301948957549112218e-01
3.151908681221408937e-02
3.151908681221408937e-02
3.151908681221408937e-02
3.151908681221408937e-02
3.151908681221408937e-02
1.282930942475217773e-01
1.273017195556920833e-01
1.273017195556920833e-01
1.273017195556920833e-01
1.254566996760268505e-01
1.254566996760268505e-01
1.283088549648273846e-01
1.283088549648273846e-01
1.299304211113182506e-01
1.299304211113182506e-01
1.233291375902365733e-01
1.233291375902365733e-01
1.233291375902365733e-01
1.233291375902365733e-01
1.233291375902365733e-01
1.233291375902365733e-01
1.233291375902365733e-01
1.233291375902365733e-01
1.233291375902365733e-01
1.233291375902365733e-01
1.233291375902365733e-01
1.303687895949534603e-01
1.277015878505431967e-01
1.308968522583502103e-01
1.292171404802552326e-01
1.292171404802552326e-01
1.300312599447547846e-01
1.300312599447547846e-01
3.510341228311315842e-02
3.510341228311315842e-02
3.510341228311315842e-02
3.510341228311315842e-02
3.510341228311315842e-02
3.510341228311315842e-02
3.510341228311315842e-02
3.642945446391890330e-02
3.642945446391890330e-02
3.642945446391890330e-02
3.642945446391890330e-02
3.642945446391890330e-02
