3.323721097886314646e-02
3.323721097886314646e-02
3.323721097886314646e-02
3.323721097886314646e-02
3.323721097886314646e-02
3.323721097886314646e-02
3.323721097886314646e-02
3.323721097886314646e-02
3.323721097886314646e-02
3.323721097886314646e-02
3.323721097886314646e-02
3.323721097886314646e-02
3.323721097886314646e-02
3.323721097886314646e-02
3.323721097886314646e-02
3.323721097886314646e-02
3.323721097886314646e-02
3.216480415067896753e-02
3.216480415067896753e-02
3.216480415067896753e-02
3.216480415067896753e-02
3.216480415067896753e-02
3.216480415067896753e-02
3.216480415067896753e-02
3.216480415067896753e-02
3.216480415067896753e-02
3.216480415067896753e-02
3.216480415067896753e-02
3.216480415067896753e-02
3.216480415067896753e-02
3.216480415067896753e-02
3.216480415067896753e-02
3.216480415067896753e-02
3.216480415067896753e-02
3.254248273936059810e-02
3.254248273936059810e-02
3.254248273936059810e-02
3.254248273936059810e-02
3.254248273936059810e-02
3.254248273936059810e-02
3.254248273936059810e-02
3.254248273936059810e-02
3.254248273936059810e-02
3.254248273936059810e-02
3.254248273936059810e-02
3.254248273936059810e-02
3.254248273936059810e-02
3.254248273936059810e-02
3.254248273936059810e-02
3.254248273936059810e-02
3.254248273936059810e-02
3.331364946476055022e-02
3.331364946476055022e-02
3.331364946476055022e-02
3.331364946476055022e-02
3.331364946476055022e-02
3.331364946476055022e-02
3.331364946476055022e-02
3.331364946476055022e-02
3.331364946476055022e-02
3.331364946476055022e-02
3.331364946476055022e-02
3.331364946476055022e-02
3.331364946476055022e-02
3.331364946476055022e-02
3.331364946476055022e-02
3.331364946476055022e-02
3.331364946476055022e-02
3.229341045101752350e-02
3.229341045101752350e-02
3.229341045101752350e-02
3.229341045101752350e-02
3.229341045101752350e-02
3.229341045101752350e-02
3.229341045101752350e-02
3.229341045101752350e-02
3.229341045101752350e-02
3.229341045101752350e-02
3.229341045101752350e-02
3.229341045101752350e-02
3.229341045101752350e-02
3.229341045101752350e-02
3.229341045101752350e-02
3.229341045101752350e-02
3.229341045101752350e-02
3.243164500941397854e-02
3.243164500941397854e-02
3.243164500941397854e-02
3.243164500941397854e-02
3.243164500941397854e-02
3.243164500941397854e-02
3.243164500941397854e-02
3.243164500941397854e-02
3.243164500941397854e-02
3.243164500941397854e-02
3.243164500941397854e-02
3.243164500941397854e-02
3.243164500941397854e-02
3.243164500941397854e-02
3.243164500941397854e-02
3.243164500941397854e-02
3.243164500941397854e-02
3.302270616200994602e-02
3.302270616200994602e-02
3.302270616200994602e-02
3.302270616200994602e-02
3.302270616200994602e-02
3.302270616200994602e-02
3.302270616200994602e-02
3.302270616200994602e-02
3.302270616200994602e-02
3.302270616200994602e-02
3.302270616200994602e-02
3.302270616200994602e-02
3.302270616200994602e-02
3.302270616200994602e-02
3.302270616200994602e-02
3.302270616200994602e-02
3.302270616200994602e-02
3.331973254172305304e-02
3.331973254172305304e-02
3.331973254172305304e-02
3.331973254172305304e-02
3.331973254172305304e-02
3.331973254172305304e-02
3.331973254172305304e-02
3.331973254172305304e-02
3.331973254172305304e-02
3.331973254172305304e-02
3.331973254172305304e-02
3.331973254172305304e-02
3.331973254172305304e-02
3.331973254172305304e-02
3.331973254172305304e-02
3.331973254172305304e-02
3.331973254172305304e-02
3.241759477481394314e-02
3.241759477481394314e-02
3.241759477481394314e-02
3.241759477481394314e-02
3.241759477481394314e-02
3.241759477481394314e-02
3.241759477481394314e-02
3.241759477481394314e-02
3.241759477481394314e-02
3.241759477481394314e-02
3.241759477481394314e-02
3.241759477481394314e-02
3.241759477481394314e-02
3.241759477481394314e-02
3.241759477481394314e-02
3.241759477481394314e-02
3.241759477481394314e-02
3.218785909952916191e-02
3.218785909952916191e-02
3.218785909952916191e-02
3.218785909952916191e-02
3.218785909952916191e-02
3.218785909952916191e-02
3.218785909952916191e-02
3.218785909952916191e-02
3.218785909952916191e-02
3.218785909952916191e-02
3.218785909952916191e-02
3.218785909952916191e-02
3.218785909952916191e-02
3.218785909952916191e-02
3.218785909952916191e-02
3.218785909952916191e-02
3.218785909952916191e-02
3.252552936066009648e-02
3.252552936066009648e-02
3.252552936066009648e-02
3.252552936066009648e-02
3.252552936066009648e-02
3.252552936066009648e-02
3.252552936066009648e-02
3.252552936066009648e-02
3.252552936066009648e-02
3.252552936066009648e-02
3.252552936066009648e-02
3.252552936066009648e-02
3.252552936066009648e-02
3.252552936066009648e-02
3.252552936066009648e-02
3.252552936066009648e-02
3.252552936066009648e-02
3.241378670899097703e-02
3.241378670899097703e-02
3.241378670899097703e-02
3.241378670899097703e-02
3.241378670899097703e-02
3.241378670899097703e-02
3.241378670899097703e-02
3.241378670899097703e-02
3.241378670899097703e-02
3.241378670899097703e-02
3.241378670899097703e-02
3.241378670899097703e-02
3.241378670899097703e-02
3.241378670899097703e-02
3.241378670899097703e-02
3.241378670899097703e-02
3.241378670899097703e-02
