5.838598268179334694e-02
5.838598268179334694e-02
5.838598268179334694e-02
5.838598268179334694e-02
5.838598268179334694e-02
5.838598268179334694e-02
5.838598268179334694e-02
5.838598268179334694e-02
5.838598268179334694e-02
5.838598268179334694e-02
5.838598268179334694e-02
5.838598268179334694e-02
5.838598268179334694e-02
5.838598268179334694e-02
5.838598268179334694e-02
5.838598268179334694e-02
5.838598268179334694e-02
6.034112255521154738e-02
6.034112255521154738e-02
6.034112255521154738e-02
6.034112255521154738e-02
6.034112255521154738e-02
6.034112255521154738e-02
6.034112255521154738e-02
6.034112255521154738e-02
6.034112255521154738e-02
6.034112255521154738e-02
6.034112255521154738e-02
6.034112255521154738e-02
6.034112255521154738e-02
6.034112255521154738e-02
6.034112255521154738e-02
6.034112255521154738e-02
6.034112255521154738e-02
5.712383972618791800e-02
5.712383972618791800e-02
5.712383972618791800e-02
5.712383972618791800e-02
5.712383972618791800e-02
5.712383972618791800e-02
5.712383972618791800e-02
5.712383972618791800e-02
5.712383972618791800e-02
5.712383972618791800e-02
5.712383972618791800e-02
5.712383972618791800e-02
5.712383972618791800e-02
5.712383972618791800e-02
5.712383972618791800e-02
5.712383972618791800e-02
5.712383972618791800e-02
6.149886319742560448e-02
6.149886319742560448e-02
6.149886319742560448e-02
6.149886319742560448e-02
6.149886319742560448e-02
6.149886319742560448e-02
6.149886319742560448e-02
6.149886319742560448e-02
6.149886319742560448e-02
6.149886319742560448e-02
6.149886319742560448e-02
6.149886319742560448e-02
6.149886319742560448e-02
6.149886319742560448e-02
6.149886319742560448e-02
6.149886319742560448e-02
6.149886319742560448e-02
5.943516970478180533e-02
5.943516970478180533e-02
5.943516970478180533e-02
5.943516970478180533e-02
5.943516970478180533e-02
5.943516970478180533e-02
5.943516970478180533e-02
5.943516970478180533e-02
5.943516970478180533e-02
5.943516970478180533e-02
5.943516970478180533e-02
5.943516970478180533e-02
5.943516970478180533e-02
5.943516970478180533e-02
5.943516970478180533e-02
5.943516970478180533e-02
5.943516970478180533e-02
5.844738279316204210e-02
5.844738279316204210e-02
5.844738279316204210e-02
5.844738279316204210e-02
5.844738279316204210e-02
5.844738279316204210e-02
5.844738279316204210e-02
5.844738279316204210e-02
5.844738279316204210e-02
5.844738279316204210e-02
5.844738279316204210e-02
5.844738279316204210e-02
5.844738279316204210e-02
5.844738279316204210e-02
5.844738279316204210e-02
5.844738279316204210e-02
5.844738279316204210e-02
5.759869228890370646e-02
5.759869228890370646e-02
5.759869228890370646e-02
5.759869228890370646e-02
5.759869228890370646e-02
5.759869228890370646e-02
5.759869228890370646e-02
5.759869228890370646e-02
5.759869228890370646e-02
5.759869228890370646e-02
5.759869228890370646e-02
5.759869228890370646e-02
5.759869228890370646e-02
5.759869228890370646e-02
5.759869228890370646e-02
5.759869228890370646e-02
5.759869228890370646e-02
5.809112673722118675e-02
5.809112673722118675e-02
5.809112673722118675e-02
5.809112673722118675e-02
5.809112673722118675e-02
5.809112673722118675e-02
5.809112673722118675e-02
5.809112673722118675e-02
5.809112673722118675e-02
5.809112673722118675e-02
5.809112673722118675e-02
5.809112673722118675e-02
5.809112673722118675e-02
5.809112673722118675e-02
5.809112673722118675e-02
5.809112673722118675e-02
5.809112673722118675e-02
5.887664613401619174e-02
5.887664613401619174e-02
5.887664613401619174e-02
5.887664613401619174e-02
5.887664613401619174e-02
5.887664613401619174e-02
5.887664613401619174e-02
5.887664613401619174e-02
5.887664613401619174e-02
5.887664613401619174e-02
5.887664613401619174e-02
5.887664613401619174e-02
5.887664613401619174e-02
5.887664613401619174e-02
5.887664613401619174e-02
5.887664613401619174e-02
5.887664613401619174e-02
6.256488819080983921e-02
6.256488819080983921e-02
6.256488819080983921e-02
6.256488819080983921e-02
6.256488819080983921e-02
6.256488819080983921e-02
6.256488819080983921e-02
6.256488819080983921e-02
6.256488819080983921e-02
6.256488819080983921e-02
6.256488819080983921e-02
6.256488819080983921e-02
6.256488819080983921e-02
6.256488819080983921e-02
6.256488819080983921e-02
6.256488819080983921e-02
6.256488819080983921e-02
6.123111128444182205e-02
6.123111128444182205e-02
6.123111128444182205e-02
6.123111128444182205e-02
6.123111128444182205e-02
6.123111128444182205e-02
6.123111128444182205e-02
6.123111128444182205e-02
6.123111128444182205e-02
6.123111128444182205e-02
6.123111128444182205e-02
6.123111128444182205e-02
6.123111128444182205e-02
6.123111128444182205e-02
6.123111128444182205e-02
6.123111128444182205e-02
6.123111128444182205e-02
5.670139912135625793e-02
5.670139912135625793e-02
5.670139912135625793e-02
5.670139912135625793e-02
5.670139912135625793e-02
5.670139912135625793e-02
5.670139912135625793e-02
5.670139912135625793e-02
5.670139912135625793e-02
5.670139912135625793e-02
5.670139912135625793e-02
5.670139912135625793e-02
5.670139912135625793e-02
5.670139912135625793e-02
5.670139912135625793e-02
5.670139912135625793e-02
5.670139912135625793e-02
