2.983907817031163784e-02
2.983907817031163784e-02
2.983907817031163784e-02
2.983907817031163784e-02
2.983907817031163784e-02
2.983907817031163784e-02
2.983907817031163784e-02
2.983907817031163784e-02
2.983907817031163784e-02
2.983907817031163784e-02
2.983907817031163784e-02
2.983907817031163784e-02
2.983907817031163784e-02
2.983907817031163784e-02
2.983907817031163784e-02
2.983907817031163784e-02
2.944753725507500905e-02
2.944753725507500905e-02
2.944753725507500905e-02
2.944753725507500905e-02
2.944753725507500905e-02
2.944753725507500905e-02
2.944753725507500905e-02
2.944753725507500905e-02
2.944753725507500905e-02
2.944753725507500905e-02
2.944753725507500905e-02
2.944753725507500905e-02
2.944753725507500905e-02
2.944753725507500905e-02
2.944753725507500905e-02
2.944753725507500905e-02
2.920779938811001938e-02
2.920779938811001938e-02
2.920779938811001938e-02
2.920779938811001938e-02
2.920779938811001938e-02
2.920779938811001938e-02
2.920779938811001938e-02
2.920779938811001938e-02
2.920779938811001938e-02
2.920779938811001938e-02
2.920779938811001938e-02
2.920779938811001938e-02
2.920779938811001938e-02
2.920779938811001938e-02
2.920779938811001938e-02
2.920779938811001938e-02
1.809412179346176971e-02
1.809412179346176971e-02
1.809412179346176971e-02
1.809412179346176971e-02
1.809412179346176971e-02
1.809412179346176971e-02
1.809412179346176971e-02
1.809412179346176971e-02
1.809412179346176971e-02
1.809412179346176971e-02
1.809412179346176971e-02
1.809412179346176971e-02
1.784605242971848069e-02
1.784605242971848069e-02
1.784605242971848069e-02
1.784605242971848069e-02
1.784605242971848069e-02
1.784605242971848069e-02
1.784605242971848069e-02
1.784605242971848069e-02
1.784605242971848069e-02
1.784605242971848069e-02
1.784605242971848069e-02
1.784605242971848069e-02
3.073225120291571411e-02
3.073225120291571411e-02
3.073225120291571411e-02
3.073225120291571411e-02
3.073225120291571411e-02
3.073225120291571411e-02
3.073225120291571411e-02
3.073225120291571411e-02
3.073225120291571411e-02
3.073225120291571411e-02
3.073225120291571411e-02
3.073225120291571411e-02
3.073225120291571411e-02
3.073225120291571411e-02
3.073225120291571411e-02
3.073225120291571411e-02
3.073225120291571411e-02
1.859631686387128863e-02
1.859631686387128863e-02
1.859631686387128863e-02
1.859631686387128863e-02
1.859631686387128863e-02
1.859631686387128863e-02
1.859631686387128863e-02
1.859631686387128863e-02
2.847787296142701569e-02
2.847787296142701569e-02
2.847787296142701569e-02
2.847787296142701569e-02
2.847787296142701569e-02
2.847787296142701569e-02
2.847787296142701569e-02
2.847787296142701569e-02
2.791218262162908914e-02
2.791218262162908914e-02
2.791218262162908914e-02
2.791218262162908914e-02
2.791218262162908914e-02
2.791218262162908914e-02
2.791218262162908914e-02
2.791218262162908914e-02
2.791218262162908914e-02
2.791218262162908914e-02
2.791218262162908914e-02
2.791218262162908914e-02
2.791218262162908914e-02
2.791218262162908914e-02
2.791218262162908914e-02
2.791218262162908914e-02
1.730677313267793907e-02
1.730677313267793907e-02
1.730677313267793907e-02
1.730677313267793907e-02
1.730677313267793907e-02
1.730677313267793907e-02
1.730677313267793907e-02
1.730677313267793907e-02
1.730677313267793907e-02
1.730677313267793907e-02
1.702837906904211204e-02
1.702837906904211204e-02
1.702837906904211204e-02
1.702837906904211204e-02
1.702837906904211204e-02
1.702837906904211204e-02
1.702837906904211204e-02
1.702837906904211204e-02
1.702837906904211204e-02
1.702837906904211204e-02
1.702837906904211204e-02
1.702837906904211204e-02
3.164325180051066888e-02
3.164325180051066888e-02
3.164325180051066888e-02
3.164325180051066888e-02
3.164325180051066888e-02
3.164325180051066888e-02
3.164325180051066888e-02
3.164325180051066888e-02
3.164325180051066888e-02
3.164325180051066888e-02
3.164325180051066888e-02
3.164325180051066888e-02
3.164325180051066888e-02
3.164325180051066888e-02
3.164325180051066888e-02
3.164325180051066888e-02
3.310094597326271315e-02
3.310094597326271315e-02
3.310094597326271315e-02
3.310094597326271315e-02
3.310094597326271315e-02
3.310094597326271315e-02
3.310094597326271315e-02
3.310094597326271315e-02
3.310094597326271315e-02
3.310094597326271315e-02
3.310094597326271315e-02
3.310094597326271315e-02
3.310094597326271315e-02
3.310094597326271315e-02
3.310094597326271315e-02
3.310094597326271315e-02
1.705551827500128084e-02
1.705551827500128084e-02
1.705551827500128084e-02
1.705551827500128084e-02
1.705551827500128084e-02
1.705551827500128084e-02
1.705551827500128084e-02
1.705551827500128084e-02
1.705551827500128084e-02
1.705551827500128084e-02
1.705551827500128084e-02
1.705551827500128084e-02
1.705551827500128084e-02
1.705551827500128084e-02
1.808122776546760083e-02
1.808122776546760083e-02
1.808122776546760083e-02
1.808122776546760083e-02
1.808122776546760083e-02
1.808122776546760083e-02
1.808122776546760083e-02
1.808122776546760083e-02
1.808122776546760083e-02
1.808122776546760083e-02
1.808122776546760083e-02
