8.255642395486319229e-02
8.255642395486319229e-02
8.255642395486319229e-02
8.255642395486319229e-02
8.255642395486319229e-02
8.255642395486319229e-02
8.255642395486319229e-02
8.255642395486319229e-02
8.255642395486319229e-02
8.255642395486319229e-02
8.255642395486319229e-02
8.255642395486319229e-02
8.255642395486319229e-02
8.255642395486319229e-02
8.255642395486319229e-02
8.255642395486319229e-02
8.255642395486319229e-02
4.645797763859593060e-02
4.645797763859593060e-02
4.645797763859593060e-02
4.645797763859593060e-02
4.645797763859593060e-02
4.645797763859593060e-02
4.645797763859593060e-02
4.645797763859593060e-02
4.645797763859593060e-02
4.645797763859593060e-02
4.645797763859593060e-02
4.645797763859593060e-02
4.645797763859593060e-02
4.645797763859593060e-02
4.645797763859593060e-02
4.645797763859593060e-02
4.645797763859593060e-02
4.618735511340466005e-02
4.618735511340466005e-02
4.618735511340466005e-02
4.618735511340466005e-02
4.618735511340466005e-02
4.618735511340466005e-02
4.618735511340466005e-02
4.618735511340466005e-02
4.618735511340466005e-02
4.618735511340466005e-02
4.618735511340466005e-02
4.618735511340466005e-02
4.618735511340466005e-02
4.618735511340466005e-02
4.618735511340466005e-02
4.618735511340466005e-02
4.618735511340466005e-02
4.691267136752222400e-02
4.691267136752222400e-02
4.691267136752222400e-02
4.691267136752222400e-02
4.691267136752222400e-02
4.691267136752222400e-02
4.691267136752222400e-02
4.628419438680162618e-02
4.628419438680162618e-02
4.628419438680162618e-02
4.628419438680162618e-02
4.628419438680162618e-02
4.628419438680162618e-02
4.628419438680162618e-02
4.628419438680162618e-02
4.628419438680162618e-02
4.628419438680162618e-02
4.628419438680162618e-02
4.628419438680162618e-02
4.628419438680162618e-02
4.628419438680162618e-02
4.628419438680162618e-02
4.628419438680162618e-02
4.628419438680162618e-02
4.163545424471000456e-02
4.163545424471000456e-02
4.163545424471000456e-02
4.163545424471000456e-02
4.163545424471000456e-02
4.163545424471000456e-02
4.163545424471000456e-02
4.163545424471000456e-02
4.163545424471000456e-02
4.163545424471000456e-02
4.163545424471000456e-02
4.163545424471000456e-02
4.163545424471000456e-02
4.163545424471000456e-02
4.163545424471000456e-02
4.163545424471000456e-02
4.163545424471000456e-02
4.804445056310743811e-02
4.804445056310743811e-02
4.804445056310743811e-02
4.804445056310743811e-02
4.804445056310743811e-02
4.804445056310743811e-02
4.804445056310743811e-02
4.804445056310743811e-02
4.804445056310743811e-02
4.804445056310743811e-02
4.804445056310743811e-02
4.804445056310743811e-02
4.804445056310743811e-02
4.804445056310743811e-02
4.183366871263087539e-02
4.183366871263087539e-02
4.183366871263087539e-02
4.183366871263087539e-02
4.183366871263087539e-02
4.183366871263087539e-02
4.183366871263087539e-02
4.183366871263087539e-02
4.183366871263087539e-02
4.183366871263087539e-02
4.183366871263087539e-02
4.183366871263087539e-02
4.183366871263087539e-02
4.183366871263087539e-02
4.183816165429120326e-02
4.183816165429120326e-02
4.183816165429120326e-02
4.183816165429120326e-02
4.183816165429120326e-02
4.183816165429120326e-02
4.183816165429120326e-02
4.183816165429120326e-02
4.183816165429120326e-02
4.183816165429120326e-02
4.183816165429120326e-02
4.183816165429120326e-02
4.183816165429120326e-02
4.183816165429120326e-02
4.183816165429120326e-02
4.183816165429120326e-02
4.183816165429120326e-02
4.159793569512179601e-02
4.159793569512179601e-02
4.159793569512179601e-02
4.159793569512179601e-02
4.159793569512179601e-02
4.159793569512179601e-02
4.159793569512179601e-02
4.159793569512179601e-02
4.159793569512179601e-02
4.159793569512179601e-02
4.159793569512179601e-02
4.159793569512179601e-02
4.159793569512179601e-02
4.159793569512179601e-02
4.159793569512179601e-02
4.159793569512179601e-02
4.159793569512179601e-02
4.150470496603145265e-02
4.150470496603145265e-02
4.150470496603145265e-02
4.150470496603145265e-02
4.150470496603145265e-02
4.150470496603145265e-02
4.150470496603145265e-02
4.150470496603145265e-02
4.150470496603145265e-02
4.150470496603145265e-02
4.150470496603145265e-02
4.150470496603145265e-02
4.150470496603145265e-02
4.150470496603145265e-02
4.150470496603145265e-02
4.150470496603145265e-02
4.150470496603145265e-02
4.629637710594936700e-02
4.629637710594936700e-02
4.629637710594936700e-02
4.629637710594936700e-02
4.629637710594936700e-02
4.629637710594936700e-02
4.629637710594936700e-02
4.629637710594936700e-02
4.629637710594936700e-02
4.629637710594936700e-02
4.629637710594936700e-02
4.629637710594936700e-02
4.629637710594936700e-02
4.629637710594936700e-02
4.629637710594936700e-02
4.629637710594936700e-02
4.629637710594936700e-02
4.146648226733472276e-02
4.146648226733472276e-02
4.146648226733472276e-02
4.146648226733472276e-02
4.146648226733472276e-02
4.146648226733472276e-02
4.146648226733472276e-02
4.146648226733472276e-02
4.146648226733472276e-02
4.146648226733472276e-02
4.146648226733472276e-02
4.146648226733472276e-02
4.146648226733472276e-02
4.146648226733472276e-02
4.146648226733472276e-02
4.146648226733472276e-02
4.146648226733472276e-02
4.648186248872630821e-02
4.648186248872630821e-02
4.648186248872630821e-02
4.648186248872630821e-02
4.648186248872630821e-02
4.648186248872630821e-02
4.648186248872630821e-02
4.648186248872630821e-02
4.648186248872630821e-02
4.648186248872630821e-02
4.648186248872630821e-02
4.648186248872630821e-02
4.648186248872630821e-02
4.648186248872630821e-02
4.648186248872630821e-02
4.648186248872630821e-02
4.648186248872630821e-02
