2.200281793875918240e-02
2.200281793875918240e-02
2.200281793875918240e-02
2.200281793875918240e-02
2.200281793875918240e-02
2.200281793875918240e-02
2.200281793875918240e-02
2.200281793875918240e-02
2.200281793875918240e-02
2.200281793875918240e-02
2.200281793875918240e-02
2.200281793875918240e-02
2.200281793875918240e-02
2.200281793875918240e-02
2.200281793875918240e-02
4.309850022954311854e-02
4.309850022954311854e-02
4.309850022954311854e-02
4.309850022954311854e-02
4.042593062380485380e-02
4.042593062380485380e-02
4.042593062380485380e-02
4.042593062380485380e-02
4.042593062380485380e-02
4.042593062380485380e-02
4.042593062380485380e-02
4.042593062380485380e-02
4.042593062380485380e-02
4.860381849550734351e-02
4.860381849550734351e-02
4.860381849550734351e-02
4.860381849550734351e-02
4.860381849550734351e-02
4.860381849550734351e-02
4.860381849550734351e-02
4.860381849550734351e-02
4.860381849550734351e-02
4.860381849550734351e-02
4.860381849550734351e-02
4.860381849550734351e-02
4.860381849550734351e-02
4.860381849550734351e-02
4.860381849550734351e-02
4.860381849550734351e-02
2.206027693350419774e-02
2.206027693350419774e-02
2.206027693350419774e-02
2.206027693350419774e-02
2.206027693350419774e-02
2.206027693350419774e-02
2.206027693350419774e-02
2.206027693350419774e-02
2.206027693350419774e-02
2.206027693350419774e-02
2.206027693350419774e-02
2.206027693350419774e-02
2.206027693350419774e-02
2.206027693350419774e-02
4.911657851429940963e-02
4.911657851429940963e-02
4.911657851429940963e-02
4.911657851429940963e-02
4.911657851429940963e-02
4.911657851429940963e-02
4.911657851429940963e-02
4.911657851429940963e-02
4.911657851429940963e-02
4.911657851429940963e-02
4.911657851429940963e-02
4.911657851429940963e-02
4.911657851429940963e-02
4.911657851429940963e-02
4.911657851429940963e-02
4.911657851429940963e-02
4.911657851429940963e-02
2.215891748201753719e-02
2.215891748201753719e-02
2.215891748201753719e-02
2.215891748201753719e-02
2.215891748201753719e-02
2.215891748201753719e-02
2.215891748201753719e-02
2.215891748201753719e-02
2.215891748201753719e-02
2.215891748201753719e-02
2.215891748201753719e-02
2.215891748201753719e-02
2.215891748201753719e-02
4.938822263951037767e-02
4.938822263951037767e-02
4.938822263951037767e-02
4.938822263951037767e-02
4.938822263951037767e-02
4.938822263951037767e-02
4.938822263951037767e-02
4.938822263951037767e-02
4.938822263951037767e-02
4.938822263951037767e-02
4.938822263951037767e-02
4.938822263951037767e-02
4.938822263951037767e-02
4.938822263951037767e-02
4.938822263951037767e-02
4.938822263951037767e-02
4.906025172589151273e-02
4.906025172589151273e-02
4.906025172589151273e-02
4.906025172589151273e-02
4.906025172589151273e-02
4.906025172589151273e-02
4.906025172589151273e-02
4.906025172589151273e-02
4.906025172589151273e-02
4.906025172589151273e-02
4.906025172589151273e-02
4.906025172589151273e-02
4.906025172589151273e-02
4.906025172589151273e-02
4.906025172589151273e-02
4.906025172589151273e-02
4.906025172589151273e-02
2.202762994049907094e-02
2.202762994049907094e-02
2.202762994049907094e-02
2.202762994049907094e-02
2.202762994049907094e-02
2.202762994049907094e-02
2.202762994049907094e-02
2.202762994049907094e-02
2.202762994049907094e-02
2.202762994049907094e-02
2.202762994049907094e-02
2.202762994049907094e-02
2.202762994049907094e-02
2.202762994049907094e-02
2.202762994049907094e-02
4.376468312807889338e-02
4.376468312807889338e-02
4.376468312807889338e-02
4.376468312807889338e-02
4.376468312807889338e-02
4.376468312807889338e-02
4.376468312807889338e-02
4.376468312807889338e-02
4.376468312807889338e-02
4.376468312807889338e-02
4.376468312807889338e-02
4.376468312807889338e-02
2.205844370465914403e-02
2.205844370465914403e-02
2.205844370465914403e-02
2.205844370465914403e-02
2.205844370465914403e-02
2.205844370465914403e-02
2.205844370465914403e-02
2.205844370465914403e-02
2.205844370465914403e-02
2.205844370465914403e-02
2.205844370465914403e-02
4.967333848890646830e-02
4.967333848890646830e-02
4.967333848890646830e-02
4.967333848890646830e-02
4.967333848890646830e-02
4.967333848890646830e-02
4.967333848890646830e-02
4.967333848890646830e-02
4.967333848890646830e-02
4.967333848890646830e-02
4.900069866893107945e-02
4.900069866893107945e-02
4.900069866893107945e-02
4.900069866893107945e-02
4.900069866893107945e-02
4.900069866893107945e-02
4.900069866893107945e-02
4.900069866893107945e-02
4.900069866893107945e-02
4.900069866893107945e-02
4.900069866893107945e-02
4.900069866893107945e-02
4.900069866893107945e-02
4.900069866893107945e-02
4.900069866893107945e-02
4.900069866893107945e-02
4.900069866893107945e-02
4.303353962820107015e-02
4.303353962820107015e-02
4.303353962820107015e-02
4.303353962820107015e-02
4.303353962820107015e-02
4.303353962820107015e-02
4.303353962820107015e-02
4.303353962820107015e-02
4.892901755117634588e-02
4.892901755117634588e-02
4.892901755117634588e-02
4.892901755117634588e-02
4.892901755117634588e-02
4.892901755117634588e-02
4.892901755117634588e-02
4.892901755117634588e-02
4.892901755117634588e-02
4.892901755117634588e-02
4.892901755117634588e-02
4.892901755117634588e-02
4.892901755117634588e-02
4.892901755117634588e-02
4.892901755117634588e-02
4.892901755117634588e-02
4.512114633148832377e-02
4.512114633148832377e-02
4.512114633148832377e-02
4.512114633148832377e-02
4.512114633148832377e-02
4.512114633148832377e-02
4.512114633148832377e-02
4.512114633148832377e-02
4.512114633148832377e-02
4.512114633148832377e-02
4.512114633148832377e-02
4.928034965676154899e-02
4.928034965676154899e-02
4.928034965676154899e-02
4.928034965676154899e-02
4.928034965676154899e-02
4.928034965676154899e-02
4.928034965676154899e-02
4.928034965676154899e-02
4.928034965676154899e-02
4.928034965676154899e-02
4.928034965676154899e-02
4.928034965676154899e-02
4.928034965676154899e-02
4.928034965676154899e-02
4.928034965676154899e-02
4.928034965676154899e-02
4.928034965676154899e-02
2.214257852888274966e-02
2.214257852888274966e-02
2.214257852888274966e-02
2.214257852888274966e-02
2.214257852888274966e-02
2.214257852888274966e-02
2.214257852888274966e-02
2.214257852888274966e-02
2.214257852888274966e-02
2.214257852888274966e-02
2.214257852888274966e-02
2.214257852888274966e-02
