1.055621238317915184e-01
1.055621238317915184e-01
1.055621238317915184e-01
1.055621238317915184e-01
1.055621238317915184e-01
1.055621238317915184e-01
1.055621238317915184e-01
1.055621238317915184e-01
1.055621238317915184e-01
1.055621238317915184e-01
1.055621238317915184e-01
1.055621238317915184e-01
1.055621238317915184e-01
1.055621238317915184e-01
1.055621238317915184e-01
1.063993382745446331e-01
1.063993382745446331e-01
1.063993382745446331e-01
1.063993382745446331e-01
1.063993382745446331e-01
1.063993382745446331e-01
1.063993382745446331e-01
1.063993382745446331e-01
1.063993382745446331e-01
5.671794999047998637e-02
5.671794999047998637e-02
5.671794999047998637e-02
5.671794999047998637e-02
5.671794999047998637e-02
5.671794999047998637e-02
5.671794999047998637e-02
5.671794999047998637e-02
1.056703878891914750e-01
1.056703878891914750e-01
1.056703878891914750e-01
1.056703878891914750e-01
1.056703878891914750e-01
1.056703878891914750e-01
1.056703878891914750e-01
1.056703878891914750e-01
1.056703878891914750e-01
1.056703878891914750e-01
1.056703878891914750e-01
1.056703878891914750e-01
1.056703878891914750e-01
1.056703878891914750e-01
1.056703878891914750e-01
5.573728550507442425e-02
5.573728550507442425e-02
5.573728550507442425e-02
5.573728550507442425e-02
5.573728550507442425e-02
5.573728550507442425e-02
5.573728550507442425e-02
5.435143461100416795e-02
5.435143461100416795e-02
5.435143461100416795e-02
5.435143461100416795e-02
5.435143461100416795e-02
5.435143461100416795e-02
5.435143461100416795e-02
5.435143461100416795e-02
5.435143461100416795e-02
5.435143461100416795e-02
5.435143461100416795e-02
5.435143461100416795e-02
5.435143461100416795e-02
6.006497503744109151e-02
6.006497503744109151e-02
6.006497503744109151e-02
6.006497503744109151e-02
6.006497503744109151e-02
6.006497503744109151e-02
6.006497503744109151e-02
6.006497503744109151e-02
6.006497503744109151e-02
6.006497503744109151e-02
5.785610002673737678e-02
5.785610002673737678e-02
5.785610002673737678e-02
5.785610002673737678e-02
5.785610002673737678e-02
5.785610002673737678e-02
5.785610002673737678e-02
5.785610002673737678e-02
5.785610002673737678e-02
5.785610002673737678e-02
5.785610002673737678e-02
5.785610002673737678e-02
5.785610002673737678e-02
5.785610002673737678e-02
5.494258105234908068e-02
5.494258105234908068e-02
5.494258105234908068e-02
5.494258105234908068e-02
5.494258105234908068e-02
5.494258105234908068e-02
5.494258105234908068e-02
5.494258105234908068e-02
5.494258105234908068e-02
5.494258105234908068e-02
5.494258105234908068e-02
6.063931371257901687e-02
6.063931371257901687e-02
6.063931371257901687e-02
6.063931371257901687e-02
6.063931371257901687e-02
6.063931371257901687e-02
6.063931371257901687e-02
6.063931371257901687e-02
6.063931371257901687e-02
6.063931371257901687e-02
6.063931371257901687e-02
6.063931371257901687e-02
6.063931371257901687e-02
6.063931371257901687e-02
5.656389811183534094e-02
5.656389811183534094e-02
5.656389811183534094e-02
5.656389811183534094e-02
5.656389811183534094e-02
5.656389811183534094e-02
5.656389811183534094e-02
5.656389811183534094e-02
5.656389811183534094e-02
5.656389811183534094e-02
6.032127521986162949e-02
6.032127521986162949e-02
6.032127521986162949e-02
6.032127521986162949e-02
6.032127521986162949e-02
6.032127521986162949e-02
6.032127521986162949e-02
6.032127521986162949e-02
6.032127521986162949e-02
6.032127521986162949e-02
6.032127521986162949e-02
6.032127521986162949e-02
6.032127521986162949e-02
6.032127521986162949e-02
6.036120724092192830e-02
6.036120724092192830e-02
6.036120724092192830e-02
6.036120724092192830e-02
6.036120724092192830e-02
6.036120724092192830e-02
6.036120724092192830e-02
6.036120724092192830e-02
6.036120724092192830e-02
6.036120724092192830e-02
6.036120724092192830e-02
6.036120724092192830e-02
6.036120724092192830e-02
6.036120724092192830e-02
1.052563803622271477e-01
1.052563803622271477e-01
1.052563803622271477e-01
1.052563803622271477e-01
1.052563803622271477e-01
1.052563803622271477e-01
1.052563803622271477e-01
1.052563803622271477e-01
1.052563803622271477e-01
1.052563803622271477e-01
1.052563803622271477e-01
6.068445062926518946e-02
6.068445062926518946e-02
6.068445062926518946e-02
6.068445062926518946e-02
6.068445062926518946e-02
6.068445062926518946e-02
6.068445062926518946e-02
6.068445062926518946e-02
6.068445062926518946e-02
6.068445062926518946e-02
6.068445062926518946e-02
6.068445062926518946e-02
6.068445062926518946e-02
6.068445062926518946e-02
6.047096358663960058e-02
6.047096358663960058e-02
6.047096358663960058e-02
6.047096358663960058e-02
6.047096358663960058e-02
6.047096358663960058e-02
6.047096358663960058e-02
6.047096358663960058e-02
6.047096358663960058e-02
6.047096358663960058e-02
6.047096358663960058e-02
6.047096358663960058e-02
6.047096358663960058e-02
6.047096358663960058e-02
5.569124674671002695e-02
5.569124674671002695e-02
5.569124674671002695e-02
5.569124674671002695e-02
5.569124674671002695e-02
5.287480033606833246e-02
5.287480033606833246e-02
5.287480033606833246e-02
5.287480033606833246e-02
5.287480033606833246e-02
5.287480033606833246e-02
5.287480033606833246e-02
5.287480033606833246e-02
5.287480033606833246e-02
5.287480033606833246e-02
5.287480033606833246e-02
5.287480033606833246e-02
5.287480033606833246e-02
6.033172666464003270e-02
6.033172666464003270e-02
6.033172666464003270e-02
6.033172666464003270e-02
6.033172666464003270e-02
6.033172666464003270e-02
6.033172666464003270e-02
6.033172666464003270e-02
6.033172666464003270e-02
6.033172666464003270e-02
6.033172666464003270e-02
6.033172666464003270e-02
6.033172666464003270e-02
6.033172666464003270e-02
