6.693010948701194618e-02
6.693010948701194618e-02
6.693010948701194618e-02
6.693010948701194618e-02
6.693010948701194618e-02
6.693010948701194618e-02
6.693010948701194618e-02
6.693010948701194618e-02
6.693010948701194618e-02
6.693010948701194618e-02
6.693010948701194618e-02
6.693010948701194618e-02
6.693010948701194618e-02
6.693010948701194618e-02
6.693010948701194618e-02
6.693010948701194618e-02
6.693010948701194618e-02
6.683956728886647491e-02
6.683956728886647491e-02
6.683956728886647491e-02
6.683956728886647491e-02
6.683956728886647491e-02
6.683956728886647491e-02
6.683956728886647491e-02
6.683956728886647491e-02
6.683956728886647491e-02
6.683956728886647491e-02
6.683956728886647491e-02
1.124568888804980682e-01
1.124568888804980682e-01
1.124568888804980682e-01
1.124568888804980682e-01
1.124568888804980682e-01
1.124568888804980682e-01
1.124568888804980682e-01
1.124568888804980682e-01
1.124568888804980682e-01
1.124568888804980682e-01
1.124568888804980682e-01
1.124568888804980682e-01
1.124568888804980682e-01
6.623233705004394345e-02
6.623233705004394345e-02
6.623233705004394345e-02
6.623233705004394345e-02
6.623233705004394345e-02
6.623233705004394345e-02
6.623233705004394345e-02
6.623233705004394345e-02
6.623233705004394345e-02
6.623233705004394345e-02
6.623233705004394345e-02
6.623233705004394345e-02
6.623233705004394345e-02
1.111768234298406016e-01
1.111768234298406016e-01
1.111768234298406016e-01
1.111768234298406016e-01
1.111768234298406016e-01
1.111768234298406016e-01
1.111768234298406016e-01
1.111768234298406016e-01
1.111768234298406016e-01
1.111768234298406016e-01
1.111768234298406016e-01
1.111768234298406016e-01
1.111768234298406016e-01
6.698109109194261279e-02
6.698109109194261279e-02
6.698109109194261279e-02
6.698109109194261279e-02
6.698109109194261279e-02
6.670603721156595500e-02
6.670603721156595500e-02
6.670603721156595500e-02
6.670603721156595500e-02
6.670603721156595500e-02
6.670603721156595500e-02
6.670603721156595500e-02
6.670603721156595500e-02
6.670603721156595500e-02
6.670603721156595500e-02
6.670603721156595500e-02
6.670603721156595500e-02
6.670603721156595500e-02
6.646289054784051964e-02
6.646289054784051964e-02
6.646289054784051964e-02
6.646289054784051964e-02
6.646289054784051964e-02
6.646289054784051964e-02
6.646289054784051964e-02
6.646289054784051964e-02
6.646289054784051964e-02
6.646289054784051964e-02
6.646289054784051964e-02
6.646289054784051964e-02
6.646289054784051964e-02
6.646289054784051964e-02
6.646289054784051964e-02
6.646289054784051964e-02
6.646289054784051964e-02
1.135976731713091853e-01
1.135976731713091853e-01
1.135976731713091853e-01
1.135976731713091853e-01
1.135976731713091853e-01
1.135976731713091853e-01
1.135976731713091853e-01
1.135976731713091853e-01
1.135976731713091853e-01
1.135976731713091853e-01
1.135976731713091853e-01
1.135976731713091853e-01
6.597116917890211152e-02
6.597116917890211152e-02
6.597116917890211152e-02
6.597116917890211152e-02
6.597116917890211152e-02
6.597116917890211152e-02
6.597116917890211152e-02
6.597116917890211152e-02
6.597116917890211152e-02
6.597116917890211152e-02
6.597116917890211152e-02
6.597116917890211152e-02
6.597116917890211152e-02
6.597116917890211152e-02
6.597116917890211152e-02
6.597116917890211152e-02
6.640279208342531048e-02
6.640279208342531048e-02
6.640279208342531048e-02
6.640279208342531048e-02
6.640279208342531048e-02
6.640279208342531048e-02
6.640279208342531048e-02
6.640279208342531048e-02
6.640279208342531048e-02
6.640279208342531048e-02
6.640279208342531048e-02
6.640279208342531048e-02
6.640279208342531048e-02
6.640279208342531048e-02
6.640279208342531048e-02
1.112120049450401604e-01
1.112120049450401604e-01
1.112120049450401604e-01
1.112120049450401604e-01
1.112120049450401604e-01
1.112120049450401604e-01
1.112120049450401604e-01
1.112120049450401604e-01
1.112120049450401604e-01
1.112120049450401604e-01
1.112120049450401604e-01
1.112120049450401604e-01
1.112120049450401604e-01
1.112120049450401604e-01
1.112120049450401604e-01
9.466759082581004126e-02
9.466759082581004126e-02
9.466759082581004126e-02
6.643989200152339292e-02
6.643989200152339292e-02
6.643989200152339292e-02
6.643989200152339292e-02
6.643989200152339292e-02
6.643989200152339292e-02
6.643989200152339292e-02
6.643989200152339292e-02
6.643989200152339292e-02
6.643989200152339292e-02
6.643989200152339292e-02
6.643989200152339292e-02
6.646471326901187693e-02
6.646471326901187693e-02
6.646471326901187693e-02
6.646471326901187693e-02
6.646471326901187693e-02
6.646471326901187693e-02
6.646471326901187693e-02
6.646471326901187693e-02
6.646471326901187693e-02
6.646471326901187693e-02
6.646471326901187693e-02
6.646471326901187693e-02
6.646471326901187693e-02
6.721276869038830815e-02
6.721276869038830815e-02
6.721276869038830815e-02
6.721276869038830815e-02
6.721276869038830815e-02
6.721276869038830815e-02
6.721276869038830815e-02
6.721276869038830815e-02
6.721276869038830815e-02
6.595712875699472066e-02
6.595712875699472066e-02
6.595712875699472066e-02
6.595712875699472066e-02
6.595712875699472066e-02
6.595712875699472066e-02
6.595712875699472066e-02
6.595712875699472066e-02
6.595712875699472066e-02
6.595712875699472066e-02
6.595712875699472066e-02
6.595712875699472066e-02
6.595712875699472066e-02
6.595712875699472066e-02
6.595712875699472066e-02
6.595712875699472066e-02
6.611008791126507522e-02
6.611008791126507522e-02
6.611008791126507522e-02
6.611008791126507522e-02
6.611008791126507522e-02
6.611008791126507522e-02
6.611008791126507522e-02
6.611008791126507522e-02
6.611008791126507522e-02
6.611008791126507522e-02
6.611008791126507522e-02
6.727811583892073788e-02
6.727811583892073788e-02
6.727811583892073788e-02
6.727811583892073788e-02
6.727811583892073788e-02
6.727811583892073788e-02
6.727811583892073788e-02
6.727811583892073788e-02
6.727811583892073788e-02
6.727811583892073788e-02
6.727811583892073788e-02
