6.966121767019282929e-02
6.966121767019282929e-02
6.966121767019282929e-02
6.966121767019282929e-02
6.966121767019282929e-02
6.966121767019282929e-02
6.966121767019282929e-02
6.966121767019282929e-02
6.966121767019282929e-02
6.966121767019282929e-02
6.966121767019282929e-02
6.966121767019282929e-02
6.966121767019282929e-02
6.966121767019282929e-02
6.966121767019282929e-02
6.966121767019282929e-02
6.966121767019282929e-02
6.879240584360193922e-02
6.879240584360193922e-02
6.879240584360193922e-02
6.879240584360193922e-02
6.879240584360193922e-02
6.879240584360193922e-02
6.879240584360193922e-02
6.879240584360193922e-02
6.879240584360193922e-02
6.879240584360193922e-02
6.879240584360193922e-02
6.879240584360193922e-02
6.879240584360193922e-02
6.879240584360193922e-02
6.879240584360193922e-02
6.879240584360193922e-02
6.879240584360193922e-02
7.068153428313346531e-02
7.068153428313346531e-02
7.068153428313346531e-02
7.068153428313346531e-02
7.068153428313346531e-02
7.068153428313346531e-02
7.068153428313346531e-02
7.068153428313346531e-02
7.068153428313346531e-02
7.068153428313346531e-02
7.068153428313346531e-02
7.068153428313346531e-02
7.068153428313346531e-02
7.068153428313346531e-02
7.068153428313346531e-02
7.068153428313346531e-02
7.068153428313346531e-02
7.023262187274401103e-02
7.023262187274401103e-02
7.023262187274401103e-02
7.023262187274401103e-02
7.023262187274401103e-02
7.023262187274401103e-02
7.023262187274401103e-02
7.023262187274401103e-02
7.023262187274401103e-02
7.023262187274401103e-02
7.023262187274401103e-02
7.023262187274401103e-02
7.023262187274401103e-02
7.023262187274401103e-02
7.023262187274401103e-02
7.023262187274401103e-02
7.023262187274401103e-02
6.943807724781672630e-02
6.943807724781672630e-02
6.943807724781672630e-02
6.943807724781672630e-02
6.943807724781672630e-02
6.943807724781672630e-02
6.943807724781672630e-02
6.943807724781672630e-02
6.943807724781672630e-02
6.943807724781672630e-02
6.943807724781672630e-02
6.943807724781672630e-02
6.943807724781672630e-02
6.943807724781672630e-02
6.943807724781672630e-02
6.943807724781672630e-02
6.943807724781672630e-02
7.078202269264950719e-02
7.078202269264950719e-02
7.078202269264950719e-02
7.078202269264950719e-02
7.078202269264950719e-02
7.078202269264950719e-02
7.078202269264950719e-02
7.078202269264950719e-02
7.078202269264950719e-02
7.078202269264950719e-02
7.078202269264950719e-02
7.078202269264950719e-02
7.078202269264950719e-02
7.078202269264950719e-02
7.078202269264950719e-02
7.078202269264950719e-02
7.078202269264950719e-02
7.040296399545206696e-02
7.040296399545206696e-02
7.040296399545206696e-02
7.040296399545206696e-02
7.040296399545206696e-02
7.040296399545206696e-02
7.040296399545206696e-02
7.040296399545206696e-02
7.040296399545206696e-02
7.040296399545206696e-02
7.040296399545206696e-02
7.040296399545206696e-02
7.040296399545206696e-02
7.040296399545206696e-02
7.040296399545206696e-02
7.040296399545206696e-02
7.040296399545206696e-02
6.971136937175161086e-02
6.971136937175161086e-02
6.971136937175161086e-02
6.971136937175161086e-02
6.971136937175161086e-02
6.971136937175161086e-02
6.971136937175161086e-02
6.971136937175161086e-02
6.971136937175161086e-02
6.971136937175161086e-02
6.971136937175161086e-02
6.971136937175161086e-02
6.971136937175161086e-02
6.971136937175161086e-02
6.971136937175161086e-02
6.971136937175161086e-02
6.971136937175161086e-02
6.954953583098519299e-02
6.954953583098519299e-02
6.954953583098519299e-02
6.954953583098519299e-02
6.954953583098519299e-02
6.954953583098519299e-02
6.954953583098519299e-02
6.954953583098519299e-02
6.954953583098519299e-02
6.954953583098519299e-02
6.954953583098519299e-02
6.954953583098519299e-02
6.954953583098519299e-02
6.954953583098519299e-02
6.954953583098519299e-02
6.954953583098519299e-02
6.954953583098519299e-02
7.684672780033770245e-02
7.684672780033770245e-02
7.684672780033770245e-02
7.684672780033770245e-02
7.684672780033770245e-02
7.684672780033770245e-02
7.684672780033770245e-02
7.684672780033770245e-02
7.684672780033770245e-02
7.684672780033770245e-02
7.684672780033770245e-02
7.684672780033770245e-02
7.684672780033770245e-02
7.684672780033770245e-02
7.684672780033770245e-02
7.684672780033770245e-02
7.684672780033770245e-02
6.893511458081309773e-02
6.893511458081309773e-02
6.893511458081309773e-02
6.893511458081309773e-02
6.893511458081309773e-02
6.893511458081309773e-02
6.893511458081309773e-02
6.893511458081309773e-02
6.893511458081309773e-02
6.893511458081309773e-02
6.893511458081309773e-02
6.893511458081309773e-02
6.893511458081309773e-02
6.893511458081309773e-02
6.893511458081309773e-02
6.893511458081309773e-02
6.893511458081309773e-02
6.975949405707518314e-02
6.975949405707518314e-02
6.975949405707518314e-02
6.975949405707518314e-02
6.975949405707518314e-02
6.975949405707518314e-02
6.975949405707518314e-02
6.975949405707518314e-02
6.975949405707518314e-02
6.975949405707518314e-02
6.975949405707518314e-02
6.975949405707518314e-02
6.975949405707518314e-02
6.975949405707518314e-02
6.975949405707518314e-02
6.975949405707518314e-02
6.975949405707518314e-02
6.872206589420806755e-02
6.872206589420806755e-02
6.872206589420806755e-02
6.872206589420806755e-02
6.872206589420806755e-02
6.872206589420806755e-02
6.872206589420806755e-02
6.872206589420806755e-02
6.872206589420806755e-02
6.872206589420806755e-02
6.872206589420806755e-02
6.872206589420806755e-02
6.872206589420806755e-02
6.872206589420806755e-02
6.872206589420806755e-02
6.872206589420806755e-02
6.872206589420806755e-02
