8.418863575484950013e-02
8.418863575484950013e-02
8.418863575484950013e-02
8.418863575484950013e-02
8.418863575484950013e-02
8.418863575484950013e-02
8.418863575484950013e-02
8.418863575484950013e-02
8.418863575484950013e-02
8.418863575484950013e-02
8.418863575484950013e-02
8.418863575484950013e-02
8.418863575484950013e-02
8.418863575484950013e-02
8.418863575484950013e-02
8.256070667368355098e-02
8.256070667368355098e-02
8.256070667368355098e-02
8.256070667368355098e-02
8.256070667368355098e-02
8.256070667368355098e-02
8.256070667368355098e-02
8.256070667368355098e-02
8.256070667368355098e-02
8.256070667368355098e-02
8.256070667368355098e-02
8.256070667368355098e-02
8.256070667368355098e-02
8.256070667368355098e-02
8.256070667368355098e-02
8.256070667368355098e-02
8.256070667368355098e-02
8.199775391485028542e-02
8.199775391485028542e-02
8.199775391485028542e-02
8.199775391485028542e-02
8.199775391485028542e-02
8.199775391485028542e-02
8.199775391485028542e-02
8.199775391485028542e-02
8.199775391485028542e-02
8.199775391485028542e-02
8.199775391485028542e-02
8.199775391485028542e-02
8.199775391485028542e-02
8.199775391485028542e-02
8.199775391485028542e-02
8.199775391485028542e-02
8.199775391485028542e-02
8.364937949115631988e-02
8.364937949115631988e-02
8.325155002572387497e-02
8.325155002572387497e-02
8.325155002572387497e-02
8.325155002572387497e-02
8.325155002572387497e-02
8.325155002572387497e-02
8.325155002572387497e-02
8.325155002572387497e-02
8.325155002572387497e-02
8.325155002572387497e-02
8.325155002572387497e-02
8.325155002572387497e-02
8.325155002572387497e-02
8.325155002572387497e-02
8.325155002572387497e-02
8.325155002572387497e-02
8.325155002572387497e-02
7.975248674254417636e-02
7.975248674254417636e-02
7.975248674254417636e-02
7.975248674254417636e-02
7.975248674254417636e-02
7.975248674254417636e-02
7.975248674254417636e-02
7.975248674254417636e-02
7.975248674254417636e-02
7.975248674254417636e-02
7.975248674254417636e-02
7.975248674254417636e-02
8.460231538477462621e-02
8.460231538477462621e-02
8.460231538477462621e-02
8.460231538477462621e-02
8.460231538477462621e-02
8.460231538477462621e-02
8.460231538477462621e-02
8.460231538477462621e-02
8.460231538477462621e-02
8.460231538477462621e-02
8.460231538477462621e-02
8.460231538477462621e-02
8.460231538477462621e-02
8.460231538477462621e-02
8.460231538477462621e-02
8.460231538477462621e-02
8.460231538477462621e-02
8.408830258406299607e-02
8.408830258406299607e-02
8.408830258406299607e-02
8.408830258406299607e-02
8.408830258406299607e-02
8.408830258406299607e-02
8.408830258406299607e-02
8.408830258406299607e-02
8.408830258406299607e-02
8.408830258406299607e-02
8.408830258406299607e-02
8.408830258406299607e-02
8.408830258406299607e-02
8.408830258406299607e-02
8.408830258406299607e-02
8.303197781942789346e-02
8.303197781942789346e-02
8.303197781942789346e-02
8.303197781942789346e-02
8.303197781942789346e-02
8.303197781942789346e-02
8.303197781942789346e-02
8.303197781942789346e-02
8.303197781942789346e-02
8.303197781942789346e-02
8.303197781942789346e-02
8.303197781942789346e-02
8.303197781942789346e-02
8.303197781942789346e-02
8.303197781942789346e-02
8.424829702920615115e-02
8.424829702920615115e-02
8.424829702920615115e-02
8.424829702920615115e-02
8.424829702920615115e-02
8.424829702920615115e-02
8.366923565039709187e-02
8.366923565039709187e-02
8.366923565039709187e-02
8.366923565039709187e-02
8.366923565039709187e-02
8.366923565039709187e-02
8.366923565039709187e-02
8.366923565039709187e-02
8.366923565039709187e-02
8.366923565039709187e-02
8.366923565039709187e-02
8.366923565039709187e-02
8.366923565039709187e-02
8.366923565039709187e-02
8.366923565039709187e-02
8.366923565039709187e-02
8.366923565039709187e-02
8.282756881672059812e-02
8.282756881672059812e-02
8.282756881672059812e-02
8.364073435454479066e-02
8.364073435454479066e-02
8.364073435454479066e-02
8.364073435454479066e-02
8.364073435454479066e-02
8.364073435454479066e-02
8.364073435454479066e-02
8.364073435454479066e-02
8.364073435454479066e-02
8.364073435454479066e-02
8.364073435454479066e-02
8.364073435454479066e-02
8.364073435454479066e-02
8.172602277216087230e-02
8.172602277216087230e-02
8.172602277216087230e-02
8.172602277216087230e-02
8.172602277216087230e-02
8.172602277216087230e-02
8.172602277216087230e-02
8.172602277216087230e-02
8.172602277216087230e-02
8.172602277216087230e-02
8.172602277216087230e-02
8.172602277216087230e-02
8.264153587111595922e-02
8.264153587111595922e-02
8.264153587111595922e-02
8.264153587111595922e-02
8.264153587111595922e-02
8.264153587111595922e-02
8.264153587111595922e-02
8.264153587111595922e-02
8.264153587111595922e-02
8.264153587111595922e-02
8.264153587111595922e-02
8.264153587111595922e-02
8.264153587111595922e-02
8.264153587111595922e-02
8.264153587111595922e-02
8.264153587111595922e-02
8.264153587111595922e-02
8.148662354498049931e-02
8.148662354498049931e-02
8.148662354498049931e-02
8.148662354498049931e-02
8.148662354498049931e-02
8.148662354498049931e-02
8.148662354498049931e-02
8.148662354498049931e-02
8.148662354498049931e-02
8.148662354498049931e-02
8.148662354498049931e-02
8.148662354498049931e-02
8.148662354498049931e-02
8.148662354498049931e-02
8.148662354498049931e-02
8.148662354498049931e-02
8.148662354498049931e-02
