9.237168219602534536e-02
9.237168219602534536e-02
9.237168219602534536e-02
9.237168219602534536e-02
9.237168219602534536e-02
9.237168219602534536e-02
9.237168219602534536e-02
9.237168219602534536e-02
9.237168219602534536e-02
9.237168219602534536e-02
9.237168219602534536e-02
9.237168219602534536e-02
9.237168219602534536e-02
9.237168219602534536e-02
9.237168219602534536e-02
9.237168219602534536e-02
9.237168219602534536e-02
9.060162749472169819e-02
9.060162749472169819e-02
9.060162749472169819e-02
9.060162749472169819e-02
9.060162749472169819e-02
9.060162749472169819e-02
9.060162749472169819e-02
9.060162749472169819e-02
9.060162749472169819e-02
9.060162749472169819e-02
9.060162749472169819e-02
9.060162749472169819e-02
9.060162749472169819e-02
9.060162749472169819e-02
9.060162749472169819e-02
9.060162749472169819e-02
9.060162749472169819e-02
9.189379692169710734e-02
9.189379692169710734e-02
9.189379692169710734e-02
9.189379692169710734e-02
9.189379692169710734e-02
9.189379692169710734e-02
9.189379692169710734e-02
9.189379692169710734e-02
9.189379692169710734e-02
9.189379692169710734e-02
9.189379692169710734e-02
9.189379692169710734e-02
9.189379692169710734e-02
9.189379692169710734e-02
9.189379692169710734e-02
9.189379692169710734e-02
9.189379692169710734e-02
9.111131423825107045e-02
9.111131423825107045e-02
9.111131423825107045e-02
9.111131423825107045e-02
9.111131423825107045e-02
9.111131423825107045e-02
9.111131423825107045e-02
9.111131423825107045e-02
9.111131423825107045e-02
9.111131423825107045e-02
9.111131423825107045e-02
9.111131423825107045e-02
9.111131423825107045e-02
9.111131423825107045e-02
9.111131423825107045e-02
9.111131423825107045e-02
9.111131423825107045e-02
9.404715550029654758e-02
9.404715550029654758e-02
9.404715550029654758e-02
9.404715550029654758e-02
9.404715550029654758e-02
9.404715550029654758e-02
9.404715550029654758e-02
9.404715550029654758e-02
9.404715550029654758e-02
9.404715550029654758e-02
9.404715550029654758e-02
9.404715550029654758e-02
9.404715550029654758e-02
9.404715550029654758e-02
9.404715550029654758e-02
9.404715550029654758e-02
9.404715550029654758e-02
8.999682781268122933e-02
8.999682781268122933e-02
8.999682781268122933e-02
8.999682781268122933e-02
8.999682781268122933e-02
8.999682781268122933e-02
8.999682781268122933e-02
8.999682781268122933e-02
8.999682781268122933e-02
8.999682781268122933e-02
8.999682781268122933e-02
8.999682781268122933e-02
8.999682781268122933e-02
8.999682781268122933e-02
8.999682781268122933e-02
8.999682781268122933e-02
8.999682781268122933e-02
9.129522062954301131e-02
9.129522062954301131e-02
9.129522062954301131e-02
9.129522062954301131e-02
9.129522062954301131e-02
9.129522062954301131e-02
9.129522062954301131e-02
9.129522062954301131e-02
9.129522062954301131e-02
9.129522062954301131e-02
9.129522062954301131e-02
9.129522062954301131e-02
9.129522062954301131e-02
9.129522062954301131e-02
9.129522062954301131e-02
9.129522062954301131e-02
9.129522062954301131e-02
9.323118676672617622e-02
9.323118676672617622e-02
9.323118676672617622e-02
9.323118676672617622e-02
9.323118676672617622e-02
9.323118676672617622e-02
9.323118676672617622e-02
9.323118676672617622e-02
9.323118676672617622e-02
9.323118676672617622e-02
9.323118676672617622e-02
9.323118676672617622e-02
9.323118676672617622e-02
9.323118676672617622e-02
9.323118676672617622e-02
9.323118676672617622e-02
9.323118676672617622e-02
9.115309225697255935e-02
9.115309225697255935e-02
9.115309225697255935e-02
9.115309225697255935e-02
9.115309225697255935e-02
9.115309225697255935e-02
9.115309225697255935e-02
9.115309225697255935e-02
9.115309225697255935e-02
9.115309225697255935e-02
9.115309225697255935e-02
9.115309225697255935e-02
9.115309225697255935e-02
9.115309225697255935e-02
9.115309225697255935e-02
9.115309225697255935e-02
9.115309225697255935e-02
9.145355273940179719e-02
9.145355273940179719e-02
9.145355273940179719e-02
9.145355273940179719e-02
9.145355273940179719e-02
9.145355273940179719e-02
9.145355273940179719e-02
9.145355273940179719e-02
9.145355273940179719e-02
9.145355273940179719e-02
9.145355273940179719e-02
9.145355273940179719e-02
9.145355273940179719e-02
9.145355273940179719e-02
9.145355273940179719e-02
9.145355273940179719e-02
9.145355273940179719e-02
9.849417337042250253e-02
9.849417337042250253e-02
9.849417337042250253e-02
9.849417337042250253e-02
9.849417337042250253e-02
9.849417337042250253e-02
9.849417337042250253e-02
9.849417337042250253e-02
9.849417337042250253e-02
9.849417337042250253e-02
9.849417337042250253e-02
9.849417337042250253e-02
9.849417337042250253e-02
9.849417337042250253e-02
9.849417337042250253e-02
9.849417337042250253e-02
9.849417337042250253e-02
8.973388663629865147e-02
8.973388663629865147e-02
8.973388663629865147e-02
8.973388663629865147e-02
8.973388663629865147e-02
9.055487411336994585e-02
9.055487411336994585e-02
9.055487411336994585e-02
9.055487411336994585e-02
9.055487411336994585e-02
9.055487411336994585e-02
9.055487411336994585e-02
9.055487411336994585e-02
9.055487411336994585e-02
9.055487411336994585e-02
9.055487411336994585e-02
9.055487411336994585e-02
9.055487411336994585e-02
9.055487411336994585e-02
9.055487411336994585e-02
9.055487411336994585e-02
9.055487411336994585e-02
9.233783112511299851e-02
9.233783112511299851e-02
9.233783112511299851e-02
9.233783112511299851e-02
9.233783112511299851e-02
9.233783112511299851e-02
9.233783112511299851e-02
9.233783112511299851e-02
9.233783112511299851e-02
9.233783112511299851e-02
9.233783112511299851e-02
9.233783112511299851e-02
9.233783112511299851e-02
9.233783112511299851e-02
9.233783112511299851e-02
9.233783112511299851e-02
9.233783112511299851e-02
