5.076015987519580386e-02
5.076015987519580386e-02
5.076015987519580386e-02
5.076015987519580386e-02
5.076015987519580386e-02
5.076015987519580386e-02
5.076015987519580386e-02
5.076015987519580386e-02
5.076015987519580386e-02
5.076015987519580386e-02
5.076015987519580386e-02
5.076015987519580386e-02
5.076015987519580386e-02
5.076015987519580386e-02
5.076015987519580386e-02
5.076015987519580386e-02
4.252543347647121108e-02
4.252543347647121108e-02
4.252543347647121108e-02
4.252543347647121108e-02
4.252543347647121108e-02
4.252543347647121108e-02
4.252543347647121108e-02
4.252543347647121108e-02
4.252543347647121108e-02
4.252543347647121108e-02
4.252543347647121108e-02
4.239327858362823553e-02
4.239327858362823553e-02
4.239327858362823553e-02
4.239327858362823553e-02
4.239327858362823553e-02
4.239327858362823553e-02
4.239327858362823553e-02
4.239327858362823553e-02
4.239327858362823553e-02
4.239327858362823553e-02
4.239327858362823553e-02
4.239327858362823553e-02
4.239327858362823553e-02
4.239327858362823553e-02
5.161038708221005883e-02
5.161038708221005883e-02
5.161038708221005883e-02
5.161038708221005883e-02
5.161038708221005883e-02
5.161038708221005883e-02
5.161038708221005883e-02
5.161038708221005883e-02
5.161038708221005883e-02
5.161038708221005883e-02
5.161038708221005883e-02
5.161038708221005883e-02
5.161038708221005883e-02
5.161038708221005883e-02
5.161038708221005883e-02
5.161038708221005883e-02
4.455934261289810905e-02
4.455934261289810905e-02
4.455934261289810905e-02
4.455934261289810905e-02
4.455934261289810905e-02
4.455934261289810905e-02
4.455934261289810905e-02
4.455934261289810905e-02
4.455934261289810905e-02
4.455934261289810905e-02
4.455934261289810905e-02
4.455934261289810905e-02
4.455934261289810905e-02
4.455934261289810905e-02
4.455934261289810905e-02
4.182489759700995513e-02
4.182489759700995513e-02
4.182489759700995513e-02
4.182489759700995513e-02
4.182489759700995513e-02
4.182489759700995513e-02
4.182489759700995513e-02
4.182489759700995513e-02
4.182489759700995513e-02
4.182489759700995513e-02
4.182489759700995513e-02
4.182489759700995513e-02
4.182489759700995513e-02
4.182489759700995513e-02
4.182489759700995513e-02
4.832758394784377604e-02
4.832758394784377604e-02
4.832758394784377604e-02
4.832758394784377604e-02
4.832758394784377604e-02
4.832758394784377604e-02
4.832758394784377604e-02
4.832758394784377604e-02
4.832758394784377604e-02
4.832758394784377604e-02
4.832758394784377604e-02
4.832758394784377604e-02
4.832758394784377604e-02
4.832758394784377604e-02
4.832758394784377604e-02
4.832758394784377604e-02
4.446777463954979664e-02
4.446777463954979664e-02
4.446777463954979664e-02
4.446777463954979664e-02
4.446777463954979664e-02
4.446777463954979664e-02
4.446777463954979664e-02
4.446777463954979664e-02
4.446777463954979664e-02
4.446777463954979664e-02
4.446777463954979664e-02
4.446777463954979664e-02
4.446777463954979664e-02
3.475585792466630297e-02
3.475585792466630297e-02
3.475585792466630297e-02
3.475585792466630297e-02
3.475585792466630297e-02
3.475585792466630297e-02
3.475585792466630297e-02
3.475585792466630297e-02
3.475585792466630297e-02
3.475585792466630297e-02
3.475585792466630297e-02
2.372079439765243866e-02
2.372079439765243866e-02
2.372079439765243866e-02
2.372079439765243866e-02
2.372079439765243866e-02
2.372079439765243866e-02
2.372079439765243866e-02
2.372079439765243866e-02
2.372079439765243866e-02
2.372079439765243866e-02
2.372079439765243866e-02
2.372079439765243866e-02
4.258800781753456499e-02
4.258800781753456499e-02
4.258800781753456499e-02
4.258800781753456499e-02
4.258800781753456499e-02
4.258800781753456499e-02
4.258800781753456499e-02
4.258800781753456499e-02
4.258800781753456499e-02
4.258800781753456499e-02
4.258800781753456499e-02
4.258800781753456499e-02
4.258800781753456499e-02
4.258800781753456499e-02
4.627907698053689012e-02
4.627907698053689012e-02
4.627907698053689012e-02
4.627907698053689012e-02
4.627907698053689012e-02
4.627907698053689012e-02
4.627907698053689012e-02
4.627907698053689012e-02
4.627907698053689012e-02
4.627907698053689012e-02
4.627907698053689012e-02
4.627907698053689012e-02
4.821993030008001058e-02
4.821993030008001058e-02
4.821993030008001058e-02
4.821993030008001058e-02
4.821993030008001058e-02
4.821993030008001058e-02
4.821993030008001058e-02
4.821993030008001058e-02
4.821993030008001058e-02
4.821993030008001058e-02
4.821993030008001058e-02
4.821993030008001058e-02
4.821993030008001058e-02
4.821993030008001058e-02
4.821993030008001058e-02
4.821993030008001058e-02
4.910413210894330749e-02
4.910413210894330749e-02
4.910413210894330749e-02
4.910413210894330749e-02
4.910413210894330749e-02
4.910413210894330749e-02
4.910413210894330749e-02
4.910413210894330749e-02
4.910413210894330749e-02
4.910413210894330749e-02
4.910413210894330749e-02
4.910413210894330749e-02
4.910413210894330749e-02
4.910413210894330749e-02
4.910413210894330749e-02
4.910413210894330749e-02
2.339118522366696179e-02
2.339118522366696179e-02
2.339118522366696179e-02
2.339118522366696179e-02
2.339118522366696179e-02
2.339118522366696179e-02
2.339118522366696179e-02
2.339118522366696179e-02
2.339118522366696179e-02
2.339118522366696179e-02
4.110713587440413541e-02
4.110713587440413541e-02
4.110713587440413541e-02
4.110713587440413541e-02
4.110713587440413541e-02
4.110713587440413541e-02
4.110713587440413541e-02
4.110713587440413541e-02
4.110713587440413541e-02
4.110713587440413541e-02
4.110713587440413541e-02
4.110713587440413541e-02
4.110713587440413541e-02
4.110713587440413541e-02
4.110713587440413541e-02
