4.775754514717870519e-02
4.775754514717870519e-02
4.775754514717870519e-02
4.775754514717870519e-02
4.775754514717870519e-02
4.775754514717870519e-02
4.775754514717870519e-02
4.775754514717870519e-02
4.775754514717870519e-02
4.775754514717870519e-02
4.775754514717870519e-02
4.775754514717870519e-02
4.775754514717870519e-02
4.775754514717870519e-02
4.775754514717870519e-02
4.775754514717870519e-02
4.775754514717870519e-02
4.792844957675757717e-02
4.792844957675757717e-02
4.792844957675757717e-02
4.792844957675757717e-02
4.792844957675757717e-02
4.792844957675757717e-02
4.792844957675757717e-02
4.792844957675757717e-02
4.792844957675757717e-02
4.792844957675757717e-02
4.792844957675757717e-02
4.792844957675757717e-02
4.792844957675757717e-02
4.792844957675757717e-02
4.792844957675757717e-02
4.792844957675757717e-02
4.792844957675757717e-02
4.784357063851164132e-02
4.784357063851164132e-02
4.784357063851164132e-02
4.784357063851164132e-02
4.784357063851164132e-02
4.784357063851164132e-02
4.784357063851164132e-02
4.784357063851164132e-02
4.784357063851164132e-02
4.784357063851164132e-02
4.784357063851164132e-02
4.784357063851164132e-02
4.784357063851164132e-02
4.784357063851164132e-02
4.784357063851164132e-02
4.784357063851164132e-02
4.784357063851164132e-02
4.787225288740696444e-02
4.787225288740696444e-02
4.787225288740696444e-02
4.787225288740696444e-02
4.787225288740696444e-02
4.787225288740696444e-02
4.787225288740696444e-02
4.787225288740696444e-02
4.787225288740696444e-02
4.787225288740696444e-02
4.787225288740696444e-02
4.787225288740696444e-02
4.787225288740696444e-02
4.787225288740696444e-02
4.787225288740696444e-02
4.787225288740696444e-02
4.787225288740696444e-02
4.780664257630026087e-02
4.780664257630026087e-02
4.780664257630026087e-02
4.780664257630026087e-02
4.780664257630026087e-02
4.780664257630026087e-02
4.780664257630026087e-02
4.780664257630026087e-02
4.780664257630026087e-02
4.780664257630026087e-02
4.780664257630026087e-02
4.780664257630026087e-02
4.780664257630026087e-02
4.780664257630026087e-02
4.780664257630026087e-02
4.780664257630026087e-02
4.780664257630026087e-02
6.402211827107928688e-02
6.402211827107928688e-02
6.402211827107928688e-02
6.402211827107928688e-02
6.402211827107928688e-02
6.402211827107928688e-02
6.402211827107928688e-02
6.402211827107928688e-02
6.402211827107928688e-02
6.402211827107928688e-02
6.402211827107928688e-02
6.402211827107928688e-02
6.402211827107928688e-02
6.341897399452744999e-02
6.341897399452744999e-02
6.341897399452744999e-02
6.341897399452744999e-02
6.341897399452744999e-02
6.341897399452744999e-02
6.341897399452744999e-02
6.341897399452744999e-02
6.341897399452744999e-02
6.341897399452744999e-02
6.341897399452744999e-02
6.341897399452744999e-02
6.341897399452744999e-02
6.341897399452744999e-02
6.341897399452744999e-02
6.341897399452744999e-02
6.341897399452744999e-02
4.760186215842190233e-02
4.760186215842190233e-02
4.760186215842190233e-02
4.760186215842190233e-02
4.760186215842190233e-02
4.760186215842190233e-02
4.760186215842190233e-02
4.760186215842190233e-02
4.760186215842190233e-02
4.760186215842190233e-02
4.760186215842190233e-02
4.760186215842190233e-02
4.760186215842190233e-02
4.760186215842190233e-02
4.760186215842190233e-02
4.760186215842190233e-02
4.760186215842190233e-02
6.361988401801502158e-02
6.361988401801502158e-02
6.361988401801502158e-02
6.361988401801502158e-02
6.361988401801502158e-02
6.361988401801502158e-02
6.361988401801502158e-02
6.361988401801502158e-02
6.361988401801502158e-02
6.361988401801502158e-02
6.361988401801502158e-02
6.361988401801502158e-02
6.361988401801502158e-02
6.361988401801502158e-02
6.361988401801502158e-02
6.361988401801502158e-02
6.361988401801502158e-02
4.784916683327354592e-02
4.784916683327354592e-02
4.784916683327354592e-02
4.784916683327354592e-02
4.784916683327354592e-02
4.784916683327354592e-02
4.784916683327354592e-02
4.784916683327354592e-02
4.784916683327354592e-02
4.784916683327354592e-02
4.784916683327354592e-02
4.784916683327354592e-02
4.784916683327354592e-02
4.784916683327354592e-02
4.784916683327354592e-02
4.784916683327354592e-02
4.784916683327354592e-02
4.784447009835317982e-02
4.784447009835317982e-02
4.784447009835317982e-02
4.784447009835317982e-02
4.784447009835317982e-02
4.784447009835317982e-02
4.784447009835317982e-02
4.784447009835317982e-02
4.784447009835317982e-02
4.784447009835317982e-02
4.784447009835317982e-02
4.784447009835317982e-02
4.784447009835317982e-02
4.784447009835317982e-02
4.784447009835317982e-02
4.784447009835317982e-02
4.784447009835317982e-02
6.386525809515571084e-02
6.386525809515571084e-02
6.386525809515571084e-02
6.386525809515571084e-02
6.386525809515571084e-02
6.386525809515571084e-02
6.386525809515571084e-02
6.386525809515571084e-02
6.386525809515571084e-02
6.386525809515571084e-02
6.386525809515571084e-02
6.386525809515571084e-02
6.386525809515571084e-02
6.386525809515571084e-02
6.386525809515571084e-02
6.386525809515571084e-02
6.386525809515571084e-02
