1.005127244146386822e-01
1.005127244146386822e-01
1.005127244146386822e-01
1.005127244146386822e-01
1.005127244146386822e-01
1.005127244146386822e-01
1.005127244146386822e-01
9.985038941724989903e-02
9.985038941724989903e-02
9.985038941724989903e-02
9.985038941724989903e-02
9.985038941724989903e-02
9.985038941724989903e-02
9.985038941724989903e-02
9.985038941724989903e-02
9.985038941724989903e-02
9.985038941724989903e-02
9.985038941724989903e-02
9.985038941724989903e-02
9.985038941724989903e-02
9.985038941724989903e-02
9.985038941724989903e-02
9.985038941724989903e-02
9.985038941724989903e-02
4.098602257759340756e-02
4.098602257759340756e-02
4.098602257759340756e-02
4.098602257759340756e-02
4.098602257759340756e-02
4.098602257759340756e-02
4.098602257759340756e-02
4.098602257759340756e-02
4.098602257759340756e-02
4.098602257759340756e-02
4.098602257759340756e-02
4.098602257759340756e-02
4.098602257759340756e-02
4.098602257759340756e-02
4.098602257759340756e-02
4.098602257759340756e-02
4.098602257759340756e-02
9.985956852406167872e-02
9.985956852406167872e-02
9.985956852406167872e-02
9.985956852406167872e-02
9.985956852406167872e-02
9.985956852406167872e-02
9.985956852406167872e-02
9.985956852406167872e-02
9.985956852406167872e-02
9.985956852406167872e-02
9.985956852406167872e-02
9.985956852406167872e-02
9.985956852406167872e-02
9.985956852406167872e-02
9.985956852406167872e-02
9.985956852406167872e-02
9.985956852406167872e-02
9.985314055447724879e-02
9.985314055447724879e-02
9.985314055447724879e-02
9.985314055447724879e-02
9.985314055447724879e-02
9.985314055447724879e-02
9.985314055447724879e-02
9.985314055447724879e-02
9.985314055447724879e-02
9.985314055447724879e-02
9.985314055447724879e-02
9.985314055447724879e-02
9.985314055447724879e-02
9.985314055447724879e-02
9.985314055447724879e-02
9.985314055447724879e-02
9.985314055447724879e-02
9.990402170438154872e-02
9.990402170438154872e-02
9.990402170438154872e-02
9.990402170438154872e-02
9.990402170438154872e-02
9.990402170438154872e-02
9.990402170438154872e-02
9.990402170438154872e-02
9.990402170438154872e-02
9.990402170438154872e-02
9.990402170438154872e-02
9.990402170438154872e-02
9.990402170438154872e-02
9.990402170438154872e-02
9.990402170438154872e-02
9.990402170438154872e-02
9.990402170438154872e-02
4.425347108278476077e-02
4.425347108278476077e-02
4.425347108278476077e-02
4.425347108278476077e-02
4.425347108278476077e-02
4.425347108278476077e-02
4.425347108278476077e-02
1.005754114442543035e-01
1.005754114442543035e-01
1.005754114442543035e-01
1.005754114442543035e-01
1.005754114442543035e-01
1.005754114442543035e-01
1.005754114442543035e-01
1.005754114442543035e-01
1.005754114442543035e-01
1.005754114442543035e-01
1.005754114442543035e-01
1.005754114442543035e-01
1.005754114442543035e-01
1.005754114442543035e-01
1.005754114442543035e-01
1.005754114442543035e-01
1.005754114442543035e-01
4.187996809235139395e-02
4.187996809235139395e-02
4.187996809235139395e-02
4.187996809235139395e-02
4.187996809235139395e-02
4.187996809235139395e-02
4.187996809235139395e-02
4.187996809235139395e-02
4.187996809235139395e-02
4.187996809235139395e-02
4.187996809235139395e-02
4.187996809235139395e-02
4.263128132128037040e-02
4.263128132128037040e-02
4.263128132128037040e-02
4.263128132128037040e-02
4.263128132128037040e-02
4.263128132128037040e-02
4.263128132128037040e-02
4.263128132128037040e-02
4.263128132128037040e-02
4.263128132128037040e-02
4.263128132128037040e-02
4.263128132128037040e-02
4.263128132128037040e-02
4.263128132128037040e-02
4.263128132128037040e-02
4.263128132128037040e-02
4.263128132128037040e-02
9.992682475763539629e-02
9.992682475763539629e-02
9.992682475763539629e-02
9.992682475763539629e-02
9.992682475763539629e-02
9.992682475763539629e-02
9.992682475763539629e-02
9.992682475763539629e-02
9.992682475763539629e-02
9.992682475763539629e-02
9.992682475763539629e-02
9.992682475763539629e-02
9.992682475763539629e-02
9.992682475763539629e-02
9.992682475763539629e-02
9.992682475763539629e-02
9.992682475763539629e-02
9.989016252704262244e-02
9.989016252704262244e-02
9.989016252704262244e-02
9.989016252704262244e-02
9.989016252704262244e-02
9.989016252704262244e-02
9.989016252704262244e-02
9.989016252704262244e-02
9.989016252704262244e-02
9.989016252704262244e-02
9.989016252704262244e-02
9.989016252704262244e-02
9.989016252704262244e-02
9.989016252704262244e-02
9.989016252704262244e-02
9.989016252704262244e-02
9.989016252704262244e-02
9.991913348311745602e-02
9.991913348311745602e-02
9.991913348311745602e-02
9.991913348311745602e-02
9.991913348311745602e-02
9.991913348311745602e-02
9.991913348311745602e-02
9.991913348311745602e-02
9.991913348311745602e-02
9.991913348311745602e-02
9.991913348311745602e-02
9.991913348311745602e-02
9.991913348311745602e-02
9.991913348311745602e-02
9.991913348311745602e-02
9.991913348311745602e-02
9.991913348311745602e-02
9.998947500069507721e-02
9.998947500069507721e-02
9.998947500069507721e-02
9.998947500069507721e-02
9.998947500069507721e-02
9.998947500069507721e-02
9.998947500069507721e-02
9.998947500069507721e-02
9.998947500069507721e-02
9.998947500069507721e-02
9.998947500069507721e-02
9.998947500069507721e-02
9.998947500069507721e-02
9.998947500069507721e-02
9.998947500069507721e-02
9.998947500069507721e-02
9.998947500069507721e-02
