4.633466310895319878e-02
4.633466310895319878e-02
4.633466310895319878e-02
4.633466310895319878e-02
4.633466310895319878e-02
4.633466310895319878e-02
4.633466310895319878e-02
4.633466310895319878e-02
4.633466310895319878e-02
4.633466310895319878e-02
4.633466310895319878e-02
4.633466310895319878e-02
4.633466310895319878e-02
4.633466310895319878e-02
4.633466310895319878e-02
4.633466310895319878e-02
4.633466310895319878e-02
3.231131401629505628e-02
3.231131401629505628e-02
3.231131401629505628e-02
3.231131401629505628e-02
3.231131401629505628e-02
3.231131401629505628e-02
3.231131401629505628e-02
3.231131401629505628e-02
3.231131401629505628e-02
3.231131401629505628e-02
3.231131401629505628e-02
3.231131401629505628e-02
3.231131401629505628e-02
4.665036483981955390e-02
4.665036483981955390e-02
4.665036483981955390e-02
4.665036483981955390e-02
4.665036483981955390e-02
4.665036483981955390e-02
4.665036483981955390e-02
4.665036483981955390e-02
4.665036483981955390e-02
4.665036483981955390e-02
4.665036483981955390e-02
4.665036483981955390e-02
4.665036483981955390e-02
4.665036483981955390e-02
4.665036483981955390e-02
4.665036483981955390e-02
4.665036483981955390e-02
3.223243905236453100e-02
3.223243905236453100e-02
3.223243905236453100e-02
3.223243905236453100e-02
3.223243905236453100e-02
3.223243905236453100e-02
3.223243905236453100e-02
3.223243905236453100e-02
3.223243905236453100e-02
3.223243905236453100e-02
3.223243905236453100e-02
3.223243905236453100e-02
3.223243905236453100e-02
3.243207530179316456e-02
2.242500102388423483e-02
2.242500102388423483e-02
2.242500102388423483e-02
2.242500102388423483e-02
2.242500102388423483e-02
2.242500102388423483e-02
2.242500102388423483e-02
2.242500102388423483e-02
2.242500102388423483e-02
2.242500102388423483e-02
2.242500102388423483e-02
2.242500102388423483e-02
2.242500102388423483e-02
4.647558503144479797e-02
4.647558503144479797e-02
4.647558503144479797e-02
4.647558503144479797e-02
4.647558503144479797e-02
4.647558503144479797e-02
4.647558503144479797e-02
4.647558503144479797e-02
4.647558503144479797e-02
4.647558503144479797e-02
4.647558503144479797e-02
4.647558503144479797e-02
4.647558503144479797e-02
4.647558503144479797e-02
4.647558503144479797e-02
4.647558503144479797e-02
4.647558503144479797e-02
2.252086335351909802e-02
2.252086335351909802e-02
2.252086335351909802e-02
2.252086335351909802e-02
2.252086335351909802e-02
2.252086335351909802e-02
2.252086335351909802e-02
2.252086335351909802e-02
2.252086335351909802e-02
2.252086335351909802e-02
2.252086335351909802e-02
3.243368513473446346e-02
3.243368513473446346e-02
3.243368513473446346e-02
3.243368513473446346e-02
3.243368513473446346e-02
3.243368513473446346e-02
3.243368513473446346e-02
3.243368513473446346e-02
3.243368513473446346e-02
3.243368513473446346e-02
3.243368513473446346e-02
4.632330448774391735e-02
4.632330448774391735e-02
4.632330448774391735e-02
4.632330448774391735e-02
4.632330448774391735e-02
4.632330448774391735e-02
4.632330448774391735e-02
4.632330448774391735e-02
4.632330448774391735e-02
4.632330448774391735e-02
4.632330448774391735e-02
4.632330448774391735e-02
4.632330448774391735e-02
4.632330448774391735e-02
4.632330448774391735e-02
4.632330448774391735e-02
4.632330448774391735e-02
4.638198507926865471e-02
4.638198507926865471e-02
4.638198507926865471e-02
4.638198507926865471e-02
4.638198507926865471e-02
4.638198507926865471e-02
4.638198507926865471e-02
4.638198507926865471e-02
4.638198507926865471e-02
4.638198507926865471e-02
4.638198507926865471e-02
4.638198507926865471e-02
4.638198507926865471e-02
4.638198507926865471e-02
4.638198507926865471e-02
4.638198507926865471e-02
4.638198507926865471e-02
3.245592747912197373e-02
3.245592747912197373e-02
3.245592747912197373e-02
3.245592747912197373e-02
3.245592747912197373e-02
3.245592747912197373e-02
3.245592747912197373e-02
3.245592747912197373e-02
3.245592747912197373e-02
3.245592747912197373e-02
3.245592747912197373e-02
3.245592747912197373e-02
3.245592747912197373e-02
3.235663646384462355e-02
3.235663646384462355e-02
3.235663646384462355e-02
3.235663646384462355e-02
3.235663646384462355e-02
3.235663646384462355e-02
3.235663646384462355e-02
3.235663646384462355e-02
3.235663646384462355e-02
3.235663646384462355e-02
3.235663646384462355e-02
3.235663646384462355e-02
4.638943819629701149e-02
4.638943819629701149e-02
4.638943819629701149e-02
4.638943819629701149e-02
4.638943819629701149e-02
4.638943819629701149e-02
4.638943819629701149e-02
4.638943819629701149e-02
4.638943819629701149e-02
4.638943819629701149e-02
4.638943819629701149e-02
4.638943819629701149e-02
4.638943819629701149e-02
4.638943819629701149e-02
4.638943819629701149e-02
4.638943819629701149e-02
4.638943819629701149e-02
4.638522105641861709e-02
4.638522105641861709e-02
4.638522105641861709e-02
4.638522105641861709e-02
4.638522105641861709e-02
4.638522105641861709e-02
4.638522105641861709e-02
4.638522105641861709e-02
4.638522105641861709e-02
4.638522105641861709e-02
4.638522105641861709e-02
4.638522105641861709e-02
4.638522105641861709e-02
4.638522105641861709e-02
4.638522105641861709e-02
4.638522105641861709e-02
4.638522105641861709e-02
4.644700377867729685e-02
4.644700377867729685e-02
4.644700377867729685e-02
4.644700377867729685e-02
4.644700377867729685e-02
4.644700377867729685e-02
4.644700377867729685e-02
4.644700377867729685e-02
4.644700377867729685e-02
4.644700377867729685e-02
4.644700377867729685e-02
4.644700377867729685e-02
4.644700377867729685e-02
4.644700377867729685e-02
4.644700377867729685e-02
4.644700377867729685e-02
4.644700377867729685e-02
