1.329633500408745395e+00 6.033105212047386035e-01 5.044327356666898909e-01
-1.329633500408745395e+00 -6.033105212047386035e-01 -2.637159917923103336e+00
-1.615069361946436466e+00 -6.428075882757319226e-01 -2.154349946641874070e+00
-1.887566688453694574e+00 -5.707440789372858481e-01 -1.682743178805698792e+00
-2.082357315555205535e+00 -4.102321272604488311e-01 -1.274992271512648268e+00
-2.187897203177475713e+00 -1.979594119137495500e-01 -9.277141393673046244e-01
-2.214074367203300309e+00 3.543268033054716715e-02 -6.101039842241166022e-01
-2.164981454828283081e+00 2.652249550639073084e-01 -2.872308404794748360e-01
-2.033449390167704873e+00 4.655575685865680491e-01 7.553424986684582898e-02
-1.811959153181047943e+00 6.033105212047387145e-01 5.044327356666896689e-01
-1.526523291643356872e+00 6.428075882757317006e-01 9.872427069479192685e-01
-1.254025965136098542e+00 5.707440789372858481e-01 1.458849474784094324e+00
-1.059235338034587581e+00 4.102321272604490532e-01 1.866600382077145071e+00
-9.536954504123175136e-01 1.979594119137497721e-01 2.213878514222488381e+00
-9.275182863864929184e-01 -3.543268033054750021e-02 2.531488669365677069e+00
-9.766111987615102574e-01 -2.652249550639072528e-01 2.854361813110318558e+00
-1.108143263422087799e+00 -4.655575685865677160e-01 -3.066058403722947912e+00
1.609971616686343809e+00 1.380064688148550933e-01 8.182449995357615746e-01
-1.609971616686343809e+00 -1.380064688148550933e-01 -2.323347654054031874e+00
-1.659962501335085383e+00 -1.124886947354216821e-01 -1.928332730707583709e+00
-1.696136108944302556e+00 -6.990203383305257367e-02 -1.536269078636309127e+00
-1.713239996149998667e+00 -1.680613451748198817e-02 -1.146759254126864969e+00
-1.708907420973417191e+00 3.880263159000524320e-02 -7.579433317860483355e-01
-1.683729886753067451e+00 8.860114382751767270e-02 -3.675717244458847066e-01
-1.641249240580368918e+00 1.250320761658058333e-01 2.572696929000947708e-02
-1.587774381785048261e+00 1.424234163595119729e-01 4.216269397412159003e-01
-1.531621036903449529e+00 1.380064688148550933e-01 8.182449995357614636e-01
-1.481630152254707733e+00 1.124886947354217098e-01 1.213259922882209185e+00
-1.445456544645490782e+00 6.990203383305260143e-02 1.605323574953483989e+00
-1.428352657439794671e+00 1.680613451748205062e-02 1.994833399462927925e+00
-1.432685232616375925e+00 -3.880263159000516687e-02 2.383649321803744225e+00
-1.457862766836725887e+00 -8.860114382751772821e-02 2.774020929143909076e+00
-1.500343413009424198e+00 -1.250320761658058610e-01 -3.115865684299783833e+00
-1.553818271804744855e+00 -1.424234163595119451e-01 -2.719965713848577771e+00
-1.539918440691918633e+00 -5.240177597145763144e-01 7.888534055501819076e-01
1.539918440691918633e+00 5.240177597145763144e-01 -2.352739248039611208e+00
1.326007594944470069e+00 4.690574175002649171e-01 -2.795920233476729688e+00
1.164125197515941457e+00 3.415083827801222438e-01 3.082252737871216564e+00
1.071034567822795935e+00 1.675680576632814778e-01 2.717770386188430365e+00
1.046571983225530023e+00 -2.673349884876809190e-02 2.375103559915774376e+00
1.089426833312994392e+00 -2.178963007875927560e-01 2.028912645680044591e+00
1.201549104503084830e+00 -3.819289443368863446e-01 1.654706669614792736e+00
1.380405477312708795e+00 -4.921300188555734478e-01 1.237787043279770405e+00
1.601674212897874705e+00 -5.240177597145763144e-01 7.888534055501820186e-01
1.815585058645323269e+00 -4.690574175002649726e-01 3.456724201130635943e-01
1.977467456073851659e+00 -3.415083827801221883e-01 -5.933991571857673980e-02
2.070558085766997181e+00 -1.675680576632816998e-01 -4.238222674013624180e-01
2.095020670364263093e+00 2.673349884876792884e-02 -7.664890936740181848e-01
2.052165820276798502e+00 2.178963007875928393e-01 -1.112680007909749191e+00
1.940043549086708508e+00 3.819289443368862336e-01 -1.486885983975000602e+00
1.761187176277084987e+00 4.921300188555732813e-01 -1.903805610310022267e+00
-1.431500410431703285e+00 -5.626441657279678266e-01 7.944697473348604211e-01
1.431500410431703285e+00 5.626441657279678266e-01 -2.347122906254932584e+00
1.213580879702918169e+00 4.643892386649089987e-01 -2.784832600826766313e+00
1.068390942159521906e+00 2.985595722130224838e-01 3.113825271348549251e+00
1.000074848305720465e+00 9.577644132724470738e-02 2.770162192403005985e+00
1.003751408874733686e+00 -1.177141246276747905e-01 2.439915315476864244e+00
1.079791536995169832e+00 -3.179662983026832479e-01 2.093184789209997732e+00
1.233095941513884908e+00 -4.782570945169188903e-01 1.703254981973354232e+00
1.457124388619290389e+00 -5.677819843612535999e-01 1.260682166564402795e+00
1.710092243158090053e+00 -5.626441657279679376e-01 7.944697473348605321e-01
1.928011773886874947e+00 -4.643892386649090542e-01 3.567600527630271356e-01
2.073201711430271654e+00 -2.985595722130223728e-01 -2.776738224124397636e-02
2.141517805284072651e+00 -9.577644132724487391e-02 -3.714304611867867978e-01
2.137841244715059652e+00 1.177141246276746100e-01 -7.016773381129288722e-01
2.061801116594623728e+00 3.179662983026835255e-01 -1.048407864379795607e+00
1.908496712075908430e+00 4.782570945169188348e-01 -1.438337671616439328e+00
1.684468264970503171e+00 5.677819843612533779e-01 -1.880910487025390099e+00
-3.198969707418415354e-01 -6.373179187173989568e-01 1.877046100850442434e+00
3.198969707418415354e-01 6.373179187173989568e-01 -1.264546552739350904e+00
2.646566674389304041e-01 2.607339308715065362e-01 -1.389422555462973552e+00
2.573685312417233750e-01 -1.189892549025916568e-01 -1.490408489217994958e+00
2.917025499438496983e-01 -4.973915350710208516e-01 -1.601473756098407364e+00
4.016485539509885849e-01 -8.678200320914365440e-01 -1.772538633388185625e+00
7.755010539316929963e-01 -1.201440802616776882e+00 -2.199823320204080890e+00
2.009905547737220299e+00 -1.287807438084105360e+00 2.798286286508814946e+00
2.654470674309908240e+00 -1.000432379739206956e+00 2.101814859264786506e+00
2.821695682847952025e+00 -6.373179187173990679e-01 1.877046100850442212e+00
2.876935986150862767e+00 -2.607339308715067028e-01 1.752170098126819564e+00
2.884224122348070019e+00 1.189892549025917817e-01 1.651184164371798158e+00
2.849890103645943640e+00 4.973915350710205741e-01 1.540118897491385974e+00
2.739944099638804698e+00 8.678200320914360999e-01 1.369054020201607713e+00
2.366091599658099565e+00 1.201440802616777326e+00 9.417693333857117821e-01
1.131687105852572595e+00 1.287807438084105360e+00 -3.433063670809783918e-01
4.871219792798853754e-01 1.000432379739207400e+00 -1.039777794325006388e+00
4.114704741290126089e-01 -9.782920800483184687e-01 1.437067783884642624e+00
-4.114704741290126089e-01 9.782920800483184687e-01 -1.704524869705150714e+00
-2.754267765700416093e-01 6.071521553599895649e-01 -1.517063871008195397e+00
-2.312675938025663958e-01 2.265929237211175284e-01 -1.410055904441353425e+00
-2.280717424186607944e-01 -1.560480313631413540e-01 -1.321144418605211701e+00
-2.630097271729940900e-01 -5.373126979129333458e-01 -1.220256486182102362e+00
-3.731413898253163053e-01 -9.113337026121377527e-01 -1.057147489174755206e+00
-7.824818991875955865e-01 -1.248449809203231453e+00 -6.011431398523764402e-01
-2.178718843302493546e+00 -1.295218140566138931e+00 8.396659334725864454e-01
-2.730122179460780618e+00 -9.782920800483183577e-01 1.437067783884642624e+00
-2.866165877019751562e+00 -6.071521553599896759e-01 1.624528782581597719e+00
-2.910325059787226998e+00 -2.265929237211175007e-01 1.731536749148439913e+00
-2.913520911171132433e+00 1.560480313631411320e-01 1.820448234984581193e+00
-2.878582926416799026e+00 5.373126979129332348e-01 1.921336167407690754e+00
-2.768451263764476700e+00 9.113337026121380857e-01 2.084445164415038576e+00
-2.359110754402197419e+00 1.248449809203231675e+00 2.540449513737416787e+00
-9.628738102873004578e-01 1.295218140566139153e+00 -2.301926720117207559e+00
-1.764085663851224783e+00 5.408323370061002278e-02 6.361801222344434237e-01
1.764085663851224783e+00 -5.408323370061002278e-02 -2.505412531355349692e+00
1.770060223617532014e+00 2.346153337288291174e-02 -2.890521766066888265e+00
1.746379881585129468e+00 9.755883879229586275e-02 3.006212769760238324e+00
1.696005893334363801e+00 1.571662660312382331e-01 2.614792472709495552e+00
1.625903768752302136e+00 1.930031556864987008e-01 2.217556768406056644e+00
1.546861357018002092e+00 1.992083203532335478e-01 1.817129773225472533e+00
1.471723948849756880e+00 1.747400149815075132e-01 1.418137644980295820e+00
1.412410536208069889e+00 1.236583669020699522e-01 1.024297828070353855e+00
1.377506989738568555e+00 5.408323370061002278e-02 6.361801222344435347e-01
1.371532429972261324e+00 -2.346153337288292215e-02 2.510708875229050729e-01
1.395212772004663648e+00 -9.755883879229589051e-02 -1.353798838295549589e-01
1.445586760255429537e+00 -1.571662660312382331e-01 -5.268001808802974528e-01
1.515688884837490980e+00 -1.930031556864987008e-01 -9.240358851837361387e-01
1.594731296571791246e+00 -1.992083203532335478e-01 -1.324462880364321249e+00
1.669868704740036458e+00 -1.747400149815074855e-01 -1.723455008609497519e+00
1.729182117381723449e+00 -1.236583669020700771e-01 -2.117294825519439261e+00
-3.111392445259885342e+00 -7.625569439212761536e-01 1.480216797782742288e+00
3.111392445259885342e+00 7.625569439212761536e-01 -1.661375855807051050e+00
3.087518725472170988e+00 1.154943574173167509e+00 -1.689984254260507024e+00
2.373575411801447821e+00 1.539362791114462947e+00 -2.408281400113879478e+00
6.030582591001201753e-02 1.200096691753799183e+00 1.557300027403661469e+00
3.159700311027278941e-02 8.077621888760080360e-01 1.523921713157332603e+00
2.386328018117350042e-02 4.152073741121419803e-01 1.510709081946557175e+00
2.184092651567730650e-02 2.260801567061846915e-02 1.501575405599223423e+00
2.342047318799657038e-02 -3.699931931876609403e-01 1.492611187036580134e+00
3.020020832990786067e-02 -7.625569439212759315e-01 1.480216797782742288e+00
5.407392811762237045e-02 -1.154943574173167287e+00 1.451608399329286092e+00
7.680172417883459612e-01 -1.539362791114462947e+00 7.333112534759133050e-01
3.081286827679781126e+00 -1.200096691753799405e+00 -1.584292626186131647e+00
3.109995650479520535e+00 -8.077621888760083690e-01 -1.617670940432460513e+00
3.117729373408619775e+00 -4.152073741121415362e-01 -1.630883571643235941e+00
3.119751727074115966e+00 -2.260801567061856976e-02 -1.640017247990569693e+00
3.118172180401796556e+00 3.699931931876604407e-01 -1.648981466553212982e+00
-2.996260244704898934e+00 -6.347719465848407072e-01 1.730102341585743331e-01
2.996260244704898934e+00 6.347719465848407072e-01 -2.968582419431218700e+00
2.916441666439030023e+00 1.021219870296165233e+00 -3.074886213792763723e+00
2.461091277019786361e+00 1.384381051088152459e+00 2.729208615971761898e+00
4.474812330994968890e-01 1.297923643495288326e+00 6.925348472329809768e-01
1.941705566826757712e-01 9.218455164528508439e-01 4.149962467296327007e-01
1.359048863365566462e-01 5.341885469908697059e-01 3.290984404983677281e-01
1.181147079574131620e-01 1.445578605956429896e-01 2.766793458184679255e-01
1.205047451391025454e-01 -2.454202742497064715e-01 2.301740538426980398e-01
1.453324088848942930e-01 -6.347719465848407072e-01 1.730102341585744163e-01
2.251509871507633431e-01 -1.021219870296165233e+00 6.670643979702942095e-02
6.805013765700066442e-01 -1.384381051088152459e+00 -4.123840376180313294e-01
2.694111420490296283e+00 -1.297923643495288326e+00 -2.449057806356812250e+00
2.947422096907117428e+00 -9.218455164528509549e-01 -2.726596406860160471e+00
3.005687767253236498e+00 -5.341885469908693729e-01 -2.812494213091425443e+00
3.023477945632380148e+00 -1.445578605956427953e-01 -2.864913307771325357e+00
3.021087908450690751e+00 2.454202742497059164e-01 -2.911418599747094937e+00
2.282693824738892818e+00 -5.237891536435320683e-01 8.844329389334808500e-01
-2.282693824738892818e+00 5.237891536435320683e-01 -2.257159714656312488e+00
-2.038601425617092122e+00 7.458159103267606449e-01 -1.851688175631525546e+00
-1.641347768188635037e+00 8.536304748883216664e-01 -1.305198212624395948e+00
-1.212351019379615424e+00 7.952404925854037465e-01 -7.285198008892224131e-01
-9.190948041930262491e-01 6.012668484967077509e-01 -2.789503904056710448e-01
-7.681945513198116249e-01 3.375987936486268826e-01 4.937180737380801598e-02
-7.159322304197762721e-01 4.634816017892801066e-02 3.188088463280439600e-01
-7.427738060619422100e-01 -2.481518160817735574e-01 5.808990478737251495e-01
-8.588988288509006308e-01 -5.237891536435319573e-01 8.844329389334807390e-01
-1.102991227972701216e+00 -7.458159103267605339e-01 1.289904477958267570e+00
-1.500244885401158301e+00 -8.536304748883219995e-01 1.836394440965397168e+00
-1.929241634210177470e+00 -7.952404925854039686e-01 2.413072852700570703e+00
-2.222497849396766867e+00 -6.012668484967079729e-01 2.862642263184122182e+00
-2.373398102269981713e+00 -3.375987936486266605e-01 -3.092220846215985031e+00
-2.425660423170016955e+00 -4.634816017892799678e-02 -2.822783807261749267e+00
-2.398818847527851350e+00 2.481518160817732521e-01 -2.560693605716068522e+00
-2.585732179990929858e+00 -2.884570455554040791e-01 -2.307997679279654435e-01
2.585732179990929858e+00 2.884570455554040791e-01 2.910792885661827700e+00
2.475367199053352341e+00 6.119414906809913512e-01 2.661519543452117276e+00
2.208293144157105647e+00 8.898639328040800489e-01 2.276372104980429079e+00
1.667003825429660635e+00 1.037675889930525841e+00 1.626495467402287787e+00
1.058527310149845801e+00 9.516099293220718902e-01 9.105566645179968832e-01
7.219983148270627815e-01 6.990605929659200468e-01 4.596612363213077868e-01
5.771276445898300134e-01 3.840516255703864679e-01 1.833788039958452742e-01
5.310939555021969571e-01 4.883890427894673619e-02 -2.722320051094071283e-02
5.558604735988633694e-01 -2.884570455554040236e-01 -2.307997679279653325e-01
6.662254545364407754e-01 -6.119414906809913512e-01 -4.800731101376757848e-01
9.332995094326876906e-01 -8.898639328040800489e-01 -8.652205486093640374e-01
1.474588828160131593e+00 -1.037675889930525841e+00 -1.515097186187504663e+00
2.083065343439946648e+00 -9.516099293220720012e-01 -2.231035989071795456e+00
2.419594338762730779e+00 -6.990605929659196027e-01 -2.681931417268485607e+00
2.564465008999963214e+00 -3.840516255703863568e-01 -2.958213849593947842e+00
2.610498698087596381e+00 -4.883890427894720804e-02 3.114369453078852601e+00
-1.716272526428441081e+00 -4.861473775367386452e-01 7.622351267037090761e-01
1.716272526428441081e+00 4.861473775367386452e-01 -2.379357526886084262e+00
1.501876524237838462e+00 5.014592692126296214e-01 -2.825849394992912877e+00
1.303303845737151967e+00 4.345531524341691432e-01 3.022905813838513644e+00
1.158496269975793691e+00 3.017696793237867325e-01 2.626027753482196303e+00
1.080249168523507386e+00 1.285215748155201787e-01 2.264684649614862710e+00
1.068334521767555279e+00 -6.042346434851410264e-02 1.919710108573676743e+00
1.122253960595456013e+00 -2.421064063727420557e-01 1.566982368420399396e+00
1.243285016932023090e+00 -3.926196839903919322e-01 1.184497046382907870e+00
1.425320127161352035e+00 -4.861473775367385897e-01 7.622351267037091871e-01
1.639716129351954654e+00 -5.014592692126295104e-01 3.157432585968807381e-01
1.838288807852641371e+00 -4.345531524341691432e-01 -1.186868397512793466e-01
1.983096383613999203e+00 -3.017696793237868991e-01 -5.155649001075967020e-01
2.061343485066285730e+00 -1.285215748155202897e-01 -8.769080039749300726e-01
2.073258131822238060e+00 6.042346434851434550e-02 -1.221882545016116817e+00
2.019338692994337325e+00 2.421064063727418891e-01 -1.574610285169393942e+00
1.898307636657770470e+00 3.926196839903919877e-01 -1.957095607206884802e+00
-2.454870814930404155e+00 -6.415506180105963185e-01 8.238116064719056553e-01
2.454870814930404155e+00 6.415506180105963185e-01 -2.317781047117887461e+00
2.165261567018955891e+00 9.107811939822483271e-01 -2.724625780615669068e+00
1.600200261945178504e+00 1.037743400392302950e+00 2.884863563860297297e+00
1.014577129143512835e+00 9.296613816746764902e-01 2.190951440140193274e+00
7.037880882287316231e-01 6.681905380908065295e-01 1.764065642736265982e+00
5.714263468713446370e-01 3.505266538516130237e-01 1.497238944297040852e+00
5.328637194752059436e-01 1.494045548330075364e-02 1.288740928204947345e+00
5.649086428739241716e-01 -3.212861393218681694e-01 1.082391546998455745e+00
6.867218386593890722e-01 -6.415506180105960965e-01 8.238116064719057663e-01
9.763310865708371145e-01 -9.107811939822482161e-01 4.169668729741244917e-01
1.541392391644614612e+00 -1.037743400392302950e+00 -2.567290897294958740e-01
2.127015524446279837e+00 -9.296613816746766012e-01 -9.506412134495993982e-01
2.437804565361061382e+00 -6.681905380908067515e-01 -1.377527010853526912e+00
2.570166306718448812e+00 -3.505266538516126906e-01 -1.644353709292752708e+00
2.608728934114587172e+00 -1.494045548330078139e-02 -1.852851725384845993e+00
2.576684010715869277e+00 3.212861393218678918e-01 -2.059201106591337371e+00
2.860118778728550026e+00 -6.683579684882284822e-01 5.979675018208321369e-01
-2.860118778728550026e+00 6.683579684882284822e-01 -2.543625151768960979e+00
-2.698527272877317085e+00 1.037335394521937237e+00 -2.333035198207033645e+00
-1.981495234117632842e+00 1.330716865835039009e+00 -1.571589849266179284e+00
-6.546874618486466790e-01 1.204642696009593283e+00 -2.012113039017972282e-01
-3.382727854621785379e-01 8.540612079650357069e-01 1.613955910904582292e-01
-2.479751408471746466e-01 4.773364301226489803e-01 3.048658237406072224e-01
-2.207849521979317609e-01 9.507681747232757385e-02 3.993589269833300315e-01
-2.293746698423590191e-01 -2.879638176902468150e-01 4.868755594137495479e-01
-2.814738748612430341e-01 -6.683579684882283711e-01 5.979675018208321369e-01
-4.430653807124758647e-01 -1.037335394521937237e+00 8.085574553827591382e-01
-1.160097419472160052e+00 -1.330716865835039009e+00 1.570002804323613388e+00
-2.486905191741146215e+00 -1.204642696009593728e+00 2.940381349687995360e+00
-2.803319868127614356e+00 -8.540612079650362620e-01 -2.980197062499335470e+00
-2.893617512742618469e+00 -4.773364301226485917e-01 -2.836726829849185894e+00
-2.920807701391861411e+00 -9.507681747232762937e-02 -2.742233726606463140e+00
-2.912217983747434236e+00 2.879638176902464819e-01 -2.654717094176043624e+00
