-8.998896836590405957e-02 4.331779719763786951e-01 1.537928017437474537e+00
-8.172962795258273405e-02 4.188550582979451431e-02 1.572355834893620408e+00
-8.692357806856398916e-02 -3.494548581192131742e-01 1.605613469231332635e+00
-1.919276827577528211e-01 -1.128950264789498892e+00 1.749669647724198418e+00
-1.096518026805814561e+00 -1.478980101707243255e+00 2.670586708523138064e+00
-2.907720479929248203e+00 -1.211124035510464214e+00 -1.785205130483293656e+00
1.394861425119108857e-02 -7.845982716978143756e-01 1.549648595054811340e+00
-1.394861425119108857e-02 7.845982716978143756e-01 -1.591944058534981776e+00
-3.115756821431419521e+00 1.178730647988462943e+00 1.583380411949932842e+00
-1.494837654827972706e+00 1.560896894887183528e+00 -3.076922418376533575e+00
-2.574232753865180259e-02 1.177228649155426687e+00 -1.605863487440068127e+00
-4.585121304364709466e-02 -7.581963691962690932e-01 -1.519132026026980054e+00
-8.159419881771377836e-02 -1.150179700646147163e+00 -1.476161795237381558e+00
-8.954152113408609948e-01 -1.528142524992337492e+00 -6.557004041826492990e-01
-3.048822732998769158e+00 -1.203331570397005112e+00 1.504312361008481425e+00
-3.093231269147514784e+00 -8.114908331813552866e-01 1.555830921262812749e+00
-3.105151185565635963e+00 -4.191289302141814055e-01 1.576085207968155766e+00
-9.683663200163683538e-02 8.312671228244393751e-01 1.469251825459776839e+00
-7.207903490998691931e-02 4.399030540043265547e-01 1.510156437463250345e+00
-6.528196877849341828e-02 4.810405432652473112e-02 1.537751430951740605e+00
-6.926392730856816005e-02 -3.437300907733881750e-01 1.564270180396982513e+00
-8.797131452691954456e-02 -7.352637046718686342e-01 1.599988460068782592e+00
-1.518337132290425995e-01 -1.125408361181826411e+00 1.678111385488035623e+00
-9.350462228292004685e-01 -1.489725698140377697e+00 2.474368677974672526e+00
-2.950596734682896738e+00 -1.220428861292703449e+00 -1.780345711169241785e+00
-3.044756021588156170e+00 -8.312671228244397081e-01 -1.672340828130016499e+00
1.870661707327788206e-02 -7.602712827516188154e-01 1.491075069719834056e+00
-1.870661707327788206e-02 7.602712827516188154e-01 -1.650517583869959060e+00
-1.452599002502426816e-02 3.676241939127820602e-01 -1.642846678306928210e+00
-3.121925203867622844e+00 8.103410770237704508e-01 1.518217305793384986e+00
-3.103894979621240502e+00 1.202898297621282975e+00 1.539144230742271802e+00
-4.962541912872788785e-01 1.542323779709890985e+00 -2.133710196772899081e+00
-3.340233765479259931e-02 1.152850808237767533e+00 -1.668154819843816972e+00
2.435032046349225043e-01 -1.207148068377525529e+00 1.341713267485920014e+00
1.995105667882957956e+00 -1.476554862143955038e+00 -4.269191523577165470e-01
2.938661898490754876e+00 -1.131272383786960267e+00 -1.387637368732381526e+00
3.024868755033799594e+00 -7.431014819192799381e-01 -1.492567841486220903e+00
3.047110499863678879e+00 4.298971523966204078e-01 -1.611210219643837815e+00
1.615699971808894769e-02 -3.614517109889194835e-01 -1.503280660906203714e+00
2.073465664011508308e-02 -7.540866925986077218e-01 -1.511763094280244690e+00
3.672864737654469441e-02 -1.146640060915825376e+00 -1.531043120506368815e+00
4.511214987581839142e-01 -1.536126052753307825e+00 -1.948452267298224072e+00
3.098884026889393351e+00 -1.208999534214039828e+00 1.683972880679274642e+00
3.119522274306997467e+00 -8.164808058424865012e-01 1.660110870666849703e+00
3.125012457286127532e+00 -4.238517405798755133e-01 1.650845597656934505e+00
-3.111995772907827806e+00 1.182264056927235574e+00 1.578293619956473659e+00
-1.202975656253110870e+00 1.558781885772384079e+00 -2.793642528971478800e+00
-2.898618805805898077e-02 1.173627030145410588e+00 -1.617422102833796949e+00
2.753708331525682507e+00 1.205830532009064759e+00 -1.947007280599291068e+00
1.201660038411288989e+00 1.425538649558431459e+00 2.757276832438492420e+00
3.062735219187890379e-01 1.106559836260788465e+00 1.834755540308930399e+00
-3.004269491957746396e+00 -1.207322359670005563e+00 1.459615028996136932e+00
-3.070461461940135806e+00 -8.164918040173182456e-01 1.536190523876336700e+00
-3.088158164492232238e+00 -4.245198263758009904e-01 1.566042067634582535e+00
-3.092879666995465016e+00 -3.231871582802510467e-02 1.586492936120754704e+00
-3.089569460836836701e+00 3.598955453042594343e-01 1.606404083851864284e+00
-3.074908235605790630e+00 7.519309727166746393e-01 1.633653098793395708e+00
-3.023977600439723634e+00 1.143129776678686316e+00 1.695175196131762263e+00
-2.156912598990825103e+00 1.512344397108196903e+00 2.571960385498771817e+00
-1.373231616320468029e-01 1.207322359670006007e+00 -1.681977624593656406e+00
-1.617569734308892115e-01 -6.934240611327038284e-01 1.637090748062770107e+00
1.617569734308892115e-01 6.934240611327038284e-01 -1.504501905527023231e+00
1.302098436290216044e-01 3.047499557360154321e-01 -1.569156122028740885e+00
1.246289009875338194e-01 -8.484728449709140474e-02 -1.619044670636998529e+00
1.396763521899334337e-01 -4.742192137828369902e-01 -1.672540728934963639e+00
1.914079415434420950e-01 -8.618104098995433837e-01 -1.754464784615629602e+00
3.914827591186411104e-01 -1.240193234880838213e+00 -1.980662228238906364e+00
2.170844617720721015e+00 -1.420150731657260357e+00 2.498593250878952787e+00
2.876726991187817717e+00 -1.077940703391248700e+00 1.767722891543724639e+00
2.648656624019758987e-01 1.077940703391249144e+00 -1.373869762046068255e+00
8.311796555492923996e-03 -3.648603799072551723e-01 -1.513574395920938231e+00
1.068744951189439310e-02 -7.575424644457235956e-01 -1.517952431347437958e+00
1.901786133667907747e-02 -1.150202655758520986e+00 -1.527969271416891317e+00
2.721485914188311872e-01 -1.541906422508195540e+00 -1.782649080201450964e+00
3.119835546869464959e+00 -1.205845522477729359e+00 1.651308743995088868e+00
3.130293263469249965e+00 -8.131934803012903501e-01 1.639193129782774871e+00
-9.419672057437637747e-02 -1.165716011292561749e+00 -1.498057593207908766e+00
-1.288109163200899188e+00 -1.532187345791617084e+00 -2.967613706831525033e-01
-3.042396532486722815e+00 -1.187164255533669888e+00 1.464893976201498083e+00
-3.088610625862549863e+00 -7.954706306069720956e-01 1.519065130049845447e+00
-3.101283159969744130e+00 -4.031801426804343391e-01 1.541099381609296159e+00
-3.104514654812123187e+00 -1.076701218422555437e-02 1.556522485274098644e+00
-3.101640987673559557e+00 3.816486565128863750e-01 1.571808740391898551e+00
-3.089738154231949530e+00 7.739513887549385185e-01 1.593183059423239900e+00
-1.541705972232405575e-01 -7.121150129182742816e-01 1.667487697427262550e+00
1.541705972232405575e-01 7.121150129182742816e-01 -1.474104956162530788e+00
1.228921495165996441e-01 3.230370340959281550e-01 -1.536115161656697703e+00
1.167684642531015560e-01 -6.691883462128746241e-02 -1.583148235862361419e+00
1.298823759637377784e-01 -4.567187867210089625e-01 -1.632844079078354049e+00
1.760524932660887387e-01 -8.450482904586665844e-01 -1.707592840208998375e+00
3.510141630772884991e-01 -1.225940028753159217e+00 -1.907177681819600901e+00
2.092820957562579132e+00 -1.436287490027928104e+00 2.611129019210107316e+00
2.883869381843282564e+00 -1.097224124264865042e+00 1.796698466423678697e+00
2.577232717465111067e-01 1.097224124264865708e+00 -1.344894187166114197e+00
-3.133959539915128989e+00 7.936915375960609254e-01 1.553927404305697868e+00
-3.127320082360493636e+00 1.186369773801963401e+00 1.561716343759245840e+00
-5.723373337802436511e-01 1.560913517233863956e+00 -2.165422404120391775e+00
-1.371135409848289743e-02 1.169755522655432589e+00 -1.605730854265736696e+00
3.066841023479427442e+00 -7.072629696822270162e-01 1.506391104529519964e+00
-3.066841023479427442e+00 7.072629696822270162e-01 -1.635201549060273152e+00
-3.016560972377795302e+00 1.098174408730173024e+00 -1.572378655914737022e+00
-2.503522288689701725e+00 1.475344877389627163e+00 -1.047935240571379323e+00
-1.809967821433612067e-01 1.249954313893388402e+00 1.285822255846126083e+00
-8.714851721522134942e-02 8.602725314965216086e-01 1.391636969027500559e+00
-6.367218151183770547e-02 4.686348625785202171e-01 1.428978787375383863e+00
-5.696692637829624956e-02 7.662965786845812866e-02 1.453402711488852583e+00
-5.975051651352669690e-02 -3.154182764241472703e-01 1.476323907217998777e+00
-7.475163011036572991e-02 -7.072629696822270162e-01 1.506391104529519964e+00
-2.946627707286407549e+00 1.118065457120497319e+00 -1.409407650760075903e+00
-2.124074941413653050e+00 1.471027869115154818e+00 -5.698682246957287312e-01
-2.496068298369529537e-01 1.220627231408459190e+00 1.321410187812055437e+00
-9.395918562936547702e-02 4.435356707360014195e-01 1.516019672317568956e+00
-2.866152491658411350e+00 -1.219018898307493437e+00 1.330463275037131021e+00
-3.001716071007179742e+00 -8.336847455414054808e-01 1.485932668673714652e+00
-3.037643222658163999e+00 -4.437654858373752398e-01 1.545043184387535407e+00
-3.047610864833353972e+00 -5.293452962791714983e-02 1.584817491926140187e+00
-3.042097102080886906e+00 3.379764314745182241e-01 1.622892519901224739e+00
-3.015694816155206404e+00 7.282805068589751629e-01 1.673847828207096544e+00
-2.926694641329783853e+00 1.115808404891659000e+00 1.783411953388098103e+00
-2.084779504450097409e+00 1.462970611737068660e+00 2.644120494586469139e+00
-2.754401619313825433e-01 1.219018898307493881e+00 -1.811129378552662761e+00
-4.350481756060361332e-02 -7.767553975747433226e-01 -1.553802067721234303e+00
-7.935878651424835284e-02 -1.168793949922885878e+00 -1.511251678356568373e+00
-1.313382217362216275e+00 -1.538716539799161787e+00 -2.710519007168181727e-01
-3.059054637879517813e+00 -1.185079502382975880e+00 1.480786840486305822e+00
-3.097372064793922242e+00 -7.930787164252460775e-01 1.525767238425522754e+00
-3.107900983818607799e+00 -4.006646834638167287e-01 1.544140270574428264e+00
-3.110569156933555401e+00 -8.165585194332629360e-03 1.557031862144677481e+00
-3.108128069778126168e+00 3.843348609170371133e-01 1.569836590601670023e+00
-3.098087836029189468e+00 7.767553975747429895e-01 1.587790585868558813e+00
-3.062233867075544680e+00 1.168793949922886322e+00 1.630340975233224965e+00
-3.030793481051954341e+00 -8.265548386676163650e-01 1.506568650673064447e+00
3.030793481051954341e+00 8.265548386676163650e-01 -1.635024002916728669e+00
2.925066042819001844e+00 1.214666262399806795e+00 -1.756690175132735732e+00
1.038859621073730866e+00 1.483774089523174355e+00 2.625426803806990783e+00
1.756822258685139804e-01 1.127899437306296493e+00 1.747256367122555831e+00
1.014762906162961359e-01 7.386091661232744299e-01 1.656674253813353648e+00
3.040116362973496855e+00 -7.386091661232753180e-01 -1.484918399776439468e+00
3.061844099282600151e+00 -3.474577887968743894e-01 -1.526160653637916864e+00
3.066545907689982808e+00 4.409657642852014142e-02 -1.556681168086280875e+00
3.058879441197456472e+00 4.356084001134173933e-01 -1.588334114151094711e+00
-3.219765995951647669e-02 -7.684251011418034016e-01 1.583095175895594009e+00
3.219765995951647669e-02 7.684251011418034016e-01 -1.558497477694199107e+00
2.488612428866860890e-02 3.758793295535749479e-01 -1.571741875197445903e+00
2.315161470407004971e-02 -1.670951391425674545e-02 -1.581265873191114224e+00
2.523299413773353456e-02 -4.092968208957982190e-01 -1.590922595482427537e+00
3.329156620939681399e-02 -8.018351745844061185e-01 -1.604807677816641132e+00
6.297004790800719842e-02 -1.194133157595503425e+00 -1.639445104699697175e+00
2.196052859459753037e+00 -1.542245403323610820e+00 2.506060013783086404e+00
3.083496321127482176e+00 -1.160766288590508122e+00 1.614003866741397397e+00
2.010748798053215575e-02 -7.795716578186707713e-01 1.530824225559760388e+00
-2.010748798053215575e-02 7.795716578186707713e-01 -1.610768428030032950e+00
-1.544195215756928932e-02 3.869319864276451471e-01 -1.602459808633706295e+00
-1.430049948192150221e-02 -5.724842329014036453e-03 -1.596550533003829875e+00
-1.551535803720657629e-02 -3.983814702315622847e-01 -1.590613168572050151e+00
-2.033900082740905044e-02 -7.910201719301006573e-01 -1.582168947730860253e+00
-3.103715413567675441e+00 1.183571850323651420e+00 1.580035475066869255e+00
-1.189994587909443124e+00 1.555392565210130806e+00 -2.786586055775059911e+00
-3.684534360175367729e-02 1.172128984140223151e+00 -1.630590621386258876e+00
1.944021128867697706e-02 -7.697573743491353815e-01 -1.540449773216037821e+00
3.514953325578163562e-02 -1.162325712563143210e+00 -1.559179119739277031e+00
7.317104653487235266e-01 -1.549902971310198385e+00 -2.258521218941683006e+00
3.103704050497379630e+00 -1.193397711250116400e+00 1.649897922819242968e+00
3.121538560182547606e+00 -8.008440118674071684e-01 1.629072037399735828e+00
-3.125301740149467378e+00 1.188631009031572372e+00 1.558124755860517352e+00
-5.212671056465218999e-01 1.558596504439478281e+00 -2.119818727907938793e+00
-1.547955083517855122e-02 1.167474315745640423e+00 -1.612821441069167694e+00
-4.383244687527552974e-02 -7.468748079753798619e-01 1.553944027670129069e+00
4.383244687527552974e-02 7.468748079753798619e-01 -1.587648625919664269e+00
3.218344743559450188e-02 -3.802460647730405985e-02 -1.618660306202271748e+00
3.094296398356259470e+00 8.228846043235457097e-01 1.489470884694112707e+00
3.049214932387626309e+00 1.214747784394552221e+00 1.437542414524577650e+00
7.020686245298549677e-01 1.520985226571758719e+00 -9.159796736677309204e-01
7.689644466086088814e-02 1.138929042122602819e+00 -1.547576058665563137e+00
-2.470149810461044482e-01 -1.102168648804948692e+00 1.787881774224368003e+00
-1.051081633063641885e+00 -1.443214063486812915e+00 2.614144352231337010e+00
-2.810424162735067899e+00 -1.224252737115528289e+00 -1.887780844192005425e+00
1.643304430809515784e-02 -7.803746592309938057e-01 1.537569783689227698e+00
-1.643304430809515784e-02 7.803746592309938057e-01 -1.604022869900565640e+00
-1.261421340571467625e-02 3.877152402623131322e-01 -1.597230272137662332e+00
-1.167802613429148699e-02 -4.955655322701491179e-03 -1.592403071650134061e+00
-3.110715368171071749e+00 1.182886322142631563e+00 1.577716160289677205e+00
-1.169459083530880017e+00 1.558110362201746035e+00 -2.761891091705272139e+00
-3.014758056941206632e-02 1.172978948615286399e+00 -1.620255528325325933e+00
-2.975966784247528807e+00 -1.440587955015106170e+00 -1.509700456774244248e+00
-2.913143984829873911e+00 -8.502206639047706904e-01 1.421144084761190030e+00
2.913143984829873911e+00 8.502206639047706904e-01 -1.720448568828603086e+00
2.284486687599192323e-01 -8.502206639047704684e-01 1.421144084761190030e+00
4.540102003532207053e-01 -1.223123142221163695e+00 1.163952751236659866e+00
2.046076293224904141e+00 -1.401942175061581475e+00 -4.578180224128965969e-01
2.819846181633258286e+00 -1.078631914561489547e+00 -1.261753695674299625e+00
2.945295886855181067e+00 -6.979841385710718882e-01 -1.420370512172841382e+00
2.983974840336276468e+00 -3.111940853437146215e-01 -1.498854934144497664e+00
2.991155375135052807e+00 7.697488519167874910e-02 -1.559138122863602538e+00
2.973639638936899310e+00 4.648471923532668248e-01 -1.623343305317743956e+00
-7.550082385704161292e-02 -7.385935062783489657e-01 -1.484891930099942581e+00
-1.309295059049829513e-01 -1.129401839242245353e+00 -1.417271533295245467e+00
-8.886732108479979964e-01 -1.498883128961717937e+00 -6.483692106618170747e-01
-2.978927845473615665e+00 -1.219206729590865734e+00 1.452943822695422549e+00
-3.058939018359412287e+00 -8.290793528365001386e-01 1.544812359315657524e+00
-3.079985056494153106e+00 -4.373543175766061442e-01 1.579696388328170054e+00
-3.085732789080142702e+00 -4.531357380556928077e-02 1.603284081349771961e+00
-3.082254706418671386e+00 3.467514193473320017e-01 1.626003681237781384e+00
-3.066091829732751517e+00 7.385935062783485217e-01 1.656700723489850535e+00
-3.010663147684810248e+00 1.129401839242245797e+00 1.724321120294547871e+00
1.253740205707628598e-02 -7.699527406169971444e-01 1.521067393270088219e+00
-1.253740205707628598e-02 7.699527406169971444e-01 -1.620525260319705119e+00
-3.128662912420074882e+00 8.007625313052384453e-01 1.539077276597980992e+00
-3.117164425073302159e+00 1.193401178155939713e+00 1.552504701633626860e+00
-5.287867862293300636e-01 1.552953640585904571e+00 -2.140515171410617423e+00
-2.267672825121655814e-02 1.162597423005276243e+00 -1.632611831089639587e+00
-1.969005344081934186e-02 -3.129830315539411118e-03 1.597023629833705050e+00
-2.133954981863862149e-02 -3.957485168036956047e-01 1.605189432972520702e+00
-2.792973043037092623e-02 -7.883335612910146173e-01 1.616771744360064211e+00
-5.180471482560802809e-02 -1.180755804854481505e+00 1.644882042221689877e+00
-1.728442926650310518e+00 -1.550859105917102854e+00 -2.957749564979368806e+00
-3.090563742002354175e+00 -1.174503204159444314e+00 -1.591710822848321660e+00
-3.113837152769162842e+00 -7.820751135959232991e-01 -1.564193962622156153e+00
2.911323679921042906e+00 1.211794843349045081e+00 -1.776919944593790657e+00
1.085792302164938272e+00 1.480028619470189932e+00 2.664817766685423805e+00
3.056151304881073116e+00 -3.491146035914662882e-01 -1.531574320735119343e+00
3.061245002943422389e+00 4.227149221304768445e-02 -1.564266563450047220e+00
-1.100996179427648630e-01 4.803814071947374309e-01 1.427904248295578160e+00
-9.799174024830382967e-02 8.974527547548781514e-02 1.470134931103030729e+00
-8.271580799348858815e-01 -1.438015359024590989e+00 2.301696629798382965e+00
-2.824085862954372583e+00 -1.253380290535263120e+00 -1.965266290835692820e+00
-2.989919445158845779e+00 -8.698882165293694291e-01 -1.778934637588786005e+00
2.458641836014869297e-01 -1.334614148678563983e-01 -1.553178343844692444e+00
2.805384719221178380e-01 -5.130202328054398464e-01 -1.660288468007904861e+00
3.528982971849610462e-02 -4.013302627647271636e-01 1.543512607948330784e+00
4.633576462799136875e-02 -7.937164957979851998e-01 1.524255824763570466e+00
8.655826532507203408e-02 -1.185648249473318039e+00 1.477057690156938774e+00
1.836833157825871865e+00 -1.537126671920537868e+00 -2.796738077321426763e-01
3.058641000690276446e+00 -1.168001397560787247e+00 -1.507949635715208458e+00
3.096069198205521289e+00 -7.760247780842898235e-01 -1.552391432395063831e+00
3.106560554851864886e+00 -3.836308162490221774e-01 -1.571172688010311624e+00
3.109106634459870566e+00 8.850524172158471745e-03 -1.584577076227348558e+00
