1.420415643088737356e+00 3.823725010975396188e-01 6.295094933977293250e-01
-1.420415643088737356e+00 -3.823725010975396188e-01 -2.512083160192064124e+00
-1.586463689669254329e+00 -4.092393217826517660e-01 -2.086973532179162927e+00
-1.749350772978255364e+00 -3.705434433937784267e-01 -1.663974953051793770e+00
-1.878510022958220560e+00 -2.746423556393522980e-01 -1.261971371789822882e+00
-1.721177010501055982e+00 3.823725010975396188e-01 6.295094933977291030e-01
-1.555128963920539009e+00 4.092393217826517660e-01 1.054619121410630189e+00
-1.392241880611537974e+00 3.705434433937783156e-01 1.477617700537999568e+00
-1.263082630631572556e+00 2.746423556393522980e-01 1.879621281799970012e+00
-1.184478612175517309e+00 1.394467203266721578e-01 2.256782968081547658e+00
-1.161512197136560509e+00 -1.437351801405748267e-02 2.619180793743172586e+00
-1.194811294475868646e+00 -1.663188348246030235e-01 2.983152317766415873e+00
-1.283335456524690832e+00 -2.958251306632503908e-01 -2.918745726703587895e+00
3.024972756027484611e+00 1.009968042697639845e+00 -2.363427375922523943e+00
2.780749274363969459e+00 1.394596850301706548e+00 -2.620264407201210677e+00
2.681463176474810362e-01 1.335028832234507190e+00 1.138112362854917903e+00
1.062664988440200076e-01 9.477839397597395132e-01 9.634595681813080681e-01
6.277887408222229682e-02 1.647446452679423023e-01 8.873562863964992165e-01
6.356327864608812828e-02 -2.271910964219908957e-01 8.627119101328774020e-01
3.078813779507570736e+00 -1.647446452679422191e-01 -2.254236367193294122e+00
3.078029374943705321e+00 2.271910964219905071e-01 -2.278880743456915603e+00
-1.708367134736887394e+00 -8.068663682776110180e-02 6.988297421947455845e-01
1.708367134736887394e+00 8.068663682776110180e-02 -2.442762911395047531e+00
1.667163911776604168e+00 1.271153514247764793e-01 -2.834885937347055851e+00
1.610946777245804817e+00 1.542584507993892962e-01 3.052565739208357165e+00
1.548361331500174520e+00 1.577839501991036009e-01 2.654989618293500886e+00
1.489343479162338335e+00 1.371204038707369011e-01 2.258467962944292751e+00
1.443094847284593918e+00 9.558767747515026225e-02 1.865248860640878803e+00
1.416415422326144702e+00 3.967344174535710616e-02 1.475597161489603293e+00
1.412973315804181951e+00 -2.215626000185480157e-02 1.087719080889544943e+00
1.433225518852905944e+00 -8.068663682776106016e-02 6.988297421947454735e-01
1.698497806305199420e+00 -9.558767747515026225e-02 -1.276343792948914757e+00
1.725177231263648414e+00 -3.967344174535709922e-02 -1.665995492100189823e+00
1.728619337785611165e+00 2.215626000185470443e-02 -2.053873572700247951e+00
-6.941408929267401350e-03 3.143045478246896951e-01 2.409099447593440413e+00
-6.621688206128447350e-03 -7.838573909884660740e-02 2.411763973263328253e+00
-7.408271429384792606e-03 -4.710754345083792982e-01 2.414607705825615014e+00
-1.016254759499155870e-02 -8.637601107409803580e-01 2.418972051163490011e+00
-2.134948815403448635e-02 -1.256417678094239987e+00 2.431548868108866834e+00
-3.057489540180548193e+00 -1.492131970134384700e+00 -8.141914506095350168e-01
-3.127048383556558786e+00 -1.099667017140346648e+00 -7.433071536945158320e-01
-3.132910258966803418e+00 -7.069920977727747191e-01 -7.359869315718032823e-01
-3.134651244660525915e+00 -3.143045478246899171e-01 -7.324932059963529252e-01
-3.134970965383664598e+00 7.838573909884635760e-02 -7.298286803264651956e-01
-3.134184382160408511e+00 4.710754345083797978e-01 -7.269849477641783242e-01
-1.835739729358537797e+00 -2.211540988212776782e-01 6.568891010192702273e-01
1.835739729358537797e+00 2.211540988212776782e-01 -2.484703552570522778e+00
1.730931988857334236e+00 3.051383880286130945e-01 -2.882315798569249132e+00
1.597915453224221904e+00 3.424093816771811016e-01 2.988184907056318451e+00
1.459856949793979064e+00 3.257019754631215180e-01 2.572550500669211537e+00
1.228270615730863380e+00 2.554446554880122205e-02 1.408281147024929458e+00
1.243220398600770160e+00 -1.050847180449508422e-01 1.037383149510682445e+00
1.305852924231255541e+00 -2.211540988212776226e-01 6.568891010192703384e-01
1.879644054574378886e+00 -1.526787915211305635e-01 -1.360005711435256170e+00
1.913322037858929736e+00 -2.554446554880128104e-02 -1.733311506564863658e+00
1.898372254989022956e+00 1.050847180449507173e-01 -2.104209504079110005e+00
1.687846235886083734e+00 9.286122401710923679e-02 1.589256642424327959e+00
1.643420485906492035e+00 1.305380501268223747e-01 1.195861677708533355e+00
-1.530786198803252285e+00 -1.036354765211423973e-01 8.094150705860613249e-01
1.530786198803252285e+00 1.036354765211423973e-01 -2.332177583003731680e+00
1.494128564677034809e+00 8.043710747248182524e-02 -2.725887936396245603e+00
1.469236668918079136e+00 4.503332870886314621e-02 -3.117789516545704576e+00
1.459767510584806693e+00 2.832226952613454453e-03 2.774828455905706814e+00
1.467078438307704236e+00 -3.979534590040156167e-02 2.384352634004042404e+00
1.490123261851366232e+00 -7.641938621625038452e-02 1.992673349022004770e+00
1.525530068370710257e+00 -1.014563388251091547e-01 1.599187239695562868e+00
1.567946552824365014e+00 -1.110283690621439584e-01 1.204347886040420867e+00
1.610806454786541053e+00 -1.036354765211424250e-01 8.094150705860616579e-01
1.647464088912758529e+00 -8.043710747248185300e-02 4.157047171935479013e-01
1.616062585219083081e+00 1.014563388251091547e-01 -1.542405413894230026e+00
1.573646100765428324e+00 1.110283690621439445e-01 -1.937244767549371804e+00
-1.590725473925103550e+00 -1.652684777824701967e-01 7.747750386687829449e-01
1.590725473925103550e+00 1.652684777824701967e-01 -2.366817614921010282e+00
1.525401733249644565e+00 1.602005302614739057e-01 -2.764811876798324075e+00
1.467299732797980427e+00 1.306012512761996203e-01 3.122544849050422844e+00
1.425334316723631201e+00 8.120726522826091087e-02 2.730699845462961406e+00
1.405495618301818128e+00 1.965756176500967414e-02 2.342292256464444833e+00
1.410433410857478531e+00 -4.481293815081942994e-02 1.954823126564156244e+00
1.439500495131396107e+00 -1.026120733042292371e-01 1.565274421411903871e+00
1.488726147647450260e+00 -1.449792474243177531e-01 1.171786486163343577e+00
1.550867179664689566e+00 -1.652684777824701690e-01 7.747750386687830559e-01
1.616190920340148773e+00 -1.602005302614739057e-01 3.767807767914693740e-01
1.674292920791812911e+00 -1.306012512761996203e-01 -1.904780453937040749e-02
1.716258336866161915e+00 -8.120726522826093863e-02 -4.108928081268310439e-01
1.736097035287975210e+00 -1.965756176500972618e-02 -7.993003971253480611e-01
1.731159242732314585e+00 4.481293815081951321e-02 -1.186769527025637094e+00
1.702092158458397231e+00 1.026120733042292094e-01 -1.576318232177889245e+00
1.652866505942343078e+00 1.449792474243176976e-01 -1.969806167426449095e+00
-1.601637865702127961e+00 -7.956282513875073681e-01 7.921678640945170047e-01
1.601637865702127961e+00 7.956282513875073681e-01 -2.349424789495276222e+00
8.082900165973236906e-01 -2.562080476178572597e-01 2.060483189937440951e+00
9.312216537596715860e-01 -5.118936019126576475e-01 1.737489601232805603e+00
1.173777847191736834e+00 -7.097863997785380796e-01 1.320722738588716139e+00
1.539954787887664933e+00 -7.956282513875074791e-01 7.921678640945172267e-01
1.918366505436534197e+00 -7.317717462190405087e-01 2.521858430809819085e-01
2.181691780595593766e+00 -5.472590968239228193e-01 -1.827303270338207497e-01
2.320809297483406475e+00 -2.976663265325340535e-01 -5.167981484969526029e-01
2.366662365075815622e+00 -2.158227742400904009e-02 -8.006621007642696908e-01
2.333302636992469647e+00 2.562080476178575372e-01 -1.081109463652352165e+00
2.210370999830121530e+00 5.118936019126577586e-01 -1.404103052356987513e+00
1.967814806398056948e+00 7.097863997785377466e-01 -1.820869915001076533e+00
-1.530093477599042684e+00 -1.575830832740818810e-01 8.074507606626466494e-01
1.530093477599042684e+00 1.575830832740818810e-01 -2.334141892927146689e+00
1.472628563399850377e+00 1.299725492197341681e-01 -2.730020507164779175e+00
1.430474656107294740e+00 8.264471733799660935e-02 -3.122137169202753526e+00
1.409693138642891030e+00 2.292883471974540774e-02 2.772309263613491837e+00
1.413084772089363339e+00 -4.019824531680506879e-02 2.384638097472354445e+00
1.440202094225571772e+00 -9.733712646984239714e-02 1.995132030881987317e+00
1.487335021760362253e+00 -1.398395823930474180e-01 1.601911562343884210e+00
1.547566797255280679e+00 -1.610604714461172371e-01 1.205238794283817860e+00
1.611499175990750654e+00 -1.575830832740818255e-01 8.074507606626467604e-01
1.654257631829430863e+00 1.398395823930473902e-01 -1.539681091245909128e+00
1.594025856334512659e+00 1.610604714461171816e-01 -1.936353859305974590e+00
1.108522922278872391e+00 -3.431627343914920858e-01 -7.742701025796666636e-01
1.747074357067123662e+00 -5.430764802965578619e-01 -2.083080995413142400e+00
1.950611924947500686e+00 -4.334244352673324308e-01 -2.511177526415228289e+00
1.268280554776157754e+00 5.772060102541071158e-01 4.333793621757346948e-01
-1.268280554776157754e+00 -5.772060102541071158e-01 -2.708213291414058421e+00
-1.543516057869793290e+00 -6.431090666485982377e-01 -2.234158096536845495e+00
-1.826732715112881156e+00 -5.972747113758012372e-01 -1.753191072488491153e+00
-2.043046125645388678e+00 -4.550162781961476499e-01 -1.328375071000229779e+00
-2.169448039135457140e+00 -2.523253929863403799e-01 -9.687299760723255826e-01
-2.214083995159116025e+00 -2.182965651976507757e-02 -6.469995664330966401e-01
-1.098546527944404660e+00 4.550162781961477609e-01 1.813217582589563337e+00
-9.721446144543360868e-01 2.523253929863403799e-01 2.172862677517467755e+00
-9.275086584306770909e-01 2.182965651976472021e-02 2.494593087156697031e+00
-9.580304087333211260e-01 -2.108832336502466931e-01 2.813082985356786025e+00
-1.068422217312052558e+00 -4.209279643475392074e-01 -3.119995200414857450e+00
2.127764633859298815e+00 2.038018148421473219e-01 2.033187355662009921e+00
2.020070325608967821e+00 3.953088674161291394e-01 1.673489228821651631e+00
1.832812234511835836e+00 5.342150717175651042e-01 1.261415123130168681e+00
1.584169932979843765e+00 5.892313552632727491e-01 8.006927000074515188e-01
1.331974251352097127e+00 5.441312771157458261e-01 3.370145166175913531e-01
1.136982028001413569e+00 4.124079618692151894e-01 -8.089294857555981433e-02
1.021237868353304545e+00 2.248266824748793580e-01 -4.450905853847388904e-01
9.815236536073137508e-01 1.111828690570123949e-02 -7.775359423660307412e-01
1.013828019730494301e+00 -2.038018148421474052e-01 -1.108405297927783417e+00
1.121522327980825517e+00 -3.953088674161292504e-01 -1.468103424768141263e+00
-2.120497513727543026e+00 -1.411287009931510017e+00 -1.753255175239972319e+00
2.120497513727543026e+00 1.411287009931510017e+00 1.388337478349820797e+00
4.226098277999840169e-01 1.234266470820636119e+00 -3.364369454398590809e-01
2.087125398482627403e-01 8.584126520433222884e-01 -5.789305588124021851e-01
1.363250507968115088e-01 8.307544305160172171e-02 -7.264853684643535203e-01
1.425103288243986244e-01 -3.059109402722067772e-01 -7.810524715177221688e-01
3.005267602792981663e+00 -8.307544305160186049e-02 2.415107285125439596e+00
2.999082324765394603e+00 3.059109402722071103e-01 2.360540182072070614e+00
2.851978173772668157e+00 1.076696903621246815e+00 2.147155181269650548e+00
-1.561151619392176171e+00 -1.815236369937923977e-01 7.903650023766976007e-01
1.561151619392176171e+00 1.815236369937923977e-01 -2.351227651213095626e+00
1.491807653152225299e+00 1.638889897509352434e-01 -2.749539509392446845e+00
1.435025446492499857e+00 1.212419800634639278e-01 3.139183984550869333e+00
1.406403907197280478e+00 -7.792808134016686317e-02 1.975763123216629724e+00
1.448439383067525288e+00 -1.347681109833747115e-01 1.584908634410002737e+00
1.509541342868084168e+00 -1.712524911127850658e-01 1.189201396781948139e+00
1.580441034197616945e+00 -1.815236369937923977e-01 7.903650023766977117e-01
1.693153270522267828e+00 1.347681109833747393e-01 -1.556684019179790379e+00
1.632051310721708948e+00 1.712524911127849825e-01 -1.952391256807844755e+00
-1.607567951465799894e+00 -8.192546705915798588e-01 7.945150821796990170e-01
1.607567951465799894e+00 8.192546705915798588e-01 -2.347077571410093988e+00
7.836995149601567734e-01 -2.593089393234960793e-01 2.064814252943584449e+00
9.063775858109820449e-01 -5.223170313083853600e-01 1.747834611246374292e+00
1.153127280617786132e+00 -7.280497112956871852e-01 1.332385744403733918e+00
1.534024702123993222e+00 -8.192546705915798588e-01 7.945150821796993501e-01
1.930271596256782463e+00 -7.540909487908005193e-01 2.421943980644838401e-01
2.202145560379006994e+00 -5.637828116304972603e-01 -1.954557001290245233e-01
2.343663346840754613e+00 -3.076216635241962316e-01 -5.255477365041685278e-01
2.390388329106396537e+00 -2.510339266192513838e-02 -8.031536051529194475e-01
2.357893138629636454e+00 2.593089393234963014e-01 -1.076778400646209111e+00
2.235215067778811182e+00 5.223170313083852490e-01 -1.393758042343418824e+00
1.988465372972007872e+00 7.280497112956869632e-01 -1.809206909186058310e+00
1.350673124921121460e+00 -1.740830934574712496e-01 6.677909793086084234e-01
-1.350673124921121460e+00 1.740830934574712496e-01 -2.473801674281184582e+00
1.426662107810656499e+00 4.367801533299173755e-01 6.311232046236684434e-01
-1.426662107810656499e+00 -4.367801533299173755e-01 -2.510469448966124784e+00
-1.617199348352275301e+00 -4.563002608093121859e-01 -2.074953683476008504e+00
-1.797761001219126520e+00 -4.018849684056500782e-01 -1.646608977716173872e+00
-1.714930545779136839e+00 4.367801533299174310e-01 6.311232046236683324e-01
-1.524393305237518037e+00 4.563002608093122414e-01 1.066638970113784834e+00
-1.343831652370666596e+00 4.018849684056502447e-01 1.494983675873619244e+00
-1.207393907122943366e+00 2.860116007757020906e-01 1.894157913127670678e+00
-1.130007383751936212e+00 1.305212101998381446e-01 2.263240567343459908e+00
-1.114069917188527103e+00 -4.165257083310802688e-02 2.616976904069256538e+00
-1.159474329512280466e+00 -2.086021946988502462e-01 2.975689940041974513e+00
-1.265979968583648363e+00 -3.479982164806053047e-01 -2.925113347578952805e+00
1.445222546463005520e+00 -9.314514923721839423e-02 7.081510003155031541e-01
-1.445222546463005520e+00 9.314514923721839423e-02 -2.433441653274289962e+00
-1.419304964283372161e+00 3.821877406495088197e-02 -2.043701976496076433e+00
-1.416197191335407446e+00 -2.241049973113360891e-02 -1.655639554861502161e+00
-1.436314166454979224e+00 -7.969955723006906523e-02 -1.266574626077422883e+00
-1.476916247805492910e+00 -1.250265733088128106e-01 -8.743862506384346700e-01
-1.593477243064603144e+00 -1.545600027353048467e-01 -8.135102154979417799e-02
-1.651218943331014710e+00 -1.340526899393664206e-01 3.149931256563467952e-01
-1.696370107126787596e+00 -9.314514923721838036e-02 7.081510003155030430e-01
-1.722287689306420955e+00 -3.821877406495089585e-02 1.097890677093716461e+00
-1.725395462254385670e+00 2.241049973113361585e-02 1.485953098728291177e+00
-1.705278487134814114e+00 7.969955723006898196e-02 1.875018027512370011e+00
-1.664676405784300206e+00 1.250265733088128106e-01 2.267206402951358335e+00
-1.609457448820242664e+00 1.513798830076214519e-01 2.662853974401810486e+00
-1.548115410525190194e+00 1.545600027353047912e-01 3.060241632039998994e+00
-1.490373710258778628e+00 1.340526899393663929e-01 -2.826599527933447042e+00
1.475380496383735807e+00 1.144716120583540581e-01 2.698858091194480391e+00
1.438944731608991834e+00 6.936270013706673232e-02 2.307049064227191693e+00
1.422546791947034706e+00 1.384147871664293677e-02 1.917903343121386994e+00
1.428432960179748523e+00 -4.374614462314090763e-02 1.529351846521023406e+00
1.455806234022461565e+00 -9.478947688363630053e-02 1.138993089502615685e+00
1.500828269936567372e+00 -1.315326977393978247e-01 7.454440560510775526e-01
1.556801359079982294e+00 -1.482352288230968373e-01 3.491741063477509788e-01
1.614988975945969907e+00 -1.422262398453148502e-01 -4.771266472972455347e-02
1.666212157206057309e+00 -1.144716120583540442e-01 -4.427345623953127807e-01
1.702647921980801504e+00 -6.936270013706674620e-02 -8.345435893626009793e-01
1.719045861642758632e+00 -1.384147871664293677e-02 -1.223689310468406566e+00
1.713159693410044593e+00 4.374614462314090763e-02 -1.612240807068769710e+00
-1.609737823094024023e+00 -8.461068755957044107e-01 7.963043035890928767e-01
1.609737823094024023e+00 8.461068755957044107e-01 -2.345288350000700461e+00
1.132632647175798368e+00 -7.502713289261535579e-01 1.346377374231813695e+00
1.531854830495768871e+00 -8.461068755957044107e-01 7.963043035890932098e-01
2.228033145454392017e+00 -5.795692240621886926e-01 -2.092790289475633114e-01
2.370652875860372877e+00 -3.155722584703835598e-01 -5.336387419889564443e-01
2.417279599225146125e+00 -2.581077526030209346e-02 -8.036542056561575276e-01
2.008960006413995192e+00 7.502713289261533358e-01 -1.795215279357978977e+00
