1.550268825584290022e-01 2.817156730045943247e-01 -1.584346700078747894e+00
1.497246245746894078e-01 -1.065487365900632671e-01 -1.643807603707940990e+00
1.693049731214553155e-01 -4.944052345228024392e-01 -1.708702022179585445e+00
4.901003628346480290e-01 -1.250239204914759705e+00 -2.096472631440362111e+00
2.192849079505044152e+00 -1.387261390040676057e+00 2.454527569532675368e+00
2.651492290755144587e+00 1.250239204914759927e+00 1.045120022149430339e+00
9.487435740847492971e-01 1.387261390040676057e+00 -6.870650840571176365e-01
2.493012867288747422e-02 -1.121051245459541157e+00 -4.648669705495865889e-01
-2.493012867288747422e-02 1.121051245459541157e+00 2.676725683040206860e+00
-1.452278503409247523e-02 7.284214389790734101e-01 2.689509500128016040e+00
-1.147804981928605625e-02 3.357542523356599196e-01 2.695395635735392759e+00
-1.085469393972668915e-02 -5.692099015151780295e-02 2.699795138227326863e+00
-1.203296044545199006e-02 -4.495950801306647926e-01 2.704407327762757163e+00
-1.627770195572211462e-02 -8.422566843453066499e-01 2.711323629438588068e+00
-3.287893037977346333e-02 -1.234853362387196896e+00 2.730219797079717292e+00
-2.953359924456070651e+00 -1.512850695194538186e+00 -6.303392609293970716e-01
-3.116662524916905763e+00 -1.121051245459541379e+00 -4.648669705495866444e-01
-3.127069868555700793e+00 -7.284214389790735211e-01 -4.520831534617770764e-01
-3.130114603770507209e+00 -3.357542523356600861e-01 -4.461970178544005794e-01
-3.130737959650066404e+00 5.692099015151745600e-02 -4.417975153624665863e-01
-3.129559693144341459e+00 4.495950801306646261e-01 -4.371853258270358422e-01
-3.125314951634071026e+00 8.422566843453068719e-01 -4.302690241512051594e-01
-3.108713723210020152e+00 1.234853362387196896e+00 -4.113728565100763235e-01
-1.882327291337237418e-01 1.512850695194538853e+00 2.511253392660394823e+00
1.563435291159448015e+00 3.195963027504072386e-03 7.801695082674777737e-01
-1.563435291159448015e+00 -3.195963027504072386e-03 -2.361423145322315342e+00
-1.565218631042707198e+00 -5.769618368747896596e-03 -1.968728391435882852e+00
-1.567851159133490491e+00 -7.464917238710289983e-03 -1.576024211838290112e+00
-1.570932104409986207e+00 -8.023740128457161266e-03 -1.183313592639076317e+00
-1.573992376410147553e+00 -7.360998041331281820e-03 -7.906032925448185367e-01
-1.576566034911220049e+00 -5.577602914932427644e-03 -3.978998833099451349e-01
-1.578261276407914027e+00 -2.945085601831528687e-03 -5.205899751172884254e-03
-1.578820066997311589e+00 1.357732444040787921e-04 3.874816447232043437e-01
-1.578157362430345101e+00 3.195963027504071952e-03 7.801695082674777737e-01
-1.576374022547085918e+00 5.769618368747894861e-03 1.172864262153910264e+00
-1.573741494456302625e+00 7.464917238710289983e-03 1.565568441751503004e+00
-1.570660549179806909e+00 8.023740128457157797e-03 1.958279060950716355e+00
-1.567600277179645563e+00 7.360998041331284422e-03 2.350989361044974579e+00
-1.565026618678573067e+00 5.577602914932428511e-03 2.743692770279848148e+00
-1.563331377181879089e+00 2.945085601831529554e-03 3.136386753838620312e+00
-1.562772586592481527e+00 -1.357732444040761900e-04 -2.754111008866589216e+00
3.112716115096997083e+00 -7.252855380291727272e-01 1.802921762221457169e-01
-3.112716115096997083e+00 7.252855380291727272e-01 -2.961300477367647677e+00
-3.092215539028948967e+00 1.117711812487919731e+00 -2.936056752863875907e+00
-2.795186895775397584e+00 1.507117438523504882e+00 -2.634700346015120598e+00
-6.605518839498092376e-02 1.237328202995540360e+00 9.870785175208150741e-02
-3.255897127490559734e-02 8.450406193763357887e-01 1.367761286540641885e-01
-2.402559839275200324e-02 4.524912078783886460e-01 1.506281634572620431e-01
-2.164609883865641071e-02 5.989163216306438164e-02 1.598381205387006121e-01
-2.286119511257377057e-02 -3.327127660002925369e-01 1.686017840613028840e-01
-2.887653849279623458e-02 -7.252855380291725051e-01 1.802921762221456892e-01
-4.937711456084411393e-02 -1.117711812487919509e+00 2.055359007259172366e-01
-3.464057578143961424e-01 -1.507117438523504882e+00 5.068923075746731843e-01
-3.075537465194812192e+00 -1.237328202995541027e+00 -3.042884801837711706e+00
-3.109033682314887415e+00 -8.450406193763362328e-01 -3.004816524935729039e+00
-3.117567055197041359e+00 -4.524912078783884239e-01 -2.990964490132531406e+00
-3.119946554751136691e+00 -5.989163216306450654e-02 -2.981754533051092615e+00
-3.118731458477219665e+00 3.327127660002922038e-01 -2.972990869528490343e+00
-6.379787209835136724e-03 -6.438944033927548327e-01 4.537211311327509211e-01
6.379787209835136724e-03 6.438944033927548327e-01 -2.687871522457042417e+00
5.267640926414197608e-03 2.512017519924456543e-01 -2.690392055788649817e+00
5.153815612560898665e-03 -1.414921350843175163e-01 -2.692428234965869915e+00
5.928216500693053032e-03 -5.341853707432643317e-01 -2.694719753789887040e+00
8.499154467466610643e-03 -9.268748117485010596e-01 -2.698498673131612513e+00
2.052383776231267790e-02 -1.319540516676006581e+00 -2.711581016622621743e+00
3.105427239461963751e+00 -1.429210986407265516e+00 4.856950552592190218e-01
3.131571602836786372e+00 -1.036581252236853601e+00 4.585160966404318028e-01
3.135212866379958108e+00 -6.438944033927548327e-01 4.537211311327509211e-01
3.136325012663379042e+00 -2.512017519924457098e-01 4.512005978011433549e-01
3.136438837977232552e+00 1.414921350843174053e-01 4.491644186239232006e-01
3.135664437089100254e+00 5.341853707432639986e-01 4.468728997999062424e-01
3.133093499122326708e+00 9.268748117485008375e-01 4.430939804581806585e-01
3.121068815827480858e+00 1.319540516676007025e+00 4.300116369671719840e-01
3.616541412783001036e-02 1.429210986407265516e+00 -2.655897598330573928e+00
1.002105075300677682e-02 1.036581252236854267e+00 -2.683076556949361535e+00
1.034459632619652916e-02 -6.358207672361284590e-01 4.767991252168050642e-01
-1.034459632619652916e-02 6.358207672361284590e-01 -2.664793528372987996e+00
-8.575279733314424696e-03 2.431386589490846517e-01 -2.660714918733873002e+00
-8.416996739914644685e-03 -1.495466121318869135e-01 -2.657396295395635821e+00
-9.716873342700429669e-03 -5.422300446665770934e-01 -2.653635887778620805e+00
-1.401460988630202215e-02 -9.349030699849354420e-01 -2.647374775337480113e+00
-3.455715715958274786e-02 -1.327509483546324587e+00 -2.625110098006156800e+00
-3.085788084961146094e+00 -1.421014798874692397e+00 4.277612436216308711e-01
-3.125465778630527325e+00 -1.028487928413009955e+00 4.691289794819077930e-01
-3.131248057263596785e+00 -6.358207672361285701e-01 4.767991252168050087e-01
-3.133017373856478827e+00 -2.431386589490849570e-01 4.808777348559201692e-01
-3.133175656849878532e+00 1.495466121318868580e-01 4.841963581941575723e-01
-3.131875780247092678e+00 5.422300446665768714e-01 4.879567658111726436e-01
-3.127578043703491240e+00 9.349030699849352199e-01 4.942178782523130587e-01
-3.107035496430210042e+00 1.327509483546325253e+00 5.164825555836368709e-01
-5.580456862864752871e-02 1.421014798874692397e+00 -2.713831409968162856e+00
-1.612687495926608955e-02 1.028487928413010399e+00 -2.672463674107885545e+00
1.692958913918755304e+00 -2.020398360064324939e-01 8.458917276391435536e-01
1.760877196630110886e+00 -1.401668130103010945e-01 4.522074267775976208e-01
1.799467137160061903e+00 -5.751087243449576336e-02 6.628570515838413946e-02
1.804115232199242413e+00 3.350689673323860307e-02 -3.158801587716965065e-01
1.774311790437225644e+00 1.196656576343555906e-01 -7.002727692366135237e-01
1.713499539802354921e+00 1.881942512538051782e-01 -1.091714978816973103e+00
1.629840779376225957e+00 2.282860369588901595e-01 -1.491133616575677001e+00
3.093068341282286582e+00 -6.442162127518525905e-01 1.219073212258897199e+00
-3.093068341282286582e+00 6.442162127518525905e-01 -1.922519441330895917e+00
-3.065396482538656819e+00 1.036207957035059746e+00 -1.886078320930752561e+00
-2.871433495739608155e+00 1.424961091059330220e+00 -1.684249569462763052e+00
-1.543724172139325224e-01 1.315808832496249803e+00 1.040460030112915213e+00
-6.448789281775904603e-02 9.250146493990987207e-01 1.138388444430870283e+00
-4.504141448848592716e-02 5.328712574984429962e-01 1.167023331528308283e+00
-3.917944392936298370e-02 1.405097987092886191e-01 1.184426489807034244e+00
-4.005786212906512628e-02 -2.518890130243655046e-01 1.199905027776785094e+00
-4.852431230750671454e-02 -6.442162127518523684e-01 1.219073212258897199e+00
-7.619617105113625499e-02 -1.036207957035059524e+00 1.255514332659040555e+00
-2.701591578501851276e-01 -1.424961091059330442e+00 1.457343084127030286e+00
-2.987220236375860427e+00 -1.315808832496250025e+00 -2.101132623476877903e+00
-3.077104760772034098e+00 -9.250146493990991647e-01 -2.003204209158923277e+00
-3.096551239101307473e+00 -5.328712574984426631e-01 -1.974569322061484833e+00
-3.102413209660430216e+00 -1.405097987092885081e-01 -1.957166163782759094e+00
-3.101534791460728080e+00 2.518890130243650605e-01 -1.941687625813008244e+00
-1.594671862166965326e+00 -2.663244011037135817e-02 7.691535009315322302e-01
1.594671862166965326e+00 2.663244011037135817e-02 -2.372439152658261108e+00
1.582660970634090614e+00 3.374132365467053668e-02 -2.765256014401308526e+00
1.568840288167080654e+00 3.571230613360597272e-02 3.124995094296735942e+00
1.555318069674724857e+00 3.224437722455775202e-02 2.732081373661768176e+00
1.558931682955702724e+00 -3.374132365467052280e-02 3.763366391884847006e-01
1.572752365422712684e+00 -3.571230613360596579e-02 -1.659755929305710767e-02
1.586274583915068259e+00 -3.224437722455775895e-02 -4.095112799280246629e-01
1.597436355911302286e+00 -2.386706696238465389e-02 -8.022787352140261508e-01
1.604540023665732340e+00 -1.185789035169727487e-02 -1.194859959198561583e+00
1.606508701189734989e+00 1.954791423461030124e-03 -1.587324046196170180e+00
1.603044564224252788e+00 1.547021080431936618e-02 -1.979808566628507016e+00
1.536480282829784327e+00 -1.115854898430948192e-02 7.615057152260568119e-01
-1.536480282829784327e+00 1.115854898430948192e-02 -2.380086938363736415e+00
-1.534822626839372095e+00 -2.819849510101527998e-03 -1.987630061784737334e+00
-1.538637519416457211e+00 -1.636944405647084225e-02 -1.595143493834086046e+00
-1.547347630598884249e+00 -2.742903132534499702e-02 -1.202502795082247999e+00
-1.559631205028727763e+00 -3.431390674788221268e-02 -8.096736712356448207e-01
-1.573618001873290595e+00 -3.597355687053237216e-02 -4.167322509235670824e-01
-1.587174237535139643e+00 -3.215449737297045724e-02 -2.382058725893802797e-02
-1.598232896871999431e+00 -2.343987429908118286e-02 3.689367438930571952e-01
-1.605112370760009011e+00 -1.115854898430949059e-02 7.615057152260567008e-01
-1.606770026750421243e+00 2.819849510101523227e-03 1.153962591805055782e+00
-1.602955134173336127e+00 1.636944405647084225e-02 1.546449159755707292e+00
-1.594245022990908867e+00 2.742903132534499008e-02 1.939089858507544673e+00
-1.581961448561065575e+00 3.431390674788220574e-02 2.331918982354148184e+00
-1.567974651716502743e+00 3.597355687053236523e-02 2.724860402666226644e+00
-1.554418416054653695e+00 3.215449737297046418e-02 3.117772066330855019e+00
-1.543359756717793907e+00 2.343987429908119327e-02 -2.772655909696736476e+00
-4.118453617310301185e-03 -7.408529469555455993e-01 1.043731826411245511e-01
4.118453617310301185e-03 7.408529469555455993e-01 -3.037219470948668842e+00
3.232941332120372897e-03 3.481564129159759879e-01 -3.038896124941314891e+00
3.041991820297745494e-03 -4.454078701830905401e-02 -3.040134544423800822e+00
3.354556825707474908e-03 -4.372379161651689383e-01 -3.041419550128507066e+00
4.502697640654860708e-03 -8.299341077348869611e-01 -3.043321587926594685e+00
8.907379505208127060e-03 -1.222625515253497497e+00 -3.048372044046182339e+00
3.073446843207855661e+00 -1.526151850068127258e+00 1.696716771573294480e-01
3.134415895889079096e+00 -1.133546373146007147e+00 1.080951429330082175e-01
3.137474199972483113e+00 -7.408529469555457103e-01 1.043731826411245511e-01
3.138359712257672740e+00 -3.481564129159760435e-01 1.026965286484784468e-01
3.138550661769495598e+00 4.454078701830908871e-02 1.014581091659922801e-01
3.138238096764085938e+00 4.372379161651686053e-01 1.001731034612863003e-01
3.137089955949138531e+00 8.299341077348866280e-01 9.827106566319840364e-02
3.132685274084585192e+00 1.222625515253497719e+00 9.322060954361068019e-02
6.814581038193784357e-02 1.526151850068127258e+00 -2.971920976432463224e+00
7.176757700714105417e-03 1.133546373146007813e+00 -3.033497510656784968e+00
3.119308646044084643e+00 -6.878497089435348100e-01 1.356049707603942611e+00
-3.119308646044084643e+00 6.878497089435348100e-01 -1.785542945985850727e+00
-3.105032166064034538e+00 1.080392907352352383e+00 -1.767437191931121143e+00
-2.966399200106230705e+00 1.471864954180174490e+00 -1.625337851058550109e+00
-5.909951788900199426e-02 1.275037057830724851e+00 1.285361627451653499e+00
-2.710960143106392814e-02 8.826445315708757455e-01 1.320958600152005280e+00
-1.951305488224333584e-02 4.900466649884681059e-01 1.332715639147232789e+00
-1.729835529301043673e-02 9.741216811586575486e-02 1.340218126047241443e+00
-1.799495078995448638e-02 -2.952273533392443250e-01 1.347136979874518081e+00
-2.228400754570871584e-02 -6.878497089435348100e-01 1.356049707603942611e+00
-3.656048752575845329e-02 -1.080392907352352161e+00 1.374155461658671973e+00
-1.751934534835627721e-01 -1.471864954180174490e+00 1.516254802531243451e+00
-3.082493135700791420e+00 -1.275037057830725296e+00 -1.856231026138139839e+00
-3.114483052158729226e+00 -8.826445315708763006e-01 -1.820634053437788058e+00
-3.122079598707550030e+00 -4.900466649884678283e-01 -1.808877014442560549e+00
-3.124294298296782735e+00 -9.741216811586593527e-02 -1.801374527542551895e+00
-3.123597702799838949e+00 2.952273533392437144e-01 -1.794455673715275035e+00
2.834411678649557675e+00 -1.514581691188001455e+00 2.625898775027949661e+00
-2.834411678649557675e+00 1.514581691188001455e+00 -5.156938785618435661e-01
-5.103440654253608988e-02 1.231276709652322943e+00 2.271047416540982411e+00
-2.542229864750571514e-02 8.388258698359991605e-01 2.300260720250159707e+00
-1.883394461670104270e-02 4.462184004758227851e-01 2.311044435176132339e+00
-1.701406094547974757e-02 5.358063143015420055e-02 2.318261867952748911e+00
-1.801539989782804246e-02 -3.390598022921240684e-01 2.325165652477959810e+00
-2.283480249682768443e-02 -7.316801721293686445e-01 2.334431016312689788e+00
-3.934600710244986338e-02 -1.124207347301826587e+00 2.354663727633623527e+00
-3.071809749402349410e-01 -1.514581691188001233e+00 2.625898775027949217e+00
-3.090558247047257456e+00 -1.231276709652322943e+00 -8.705452370488108160e-01
-3.116170354942287446e+00 -8.388258698359993826e-01 -8.413319333396334088e-01
-3.122758708973092379e+00 -4.462184004758231182e-01 -8.305482184136612211e-01
-3.124578592644313701e+00 -5.358063143015441565e-02 -8.233307856370445377e-01
-3.123577253691965261e+00 3.390598022921245680e-01 -8.164270011118334169e-01
-3.118757851092965439e+00 7.316801721293685334e-01 -8.071616372771035497e-01
-3.102246646487343273e+00 1.124207347301825921e+00 -7.869289259561702554e-01
3.137793126420585832e+00 -6.300948226466041024e-01 5.446499973849180387e-01
-3.137793126420585832e+00 6.300948226466041024e-01 -2.596942656204875188e+00
-3.135700143020611286e+00 1.022789620447317693e+00 -2.594151771061082634e+00
-3.121747905128398948e+00 1.415466327333102736e+00 -2.579575536025368709e+00
-1.305298513455085269e-02 1.333377675403455420e+00 5.297243607541146648e-01
-5.210053756404574472e-03 9.406916062435950465e-01 5.382016692116607937e-01
-3.596551717695115058e-03 5.479961099459916829e-01 5.405374981880369800e-01
-3.107303211717538961e-03 1.552991665997995041e-01 5.419306020068953567e-01
-3.158493621321870320e-03 -2.373980371964726499e-01 5.431540270305182938e-01
-3.799527169207568555e-03 -6.300948226466039914e-01 5.446499973849182608e-01
-5.892510569182149438e-03 -1.022789620447317693e+00 5.474408825287105929e-01
-1.984474846139426193e-02 -1.415466327333102736e+00 5.620171175644246286e-01
-3.128539668455242673e+00 -1.333377675403455642e+00 -2.611868292835678229e+00
-3.136382599833388962e+00 -9.406916062435956016e-01 -2.603390984378131989e+00
-3.137996101872098542e+00 -5.479961099459913498e-01 -2.601055155401756025e+00
-3.138485350378075633e+00 -1.552991665997994764e-01 -2.599662051582897870e+00
-3.138434159968471526e+00 2.373980371964721225e-01 -2.598438626559274933e+00
