-1.771439913387496512e+00 4.662544842734517823e-04 6.409914827048346364e-01
1.771439913387496512e+00 -4.662544842734517823e-04 -2.500601170884958702e+00
1.756705334580474398e+00 7.591093968671293324e-02 -2.886173291366081362e+00
1.713958121938313983e+00 1.410640834860887316e-01 3.007364400670518023e+00
1.648906878230403272e+00 1.850043269778519350e-01 2.611783553092295929e+00
1.571272126527465840e+00 2.006435644858644285e-01 2.211882636405509750e+00
1.493559645136462777e+00 1.853673903404967349e-01 1.811952970878014879e+00
1.385239061772311819e+00 7.677498233682582274e-02 1.026590430195973402e+00
1.370152740202296604e+00 4.662544842734794837e-04 6.409914827048346364e-01
1.384887319009318940e+00 -7.591093968671290548e-02 2.554193622237121986e-01
1.427634531651479355e+00 -1.410640834860886761e-01 -1.342282529192752039e-01
1.492685775359389844e+00 -1.850043269778518795e-01 -5.298091004974965212e-01
1.570320527062327276e+00 -2.006435644858644840e-01 -9.297100171842835881e-01
1.648033008453330561e+00 -1.853673903404966794e-01 -1.329639682711778681e+00
1.713298873875176875e+00 -1.417301138227797241e-01 -1.725288529791246583e+00
1.756353591817481519e+00 -7.677498233682590600e-02 -2.115002223393819492e+00
-1.448097403117765358e+00 -1.164929264611120341e-01 8.577738786374435875e-01
1.448097403117765358e+00 1.164929264611120341e-01 -2.283818774952349528e+00
1.413064321276685575e+00 6.090013812032441659e-02 -2.674168437803211340e+00
1.401848655842622637e+00 -3.770397384006745223e-03 -3.061733847492388971e+00
1.415920810962846499e+00 -6.788138943574970052e-02 2.833702244276736337e+00
1.453429015221613385e+00 -1.218631600355730427e-01 2.442902475382767502e+00
1.509132603092129044e+00 -1.574371531011701242e-01 2.047900618562740416e+00
1.639497479186480700e+00 -1.545159592676011162e-01 1.252316413177692711e+00
1.693495250472027980e+00 -1.164929264611120480e-01 8.577738786374435875e-01
1.728528332313107763e+00 -6.090013812032445822e-02 4.674242157865821645e-01
1.739743997747170701e+00 3.770397384006723539e-03 7.985880609740414471e-02
1.725671842626946839e+00 6.788138943574970052e-02 -3.078904093130565567e-01
1.688163638368179953e+00 1.218631600355730010e-01 -6.986901782070256139e-01
1.632460050497664072e+00 1.574371531011702074e-01 -1.093692035027053588e+00
1.566971472638938101e+00 1.689464585249483841e-01 -1.491580649643348799e+00
1.502095174403312638e+00 1.545159592676010607e-01 -1.889276240412100183e+00
1.401655255876637085e+00 1.072721038748376682e-01 6.467856226250595642e-01
-1.401655255876637085e+00 -1.072721038748376682e-01 -2.494807030964733663e+00
-1.455344648662828533e+00 -1.636956362806506471e-01 -2.102486620154933483e+00
-1.606358129376580068e+00 -1.968697951988423456e-01 -1.304095129701508204e+00
-1.679609251821194027e+00 -1.681595280970704931e-01 -9.057287067297077332e-01
-1.735569326691896563e+00 -1.139015371413985844e-01 -5.127938552342649059e-01
-1.766270014726569082e+00 -4.265262696697686567e-02 -1.253274375305986343e-01
-1.767787476229608190e+00 3.487459702399060141e-02 2.597424674255247590e-01
-1.739937397713156253e+00 1.072721038748376404e-01 6.467856226250594531e-01
-1.686248004926964583e+00 1.636956362806506193e-01 1.039106033434859411e+00
-1.614275976379680122e+00 1.952936111959655829e-01 1.437026344061661742e+00
-1.535234524213213270e+00 1.968697951988422623e-01 1.837497523888284690e+00
-1.461983401768599089e+00 1.681595280970705764e-01 2.235863946860084717e+00
-1.406023326897896775e+00 1.139015371413985706e-01 2.628798798355528543e+00
-1.375322638863224034e+00 4.265262696697686567e-02 3.016265216059194731e+00
-1.373805177360185148e+00 -3.487459702399047651e-02 -2.881850186164268912e+00
1.585377648935206496e+00 1.225550566166861734e-02 7.958875637848092932e-01
-1.585377648935206496e+00 -1.225550566166861734e-02 -2.345705089804984045e+00
-1.587699524262044415e+00 8.780147324880716378e-03 -1.167771406673909995e+00
-1.583053135293403857e+00 1.458022703793593333e-02 -7.750874726764757083e-01
-1.576540219317509761e+00 1.816075591102034315e-02 -3.823511930428351024e-01
-1.569152352161162334e+00 1.897628523197771380e-02 1.041564568525355818e-02
-1.562014925061719461e+00 1.690254586718946753e-02 4.031733449132003377e-01
-1.556215004654586842e+00 1.225550566166862428e-02 7.958875637848090712e-01
-1.558539518296389481e+00 -1.458022703793592813e-02 2.366505180913317297e+00
-1.565052434272283355e+00 -1.816075591102034661e-02 2.759241460546958624e+00
-1.572440301428630782e+00 -1.897628523197770339e-02 -3.131177007904539789e+00
-1.579577728528073877e+00 -1.690254586718947100e-02 -2.738419308676593555e+00
-1.671865997687947303e+00 7.393522429030906229e-02 7.063324035475514462e-01
1.671865997687947303e+00 -7.393522429030906229e-02 -2.435260250042242003e+00
1.692379957507861521e+00 -2.974302328816889537e-02 -2.826028639567751632e+00
1.694516802415982237e+00 1.891917299196908472e-02 3.067439956471925022e+00
1.677976932009679123e+00 6.473984008236509380e-02 2.677042962967825179e+00
1.645109400989686721e+00 1.007926120456822949e-01 2.284619918346054934e+00
1.469726655901845813e+00 7.393522429030909004e-02 7.063324035475515572e-01
1.449212696081931817e+00 2.974302328816891272e-02 3.155640140220418721e-01
1.447075851173810879e+00 -1.891917299196909166e-02 -7.415269711786830198e-02
1.463615721580114215e+00 -6.473984008236505217e-02 -4.645496906219677702e-01
1.496483252600106395e+00 -1.007926120456822533e-01 -8.569727352437377377e-01
1.635908758317323075e+00 -1.069552124429125478e-01 -2.042306588659450028e+00
-2.507903445453143920e+00 -1.808030465165141321e-01 -1.414413454558220706e-01
2.507903445453143920e+00 1.808030465165141321e-01 3.000151308133971018e+00
2.421179552650099875e+00 4.887127616389444484e-01 2.740609519194646015e+00
2.210472221046482222e+00 7.582946006887527624e-01 2.385462039939555634e+00
1.802171186258041624e+00 9.292731441701557182e-01 1.846717526200396531e+00
1.271359673489400599e+00 9.152465204331841075e-01 1.189346574531290779e+00
8.923877868242635625e-01 7.255636591821257309e-01 6.786767814873284621e-01
7.027509272560813480e-01 4.482410372246071195e-01 3.417299093356843120e-01
6.286246406494987449e-01 1.376608309010124986e-01 8.936165532568357550e-02
6.336892081366493068e-01 -1.808030465165140210e-01 -1.414413454558219874e-01
7.204131009396931296e-01 -4.887127616389444484e-01 -4.009831343951473781e-01
9.311204325433105611e-01 -7.582946006887528734e-01 -7.561306136502373709e-01
1.339421467331751048e+00 -9.292731441701560513e-01 -1.294875127389396141e+00
1.870232980100392517e+00 -9.152465204331843296e-01 -1.952246079058502115e+00
2.249204866765529776e+00 -7.255636591821255088e-01 -2.462915872102465542e+00
2.438841726333711879e+00 -4.482410372246070085e-01 -2.799862744254109082e+00
2.512968012940294482e+00 -1.376608309010129427e-01 -3.052230998264109374e+00
-1.664035717996821706e+00 1.323780100415387351e-01 -6.911024573293329532e-01
-1.605995068106041090e+00 1.579177523475125411e-01 -2.950037923038623111e-01
-1.542359132436345259e+00 1.592633859848986699e-01 1.027500710522541577e-01
-1.483248153791941082e+00 1.361963399493962279e-01 4.991546024333866072e-01
-1.437847572004132601e+00 9.242128187099903081e-02 8.920358581293199585e-01
-1.477556935592971632e+00 -1.323780100415387351e-01 2.450490196260459719e+00
-1.535597585483752248e+00 -1.579177523475125966e-01 2.846588861285931138e+00
-1.599233521153447857e+00 -1.592633859848986977e-01 -3.038842582537539361e+00
-4.082934873713817137e-01 5.691389457550346531e-01 -3.159719034673694193e-01
-3.485094922135688056e-01 2.034239411082095772e-01 -1.602017769021458760e-01
-3.460017123501566427e-01 -1.663821241246502547e-01 -2.729550720137261660e-02
-5.554426463210195841e-01 -8.837498091232171005e-01 3.604394347172277802e-01
-2.559388080029489476e+00 -9.169436498957861392e-01 2.573144596567188191e+00
-2.733299166218411180e+00 -5.691389457550349862e-01 2.825620750122423530e+00
-2.793083161376224588e+00 -2.034239411082091886e-01 2.981390876687647573e+00
-2.795590941239636695e+00 1.663821241246502269e-01 3.114297146388420590e+00
1.562949630198709583e+00 -6.154709871907096397e-02 7.803427217120784132e-01
-1.562949630198709583e+00 6.154709871907096397e-02 -2.361249931877714925e+00
-1.539972974716736331e+00 5.385515737624119864e-02 -1.967962133782369616e+00
-1.510929324063508217e+00 1.630330808678817286e-02 -1.182906063272178177e+00
-1.509247338061501686e+00 -7.831839161650278394e-03 -7.909362515181068698e-01
-1.516915625452853300e+00 -3.077864906794613303e-02 -3.988255252756317537e-01
-1.532786460390381356e+00 -4.905045628261234941e-02 -6.229489679144320155e-03
-1.554463764211934773e+00 -5.985903713040624519e-02 3.869131092091915858e-01
-1.578643023391083533e+00 -6.154709871907096397e-02 7.803427217120783022e-01
-1.601619678873057007e+00 -5.385515737624117782e-02 1.173630519807423278e+00
-1.619882180340455724e+00 -3.796412871553282026e-02 1.566431386750334109e+00
-1.630663329526284899e+00 -1.630330808678819368e-02 1.958686590317614717e+00
-1.632345315528291652e+00 7.831839161650281864e-03 2.350656402071686024e+00
-1.624677028136939816e+00 3.077864906794612956e-02 2.742767128314162139e+00
-1.608806193199411760e+00 4.905045628261234941e-02 3.135363163910648954e+00
-1.587128889377858565e+00 5.985903713040625213e-02 -2.754679544380602252e+00
-1.512034064952521462e+00 -1.822723822533993399e-01 -2.065491482760354991e+00
-1.587100507918959069e+00 -1.907230867425237508e-01 -1.665861066804894319e+00
-1.659521629849204594e+00 -1.698280870262131870e-01 -1.267164434752139357e+00
-1.717797147054778151e+00 -1.230364051209244663e-01 -8.729515297327130607e-01
-1.753376904614100340e+00 -5.778773137250953207e-02 -4.840317549166423539e-01
-1.761544155491775010e+00 1.600851871686082700e-02 -9.815577006736114773e-02
-1.741282176698583761e+00 8.744559889902973893e-02 2.885978290368593768e-01
-1.388215748975692998e+00 5.778773137250944186e-02 2.657560898673151151e+00
-1.380048498098018106e+00 -1.600851871686083394e-02 3.043436883522431913e+00
-1.400310476891209355e+00 -8.744559889902968342e-02 -2.852994824552934183e+00
-1.884566302882314304e+00 5.160877979905848650e-02 5.374963304952679044e-01
1.884566302882314304e+00 -5.160877979905848650e-02 -2.604096323094525545e+00
1.881017241637353177e+00 7.035562614566778783e-02 -2.977624215360155535e+00
1.832502047213010243e+00 1.824901125065475915e-01 2.925938612836420205e+00
1.743410217295398912e+00 2.682367765771584978e-01 2.532504690876113074e+00
1.625049081790815642e+00 3.133379690419670349e-01 2.125030161260962114e+00
1.298708616794174597e+00 1.663824654107231016e-01 9.155332149962440713e-01
1.257026350707479034e+00 5.160877979905851426e-02 5.374963304952680154e-01
1.260575411952439939e+00 -7.035562614566773232e-02 1.639684382296380527e-01
1.309090606376783095e+00 -1.824901125065476193e-01 -2.156540407533729664e-01
1.398182436294394204e+00 -2.682367765771583867e-01 -6.090879627136795982e-01
1.516543571798977474e+00 -3.133379690419669794e-01 -1.016562492328830780e+00
2.832754772050706471e+00 -8.199045264852563575e-01 2.756456752815307221e-01
-2.832754772050706471e+00 8.199045264852563575e-01 -2.865946978308262505e+00
-2.567652974190188342e+00 1.178879419554075270e+00 -2.556505333590802564e+00
-4.524150977193155398e-01 1.076501506021937837e+00 -3.577968995777359162e-01
-2.764059264286603534e-01 7.075976953365165079e-01 -1.358445665274555236e-01
-2.207410595332281733e-01 3.265302311530504653e-01 -2.535966227627942798e-02
-2.092487677937378554e-01 -5.735702679770252749e-02 5.866679023867451409e-02
-2.313632831562099368e-01 -4.408213083911959318e-01 1.466760092452829567e-01
-3.088378815390868115e-01 -8.199045264852562465e-01 2.756456752815306110e-01
-5.739396793996046631e-01 -1.178879419554075270e+00 5.850873199989904405e-01
-1.840485048230659615e+00 -1.353939901805323975e+00 1.893127269090388864e+00
-2.689177555870477132e+00 -1.076501506021938281e+00 2.783795754012056811e+00
-2.865186727161132652e+00 -7.075976953365167299e-01 3.005748087062337426e+00
-2.920851594056565137e+00 -3.265302311530502433e-01 3.116232991313514056e+00
-2.932343885796055538e+00 5.735702679770249279e-02 -3.082925863351118512e+00
-2.910229370433583096e+00 4.408213083911955432e-01 -2.994916644344510548e+00
-4.406782965766000704e-01 -8.757208318463336472e-01 2.917715879490825337e-01
4.406782965766000704e-01 8.757208318463336472e-01 -2.849821065640710582e+00
3.183027164064266556e-01 5.096506657697339460e-01 -3.037928080836085343e+00
2.792649957562484686e-01 1.338646256878127938e-01 3.124117340975375079e+00
2.853553800413931585e-01 -2.436648604621876602e-01 3.015204886551759333e+00
3.417478733779032996e-01 -6.178170054375820008e-01 2.882662983397593859e+00
5.104486723670436099e-01 -9.774364535563323519e-01 2.651235899977655741e+00
1.116345942503119693e+00 -1.261862936616297226e+00 1.988929523080096962e+00
2.294221980789107995e+00 -1.197736539815745571e+00 7.561568828305063050e-01
2.700914357013193268e+00 -8.757208318463337582e-01 2.917715879490825337e-01
2.823289937183366405e+00 -5.096506657697341680e-01 1.036645727537078565e-01
2.862327657833545036e+00 -1.338646256878126828e-01 -1.747531261441836320e-02
2.856237273548400069e+00 2.436648604621871883e-01 -1.263877670380338658e-01
2.799844780211889983e+00 6.178170054375817788e-01 -2.589296701921994237e-01
2.631143981222749506e+00 9.774364535563325740e-01 -4.903567536121376524e-01
8.473706728006860089e-01 1.197736539815746015e+00 -2.385435770759285923e+00
-1.780991614852845073e+00 5.627037911559668731e-02 6.222154834513611288e-01
1.780991614852845073e+00 -5.627037911559668731e-02 -2.519377170138432209e+00
1.786534010132643679e+00 2.776480724113739376e-02 -2.903132128741018558e+00
1.760089010565630163e+00 1.077451196654059112e-01 2.994585335825045380e+00
1.704845021891191914e+00 1.717844488750676080e-01 2.603207520457693658e+00
1.628330316985996618e+00 2.098576237110809095e-01 2.205009994864021383e+00
1.397487652415875692e+00 1.320640335987849356e-01 1.009362640467819983e+00
1.360601038736948265e+00 5.627037911559672895e-02 6.222154834513612398e-01
1.355058643457149437e+00 -2.776480724113734866e-02 2.384605248487747520e-01
1.381503643024163175e+00 -1.077451196654058974e-01 -1.470073177647477358e-01
1.436747631698601424e+00 -1.717844488750675802e-01 -5.383851331320992362e-01
1.513262336603796498e+00 -2.098576237110808818e-01 -9.365826587257710667e-01
1.599219680449347702e+00 -2.156532205680818659e-01 -1.338419552681151758e+00
1.744105001173917424e+00 -1.320640335987850744e-01 -2.132230013121972689e+00
-1.635136547548627250e+00 -1.660179901709800676e-01 -9.041601382113283458e-01
-1.693950166452380612e+00 -1.287659072465999477e-01 -5.088660184999175273e-01
-1.733628711052883853e+00 -7.207739845019253688e-02 -1.182331289467876273e-01
-1.748678519899265815e+00 -4.656031789591674741e-03 2.689973630446409469e-01
-1.737152230676705766e+00 6.345438614148193879e-02 6.559892608300953443e-01
-1.700533981918789683e+00 1.221291424437738887e-01 1.046036978336982282e+00
-1.575527004582615298e+00 1.778802443896047025e-01 1.838956620326992031e+00
-1.506456106041166088e+00 1.660179901709800676e-01 2.237432515378464437e+00
-1.447642487137412504e+00 1.287659072465999199e-01 2.632726635089876144e+00
-1.407963942536909263e+00 7.207739845019253688e-02 3.023359524643005614e+00
-1.392914133690527301e+00 4.656031789591723313e-03 -2.872595290545152835e+00
