-2.581863721372905096e-01 -5.747055979076604038e-01 1.427209506716798693e+00
2.581863721372905096e-01 5.747055979076604038e-01 -1.714383146872994423e+00
2.201308486074072535e-01 1.928428386658821991e-01 -1.814103338365481877e+00
2.200342049108070797e-01 -1.906172873132954415e-01 -1.899309562829204046e+00
2.578104436393385823e-01 -5.725005186851673811e-01 -1.998844168297909007e+00
2.921461804982385946e+00 -1.928428386658821714e-01 1.327489315224311461e+00
2.921558448678986064e+00 1.906172873132953582e-01 1.242283090760589293e+00
1.575532566003427615e+00 -1.419739722875039932e-02 7.886796435171098407e-01
-1.575532566003427615e+00 1.419739722875039932e-02 -2.352913010072683164e+00
-1.569738539656793552e+00 1.492908946363634588e-02 -1.960172410564853696e+00
-1.564105615509117087e+00 1.338781534626872112e-02 -1.567436437073286282e+00
-1.559491589013519031e+00 9.808340565455608145e-03 -1.174726701820232311e+00
-1.560987359497545857e+00 -1.130419398465039652e-02 3.959587413112233834e-01
-1.566060087586365723e+00 -1.419739722875040279e-02 7.886796435171097297e-01
-1.571854113932999786e+00 -1.492908946363634415e-02 1.181420243024939420e+00
-1.577487038080676252e+00 -1.338781534626871592e-02 1.574156216516507056e+00
-1.582101064576274307e+00 -9.808340565455611615e-03 1.966865951769560583e+00
-1.584993883241474055e+00 -4.735761880375414720e-03 2.359543210825160831e+00
-1.585725424609476741e+00 1.057669261659881493e-03 2.752200778601730402e+00
-1.584184441767858997e+00 6.690111685654900366e-03 -3.138322336536014223e+00
-1.580605294092247481e+00 1.130419398465039652e-02 -2.745633912278570232e+00
1.460007417250727357e+00 -1.879805244749360726e-01 2.491113878745090826e+00
1.541274033980254865e+00 -2.158884950049321794e-01 2.091159772256260485e+00
1.704257310709193618e+00 -1.727184756580264768e-01 1.290990803541331777e+00
1.759909065369805070e+00 -1.088293986857364337e-01 8.995317016349450023e-01
1.786776037480893864e+00 -2.883678332437029229e-02 5.140375626531046294e-01
1.781618258763984608e+00 5.536693973957920040e-02 1.303244129704148324e-01
1.753923735488710944e+00 6.849524483838455302e-02 9.290877938076620435e-01
-1.753923735488710944e+00 -6.849524483838455302e-02 -2.212504859782131295e+00
-1.766079616994991053e+00 6.293531136694398634e-03 -1.826713954884659152e+00
-1.749172175221015868e+00 8.015635823142855387e-02 -1.440570204879223937e+00
-1.427382555942900311e+00 1.331503475967881767e-01 5.396752855871214116e-01
-1.387668918101082172e+00 6.849524483838455302e-02 9.290877938076619325e-01
-1.375513036594802285e+00 -6.293531136694364807e-03 1.314878698705133964e+00
-1.392420478368777470e+00 -8.015635823142855387e-02 1.701022448710569401e+00
-1.436281376645127894e+00 -1.421356980094986289e-01 2.091303128674315559e+00
-1.501140028170846241e+00 -1.826931484413834850e-01 2.487209236257836853e+00
-1.577211795168581121e+00 -1.952793728480492486e-01 2.886919903303665436e+00
-1.652239355742014082e+00 -1.777969965352388382e-01 -2.996931447255925640e+00
-1.714210097646892805e+00 -1.331503475967882322e-01 -2.601917368002672148e+00
-4.600681685132659293e-01 3.658314915663262723e-01 -1.968357892031038281e+00
-4.275576777738982481e-01 1.029331734187185349e-02 -1.797605383438089621e+00
-2.681524485076527409e+00 -3.658314915663263833e-01 1.173234761558754835e+00
-2.714034975815895034e+00 -1.029331734187208941e-02 1.343987270151703717e+00
-2.574265341030513632e+00 6.894869659895979108e-01 1.733789148489205623e+00
-2.282654193011829147e+00 9.912833089379087248e-01 2.118757675511884209e+00
-1.595616241525756873e+00 1.143122404448383422e+00 2.892198340665027345e+00
-8.858389393989946070e-01 1.005831539792472862e+00 -2.594991768886623529e+00
-1.602883226703585740e+00 -2.083159850268442304e-01 7.698290172321313740e-01
1.602883226703585740e+00 2.083159850268442304e-01 -2.371763636357661742e+00
1.519561550452394272e+00 2.045039907734717000e-01 -2.773075579771901111e+00
1.538709426886207599e+00 -2.083159850268442304e-01 7.698290172321314850e-01
1.751899297845889159e+00 -1.083542085134926308e-01 -4.214708558124810045e-01
1.779216516469215970e+00 -3.139296916165051909e-02 -8.076054651514805727e-01
1.775561579583787797e+00 5.016623153834656734e-02 -1.191865679782806442e+00
1.741366321984325394e+00 1.243643792282688038e-01 -1.579074172986479452e+00
1.680937645946808612e+00 1.800292182669367691e-01 -1.972467912999435136e+00
1.561429913953047866e+00 -1.224571023025512739e-02 7.788900627656533127e-01
-1.561429913953047866e+00 1.224571023025512739e-02 -2.362702590824139914e+00
-1.557456757642537326e+00 7.729305384874232861e-03 -1.970009305627164808e+00
-1.555514431351594951e+00 2.036349117110229732e-03 -1.577346217806062878e+00
-1.555898330355403925e+00 -3.966558885334060640e-03 -1.184692243528001843e+00
-1.558550079442531544e+00 -9.365710548541981983e-03 -7.920209628938591484e-01
-1.563066333694260512e+00 -1.333917066335871954e-02 -3.993160895250145725e-01
-1.568759739874556081e+00 -1.528186375599249920e-02 -6.581012686661198187e-03
-1.574763325905787603e+00 -1.489787923149562751e-02 3.861631812643544492e-01
-1.580162739636745473e+00 -1.224571023025513086e-02 7.788900627656530906e-01
-1.584135895947256012e+00 -7.729305384874235463e-03 1.171583347962628086e+00
-1.586078222238198387e+00 -2.036349117110226696e-03 1.564246435783730460e+00
-1.585694323234389413e+00 3.966558885334058905e-03 1.956900410061791051e+00
-1.583042574147261572e+00 9.365710548541976779e-03 2.349571690695933412e+00
-1.578526319895532604e+00 1.333917066335872301e-02 2.742276564064779265e+00
-1.572832913715237257e+00 1.528186375599249920e-02 3.135011640903131891e+00
-1.566829327684005735e+00 1.489787923149562751e-02 -2.755429472325439111e+00
-2.172521635261574768e-01 -6.093744622202772465e-01 1.486052958437434013e+00
2.172521635261574768e-01 6.093744622202772465e-01 -1.655539695152359325e+00
1.822966897727196500e-01 2.242347796524909731e-01 -1.740245405083588714e+00
1.800723384613724665e-01 -1.621964823585108351e-01 -1.810602286720232046e+00
2.085458363104353008e-01 -5.477269424208125459e-01 -1.890972312966775704e+00
2.959295963817073716e+00 -2.242347796524910841e-01 1.401347248506204624e+00
2.961520315128420844e+00 1.621964823585106963e-01 1.330990366869561292e+00
-3.062805213985970720e+00 -7.325887370694885714e-01 1.343045328979234121e+00
3.062805213985970720e+00 7.325887370694885714e-01 -1.798547324610559217e+00
6.481535225091944463e-02 4.431486573318600963e-01 1.423622124354328777e+00
5.862387293797730742e-02 5.117644656061142577e-02 1.398800683840003112e+00
6.212472929720262022e-02 -3.408259326102230369e-01 1.375008477762941439e+00
7.878743960382257605e-02 -7.325887370694884604e-01 1.343045328979234121e+00
3.076777301338873727e+00 -4.431486573318596522e-01 -1.717970529235464561e+00
3.082968780651815788e+00 -5.117644656061146047e-02 -1.742791969749790226e+00
3.079467924292590641e+00 3.408259326102224818e-01 -1.766584175826851899e+00
1.536407513518386558e+00 -2.494483189068117390e-01 2.937601865930099532e+00
1.636466056763488330e+00 -2.432186369176033980e-01 2.532562374361408519e+00
1.814519810440030190e+00 6.373426845969430710e-02 9.776025919641805340e-01
1.772583432051317853e+00 1.515835665160744361e-01 5.924705220230682690e-01
1.699413978177232387e+00 2.170270626658631630e-01 1.984272936128271270e-01
1.605185140071406780e+00 2.494483189068116835e-01 -2.039907876596930847e-01
1.505126596826304786e+00 2.432186369176033702e-01 -6.090302792283845967e-01
1.416122766056344684e+00 1.994418866331023055e-01 -1.009207006300466336e+00
1.352018625478732305e+00 1.255843706355007638e-01 -1.400210470880329128e+00
-1.374809933471385637e-01 -6.251340766373536528e-01 1.323674982791496202e+00
1.374809933471385637e-01 6.251340766373536528e-01 -1.817917670798296914e+00
1.145336254986924346e-01 2.354449783557472087e-01 -1.871877980643897210e+00
1.127135742794058842e-01 -1.547860296365585753e-01 -1.916155995277607271e+00
1.303007057386282863e-01 -5.446775243515452614e-01 -1.966501855356660888e+00
3.004111660242654747e+00 -6.251340766373537639e-01 1.323674982791496202e+00
3.027059028091100945e+00 -2.354449783557474030e-01 1.269714672945896128e+00
3.028879079310387468e+00 1.547860296365584643e-01 1.225436658312186289e+00
3.011291947851165052e+00 5.446775243515449283e-01 1.175090798233132450e+00
-1.582783593809056422e+00 -1.119618661864257569e-01 7.783138394891807588e-01
1.582783593809056422e+00 1.119618661864257569e-01 -2.363278814100612468e+00
1.538853540327103309e+00 1.079915799277014060e-01 -2.758376264643646714e+00
1.499884926874178737e+00 8.753845779243656089e-02 3.130729541020712325e+00
1.471827139192667611e+00 5.378760928304470584e-02 2.738473006167176038e+00
1.458826483038310196e+00 1.191220895542700192e-02 2.347770788396664088e+00
1.462750057136912751e+00 -3.175664336927352255e-02 1.957456724566869033e+00
1.483038445802274952e+00 -7.063942359607303101e-02 1.566143096337188956e+00
1.516744729619458054e+00 -9.882558976560694430e-02 1.173014818615747856e+00
1.558809059780736694e+00 -1.119618661864257847e-01 7.783138394891808698e-01
1.602739113262689807e+00 -1.079915799277013783e-01 3.832163889461465134e-01
1.641707726715614601e+00 -8.753845779243660252e-02 -1.086311256908097794e-02
1.678842596452880365e+00 3.175664336927359194e-02 -1.184135929022924527e+00
1.658554207787518386e+00 7.063942359607300325e-02 -1.575449557252604160e+00
1.624847923970335284e+00 9.882558976560695818e-02 -1.968577834974044816e+00
1.549754104108107766e+00 4.240492634797395771e-02 7.696375463653870597e-01
-1.549754104108107766e+00 -4.240492634797395771e-02 -2.371955107224406056e+00
-1.567593981048144292e+00 -4.722753524848818940e-02 -1.978885428821496983e+00
-1.585923318158380946e+00 -4.485549130976888149e-02 -1.585771385873971262e+00
-1.601941776398862594e+00 -3.565192142371591960e-02 -1.192856330601598236e+00
-1.613210631542798978e+00 -2.102330390437339575e-02 -8.002666224770762504e-01
-1.618024103844112771e+00 -3.198775078157978409e-03 -4.079379188296036740e-01
-1.615656943759476771e+00 1.511177488842802355e-02 -1.565341183493561272e-02
-1.606465532422582498e+00 3.112565144468198292e-02 3.768294776371043930e-01
-1.591838549481685350e+00 4.240492634797395771e-02 7.696375463653870597e-01
-1.573998672541648824e+00 4.722753524848817552e-02 1.162707224768296133e+00
-1.555669335431412392e+00 4.485549130976887455e-02 1.555821267715821854e+00
-1.539650877190930744e+00 3.565192142371591266e-02 1.948736322988194658e+00
-1.528382022046994138e+00 2.102330390437341309e-02 2.341326031112716421e+00
-1.523568549745680345e+00 3.198775078157955858e-03 2.733654734760190053e+00
-1.525935709830316345e+00 -1.511177488842801488e-02 3.125939241754857267e+00
-1.535127121167210618e+00 -3.112565144468196904e-02 -2.764763175952689167e+00
1.653291903335626589e+00 1.609885414000092330e-01 -2.831688545325748319e+00
1.584827223124235518e+00 1.801920584211011978e-01 3.053406707959165800e+00
1.514101338467566782e+00 1.717010288583863120e-01 2.654559461219743177e+00
1.398824388364048987e+00 -5.586044539990771274e-02 1.093460049692120073e+00
1.432929637927292887e+00 -1.172346066427542161e-01 7.040480747281080420e-01
1.488300750254166527e+00 -1.609885414000092885e-01 3.099041082640452416e-01
1.556765430465557820e+00 -1.801920584211011978e-01 -8.818594563062709391e-02
1.627491315122226556e+00 -1.717010288583863398e-01 -4.870331923700496057e-01
1.689143570025788410e+00 -1.369143779464825905e-01 -8.829755280772728643e-01
1.486690998407770747e+00 -8.705884301561223060e-02 7.333085176083039558e-01
-1.486690998407770747e+00 8.705884301561223060e-02 -2.408284135981489271e+00
-1.459848007903243650e+00 4.832309128794964187e-02 -2.016566624776020333e+00
-1.449842743970185754e+00 2.305774462910360669e-03 -1.626411883699002914e+00
-1.458092392105145629e+00 -4.405802707535551310e-02 -1.236338206869397105e+00
-1.483430225602887509e+00 -8.378605342765524377e-02 -8.448178365986718230e-01
-1.522174754620420956e+00 -1.108182721085271966e-01 -4.511516243341451293e-01
-1.568473582489765983e+00 -1.209532597169972745e-01 -5.589581637746109805e-02
-1.615135291560555686e+00 -1.125941022778342571e-01 3.394431101729423750e-01
-1.654901655182022591e+00 -8.705884301561224448e-02 7.333085176083039558e-01
-1.681744645686549688e+00 -4.832309128794963493e-02 1.125026028813772561e+00
-1.691749909619607584e+00 -2.305774462910356332e-03 1.515180769890790424e+00
-1.683500261484647709e+00 4.405802707535547841e-02 1.905254446720395789e+00
-1.658162427986905829e+00 8.378605342765520214e-02 2.296774816991121071e+00
-1.619417898969372160e+00 1.108182721085271966e-01 2.690441029255648431e+00
-1.573119071100027133e+00 1.209532597169973300e-01 3.085696837212332344e+00
-1.526457362029237652e+00 1.125941022778343126e-01 -2.802149543416851518e+00
5.252043756612446990e-02 -6.273037863426619287e-01 4.565077739994625738e-01
-5.252043756612446990e-02 6.273037863426619287e-01 -2.685084879590330598e+00
-4.371727174696600493e-02 2.350439728030146724e-01 -2.664425952189093394e+00
-4.304623582698196421e-02 -1.572950733739247042e-01 -2.647491543924307411e+00
-4.986185093017111297e-02 -5.495835210099626611e-01 -2.628178533047639931e+00
-7.228320127201411094e-02 -9.415931048008820969e-01 -2.595762704785262276e+00
-1.805135683876811226e-01 -1.331795199014973008e+00 -2.478750047866322692e+00
-2.876650007681247345e+00 -1.407764399213633055e+00 2.257654651178512828e-01
-3.060402442390987243e+00 -1.019187127028919893e+00 4.181639847385160702e-01
-3.089072216023668993e+00 -6.273037863426620397e-01 4.565077739994626294e-01
-3.097875381842827291e+00 -2.350439728030149500e-01 4.771667014006996665e-01
-3.098546417762811256e+00 1.572950733739244544e-01 4.941011096654854828e-01
-3.091730802659621968e+00 5.495835210099623280e-01 5.134141205421530740e-01
-1.566760191533242308e+00 -1.129358601866344985e-01 7.877791212119934494e-01
1.566760191533242308e+00 1.129358601866344985e-01 -2.353813532377799778e+00
1.523698536061765196e+00 1.027635279355055137e-01 -2.748707005111096890e+00
1.487932889231397660e+00 7.692812697003767464e-02 3.141011105992867147e+00
1.464863933026118836e+00 3.943194906084697415e-02 2.749411898947888400e+00
1.467919521079057654e+00 -4.684914267647365127e-02 1.968516934194488144e+00
1.493604383513748912e+00 -8.261780821557182519e-02 1.576597551753961213e+00
1.531142324606423966e+00 -1.058497393897106509e-01 1.182807277103126165e+00
1.574832462056550808e+00 -1.129358601866345124e-01 7.877791212119934494e-01
1.617894117528027920e+00 -1.027635279355055414e-01 3.928856484786966141e-01
1.653659764358395678e+00 -7.692812697003766076e-02 -5.815475969259677148e-04
1.673673132510735684e+00 4.684914267647364433e-02 -1.173075719395305194e+00
1.647988270076044426e+00 8.261780821557185295e-02 -1.564995101835831903e+00
1.610450328983369150e+00 1.058497393897106231e-01 -1.958785376486666285e+00
-1.652325798001591073e+00 -1.265079452784712843e-01 7.383625239086655245e-01
1.652325798001591073e+00 1.265079452784712843e-01 -2.403230129681127814e+00
1.597446122661996259e+00 1.480229179682666651e-01 -2.799119898211443580e+00
1.538351182751866109e+00 1.468696498883314827e-01 3.087003107513301980e+00
1.484384092319241955e+00 1.232338571363408852e-01 2.691356617399627726e+00
1.423850447297642319e+00 -3.209571982979705917e-02 1.520956505731734687e+00
1.447105620084629507e+00 -8.575529378342089393e-02 1.131208385713011966e+00
1.489266855588202043e+00 -1.265079452784712566e-01 7.383625239086656356e-01
1.544146530927796857e+00 -1.480229179682666651e-01 3.424727553783497580e-01
1.603241470837927007e+00 -1.468696498883315105e-01 -5.458954607649126045e-02
1.718871059042208715e+00 -2.635830171899790700e-02 -1.232254872679505953e+00
1.717742206292151019e+00 3.209571982979705917e-02 -1.620636147858058429e+00
1.694487033505163831e+00 8.575529378342082454e-02 -2.010384267876780928e+00
1.637669382565729137e+00 1.805915648683019126e-01 -2.826015688752626875e+00
1.562644267410895127e+00 1.922783080553637225e-01 3.057627318338681732e+00
1.439651330263668871e+00 -1.412524062626135946e-01 7.115099456887034046e-01
1.503923271024063979e+00 -1.805915648683019403e-01 3.155769648371665181e-01
1.578948386178897989e+00 -1.922783080553637225e-01 -8.396533525111167517e-02
-1.587714621453021779e+00 -9.101115824855518510e-02 7.750210031682546186e-01
1.587714621453021779e+00 9.101115824855518510e-02 -2.366571650421538830e+00
1.551500736789377610e+00 9.053820739417431374e-02 -2.760915277406202240e+00
1.518266760232586332e+00 7.625263693638024975e-02 3.128440876206739940e+00
1.493099678285830789e+00 5.036672833364239099e-02 2.735787923434370494e+00
1.479772213819442017e+00 1.684826899020761340e-02 2.344279555619188660e+00
1.480241354197730619e+00 -1.921654967694372620e-02 1.953218520138936931e+00
1.494438773344653804e+00 -5.237678495133273049e-02 1.561649850145787166e+00
1.520277447761876344e+00 -7.759792025948211713e-02 1.168911138546052886e+00
1.553878032136771337e+00 -9.101115824855518510e-02 7.750210031682547296e-01
1.590091916800415728e+00 -9.053820739417431374e-02 3.806773761835913761e-01
1.623325893357206784e+00 -7.625263693638026363e-02 -1.315177738305310824e-02
1.661351299392062719e+00 1.921654967694376437e-02 -1.188374133450856851e+00
1.647153880245139312e+00 5.237678495133272355e-02 -1.579942803444005950e+00
1.621315205827916994e+00 7.759792025948207550e-02 -1.972681515043739564e+00
2.601376508087312800e+00 -3.443651530216776391e-01 1.586365627881560769e+00
-2.601376508087312800e+00 3.443651530216776391e-01 -1.555227025708232569e+00
-2.475975271542810052e+00 6.697900129537600611e-01 -1.301447548426905021e+00
-9.618591312795039538e-01 9.394743264789969794e-01 5.282813427296501052e-01
-6.623109811951681802e-01 6.644246170571620480e-01 9.383986433049857911e-01
-5.389722762451015781e-01 3.385204118631000569e-01 1.190548896457134465e+00
-5.053659692766667710e-01 -2.980550596798553064e-03 1.388249008352392622e+00
-5.402161455024803161e-01 -3.443651530216775836e-01 1.586365627881560547e+00
-6.656173820469830638e-01 -6.697900129537600611e-01 1.840145105162888317e+00
-9.695539443467429130e-01 -9.433496746520459997e-01 2.254437106808937052e+00
-1.576952805339059571e+00 -1.065422329537095036e+00 2.964432229627009807e+00
-2.179733522310288940e+00 -9.394743264789970905e-01 -2.613311310860143788e+00
-2.479281672394625158e+00 -6.644246170571620480e-01 -2.203194010284807103e+00
-2.602620377344691871e+00 -3.385204118631000014e-01 -1.951043757132658873e+00
-2.636226684313126345e+00 2.980550596798137598e-03 -1.753343645237400938e+00
1.331567301322856833e+00 -1.948962637652724150e-01 6.627731431651872063e-01
-1.331567301322856833e+00 1.948962637652724150e-01 -2.478819510424605799e+00
-1.599575449873766875e+00 -3.060778406207071423e-01 -1.416832771512123723e-01
-1.844786037065588413e+00 1.411277847032677835e-01 1.797885412514075520e+00
-1.771256003040867721e+00 2.346140397039803427e-01 2.186369771921100380e+00
-1.664902986055911693e+00 2.930613172882539086e-01 2.588871866107314901e+00
-1.542017203716026463e+00 3.060778406207072533e-01 2.999909376438580466e+00
-1.424276876795690372e+00 2.711965200496962991e-01 -2.874990559539101653e+00
