-2.187521933925230463e-02 -6.372322787161208701e-01 5.196080389952184575e-01
2.187521933925230463e-02 6.372322787161208701e-01 -2.621984614594574658e+00
1.812109767880362016e-02 2.446090436007790914e-01 -2.630612158880683449e+00
1.777603650268043053e-02 -1.480284041328548683e-01 -2.637623153755951577e+00
2.050682154338978255e-02 -5.406577376258405732e-01 -2.645557073958640260e+00
2.954014505016441458e-02 -9.332409131224113086e-01 -2.658740650669402683e+00
7.246732920403670120e-02 -1.325530383972812754e+00 -2.705306957552470415e+00
3.022951827685599557e+00 -1.421712174514195182e+00 6.239284471652030151e-01
3.107448735393072425e+00 -1.029788451268062843e+00 5.358623726667275378e-01
3.119717434250540933e+00 -6.372322787161209812e-01 5.196080389952184575e-01
3.123471555910989572e+00 -2.446090436007791469e-01 5.109804947091100003e-01
3.123816617087113112e+00 1.480284041328549238e-01 5.039694998338416498e-01
3.121085832046403663e+00 5.406577376258401291e-01 4.960355796311531340e-01
3.112052508539628892e+00 9.332409131224109755e-01 4.828520029203905439e-01
3.069125324385756581e+00 1.325530383972813420e+00 4.362856960373226456e-01
1.186408259041939889e-01 1.421712174514195182e+00 -2.517664206424589768e+00
3.414391819672103756e-02 1.029788451268063509e+00 -2.605730280923065134e+00
-2.208854734137042850e-02 -9.887467988052105472e-01 1.898791133052942559e+00
2.208854734137042850e-02 9.887467988052105472e-01 -1.242801520536850779e+00
2.162348015652076211e-02 -9.745279451611721377e-01 -1.279146768462941619e+00
6.002290156486825984e-02 -1.366978673887418561e+00 -1.320037200811896350e+00
3.077130813379735930e+00 -1.381173419257242907e+00 1.943648329151653309e+00
3.119504106248423003e+00 -9.887467988052105472e-01 1.898791133052942559e+00
3.126919587768310915e+00 -5.961097312321135266e-01 1.888577096293564850e+00
3.129194743807045764e+00 -2.034454571357849073e-01 1.882843887595343269e+00
3.129229764737966768e+00 1.892242971454907441e-01 1.878013292001990742e+00
3.127058349248526881e+00 5.818889978024354148e-01 1.872350339403407116e+00
3.119969173433272402e+00 9.745279451611728039e-01 1.862445885126851719e+00
3.081569752024925002e+00 1.366978673887418561e+00 1.821555452777896766e+00
6.446184021005758880e-02 1.381173419257243573e+00 -1.197944324438139585e+00
2.826482233287466617e+00 -1.045273036978057846e+00 -3.120631981720752707e-02
-2.826482233287466617e+00 1.045273036978057846e+00 3.110386333772585665e+00
-2.184878876662745384e+00 1.379397990309510602e+00 -2.499639757884562830e+00
-5.154635268936638148e-01 1.249909055123053614e+00 -7.993552487429845810e-01
-2.469700252318011990e-01 8.815141710216152227e-01 -4.982138910795585462e-01
-1.778308048958084642e-01 4.971981608129034114e-01 -3.915707418521712224e-01
-1.570644976813518612e-01 1.098340068710890183e-01 -3.234128142686141794e-01
-1.623971932490493875e-01 -2.779925565920827735e-01 -2.611235377706550564e-01
-1.988111453470396417e-01 -6.645260725222629228e-01 -1.824433073891697787e-01
-3.151104203023266104e-01 -1.045273036978057624e+00 -3.120631981720763115e-02
-9.567137769270468439e-01 -1.379397990309510602e+00 6.419528957052293983e-01
-2.626129126696129301e+00 -1.249909055123053836e+00 2.342237404846808424e+00
-2.894622628357991889e+00 -8.815141710216158888e-01 2.643378762510234292e+00
-2.963761848693984735e+00 -4.971981608129039665e-01 2.750021911737621672e+00
-2.984528155908441338e+00 -1.098340068710887962e-01 2.818179839321179436e+00
-2.979195460340744006e+00 2.779925565920825514e-01 2.880469115819138004e+00
-2.942781508242753752e+00 6.645260725222622566e-01 2.959149346200623309e+00
-3.109014936566346421e+00 -9.131756369646217841e-01 -2.494039683490612280e-01
3.109014936566346421e+00 9.131756369646217841e-01 2.892188685240732138e+00
3.065614722366834410e+00 1.305401113078071162e+00 2.844648129569302242e+00
1.547088754447236147e-01 1.441231606363266859e+00 -7.018448570722232716e-02
4.000362445531705641e-02 1.049717550629640117e+00 -1.889179301392923394e-01
3.257771702344681303e-02 -9.131756369646217841e-01 -2.494039683490613113e-01
7.597793122295851131e-02 -1.305401113078070940e+00 -2.969445240204907632e-01
2.986883778145069446e+00 -1.441231606363266859e+00 3.071408167882570872e+00
3.101589029134475872e+00 -1.049717550629640117e+00 2.952674723450500860e+00
3.116442654069613738e+00 -6.572109672199182295e-01 2.933342133821334130e+00
3.120964115702872910e+00 -2.646111519376157517e-01 2.923371464393026198e+00
3.121517931818661218e+00 1.280086949379810324e-01 2.915412622544193422e+00
3.118640922223302692e+00 5.206196185646698726e-01 2.906557580204959024e+00
-3.120038809077934072e+00 1.514084473512927742e-01 1.039228042016411058e+00
3.096759904656573692e+00 -7.648065819002093368e-01 1.054175417534087278e-01
-3.096759904656573692e+00 7.648065819002093368e-01 -3.036175111836384666e+00
-3.061117629809463558e+00 1.156815405769301641e+00 -2.993525268769920977e+00
-2.126433117072398904e+00 1.532724433995646951e+00 -2.052393393754198048e+00
-8.863920361856245100e-02 1.196850896633458561e+00 -8.177824392125740069e-03
-4.666863492770370603e-02 8.049432381874925824e-01 4.071454924767090033e-02
-8.047502378032972414e-02 -1.156815405769301641e+00 1.480673848198721942e-01
-1.015159536517397099e+00 -1.532724433995646951e+00 1.089199259835597955e+00
-3.052953449971230526e+00 -1.196850896633459005e+00 3.133414829197667562e+00
-3.094924018662089438e+00 -8.049432381874926934e-01 -3.100878104342122299e+00
-3.106286981223602695e+00 -4.125593940090852563e-01 -3.081388957031875986e+00
-3.109243768836394750e+00 -2.007882762652734784e-02 -3.067877733345262925e+00
-3.106869314094276024e+00 3.724053427497540092e-01 -3.054589287105411888e+00
3.128377448049818987e+00 -6.772652842808836171e-01 3.097182992990131223e-01
-3.128377448049818987e+00 6.772652842808836171e-01 -2.831874354290780271e+00
-3.120145561666469725e+00 1.069910135113876448e+00 -2.821343004214395211e+00
-3.046416425890737134e+00 1.462218514169275396e+00 -2.745537039102206478e+00
-3.666224681099375382e-02 1.286006276093002443e+00 2.662497499902041764e-01
-1.643183401994220694e-02 8.934224634588758818e-01 2.886320215761273844e-01
-1.173985077851357264e-02 5.007602925799021776e-01 2.958000948718684797e-01
-1.035880194249152314e-02 1.080844799199940504e-01 3.003190233049734537e-01
-1.072997047172061236e-02 -2.845933343678195837e-01 3.044492397598562716e-01
-1.321520553997411473e-02 -6.772652842808833951e-01 3.097182992990131223e-01
-2.144709192332365164e-02 -1.069910135113876448e+00 3.202496493753981821e-01
-9.517622769905600966e-02 -1.462218514169275396e+00 3.960556144875867490e-01
-3.104930406778799501e+00 -1.286006276093002665e+00 -2.875342903599589217e+00
-3.125160819569851256e+00 -8.934224634588762148e-01 -2.852960632013665787e+00
-3.129852802811279755e+00 -5.007602925799017335e-01 -2.845792558717924692e+00
-3.131233851647301503e+00 -1.080844799199939532e-01 -2.841273630284819607e+00
-3.130862683118072809e+00 2.845933343678189731e-01 -2.837143413829936733e+00
3.052533942165131631e+00 -6.941030257445186535e-01 1.494896231176324974e+00
-3.052533942165131631e+00 6.941030257445186535e-01 -1.646696422413468142e+00
-2.994845571894306335e+00 1.084302851932750889e+00 -1.573831659466905064e+00
-2.486674399885932196e+00 1.458322965669161642e+00 -1.051897217631006853e+00
-2.254831121541680250e-01 1.260052431375481730e+00 1.222815033676800889e+00
-1.467470816954867530e-01 -1.084302851932750666e+00 1.567760994122888052e+00
-6.549182537038609198e-01 -1.458322965669161642e+00 2.089695435958786263e+00
-2.916109541435624841e+00 -1.260052431375482174e+00 -1.918777619912992671e+00
-3.064411124536540854e+00 -4.808174053824347816e-01 -1.739508620182140142e+00
-3.072903645187997412e+00 -8.913238632727986388e-02 -1.709879909809475906e+00
-3.069914285389663267e+00 3.026249189912059712e-01 -1.682360566131083646e+00
-7.750563993970177590e-02 -1.344576302304683946e+00 2.272764750286494717e+00
7.750563993970177590e-02 1.344576302304683946e+00 -8.688279033032985099e-01
1.040325414107824975e-01 -1.402769407707836757e+00 -1.046944136436017914e+00
3.064087013650091507e+00 -1.344576302304684168e+00 2.272764750286494717e+00
3.111634794151173278e+00 -9.523215148914320194e-01 2.221637292126884322e+00
3.121096879654678524e+00 -5.597399150647190957e-01 2.208109910931558950e+00
3.123979635064066951e+00 -1.671099047245633018e-01 2.200156185698391553e+00
3.123773722222386695e+00 2.255291265127702671e-01 2.193241153243284280e+00
3.120280787449852156e+00 6.181555469998286645e-01 2.184874089163764577e+00
3.108896433819381411e+00 1.010721302984522119e+00 2.169522739121828803e+00
3.037560112179011007e+00 1.402769407707836313e+00 2.094648517153775646e+00
3.130078080395431339e+00 -6.674381922431152914e-01 1.261673455982424530e+00
-3.130078080395431339e+00 6.674381922431152914e-01 -1.879919197607368586e+00
-3.123089788424457502e+00 1.060096508485220523e+00 -1.870904246957905581e+00
-3.064875881165224136e+00 1.452523932497297610e+00 -1.810863730559635343e+00
-3.331952880424934177e-02 1.295879963506137322e+00 1.222476832665656543e+00
-1.460931878339349031e-02 9.032740220912484075e-01 1.243072161450013535e+00
-1.036578280695699475e-02 5.106039163741837861e-01 1.249480077839385750e+00
-9.106830977924189330e-03 1.179228971175230595e-01 1.253474571861202369e+00
-9.396035044848045914e-03 -2.747598119234938019e-01 1.257095379724194162e+00
-1.151457319436202838e-02 -6.674381922431152914e-01 1.261673455982424752e+00
-1.850286516533567252e-02 -1.060096508485220745e+00 1.270688406631887757e+00
-7.671677242456968748e-02 -1.452523932497297610e+00 1.330728923030158439e+00
-3.108273124785544184e+00 -1.295879963506137766e+00 -1.919115820924136573e+00
-3.126983334806399562e+00 -9.032740220912486295e-01 -1.898520492139779803e+00
-3.131226870782835903e+00 -5.106039163741832310e-01 -1.892112575750407588e+00
-3.132485822611868809e+00 -1.179228971175230178e-01 -1.888118081728591191e+00
-3.132196618544945022e+00 2.747598119234934133e-01 -1.884497273865598954e+00
3.109433068788005183e+00 -8.342303202861710565e-01 -4.670590809363760199e-02
-3.109433068788005183e+00 8.342303202861710565e-01 3.094886745496155722e+00
-3.077550832424617688e+00 1.226535341365506460e+00 3.131353429717584458e+00
-4.147414236379238228e-01 1.517167849230196763e+00 -4.847438848422134794e-01
-5.048705605915840972e-02 1.128514722474771803e+00 -1.161689467509044171e-01
-2.914941736589299337e-02 7.360972163419321479e-01 -9.010676596105599012e-02
-2.294172800189187705e-02 3.435260870289768564e-01 -7.826097020512547131e-02
-2.162713942827650462e-02 -4.907806082335883224e-02 -6.947162494334353788e-02
-2.389449186950593287e-02 -4.416782662011831118e-01 -6.031731860294401587e-02
-3.215958480178817552e-02 -8.342303202861709455e-01 -4.670590809363760199e-02
-6.404182116517563583e-02 -1.226535341365506460e+00 -1.023922387220868244e-02
-2.726851229951868572e+00 -1.517167849230196763e+00 2.656848768747579026e+00
-3.091105597530634963e+00 -1.128514722474772025e+00 3.025423706838888727e+00
-3.112443236223900289e+00 -7.360972163419323699e-01 3.051485887628737181e+00
-3.118650925587901135e+00 -3.435260870289764124e-01 3.063331683384667770e+00
-3.119965514161516573e+00 4.907806082335876285e-02 3.072121028646449759e+00
-3.117698161720287242e+00 4.416782662011825566e-01 3.081275334986849135e+00
-3.125466119181080860e+00 -6.243296094213337533e-01 5.630065323528321564e-01
3.125466119181080860e+00 6.243296094213337533e-01 -2.578586121236960960e+00
3.116714126937666141e+00 1.016951925469070650e+00 -2.590319375106887367e+00
3.060151796720221196e+00 1.409263271393284445e+00 -2.649544002644013574e+00
5.692226013425219500e-02 1.338741596420112812e+00 6.278335654675661903e-01
2.237878371140033379e-02 9.462862598192244290e-01 5.905897093967357181e-01
2.487852665212696157e-02 -1.016951925469070650e+00 5.512732784829057486e-01
8.144085686957194814e-02 -1.409263271393284223e+00 4.920486509457799307e-01
3.084670393455541504e+00 -1.338741596420113256e+00 -2.513759088122227148e+00
3.119213869878392664e+00 -9.462862598192249841e-01 -2.551002944193057509e+00
3.126210392934106963e+00 -5.536530436925589660e-01 -2.561070337314533596e+00
3.128337077107863351e+00 -1.609929762130985487e-01 -2.567033792207617182e+00
3.128149325450148677e+00 2.316720089614469347e-01 -2.572245595422302689e+00
-3.060251253202977750e+00 -1.245359103805068202e+00 2.030346443704821091e+00
3.060251253202977750e+00 1.245359103805068202e+00 -1.111246209884972247e+00
3.640013076715333251e-01 1.497762677689304933e+00 2.470549810076207553e+00
5.835587608385444519e-02 1.109154343310371882e+00 2.159694759903918904e+00
8.134140038681565710e-02 -1.245359103805068202e+00 2.030346443704821091e+00
2.777591345918259069e+00 -1.497762677689304933e+00 -6.710428435135848968e-01
3.083236777505938608e+00 -1.109154343310371882e+00 -9.818978936858744344e-01
3.107126947771247760e+00 -7.168400712263831576e-01 -1.011507713187413282e+00
3.114182367328432566e+00 -3.243217426590522257e-01 -1.025420285071386495e+00
3.115551050576034875e+00 6.824076407946598477e-02 -1.035933095785718017e+00
3.112585482367689949e+00 4.607953144548912472e-01 -1.047058225665675968e+00
3.102073166854640629e+00 8.532750660105494767e-01 -1.063939155921494795e+00
-3.127428717414184156e+00 -1.206447583273592361e+00 -5.275352941230982973e-01
3.127428717414184156e+00 1.206447583273592361e+00 2.614057359466694930e+00
1.759999059541363653e-01 1.541967482845050030e+00 -3.383727485546397795e-01
1.234701312931438776e-02 1.149685072955673570e+00 -5.030326074853840312e-01
6.943287768151079446e-03 7.570023947146380383e-01 -5.095327099163194928e-01
5.401550658603143130e-03 3.643104891793682021e-01 -5.123764060914478558e-01
5.049075622401901810e-03 -2.838337409687267596e-02 -5.144443143730140777e-01
5.530105319108354761e-03 -4.210771131770026932e-01 -5.165614375889535648e-01
7.349052962376559535e-03 -8.137684185681617333e-01 -5.196429500996673223e-01
1.416393617560889572e-02 -1.206447583273592361e+00 -5.275352941230982973e-01
2.965592747635657833e+00 -1.541967482845050030e+00 2.803219905035152504e+00
3.129245640460478484e+00 -1.149685072955673792e+00 2.638560046104409640e+00
3.134649365821641886e+00 -7.570023947146383714e-01 2.632059943673473512e+00
3.136191102931189967e+00 -3.643104891793685907e-01 2.629216247498345371e+00
3.136543577967391361e+00 2.838337409687287718e-02 2.627148339216779149e+00
3.136062548270684758e+00 4.210771131770025266e-01 2.625031216000839773e+00
3.134243600627416804e+00 8.137684185681608451e-01 2.621949703490126016e+00
1.886461626921636658e-01 -1.441751043029735557e+00 2.075777828572673567e+00
-1.886461626921636658e-01 1.441751043029735557e+00 -1.065814825017119549e+00
-4.858844049335812182e-02 1.050807640671631349e+00 -9.208751581434868605e-01
-3.051467063918680833e-02 6.583922344041734931e-01 -8.973746167430687315e-01
-2.501384988777717935e-02 2.658391950070383425e-01 -8.852736051577885235e-01
-2.433019432169594709e-02 -1.267434422395264937e-01 -8.756246728503833676e-01
-2.780104702165572469e-02 -5.193131049679458044e-01 -8.649008210843194266e-01
-3.942193871241074510e-02 -9.118024940815498969e-01 -8.475273306056390066e-01
-9.160020850183901719e-02 -1.303810633479639103e+00 -7.903286745264542779e-01
-2.952946490897629506e+00 -1.441751043029735779e+00 2.075777828572673567e+00
-3.093004213096435251e+00 -1.050807640671631349e+00 2.220717495446306256e+00
-3.111077982950606557e+00 -6.583922344041737151e-01 2.244218036846724385e+00
-3.116578803702016121e+00 -2.658391950070387866e-01 2.256319048432004593e+00
-3.117262459268097530e+00 1.267434422395257998e-01 2.265967980739409970e+00
-3.113791606568137471e+00 5.193131049679461375e-01 2.276691832505473467e+00
-3.102170714877382718e+00 9.118024940815495638e-01 2.294065322984154331e+00
-3.049992445087954085e+00 1.303810633479638437e+00 2.351263979063339171e+00
3.550782206776482985e-02 -8.890220530597525705e-01 -2.206026145505763092e-01
-3.550782206776482985e-02 8.890220530597525705e-01 2.920990039039216946e+00
-2.544618027779786684e-02 4.964958473704326747e-01 2.936441651393201901e+00
-2.249453035910175397e-02 1.039062856942296054e-01 2.946231387670781743e+00
-2.333919912707724947e-02 -2.886923441616950359e-01 2.955210650456288057e+00
-2.880412883529945289e-02 -6.812627987051406153e-01 2.966708028167355682e+00
-4.692981354272981326e-02 -1.073703245356964375e+00 2.989821797896305089e+00
-2.124363244452601163e-01 -1.464491586999087991e+00 -3.123347831729523350e+00
-3.063174913908324193e+00 -1.281188368284410295e+00 -2.681924123812745031e-01
-3.106084831522028189e+00 -8.890220530597525705e-01 -2.206026145505763092e-01
-3.116146473311995457e+00 -4.964958473704330078e-01 -2.051510021965914643e-01
-3.119098123230691577e+00 -1.039062856942298829e-01 -1.953612659190115119e-01
-3.118253454462716068e+00 2.886923441616944253e-01 -1.863820031335051974e-01
-3.112788524754493746e+00 6.812627987051401712e-01 -1.748846254224374341e-01
-3.094662840047063490e+00 1.073703245356964375e+00 -1.517708556934882214e-01
-2.929156329144533277e+00 1.464491586999087769e+00 1.824482186026942648e-02
-7.841773968146931173e-02 1.281188368284410961e+00 2.873400241208518668e+00
