1.193581206863373462e-01 -1.446041057778135741e+00 2.147761212034627221e+00
-1.193581206863373462e-01 1.446041057778135741e+00 -9.938314415551662284e-01
-2.999338341185562098e-02 1.054027269013780854e+00 -9.014710274687420810e-01
-1.877757367630297769e-02 6.614359487640707469e-01 -8.869272504159860793e-01
-1.536917315899223764e-02 2.687920865061140252e-01 -8.794741155002657740e-01
-1.493166492856170396e-02 -1.238630853376820468e-01 -8.735473785846468164e-01
-1.704042304678807587e-02 -5.165134824675758907e-01 -8.669762164848774377e-01
-2.411694270162438244e-02 -9.091339315684432432e-01 -8.563632874176737575e-01
-5.573497101829941180e-02 -1.301575820745235923e+00 -8.216610215215530699e-01
-3.022234532903455673e+00 -1.446041057778135963e+00 2.147761212034626777e+00
-3.111599270177937360e+00 -1.054027269013781076e+00 2.240121626121051257e+00
-3.122815079913490166e+00 -6.614359487640707469e-01 2.254665403173806926e+00
-3.126223480430800894e+00 -2.687920865061145248e-01 2.262118538089527675e+00
-3.126660988661231766e+00 1.238630853376816027e-01 2.268045275005146522e+00
-3.124552230543005127e+00 5.165134824675760017e-01 2.274616437104915789e+00
-3.117475710888168994e+00 9.091339315684431321e-01 2.285229366172119470e+00
-3.085857682571494287e+00 1.301575820745235257e+00 2.319931632068239935e+00
2.113257956119230993e-02 -1.460772825722517654e+00 2.256757632993292351e+00
-2.113257956119230993e-02 1.460772825722517654e+00 -8.848350205965010984e-01
-4.815790589680705655e-03 1.068093217189742150e+00 -8.680501861158499421e-01
-2.972895912660017143e-03 6.753968748988035120e-01 -8.656888601058139177e-01
-2.416127614671035977e-03 2.826991675871107224e-01 -8.645041579456648195e-01
-2.334329877051938892e-03 -1.099988349372860580e-01 -8.635739245829511246e-01
-2.647789674775225931e-03 -5.026967339888080977e-01 -8.625544991735571987e-01
-3.711104555203954217e-03 -8.953939355219172613e-01 -8.609338241907639189e-01
-8.317537232159191024e-03 -1.288087111029272647e+00 -8.558428091108385427e-01
-3.120460074028601039e+00 -1.460772825722517876e+00 2.256757632993291907e+00
-3.136776863000112492e+00 -1.068093217189742372e+00 2.273542467473943063e+00
-3.138619757677133304e+00 -6.753968748988034010e-01 2.275903793483979420e+00
-3.139176525975122090e+00 -2.826991675871108334e-01 2.277088495644128407e+00
-3.139258323712741383e+00 1.099988349372861274e-01 2.278018729006842324e+00
-3.138944863915018146e+00 5.026967339888083197e-01 2.279038154416235695e+00
-3.137881549034589490e+00 8.953939355219172613e-01 2.280658829399029308e+00
-3.133275116357634005e+00 1.288087111029272203e+00 2.285749844478954795e+00
5.312327612231236562e-02 -1.485087934150129074e+00 2.242171102911363789e+00
-5.312327612231236562e-02 1.485087934150129074e+00 -8.994215506784296599e-01
-9.875519310998786757e-03 1.092489246392793323e+00 -8.552602139337603937e-01
-5.941965839139556026e-03 6.998013925977771832e-01 -8.503199535511849483e-01
-4.768527131867927003e-03 3.071077324473652226e-01 -8.479344601825822281e-01
-4.562114258450947202e-03 -8.558718670124668138e-02 -8.461029256942622645e-01
-5.119943417103491566e-03 -4.782817990913694750e-01 -8.441364173663155057e-01
-7.057235933871934021e-03 -8.709739671209892897e-01 -8.410943938983991286e-01
-1.503477524541501839e-02 -1.263652746737503607e+00 -8.321616479942436362e-01
-3.088469377467480736e+00 -1.485087934150129296e+00 2.242171102911363345e+00
-3.131717134278794390e+00 -1.092489246392793323e+00 2.286332439656032722e+00
-3.135650687750653809e+00 -6.998013925977772942e-01 2.291272700038608168e+00
-3.136824126457925299e+00 -3.071077324473654446e-01 2.293658193407210888e+00
-3.137030539331342460e+00 8.558718670124650096e-02 2.295489727895530851e+00
-3.136472710172689915e+00 4.782817990913699191e-01 2.297456236223477610e+00
-3.134535417655921030e+00 8.709739671209892897e-01 2.300498259691394320e+00
-3.126557878344378594e+00 1.263652746737503385e+00 2.309431005595549369e+00
3.076299602003760736e+00 -1.463000797038794376e+00 2.345438648110964142e+00
-3.076299602003760736e+00 1.463000797038794376e+00 -7.961540054788289744e-01
-2.495133626679984368e-02 1.285580806303127321e+00 2.256579789619284959e+00
-1.119361166366390943e-02 8.929351653809628475e-01 2.271804486559792391e+00
-8.000081973630760249e-03 5.002532182126333549e-01 2.276686226757897558e+00
-7.060551136984517459e-03 1.075649444099664037e-01 2.279765494497418832e+00
-7.315082684535815713e-03 -2.851242548059575999e-01 2.282581107105728258e+00
-9.011880178323069743e-03 -6.778107228023980690e-01 2.286174856576741909e+00
-1.463404158280125732e-02 -1.070484570459250939e+00 2.293364113788631364e+00
-6.529305158603225523e-02 -1.463000797038794154e+00 2.345438648110964142e+00
-3.116641317322993210e+00 -1.285580806303127543e+00 -8.850128639705084899e-01
-3.130399041926129389e+00 -8.929351653809627365e-01 -8.697881670300007251e-01
-3.133592571616162559e+00 -5.002532182126336879e-01 -8.649064268318958915e-01
-3.134532102452808555e+00 -1.075649444099665147e-01 -8.618271590923745062e-01
-3.134277570905257271e+00 2.851242548059580995e-01 -8.590115464840651915e-01
-3.132580773411470343e+00 6.778107228023980690e-01 -8.554177970130515396e-01
-3.126958612006991878e+00 1.070484570459250495e+00 -8.482285398011617517e-01
4.058556326341357379e-02 -1.482206463532443008e+00 2.252653299431930822e+00
-4.058556326341357379e-02 1.482206463532443008e+00 -8.889393541578622937e-01
-7.755587596074860895e-03 1.089567613679073288e+00 -8.553875648321562775e-01
-4.681214834627696331e-03 6.968754787400003314e-01 -8.515173067381177630e-01
-3.762517242687560964e-03 3.041797671683376669e-01 -8.496396931519688556e-01
-3.603899885868036730e-03 -8.851671998958926535e-02 -8.481941837970821130e-01
-4.049700225047102309e-03 -4.812130091132296728e-01 -8.466383430350634676e-01
-5.593029984028548979e-03 -8.739077569093978148e-01 -8.442237802778053135e-01
-1.198491681555657364e-02 -1.266594012601990782e+00 -8.370780814216371990e-01
-3.101007090326379778e+00 -1.482206463532443230e+00 2.252653299431930822e+00
-3.133837065993718252e+00 -1.089567613679073288e+00 2.286205088757637061e+00
-3.136911438755165538e+00 -6.968754787400001094e-01 2.290075346851675686e+00
-3.137830136347105725e+00 -3.041797671683380000e-01 2.291952960437824593e+00
-3.137988753703925049e+00 8.851671998958890453e-02 2.293398469792711225e+00
-3.137542953364746090e+00 4.812130091132300613e-01 2.294954310554729648e+00
-3.135999623605764786e+00 8.739077569093979259e-01 2.297368873311987691e+00
-3.129607736774236759e+00 1.266594012601990116e+00 2.304514572168155695e+00
-1.658291327810275662e-01 -6.148633077586517226e-01 7.899444711869438862e-01
1.658291327810275662e-01 6.148633077586517226e-01 -2.351648182402849230e+00
1.388196168416297727e-01 2.265627167690703603e-01 -2.416519967073881059e+00
1.370667961100304477e-01 -1.625000566355020992e-01 -2.470206188249076007e+00
1.589320186257235645e-01 -5.510365715915378493e-01 -2.531618248370444579e+00
2.296270060709301730e-01 -9.367661340974492434e-01 -2.634034342466735623e+00
5.406167944761515187e-01 -1.305710930255522539e+00 -2.972955132531297284e+00
2.446794540925169237e+00 -1.358598991370580045e+00 1.377363221109887848e+00
2.889534605013493795e+00 -9.995811724955444566e-01 9.070510585724647079e-01
2.911965647518862887e+00 9.367661340974487993e-01 5.075583111230573818e-01
2.600975859113641153e+00 1.305710930255522761e+00 1.686375210584953321e-01
6.947981126646246564e-01 1.358598991370580267e+00 -1.764229432479905046e+00
2.520580485762993206e-01 9.995811724955447897e-01 -2.234541595017328408e+00
3.135650497777164869e+00 -6.168649995627862870e-01 7.183784264045527390e-01
-3.135650497777164869e+00 6.168649995627862870e-01 -2.423214227185240599e+00
-3.132485776859089466e+00 1.009553726931329942e+00 -2.418941785886993934e+00
-3.112702635503205251e+00 1.402202466248869017e+00 -2.398171047743112183e+00
-2.180037722379459669e-02 1.346570565393696794e+00 6.936861713543326369e-01
-8.378585391658248394e-03 9.539064335832913022e-01 7.081066649870916274e-01
-5.725186954447733685e-03 5.612165303262595106e-01 7.118939135195249124e-01
-4.916634735073998654e-03 1.685228346296616664e-01 7.141163210588117316e-01
-4.971374925134984871e-03 -2.241715702190208437e-01 7.160461154589766730e-01
-5.942155812628214899e-03 -6.168649995627862870e-01 7.183784264045526280e-01
-9.106876730703978087e-03 -1.009553726931329720e+00 7.226508677027996264e-01
-2.889001808658796938e-02 -1.402202466248869017e+00 7.434216058466807109e-01
-3.119792276365998873e+00 -1.346570565393697461e+00 -2.447906482235460146e+00
-3.133214068198135305e+00 -9.539064335832914132e-01 -2.433485988602701600e+00
-3.135867466635345657e+00 -5.612165303262589555e-01 -2.429698740070267871e+00
-3.136676018854719139e+00 -1.685228346296617219e-01 -2.427476332530981384e+00
-3.136621278664658341e+00 2.241715702190202886e-01 -2.425546538130816554e+00
-2.976661968838070216e+00 -1.494362808857309100e+00 2.137351105645395766e+00
2.976661968838070216e+00 1.494362808857309100e+00 -1.004241547944397572e+00
4.016387758460618351e-02 1.253258263252400084e+00 2.339966867357796687e+00
1.923252908096238778e-02 8.607069820800480331e-01 2.316393764405210387e+00
1.404831557344579131e-02 4.680595971911994391e-01 2.308147209479151307e+00
1.257298982992477443e-02 7.539431167365343023e-02 2.302755987233465085e+00
1.319591815452644118e-02 -3.172730244482214190e-01 2.297691866774128400e+00
1.653137271838630434e-02 -7.099303661410312216e-01 2.291033504902285856e+00
2.778137130833567559e-02 -1.102541573107264306e+00 2.277016694132738994e+00
1.649306847517225671e-01 -1.494362808857309100e+00 2.137351105645395766e+00
3.101428776005186627e+00 -1.253258263252400306e+00 -8.016257862319962069e-01
3.122360124508830825e+00 -8.607069820800480331e-01 -8.251988891845827290e-01
3.127544338016347680e+00 -4.680595971911998276e-01 -8.334454441106420308e-01
3.129019663759868397e+00 -7.539431167365343023e-02 -8.388366663563283643e-01
3.128396735435266862e+00 3.172730244482219186e-01 -8.439007868156648273e-01
3.125061280871407110e+00 7.099303661410309996e-01 -8.505591486875075935e-01
3.113811282281457427e+00 1.102541573107263861e+00 -8.645759594570543438e-01
3.130826696542687859e+00 -6.170882577403620228e-01 7.193955836688650241e-01
-3.130826696542687859e+00 6.170882577403620228e-01 -2.422197069920928314e+00
-3.125089950385965931e+00 1.009753344550188947e+00 -2.414453881575500116e+00
-3.089216234557856211e+00 1.402287031013206509e+00 -2.376791209738819521e+00
-3.943592304480877248e-02 1.346210991802644363e+00 6.747190250087128360e-01
-1.517207024434642088e-02 9.536263957707276084e-01 7.007921255786714321e-01
-1.036951289703042477e-02 5.609574170393037962e-01 7.076488708022909968e-01
-8.906102863175788600e-03 1.682760060191136331e-01 7.116739049110202275e-01
-9.006125435644713254e-03 -2.244077283392887923e-01 7.151697390915285890e-01
-1.076595704710543375e-02 -6.170882577403619118e-01 7.193955836688650241e-01
-1.650270320382717440e-02 -1.009753344550188725e+00 7.271387720142930000e-01
-5.237641903193739068e-02 -1.402287031013206731e+00 7.648014438509739277e-01
-3.102156730544984420e+00 -1.346210991802644585e+00 -2.466873628581080613e+00
-3.126420583345447035e+00 -9.536263957707277195e-01 -2.440800528011121795e+00
-3.131223140692762641e+00 -5.609574170393031300e-01 -2.433943782787502119e+00
-3.132686550726617281e+00 -1.682760060191136886e-01 -2.429918748678773444e+00
-3.132586528154148731e+00 2.244077283392882927e-01 -2.426422914498264305e+00
-2.828837967236960682e-01 -1.434288598422491789e+00 2.548257160912263064e+00
2.828837967236960682e-01 1.434288598422491789e+00 -5.933354926775300520e-01
7.584600626719237293e-02 1.045703907475570293e+00 -8.080645930111438613e-01
4.786752857343595097e-02 6.536993866286435750e-01 -8.446004930269780386e-01
3.933009829804479107e-02 2.613604900410120835e-01 -8.635564627063734289e-01
3.832253423808597986e-02 -1.310502237956333305e-01 -8.787342842268494048e-01
4.387060818030664999e-02 -5.234276494642241540e-01 -8.956634199792598006e-01
6.238059910777080802e-02 -9.156031683178895708e-01 -9.232113455614791020e-01
1.459567653826294442e-01 -1.306560114692081775e+00 -1.014683008386486618e+00
2.858708856866096770e+00 -1.434288598422492012e+00 2.548257160912263508e+00
3.065746647322600715e+00 -1.045703907475570293e+00 2.333528060578649033e+00
3.093725125016357325e+00 -6.536993866286436861e-01 2.296992160562814966e+00
3.102262555291748214e+00 -2.613604900410125276e-01 2.278036190883419909e+00
3.103270119351707379e+00 1.310502237956328586e-01 2.262858369362943822e+00
3.097722045409486480e+00 5.234276494642244870e-01 2.245929233610533871e+00
3.079212054482022509e+00 9.156031683178894598e-01 2.218381308028313903e+00
2.995635888207163866e+00 1.306560114692081331e+00 2.126909645203306720e+00
8.962664937849011693e-02 -1.458421548350073094e+00 2.186445311673181013e+00
-8.962664937849011693e-02 1.458421548350073094e+00 -9.551473419166123247e-01
-2.075823457975100803e-02 1.066078554353008467e+00 -8.842535307704677550e-01
-1.284071303254844497e-02 6.734304742830125035e-01 -8.740916617669469701e-01
-1.044633888734546739e-02 2.807570586544589908e-01 -8.689776114423912734e-01
-1.010050644943685273e-02 -1.119218340825968439e-01 -8.649548633660896213e-01
-1.146643890658618180e-02 -5.045987553499621248e-01 -8.605393021646073892e-01
-1.609225062946154430e-02 -8.972625308764442531e-01 -8.535045248048744870e-01
-3.620845661743619937e-02 -1.289850122851524672e+00 -8.312929908089485842e-01
-3.051966004211303041e+00 -1.458421548350073094e+00 2.186445311673181013e+00
-3.120834419010042105e+00 -1.066078554353008689e+00 2.257339122819325805e+00
-3.128751940557244815e+00 -6.734304742830125035e-01 2.267500991822846146e+00
-3.131146314702447864e+00 -2.807570586544592683e-01 2.272615042147401621e+00
-3.131492147140356508e+00 1.119218340825966496e-01 2.276637790223703828e+00
-3.130126214683206953e+00 5.045987553499624578e-01 2.281053351425185838e+00
-3.125500402960331492e+00 8.972625308764441421e-01 2.288088128784918851e+00
-3.105384196972357014e+00 1.289850122851524228e+00 2.310299662780844532e+00
6.683420538716096371e-02 -6.126675777813845869e-01 7.084328571724127777e-01
-6.683420538716096371e-02 6.126675777813845869e-01 -2.433159796417380338e+00
-5.602481732980316154e-02 2.206847854971208389e-01 -2.406964266924553453e+00
-5.547865422939034924e-02 -1.714196902933564637e-01 -2.385215259683842959e+00
-6.467218518227346724e-02 -5.634324056953365911e-01 -2.360113028142190483e+00
-9.472878917756394346e-02 -9.549596409322261836e-01 -2.317284943691257926e+00
-2.446047125241480602e-01 -1.343223430319600675e+00 -2.156150825902137580e+00
-2.831616138704401653e+00 -1.390706409335892069e+00 4.416329200186923098e-01
-3.039647351763729688e+00 -1.004063402947315664e+00 6.608113500399179774e-01
-3.074758448202632444e+00 -6.126675777813846979e-01 7.084328571724127777e-01
-3.085567836259989871e+00 -2.206847854971210332e-01 7.346283866652395522e-01
-3.086113999360402982e+00 1.714196902933561306e-01 7.563773939059501572e-01
-3.076920468407519760e+00 5.634324056953359250e-01 7.814796254476027437e-01
-3.046863864412229450e+00 9.549596409322258506e-01 8.243077098985354123e-01
-2.896987941065645167e+00 1.343223430319600675e+00 9.854418276876558691e-01
-3.099765148853921848e-01 1.390706409335892291e+00 -2.699959733571101417e+00
-1.019453018260636085e-01 1.004063402947316330e+00 -2.480781303549875361e+00
