-1.599876737539545513e+00 4.939886291784590516e-03 7.646845160633557459e-01
1.599876737539545513e+00 -4.939886291784590516e-03 -2.376908137526437592e+00
1.599553996576764892e+00 6.563093021833110718e-03 -2.769441010581827900e+00
1.594854970966066210e+00 1.706762239816399587e-02 3.121156165239701075e+00
1.586492594540517942e+00 2.497487322918813535e-02 2.728447777087707138e+00
1.575738302546454639e+00 2.908005582829826033e-02 2.335624536703564846e+00
1.564230519064919056e+00 2.875705025663810241e-02 1.942759179852006080e+00
1.553723764638428317e+00 2.405513939370076265e-02 1.549949155309479520e+00
1.545818377964398138e+00 1.569137236950336051e-02 1.157259446573521755e+00
1.541715916050247603e+00 4.939886291784592251e-03 7.646845160633558569e-01
1.542038657013028446e+00 -6.563093021833098575e-03 3.721516430079654936e-01
1.546737682623727128e+00 -1.706762239816398546e-02 -2.043648835009213155e-02
1.555100059049275396e+00 -2.497487322918812494e-02 -4.131448765020858671e-01
1.565854351043338477e+00 -2.908005582829825339e-02 -8.059681168862277145e-01
1.577362134524874060e+00 -2.875705025663809547e-02 -1.198833473737787259e+00
1.587868888951365021e+00 -2.405513939370077306e-02 -1.591643498280313596e+00
1.595774275625395200e+00 -1.569137236950337785e-02 -1.984333207016270917e+00
-3.067776255834579135e+00 -7.369087723760157083e-01 -8.984585658763097685e-03
3.067776255834579135e+00 7.369087723760157083e-01 3.132608067931029971e+00
3.013832063203686129e+00 1.127804000882304480e+00 3.066718798095607212e+00
2.281860901796324725e+00 1.498650609227899722e+00 2.323818784484993571e+00
1.600938234543671512e-01 1.221107267874756319e+00 1.912247766783662928e-01
8.109394498713730359e-02 8.308915233556118940e-01 1.006198604156426091e-01
6.037665321221876574e-02 4.391290238053690009e-01 6.636441223291209002e-02
5.470287450996250828e-02 4.706176848610753999e-02 4.324564829013498313e-02
5.806797562720924372e-02 -3.450296426785202653e-01 2.101003260905877010e-02
7.381639775521389724e-02 -7.369087723760155972e-01 -8.984585658763087276e-03
1.277605903861070147e-01 -1.127804000882304480e+00 -7.487385549418576480e-02
8.597317517934680575e-01 -1.498650609227899722e+00 -8.177738691047995445e-01
2.981498830135425937e+00 -1.221107267874756763e+00 -2.950367876911426990e+00
3.060498708602656048e+00 -8.308915233556124491e-01 -3.040972793174150368e+00
3.081216000377574371e+00 -4.391290238053686679e-01 -3.075228241356881220e+00
3.086889779079830642e+00 -4.706176848610758162e-02 -3.098347005299658452e+00
3.083524677962584004e+00 3.450296426785195991e-01 -3.120582620980734578e+00
-3.103394819990672016e+00 -7.677334477317948602e-01 1.480800901751551990e+00
3.103394819990672016e+00 7.677334477317948602e-01 -1.660791751838241348e+00
3.072745451702182606e+00 1.159929382029099232e+00 -1.697389724290148560e+00
2.132532557886534175e+00 1.538325628156921532e+00 -2.643078811851339527e+00
7.482796027121013660e-02 1.194440475600992091e+00 1.576944513106299794e+00
3.954151081983869886e-02 8.023074888103393087e-01 1.535772212271168335e+00
2.996147282984644791e-02 4.098350782968692707e-01 1.519277613431552654e+00
2.748371759062651770e-02 1.729354918022024679e-02 1.507811603834724901e+00
2.953533195726723223e-02 -3.752502207087263231e-01 1.496508634078137945e+00
3.819783359912142656e-02 -7.677334477317946382e-01 1.480800901751551990e+00
6.884720188761055126e-02 -1.159929382029099232e+00 1.444202929299644778e+00
1.009060095703255389e+00 -1.538325628156921532e+00 4.985138417384576415e-01
3.066764693318583035e+00 -1.194440475600992757e+00 -1.564648140483493322e+00
3.102051142769954417e+00 -8.023074888103396418e-01 -1.605820441318624781e+00
3.111631180759946602e+00 -4.098350782968689376e-01 -1.622315040158240684e+00
3.114108935999166494e+00 -1.729354918022026413e-02 -1.633781049755068437e+00
3.112057321632526019e+00 3.752502207087258235e-01 -1.645084019511655171e+00
-1.560892142115118508e+00 -7.303805936552098263e-04 7.923945298738115373e-01
1.560892142115118508e+00 7.303805936552098263e-04 -2.349198123715981801e+00
1.561366515281392697e+00 -3.115325830419437593e-03 -2.741878899884420129e+00
1.563276440900793762e+00 -6.486788253409328520e-03 -3.134568280017357988e+00
1.566331248247573749e+00 -8.870733287307239201e-03 2.755913359732522494e+00
1.570065910377224094e+00 -9.904182037969480948e-03 2.363198090728888978e+00
1.573911791139033678e+00 -9.429765752821811509e-03 1.970480702741637780e+00
1.577283298457151206e+00 -7.519727679209903953e-03 1.577771919882488216e+00
1.579667148505877972e+00 -4.464902868994955615e-03 1.185077424672987156e+00
1.580700511474674830e+00 -7.303805936552098263e-04 7.923945298738115373e-01
1.580226138308400641e+00 3.115325830419438894e-03 3.997137537053733203e-01
1.578316212688999354e+00 6.486788253409326785e-03 7.024373572435313115e-03
1.575261405342219367e+00 8.870733287307239201e-03 -3.856792938572702889e-01
1.571526743212569022e+00 9.904182037969480948e-03 -7.783945628609039158e-01
1.567680862450759660e+00 9.429765752821806304e-03 -1.171111950848155780e+00
1.564309355132641910e+00 7.519727679209905688e-03 -1.563820733707305344e+00
1.561925505083915366e+00 4.464902868994959084e-03 -1.956515228916805738e+00
-6.433998931410504774e-02 -7.174874023403059464e-01 1.515747246867432896e+00
6.433998931410504774e-02 7.174874023403059464e-01 -1.625845406722360442e+00
5.114979109053199163e-02 3.254178976803637213e-01 -1.651816048587959607e+00
4.857157785152221158e-02 -6.680588536224174590e-02 -1.671426691273847132e+00
5.406365039319970672e-02 -4.590025955706777960e-01 -1.692153593219779983e+00
7.354717467335566972e-02 -8.509410293422379201e-01 -1.723525252941449537e+00
1.503838377178013941e-01 -1.241524277875727389e+00 -1.810598427140747146e+00
2.513833640105311407e+00 -1.488220826938913666e+00 2.099548331922112876e+00
3.032683867222577323e+00 -1.108846098695309035e+00 1.570980964415970460e+00
3.077252664275688332e+00 -7.174874023403061685e-01 1.515747246867432896e+00
3.090442862499261256e+00 -3.254178976803638323e-01 1.489776605001833731e+00
3.093021075738271009e+00 6.680588536224163487e-02 1.470165962315946206e+00
3.087529003196593624e+00 4.590025955706775185e-01 1.449439060370013133e+00
3.068045478916437752e+00 8.509410293422375871e-01 1.418067400648343579e+00
2.991208815871991611e+00 1.241524277875727833e+00 1.330994226449045970e+00
6.277590134844821534e-01 1.488220826938913666e+00 -1.042044321667680240e+00
1.089087863672161260e-01 1.108846098695309701e+00 -1.570611689173822656e+00
-3.078682296634673854e+00 -7.505339719449884983e-01 1.408437960547483492e+00
3.078682296634673854e+00 7.505339719449884983e-01 -1.733154693042309624e+00
3.030807977183991309e+00 1.141899840071895822e+00 -1.791039272496449897e+00
2.205201796598425634e+00 1.513680376383425674e+00 -2.625829286124095496e+00
1.303217840703454755e-01 1.209164582437007196e+00 1.573353824920239008e+00
6.731103564188564703e-02 8.181435763908382341e-01 1.500538492463295182e+00
5.051371815547398697e-02 4.260949545593550325e-01 1.472267928190932995e+00
4.602014311093113874e-02 3.384060935237676732e-02 1.452933111048398951e+00
4.911746216741007948e-02 -3.584260274659746282e-01 1.434132357853921347e+00
6.291035695511955350e-02 -7.505339719449883873e-01 1.408437960547483492e+00
1.107846764058016686e-01 -1.141899840071895822e+00 1.350553381093343441e+00
9.363908569913653723e-01 -1.513680376383425674e+00 5.157633674657003953e-01
3.011270869519447668e+00 -1.209164582437007640e+00 -1.568238828669554108e+00
3.074281617947907552e+00 -8.181435763908384562e-01 -1.641054161126497934e+00
3.091078935434319330e+00 -4.260949545593545329e-01 -1.669324725398860343e+00
3.095572510478862061e+00 -3.384060935237680895e-02 -1.688659542541394387e+00
3.092475191422383141e+00 3.584260274659741285e-01 -1.707460295735871769e+00
-2.661491139094120939e+00 -9.036371813332229053e-01 1.288071981910315467e+00
2.661491139094120939e+00 9.036371813332229053e-01 -1.853520671679477871e+00
2.196282004900071527e+00 1.210528190373522106e+00 -2.378715726754763615e+00
1.040846126724643605e+00 1.233203249058895334e+00 2.691537966151479111e+00
5.059844556528743098e-01 9.401715287971712520e-01 2.097176961630752512e+00
3.489039861827163969e-01 5.809341711992271895e-01 1.873442153340942884e+00
2.963944087214900880e-01 2.078946464614203071e-01 1.739334282020238209e+00
2.940977510928367566e-01 -1.682192486526375430e-01 1.625717912299561307e+00
3.400944558845975796e-01 -5.419004517061043469e-01 1.495871585132928727e+00
4.801015144956718994e-01 -9.036371813332226832e-01 1.288071981910315689e+00
9.453106486897216998e-01 -1.210528190373522106e+00 7.628769268350300559e-01
2.100746526865149733e+00 -1.233203249058895556e+00 -4.500546874383141716e-01
2.635608197936918806e+00 -9.401715287971718071e-01 -1.044415691959040604e+00
2.792688667407076775e+00 -5.809341711992271895e-01 -1.268150500248850232e+00
2.845198244868303306e+00 -2.078946464614198908e-01 -1.402258371569555129e+00
2.847494902496956470e+00 1.682192486526373487e-01 -1.515874741290232031e+00
2.801498197705195814e+00 5.419004517061037918e-01 -1.645721068456864389e+00
-1.618261452262727662e+00 -3.588037793361768812e-02 7.535293636146712659e-01
1.618261452262727662e+00 3.588037793361768812e-02 -2.388063289975121961e+00
1.600920021213955602e+00 5.131015674137143906e-02 -2.780841102474045812e+00
1.578973513510961491e+00 5.892863184844161772e-02 3.109113075547982330e+00
1.555774454974881094e+00 5.756705059979024680e-02 2.715740477546138010e+00
1.534875527521023519e+00 4.743455246724146562e-02 2.322621710969654529e+00
1.519462921763878205e+00 3.008403733572288449e-02 1.930002438292203415e+00
1.511865729277588111e+00 8.162992526227194623e-03 1.537835146471198122e+00
1.513222794735103127e+00 -1.499698584488213388e-02 1.145808502853424171e+00
1.523331201327065454e+00 -3.588037793361768119e-02 7.535293636146714880e-01
1.540672632375837514e+00 -5.131015674137143906e-02 3.607515511157476373e-01
1.562619140078831625e+00 -5.892863184844160385e-02 -3.247957804181093866e-02
1.585818198614912022e+00 -5.756705059979025374e-02 -4.258521760436546622e-01
1.606717126068769597e+00 -4.743455246724147256e-02 -8.189709426201382536e-01
1.622129731825914911e+00 -3.008403733572286715e-02 -1.211590215297589923e+00
1.629726924312205227e+00 -8.162992526227206766e-03 -1.603757507118594994e+00
1.628369858854689989e+00 1.499698584488209571e-02 -1.995784150736368501e+00
-4.229232725995475672e-02 -7.580902690964786972e-01 1.576517246032971720e+00
4.229232725995475672e-02 7.580902690964786972e-01 -1.565075407556821618e+00
3.288074704242750085e-02 3.656572459918237539e-01 -1.582401405561524976e+00
3.071733291090954568e-02 -2.684859135620993459e-02 -1.594986923466173989e+00
3.362029002451786402e-02 -4.193500825426513257e-01 -1.607855420674238589e+00
4.462465112815366952e-02 -8.117621202674292213e-01 -1.626547456965256488e+00
8.565288692909747703e-02 -1.203729927082056061e+00 -1.674134252320041760e+00
2.289286996875004476e+00 -1.530002029958531740e+00 2.399323802592974619e+00
3.066332498646804794e+00 -1.150180393574354643e+00 1.616152521367737238e+00
3.099300326329838651e+00 -7.580902690964788082e-01 1.576517246032971720e+00
3.108711906547365622e+00 -3.656572459918239759e-01 1.559191248028268140e+00
3.110875320678883504e+00 2.684859135621001092e-02 1.546605730123619127e+00
3.107972363565275398e+00 4.193500825426510481e-01 1.533737232915554749e+00
3.096968002461639724e+00 8.117621202674291103e-01 1.515045196624536850e+00
3.055939766660695778e+00 1.203729927082056506e+00 1.467458401269751356e+00
8.523056567147896390e-01 1.530002029958531740e+00 -7.422688509968176085e-01
7.526015494298850250e-02 1.150180393574355087e+00 -1.525440132222056100e+00
3.057280509507400712e+00 -8.593498131979342425e-01 -2.350733154969718644e-02
-3.057280509507400712e+00 8.593498131979342425e-01 3.118085322040096141e+00
-2.966730418446842155e+00 1.249228690973751332e+00 -3.062956898591629784e+00
-6.292983712388424689e-01 1.477240230799067744e+00 -7.146457438384842265e-01
-1.213758920129251878e-01 1.099405093804045164e+00 -1.956791262206291626e-01
-7.246782648823416051e-02 7.083884076442248379e-01 -1.346273997782098664e-01
-5.789071137934296424e-02 3.164918430184619491e-01 -1.054672070252258981e-01
-5.517020783019110225e-02 -7.559624850990273592e-02 -8.326051996696462454e-02
-6.163742757362494773e-02 -4.676448032298425872e-01 -5.961811060035535070e-02
-8.431214408239245950e-02 -8.593498131979341315e-01 -2.350733154969718991e-02
-1.748622351429511834e-01 -1.249228690973751110e+00 7.863575499816317926e-02
-2.512294282350950869e+00 -1.477240230799067744e+00 2.426946909751309001e+00
-3.020216761576867803e+00 -1.099405093804045608e+00 2.945913527369163898e+00
-3.069124827101559205e+00 -7.083884076442250599e-01 3.006965253811583416e+00
-3.083701942210450131e+00 -3.164918430184616160e-01 3.036125446564567287e+00
-3.086422445759602340e+00 7.559624850990254163e-02 3.058332133622828408e+00
-3.079955226016168446e+00 4.676448032298419211e-01 3.081974542989438071e+00
3.106464305501859702e+00 -8.636217388010645202e-01 -9.110819416642343405e-02
-3.106464305501859702e+00 8.636217388010645202e-01 3.050484459423369987e+00
-3.067869962610086265e+00 1.255825313097850504e+00 3.093883340709432606e+00
-2.831262436400743820e-01 1.489026077279018700e+00 -4.000471648961267390e-01
-5.023242750479742919e-02 1.099058146034974648e+00 -1.625712199799598801e-01
-3.000647819078185521e-02 7.066474552441186496e-01 -1.373036393959067014e-01
-2.399377608473927947e-02 3.140861276326612495e-01 -1.252315229392207963e-01
-2.289028829194747483e-02 -7.850786821775861124e-02 -1.160218863996704541e-01
-2.560992350205856805e-02 -4.710947860157357336e-01 -1.061920288909373872e-01
-3.512834808793369873e-02 -8.636217388010642981e-01 -9.110819416642344792e-02
-7.372269097970700347e-02 -1.255825313097850282e+00 -4.770931288036050349e-02
-2.858466409949719456e+00 -1.489026077279018700e+00 2.741545488693666766e+00
-3.091360226084995944e+00 -1.099058146034975092e+00 2.979021433609833291e+00
-3.111586175399011278e+00 -7.066474552441187607e-01 3.004289014193886498e+00
-3.117598877505054045e+00 -3.140861276326607499e-01 3.016361130650572431e+00
-3.118702365297845613e+00 7.850786821775866675e-02 3.025570767190122634e+00
-3.115982730087734520e+00 4.710947860157352340e-01 3.035400624698855854e+00
-5.032307210897393746e-02 -8.359786773421836736e-01 1.732728332691992890e+00
5.032307210897393746e-02 8.359786773421836736e-01 -1.408864320897800448e+00
3.734827865867058894e-02 4.436391801730057982e-01 -1.430178791857823040e+00
3.377560107789049498e-02 5.118144917947478612e-02 -1.444487261098688524e+00
3.579674311886722748e-02 -3.412863074789528328e-01 -1.458201544157785801e+00
4.542304000904486688e-02 -7.336742982713688743e-01 -1.476642797926316808e+00
7.840989564923174504e-02 -1.125691988599451632e+00 -1.517012803408590127e+00
5.828274827666246605e-01 -1.509482905734015334e+00 -2.028179356844350245e+00
3.041169692715483208e+00 -1.227710908152333413e+00 1.789983168506415812e+00
3.091269581480819095e+00 -8.359786773421836736e-01 1.732728332691992890e+00
3.104244374931122596e+00 -4.436391801730057982e-01 1.711413861731970076e+00
3.107817052511902656e+00 -5.118144917947470979e-02 1.697105392491104814e+00
3.105795910470925847e+00 3.412863074789523332e-01 1.683391109432007315e+00
3.096169613580748159e+00 7.336742982713685413e-01 1.664949855663476530e+00
3.063182757940561274e+00 1.125691988599451854e+00 1.624579850181203211e+00
2.558765170823167789e+00 1.509482905734015556e+00 1.113413296745442427e+00
1.004229608743100050e-01 1.227710908152333857e+00 -1.351609485083377304e+00
