-1.756559902219738900e+00 1.654142145046652579e-02 6.490276559992781413e-01
1.756559902219738900e+00 -1.654142145046652579e-02 -2.492564997590515308e+00
1.748953637901390135e+00 5.541759968192246089e-02 -2.878772333201439881e+00
1.714586245627602201e+00 1.191684888605692855e-01 3.015355535452039160e+00
1.658043301740725894e+00 1.650327319237693824e-01 2.621284166728142573e+00
1.587627262683303675e+00 1.857378654621700265e-01 2.222932464833528687e+00
1.514489333621560130e+00 1.778808867553468009e-01 1.823643233826862664e+00
1.450397111804252237e+00 1.427631263033628251e-01 1.427347412343705768e+00
1.405144921873247466e+00 8.605859288535723517e-02 1.036119013223826713e+00
1.385032751370054438e+00 1.654142145046652579e-02 6.490276559992781413e-01
1.392639015688402981e+00 -5.541759968192240537e-02 2.628203203883536787e-01
1.427006407962191137e+00 -1.191684888605692855e-01 -1.262371181377542895e-01
1.483549351849067222e+00 -1.650327319237694379e-01 -5.203084868616506542e-01
1.736447731716545650e+00 -8.605859288535734619e-02 -2.105473640365965959e+00
-3.065176535656493506e+00 -7.695640226740466661e-01 -8.325686658253461658e-02
3.065176535656493506e+00 7.695640226740466661e-01 3.058335787007258499e+00
3.003777305432214995e+00 1.160248757118711227e+00 2.985070832430088750e+00
1.475859180119323266e-01 1.188703995938300562e+00 1.070494473732968022e-01
7.863599961701349395e-02 7.982247646125607554e-01 2.633783041344516657e-02
5.972775086021554075e-02 4.064241226757726033e-01 -6.395690563201494004e-03
5.486290019670247292e-02 1.435190581423885677e-02 -2.924326429972388952e-02
5.902235889862000179e-02 -3.777277131831006662e-01 -5.182127462897907766e-02
7.641611793329952662e-02 -7.695640226740465550e-01 -8.325686658253458883e-02
1.378153481575779826e-01 -1.160248757118711227e+00 -1.565218211597045050e-01
1.314794384735030297e+00 -1.514089111075419103e+00 -1.344431448156484965e+00
2.994006735577861011e+00 -1.188703995938301006e+00 -3.034543206216496536e+00
3.062956653972779719e+00 -7.982247646125613105e-01 -3.115254823176348165e+00
3.081864902729577693e+00 -4.064241226757723258e-01 3.135196963026591899e+00
3.086729753393090636e+00 -1.435190581423897473e-02 3.112349389290069546e+00
3.082570294691173274e+00 3.777277131831002221e-01 3.089771378960814108e+00
1.421873056817197112e+00 1.201189937509320252e-02 6.773137507273397917e-01
-1.421873056817197112e+00 -1.201189937509320252e-02 -2.464278902862453435e+00
-1.437624231358803462e+00 -6.792545049096780641e-02 -2.075215046216282389e+00
-1.473602602578088394e+00 -1.136462387889254771e-01 -1.683517791190402235e+00
-1.524635883782176737e+00 -1.421440942157794762e-01 -1.288572397599154096e+00
-1.582942655911831809e+00 -1.489124462290641326e-01 -8.916804271774955160e-01
-1.639326693132054258e+00 -1.328631723400648668e-01 -4.953263341027669964e-01
-1.684976812170441152e+00 -9.656478574840608731e-02 -1.016651367864482985e-01
-1.713089958275996194e+00 -4.569456715223979559e-02 2.887678455108078079e-01
-1.719719596772596226e+00 1.201189937509317476e-02 6.773137507273396807e-01
-1.703968422230989876e+00 6.792545049096780641e-02 1.066377607373510505e+00
-1.558649997677961530e+00 1.489124462290641049e-01 2.249912226412297045e+00
-1.502265960457739080e+00 1.328631723400648390e-01 2.646266319487026397e+00
-1.456615841419352186e+00 9.656478574840605955e-02 3.039927516803345053e+00
-1.428502695313797144e+00 4.569456715223992743e-02 -2.852824808078985974e+00
3.126976971142906431e-02 -7.482044332663224662e-01 3.344901716021500548e-02
-3.126976971142906431e-02 7.482044332663224662e-01 -3.108143636429578027e+00
-2.444638508747112859e-02 3.556516128349168082e-01 -3.095380093683123945e+00
-2.293189565127813981e-02 -3.694020617064039391e-02 -3.086019276248447074e+00
-2.520636181411378685e-02 -4.295286907458213954e-01 -3.076367506310580868e+00
-3.366864655630584513e-02 -8.220653954947051423e-01 -3.062197943089259855e+00
-6.571271430362284061e-02 -1.214341165664225342e+00 -3.025273559976777271e+00
-3.086624278278850664e+00 -1.140574648517460599e+00 4.758272997629854617e-03
-3.110322883878364308e+00 -7.482044332663226882e-01 3.344901716021500548e-02
-3.117146268502322126e+00 -3.556516128349170303e-01 4.621255990666906649e-02
-3.118660757938515271e+00 3.694020617064024820e-02 5.557337734134599333e-02
-3.116386291775679496e+00 4.295286907458208958e-01 6.522514727921230326e-02
-3.107924007033487257e+00 8.220653954947048092e-01 7.939471050053317769e-02
-3.075879939286170206e+00 1.214341165664225564e+00 1.163190936130160946e-01
-5.553188376056478193e-01 1.527319764809342173e+00 2.641423572119808050e+00
-5.496837531094260487e-02 1.140574648517461265e+00 -3.136834380592163463e+00
-1.570914386051397660e+00 -1.498894642483479707e-02 7.853164617912722356e-01
1.570914386051397660e+00 1.498894642483479707e-02 -2.356276191798520880e+00
1.565169007614657826e+00 1.389308346474264419e-02 -2.749015249445200482e+00
1.560280615380200464e+00 1.068206306610523619e-02 3.141453901377232238e+00
1.556993364697676352e+00 5.844900241693594921e-03 2.748770646252846728e+00
1.555807380265619599e+00 1.180459946504501507e-04 2.356111019068551027e+00
1.556903023381357443e+00 -5.626776096947946199e-03 1.963451910064587524e+00
1.564950869731334793e+00 -1.380272630859454529e-02 1.178055001058847084e+00
1.570678267538395456e+00 -1.498894642483479360e-02 7.853164617912723466e-01
1.576423645975135290e+00 -1.389308346474264245e-02 3.925774041445928564e-01
1.581312038209592652e+00 -1.068206306610523446e-02 -1.387522125607346547e-04
1.584599288892116764e+00 -5.844900241693600125e-03 -3.928220073369458887e-01
1.585785273324173739e+00 -1.180459946504501507e-04 -7.854816345212420892e-01
1.584689630208435895e+00 5.626776096947951403e-03 -1.178140743525206036e+00
1.581478980455545802e+00 1.051511144292611478e-02 -1.570822747511078088e+00
1.576641783858458545e+00 1.380272630859454355e-02 -1.963537652530945810e+00
9.038182188000502826e-02 -7.233938033632558717e-01 -5.228794556484875691e-03
-9.038182188000502826e-02 7.233938033632558717e-01 3.136363859033308277e+00
-7.162214921503393117e-02 3.319328622815796437e-01 -3.110278479205992763e+00
-6.782801914385823416e-02 -5.983697288400715436e-02 -3.082840754850743714e+00
-7.526236099179858807e-02 -4.515595910761015519e-01 -3.054010695750201343e+00
-1.018542232759950539e-01 -8.427925243865797000e-01 -3.010752080293053190e+00
-2.047039487347770415e-01 -1.231503976811181067e+00 -2.893572314081264807e+00
-2.987777242278996326e+00 -1.113434318100298359e+00 -8.352866266283127950e-02
-3.051210831709788351e+00 -7.233938033632560938e-01 -5.228794556484922529e-03
-3.069970504374759379e+00 -3.319328622815797547e-01 3.131417438380046381e-02
-3.073764634445935062e+00 5.983697288400724457e-02 5.875189873904967941e-02
-3.066330292597994500e+00 4.515595910761014409e-01 8.758195783959182856e-02
-3.039738430313798201e+00 8.427925243865794780e-01 1.308405732967400648e-01
-2.936888704855015853e+00 1.231503976811181511e+00 2.480203395085288365e-01
-8.469373281415926158e-01 1.480377248596041362e+00 2.351376528905907204e+00
-1.538154113107971233e-01 1.113434318100298803e+00 3.058063990926962017e+00
-1.463847374591374484e+00 -1.357342791547121730e-01 8.461505412067333864e-01
1.463847374591374484e+00 1.357342791547121730e-01 -2.295442112383059730e+00
1.420193995151278532e+00 8.464456292484742739e-02 -2.687254507844130558e+00
1.399451720709913971e+00 2.089971075725285954e-02 -3.075358871798197669e+00
1.404362893455111339e+00 -4.594486759646256718e-02 2.820755239251459656e+00
1.434291687273036686e+00 -1.059615455361089670e-01 2.431473382152271601e+00
1.485187394822343743e+00 -1.500590518573181043e-01 2.037963363745457723e+00
1.617384036253840751e+00 -1.662561622793433391e-01 1.242243622110836831e+00
1.677745278998418632e+00 -1.357342791547121730e-01 8.461505412067334975e-01
1.721398658438514584e+00 -8.464456292484741351e-02 4.543381457456626693e-01
1.742140932879879367e+00 -2.089971075725290117e-02 6.623378179159572499e-02
1.737229760134682000e+00 4.594486759646248392e-02 -3.208374143383331822e-01
1.707300966316756652e+00 1.059615455361089253e-01 -7.101192714375210713e-01
1.656405258767449373e+00 1.500590518573182153e-01 -1.103629289844336059e+00
1.592006540490054523e+00 1.713068155300218887e-01 -1.500946309482787289e+00
1.524208617335952587e+00 1.662561622793433391e-01 -1.899349031478955840e+00
1.469033262160068576e+00 2.095138627712115065e-01 6.934922043787581369e-01
-1.469033262160068576e+00 -2.095138627712115065e-01 -2.448100449211035201e+00
-1.558249056063129467e+00 -2.322608726850090011e-01 -2.046156397618523304e+00
-1.803074832985454901e+00 -1.221034045016807651e-02 -4.724718181532244765e-01
-1.790533821201357512e+00 7.688052173741762030e-02 -8.968231199395473863e-02
-1.745145450276219146e+00 1.547436515259246470e-01 2.979509879183727117e-01
-1.672559391429724762e+00 2.095138627712115342e-01 6.934922043787580259e-01
-1.413709301089417947e+00 1.722448581863372796e-01 1.895888156571040373e+00
-1.360224773456829572e+00 9.953026317631846753e-02 2.285523834411901767e+00
-1.338517820604338437e+00 1.221034045016799151e-02 2.669120835436568751e+00
-1.351058832388435604e+00 -7.688052173741762030e-02 3.051910341595838627e+00
-1.396447203313574192e+00 -1.547436515259245915e-01 -2.843641665671420959e+00
2.719007376486443750e+00 -8.748433434122957486e-01 2.794161850167065086e-01
-2.719007376486443750e+00 8.748433434122957486e-01 -2.862176468573086829e+00
-2.323990042439143977e+00 1.202070282203212548e+00 -2.411644855481613892e+00
-4.965568044727422525e-01 9.861326908077391318e-01 -4.772704320392844313e-01
-3.300774285706394306e-01 6.245337784939752890e-01 -2.506022780677475970e-01
-2.747518272572546105e-01 2.490901349792794539e-01 -1.222664036967474749e-01
-2.683670784736622572e-01 -1.295675686186453790e-01 -1.737140948603435944e-02
-3.054410983483098474e-01 -5.066635086218678197e-01 9.894165231273298333e-02
-4.225852771033495880e-01 -8.748433434122956376e-01 2.794161850167065086e-01
-8.176026111506492500e-01 -1.202070282203212548e+00 7.299477981081791134e-01
-2.027537907094683511e+00 -1.273469525523811319e+00 1.992651497551665596e+00
-2.645035849117050919e+00 -9.861326908077394648e-01 2.664322221550508463e+00
-2.811515225019153519e+00 -6.245337784939756220e-01 2.890990375522045408e+00
-2.866840826332538672e+00 -2.490901349792790653e-01 3.019326249893045766e+00
-2.873225575116130859e+00 1.295675686186453235e-01 3.124221244103758899e+00
-2.836151555241483546e+00 5.066635086218670425e-01 -3.042651001277060452e+00
-1.583304464921868160e+00 7.064879222335911091e-02 7.756920708058532288e-01
1.583304464921868160e+00 -7.064879222335911091e-02 -2.365900582783940109e+00
1.609417041400125647e+00 -6.047895966517247146e-02 -2.759326003953321393e+00
1.629616882185281668e+00 -4.110397090415110477e-02 3.131119195051257353e+00
1.640853295294182779e+00 -1.548737161487243573e-02 2.739086779374108716e+00
1.641450627629794878e+00 1.247693385356026842e-02 2.347371393340482282e+00
1.631320308399402563e+00 3.855006951875825094e-02 1.955398450461990345e+00
1.586321776020882979e+00 7.004855301154039315e-02 1.169377185553081899e+00
1.558288188667924956e+00 7.064879222335911091e-02 7.756920708058534508e-01
1.532175612189667468e+00 6.047895966517247146e-02 3.822666496364720556e-01
1.511975771404511670e+00 4.110397090415111171e-02 -1.047345853853563422e-02
1.500739358295610559e+00 1.548737161487246002e-02 -4.025058742156836789e-01
1.500142025959998460e+00 -1.247693385356024066e-02 -7.942212602493105011e-01
1.510272345190390775e+00 -3.855006951875827176e-02 -1.186194203127803215e+00
1.529621226680721868e+00 -5.877081534564781301e-02 -1.578849920972259513e+00
1.555270877568910137e+00 -7.004855301154037928e-02 -1.972215468036710551e+00
1.418378054344190842e+00 1.037313493436232276e-01 6.612618456702027414e-01
-1.418378054344190842e+00 -1.037313493436232276e-01 -2.480330807919590708e+00
-1.469533618589041746e+00 -1.540622762767689946e-01 -2.087526534160118796e+00
-1.675735497599964319e+00 -1.515926308368007736e-01 -8.936302476087006896e-01
-1.725639292070825670e+00 -1.000592956417318824e-01 -5.011390166062085205e-01
-1.751885703439945319e+00 -3.357073269256595494e-02 -1.131603634867805325e-01
-1.751041997426026064e+00 3.788250104224775289e-02 2.730666908892324107e-01
-1.723214599245602496e+00 1.037313493436231998e-01 6.612618456702026304e-01
-1.672059035000751370e+00 1.540622762767689946e-01 1.054066119429674320e+00
-1.604924701315923574e+00 1.809862137030385787e-01 1.451490555070868327e+00
-1.532290622594805640e+00 1.801149349304543290e-01 1.850764333243351878e+00
-1.465857155989829019e+00 1.515926308368007736e-01 2.247962405981092537e+00
-1.415953361518967446e+00 1.000592956417318269e-01 2.640453636983584929e+00
-1.389706950149848019e+00 3.357073269256600351e-02 3.028432290103012736e+00
-1.390550656163767052e+00 -3.788250104224770431e-02 -2.868525962700561482e+00
1.457398424049164642e+00 8.712508440728013170e-02 6.951818613067929364e-01
-1.457398424049164642e+00 -8.712508440728013170e-02 -2.446410792283000291e+00
-1.499342808494312340e+00 -1.238459395759932968e-01 -2.053195545567420233e+00
-1.552430830484110791e+00 -1.417118660170318678e-01 -1.657367830128045227e+00
-1.608415114554633929e+00 -1.378807111986327105e-01 -1.260767351411021142e+00
-1.658481729570256524e+00 -1.129659430826536054e-01 -8.657049689750277999e-01
-1.694955852613725611e+00 -7.090532528588940064e-02 -4.735577725221094547e-01
-1.712531776465175071e+00 -1.818137405617524516e-02 -8.397731102515593182e-02
-1.708773424261285534e+00 3.726160070362783544e-02 3.048560950599123465e-01
-1.684194229540628696e+00 8.712508440728013170e-02 6.951818613067929364e-01
-1.642249845095480998e+00 1.238459395759932413e-01 1.088397108022372661e+00
-1.589161823105682547e+00 1.417118660170318400e-01 1.484224823461747889e+00
-1.533177539035159409e+00 1.378807111986327105e-01 1.880825302178771530e+00
-1.483110924019536814e+00 1.129659430826536193e-01 2.275887684614765316e+00
-1.446636800976067505e+00 7.090532528588938677e-02 2.668034881067684161e+00
-1.429060877124618267e+00 1.818137405617522434e-02 3.057615342564637295e+00
-1.432819229328507582e+00 -3.726160070362778687e-02 -2.836736558529881158e+00
9.492712095988308230e-01 1.089541940581448959e-01 1.818612187054770013e-01
-9.492712095988308230e-01 -1.089541940581448959e-01 -2.959731434884316226e+00
-1.029215561472310636e+00 3.388469197233437424e-01 2.667985677819302293e+00
-9.512759607248212346e-01 1.213420362506321126e-01 3.004658457328904575e+00
1.426448458685388276e+00 7.310069611799523137e-02 6.720978806722591736e-01
-1.426448458685388276e+00 -7.310069611799523137e-02 -2.469494772917534053e+00
-1.465215211057112610e+00 -1.226845281513398583e-01 -2.077998932189397241e+00
-1.520381318380590763e+00 -1.536919448680807154e-01 -1.682691774159640108e+00
-1.583537035544654747e+00 -1.611890883462431534e-01 -1.285080965949215059e+00
-1.644662488538614520e+00 -1.439596740603100444e-01 -8.880824725761092830e-01
-1.694160920587920893e+00 -1.047846066776352281e-01 -4.942344070319782401e-01
-1.724680725820163962e+00 -4.982025261595633692e-02 -1.041711431923176556e-01
-1.731998273114323972e+00 1.257554398830923285e-02 2.836704712943075579e-01
-1.715144194904404840e+00 7.310069611799521749e-02 6.720978806722591736e-01
-1.676377442532680506e+00 1.226845281513398306e-01 1.063593721400395875e+00
-1.621211335209202575e+00 1.536919448680806599e-01 1.458900879430153008e+00
-1.558055618045138369e+00 1.611890883462430979e-01 1.856511687640577835e+00
-1.496930165051178818e+00 1.439596740603100999e-01 2.253510181013683500e+00
-1.447431733001872223e+00 1.047846066776351587e-01 2.647358246557815153e+00
-1.416911927769629376e+00 4.982025261595637161e-02 3.037421510397475544e+00
-1.409594380475469144e+00 -1.257554398830912877e-02 -2.857922182295486113e+00
1.451081229549303853e+00 3.130724865814078772e-02 6.965142876984358189e-01
-1.451081229549303853e+00 -3.130724865814078772e-02 -2.445078365891357297e+00
-1.472055809141726845e+00 -7.467000742986067141e-02 -2.054194101711442677e+00
-1.508124862313180214e+00 -1.067444701145008196e-01 -1.661153022330922990e+00
-1.553906986210400243e+00 -1.225697404247166888e-01 -1.266141134986042971e+00
-1.602329117058791441e+00 -1.196561513714101826e-01 -8.705167136596740907e-01
-1.645830456567560995e+00 -9.846448230797540113e-02 -4.760077709936236245e-01
-1.677749175277531091e+00 -6.231428832343403196e-02 -8.367090435777241320e-02
-1.693383376176784028e+00 -1.676262025806200123e-02 3.067203278620943552e-01
-1.690511424040489263e+00 3.130724865814077384e-02 6.965142876984357079e-01
-1.669536844448066493e+00 7.467000742986067141e-02 1.087398551878350439e+00
-1.587685667379393095e+00 1.225697404247166333e-01 1.875451518603750145e+00
-1.539263536531001897e+00 1.196561513714102243e-01 2.271075939930119247e+00
-1.495762197022232343e+00 9.846448230797535950e-02 2.665584882596170324e+00
-1.463843478312262247e+00 6.231428832343400420e-02 3.057921749232021202e+00
-1.448209277413009088e+00 1.676262025806204634e-02 -2.834872325727699316e+00
-1.506135140674226269e+00 -1.732272150084310236e-02 8.300718483403807246e-01
1.506135140674226269e+00 1.732272150084310236e-02 -2.311520805249412280e+00
1.504427735988309367e+00 -8.720618092590949957e-03 -2.703370128205464074e+00
1.512799355386666100e+00 -3.344148482294898028e-02 -3.095388590903369597e+00
1.530000437459878571e+00 -5.308471099876072019e-02 2.795210743388903296e+00
1.553437335630960314e+00 -6.465147116588076948e-02 2.401989789984730894e+00
1.579536185466781761e+00 -6.636606347245908866e-02 2.008439233162807369e+00
1.623925159908556015e+00 -4.073838986360800440e-02 1.222248597302125983e+00
1.635457512915567069e+00 -1.732272150084313359e-02 8.300718483403809467e-01
1.637164917601483971e+00 8.720618092590915263e-03 4.382225253843293755e-01
1.628793298203127016e+00 3.344148482294898028e-02 4.620406268642384545e-02
1.611592216129914767e+00 5.308471099876071325e-02 -3.463819102008893203e-01
1.588155317958833024e+00 6.465147116588076948e-02 -7.396028636050616667e-01
1.562056468123011355e+00 6.636606347245908866e-02 -1.133153420426985969e+00
1.537298562422859671e+00 5.796450809358287548e-02 -1.526533582155325863e+00
1.517667493681237323e+00 4.073838986360802522e-02 -1.919344056287666689e+00
