1.726465746181714334e+00 -5.553824677966003875e-01 7.969483052578989479e-01
1.938625783847537809e+00 -4.519474129466199419e-01 3.632277266453743936e-01
2.077568346600960680e+00 -2.834626514062506542e-01 -1.785785757514211231e-02
2.140375729519388148e+00 -8.015209664748014495e-02 -3.601676843730664546e-01
2.131643917955737599e+00 1.321226093116379952e-01 -6.912870672947947215e-01
2.050519684993897584e+00 3.294127388434753834e-01 -1.040833762934718854e+00
1.892411462540860345e+00 4.847511862409011885e-01 -1.434624680901635863e+00
-1.722207812461715726e+00 -2.943518135580466266e-01 7.263032092621146685e-01
1.722207812461715726e+00 2.943518135580466266e-01 -2.415289444327678670e+00
1.594400469676345633e+00 3.291877621560308498e-01 -2.826556242793613727e+00
1.547192183913447483e+00 -3.291877621560308498e-01 3.150364107961796112e-01
1.679324596587883134e+00 -3.122638610871965592e-01 -9.868355752962175431e-02
1.792047635961344199e+00 -2.468829158281935499e-01 -5.018444418401251106e-01
1.868358217262341414e+00 -1.448523473370438019e-01 -8.887304707522272196e-01
1.900069327757737181e+00 -2.233650708559361750e-02 -1.263391803011917336e+00
1.884789457980771354e+00 1.032606830138275561e-01 -1.636019472520600537e+00
1.823591217725949898e+00 2.144362418583065644e-01 -2.017726164560113222e+00
1.507885036806212220e+00 -1.700106227037160023e-01 1.623688337201258935e+00
1.578421549842420779e+00 -1.810130357128041378e-01 1.224934761278156037e+00
1.647728458078594471e+00 -1.641888383693209108e-01 8.265946780030518637e-01
1.704796272850879424e+00 -1.222986504215760606e-01 4.320121373622373695e-01
1.741137466953070367e+00 -6.200312339296274594e-02 4.223421065101728988e-02
1.751814510840724592e+00 7.500638460421216354e-03 -3.444888002233334467e-01
1.735463501734760605e+00 7.589548671271570401e-02 -7.316027276306455995e-01
1.694190102988680113e+00 1.329931128706293986e-01 -1.122339930018177556e+00
1.633707616783580896e+00 1.700106227037159745e-01 -1.517904316388534181e+00
1.563171103747372337e+00 1.810130357128040823e-01 -1.916657892311636635e+00
1.331157342665786114e+00 -1.515822858276472986e-02 1.919611145119424656e+00
1.766445904843084502e+00 -4.767245115138691869e-01 1.829852136630183868e+00
1.937940639358177286e+00 -3.659554204129821797e-01 1.416149778141149174e+00
2.044337731476780551e+00 -2.037403464920956586e-01 1.042813765876166254e+00
2.083006557035923301e+00 -1.602304064490494076e-02 6.952415235318735176e-01
2.055418044497555385e+00 1.735989026103368360e-01 3.497476758506125605e-01
1.960389986849722321e+00 3.417990141421109462e-01 -1.788633816979990493e-02
1.798909042619919685e+00 4.629710744129063027e-01 -4.246700114011745519e-01
1.626246077223192810e+00 -1.675526326879152039e-01 8.148490830694414822e-01
-1.626246077223192810e+00 1.675526326879152039e-01 -2.326743570520351856e+00
-1.557252518167093758e+00 1.758925464270925387e-01 -1.928192803505510255e+00
-1.584340135422699580e+00 -1.758925464270925665e-01 1.213399850084282861e+00
-1.651156770734526935e+00 -1.572108098984942304e-01 1.611237900623351482e+00
-1.705242908565036020e+00 -1.145560060659939483e-01 2.005324647057787235e+00
-1.738602063888335714e+00 -5.467244456070005643e-02 2.394901976065760163e+00
-1.746704676102866838e+00 1.333482529497923876e-02 2.781826046193426993e+00
-1.728507739310360058e+00 7.936732455000675146e-02 -3.113759119476871451e+00
-1.686386312782766073e+00 1.335600743614974995e-01 -2.722524371982847136e+00
-1.710995447259548774e+00 -2.905703125335954429e-01 7.301331498437253487e-01
1.710995447259548774e+00 2.905703125335954429e-01 -2.411459503746067767e+00
1.585608421724212347e+00 3.214312839431595625e-01 -2.822303626522757458e+00
1.555984231865580769e+00 -3.214312839431593405e-01 3.192890270670359909e-01
1.684063237244192823e+00 -3.018157314527439850e-01 -9.305316718414539945e-02
1.792113412216471691e+00 -2.355003584859733934e-01 -4.947975428483933347e-01
1.864084341632073372e+00 -1.342856844745174971e-01 -8.810732850966727092e-01
1.892260495081924399e+00 -1.405343051973420923e-02 -1.256187116885669752e+00
1.874441403065236766e+00 1.081265292883744067e-01 -1.630048562848577687e+00
1.811961281154560455e+00 2.151107880526641203e-01 -2.013142224444219419e+00
-1.219573127980341454e+00 -2.924624935453327967e-02 -2.198732088871442336e+00
1.837914265889997845e+00 -2.306448536133617888e-02 9.737643477469268838e-01
-1.837914265889997845e+00 2.306448536133617888e-02 -2.167828305842866232e+00
-1.809812564877562258e+00 1.225972477906250302e-01 -1.786769890410244477e+00
-1.745587788561307141e+00 2.043193352146888964e-01 -1.397295388040401320e+00
-1.653237136200560231e+00 2.553884081701096598e-01 -9.972227163437137332e-01
-1.546884116166525880e+00 2.670451541136319995e-01 -5.907208464010970106e-01
-1.488355517389232885e+00 -2.553884081701096043e-01 2.144369937246079161e+00
-1.594708537423267236e+00 -2.670451541136319440e-01 2.550871807188695772e+00
-1.696943425067323208e+00 -2.371877143239855823e-01 2.955409292071457195e+00
-1.778187862220371729e+00 -1.711193776047296722e-01 -2.932276078410343878e+00
-1.827017536665691333e+00 -7.976108137744701565e-02 -2.547148464101671284e+00
1.561824002423468860e+00 -3.416981449443921570e-01 1.711302409346244335e+00
1.697923778034744924e+00 -3.181558941379736272e-01 1.296633003764597003e+00
1.811202404380299003e+00 -2.453750914832308894e-01 8.945711160242796334e-01
1.885169400526305772e+00 -1.364656310945511208e-01 5.099953804326333717e-01
1.912507180053161671e+00 -8.453594620376581742e-03 1.374994967877762875e-01
1.891367475946233334e+00 1.207154098672915954e-01 -2.342015406542651001e-01
1.823136591297396691e+00 2.330695394001617571e-01 -6.167442655463335477e-01
1.714201035798932349e+00 3.113515795395718211e-01 -1.016594729274187037e+00
1.607691221519887526e+00 -4.360731090205038352e-01 2.691975004364510315e+00
1.780230345878565323e+00 -3.870264240708951031e-01 2.266264498561659568e+00
1.912656384092217499e+00 -2.786191320713390929e-01 1.866354325390729318e+00
1.989433770389666511e+00 -1.311250065530709108e-01 1.494159927785464914e+00
2.007130129871077084e+00 3.344081670843390003e-02 1.136768277868972499e+00
1.965605881476145234e+00 1.937383377112653626e-01 7.755211543700694099e-01
1.865580166245755400e+00 3.281707481073599109e-01 3.931109699515633604e-01
1.714153132294909510e+00 4.148210610591299141e-01 -1.852627830291246960e-02
-1.557714783763641142e+00 -1.625748545050146043e-01 -1.293885769129972996e+00
-1.621440580489458716e+00 -1.550998466836896461e-01 -8.961847725646742147e-01
-1.677134443811011844e+00 -1.238965982193077076e-01 -5.008197737512246617e-01
-1.716304231159888172e+00 -7.393440717583783794e-02 -1.093318216509543556e-01
-1.733384848883308793e+00 -1.290903741169858489e-02 2.790280491638773563e-01
-1.726092105483132411e+00 5.003581478528944249e-02 6.667815578238768248e-01
-1.695389498389556771e+00 1.055199452207338795e-01 1.056786309976832650e+00
-1.645517468197546851e+00 1.451075731216829590e-01 1.450640181813229956e+00
-1.583877869826152196e+00 1.625748545050146043e-01 1.847706884459819898e+00
-1.520152073100334622e+00 1.550998466836896184e-01 2.245407881025118790e+00
-1.676984374326473182e+00 -3.910939026570307564e-01 -1.988536977397262484e-01
-1.822504894593454106e+00 -3.201251282958570976e-01 2.136398338580464962e-01
-1.923931677359936643e+00 -2.016260771135265639e-01 6.015856619816536410e-01
-1.971730560932582144e+00 -5.538024666367245830e-02 9.694468301962217982e-01
-1.963884870087377221e+00 9.814315523492396498e-02 1.331333254206174654e+00
-1.900608676229685212e+00 2.386651929243490122e-01 1.703686802390970589e+00
-1.785291263031103970e+00 3.456788040009737273e-01 2.098701631699416481e+00
-1.630935651661689301e+00 4.002844528848197858e-01 2.516784055867419490e+00
1.568060292924852162e+00 -4.316084319431937599e-01 1.259482037094285856e+00
1.742804700292219566e+00 -3.978526854210608921e-01 8.314253195624420334e-01
1.883886503811346369e+00 -3.021388302730147468e-01 4.254386597038571916e-01
1.972213748387000809e+00 -1.631070340631566029e-01 4.753050873653970332e-02
2.002406180941971314e+00 -2.485122785598216453e-03 -3.124588633222771805e-01
1.973986794416624724e+00 1.584551287397580888e-01 -6.721643889090223034e-01
1.887384807172965306e+00 2.984596886483711908e-01 -1.049321564206259438e+00
1.747707916350846657e+00 3.957904050280935393e-01 -1.454448003734929440e+00
