-5.475757341479955409e-01 -3.978334338676149384e-01 1.344544782228166202e+00
5.475757341479955409e-01 3.978334338676149384e-01 -1.797047871361626914e+00
5.014913277071881836e-01 5.674750610078332230e-02 -1.997950074625095329e+00
5.240132992934917189e-01 -2.865269099768567584e-01 -2.190933514601534071e+00
6.293731116604194264e-01 -6.174222156308435405e-01 -2.427983385312363573e+00
8.916827580842040524e-01 -9.061101241749008883e-01 -2.801834926048822449e+00
1.453171422644204513e+00 -1.066376681106708135e+00 2.817525064886550634e+00
2.102973917830535111e+00 -9.800401452202580632e-01 2.066607662940428192e+00
2.449394051522562066e+00 -7.196815899003069505e-01 1.612677132150950543e+00
2.594016919441797686e+00 -3.978334338676151050e-01 1.344544782228166424e+00
2.640101325882604932e+00 -5.674750610078337087e-02 1.143642578964698009e+00
2.617579354296301730e+00 2.865269099768568695e-01 9.506591389882593779e-01
2.512219541929374245e+00 6.174222156308433185e-01 7.136092682774297646e-01
2.249909895505589397e+00 9.061101241749005553e-01 3.397577275409707775e-01
6.921986020672314943e-01 7.196815899003075057e-01 -1.528915521438842129e+00
-1.886005503471256395e+00 -1.660525515247743833e-01 6.101731875013538531e-01
1.886005503471256395e+00 1.660525515247743833e-01 -2.531419466088439485e+00
1.800470453527088122e+00 2.730963994626857683e-01 -2.918872539670608113e+00
1.676327390417575502e+00 3.395647022826085992e-01 2.958026706084707413e+00
1.532738158477494839e+00 3.530178043942664434e-01 2.540430785341643016e+00
1.396308118641256479e+00 3.107271703641911742e-01 2.127123550046051470e+00
1.290709782365391467e+00 2.210182488012975011e-01 1.730540699781083713e+00
1.229475763177814152e+00 9.948464243606858215e-02 1.351964000647959852e+00
1.217543458446933347e+00 -3.571022858242586112e-02 9.827979464208596028e-01
1.255587150118536943e+00 -1.660525515247743555e-01 6.101731875013539641e-01
1.341122200062705216e+00 -2.730963994626857128e-01 2.227201139191853918e-01
1.465265263172217614e+00 -3.395647022826083772e-01 -1.835659475050857026e-01
1.608854495112298055e+00 -3.530178043942664989e-01 -6.011618682481496556e-01
1.745284534948536637e+00 -3.107271703641912297e-01 -1.014469103543741424e+00
1.850882871224401871e+00 -2.210182488012974178e-01 -1.411051953808710069e+00
1.912116890411979186e+00 -9.948464243606862378e-02 -1.789628652941833487e+00
1.924049195142859769e+00 3.571022858242564602e-02 -2.158794707168933069e+00
5.340920095621003449e-01 -5.394537832216812490e-01 6.146552633219461992e-01
-5.340920095621003449e-01 5.394537832216812490e-01 -2.526937390267847139e+00
-4.612234584957305428e-01 1.931545954679760035e-01 -2.327110049153890525e+00
-4.582666223945017769e-01 -1.596568138229729206e-01 -2.153737897513728239e+00
-5.232133684916556726e-01 -5.071768242267041815e-01 -1.958828979541375137e+00
-7.046641616491753357e-01 -8.308403404956046234e-01 -1.671290326515151747e+00
-1.156715501195548557e+00 -1.073457770496511365e+00 -1.124910345235451636e+00
-1.919880180865569219e+00 -1.087385734566276074e+00 -2.711693413248099649e-01
-2.409201338135896986e+00 -8.589817959151350157e-01 3.118138965743236235e-01
-2.607500644027692882e+00 -5.394537832216813600e-01 6.146552633219458661e-01
-2.680369195094062906e+00 -1.931545954679760313e-01 8.144826044359025907e-01
-2.683326031195291339e+00 1.596568138229729483e-01 9.878547560760652102e-01
-2.618379285098137554e+00 5.071768242267038485e-01 1.182763674048417757e+00
-2.436928491940618002e+00 8.308403404956044014e-01 1.470302327074641369e+00
-1.984877152394244337e+00 1.073457770496511809e+00 2.016682308354342368e+00
-1.221712472724224119e+00 1.087385734566276296e+00 2.870423312264983373e+00
-7.323913154538966852e-01 8.589817959151353488e-01 -2.829778757015469992e+00
2.693099238634004688e+00 -4.742404533662613053e-01 2.963104170000347537e+00
2.742766146317017650e+00 -1.153769226870770270e-01 2.795271999195938939e+00
1.988103124808246358e+00 2.081061857417144112e-01 1.187153188135657622e+00
-1.988103124808246358e+00 -2.081061857417144112e-01 -1.954439465454135716e+00
-2.032836893341361417e+00 -3.913520522834038062e-02 -1.596749787116610975e+00
-2.015732324616981597e+00 1.347204962592364608e-01 -1.243776429277339224e+00
-1.936618151258709286e+00 2.914108905980016817e-01 -8.748342465459072459e-01
-1.797800693608794020e+00 4.077611911539497647e-01 -4.749867938440415771e-01
-1.614510211127961670e+00 4.616592974024485985e-01 -4.543507164443574831e-02
-1.421748446936454524e+00 4.406198755834830894e-01 3.909764588991677670e-01
-1.260001598519074228e+00 3.497205952339534907e-01 8.055767784834394485e-01
-1.153489528781546758e+00 2.081061857417144945e-01 1.187153188135657400e+00
-1.108755760248431699e+00 3.913520522834052634e-02 1.544842866473182141e+00
-1.125860328972811519e+00 -1.347204962592364885e-01 1.897816224312454114e+00
-1.204974502331083830e+00 -2.914108905980016262e-01 2.266758407043885981e+00
-1.343791959980999096e+00 -4.077611911539495981e-01 2.666605859745751150e+00
-1.527082442461831890e+00 -4.616592974024486540e-01 3.096157581945357951e+00
-1.719844206653338592e+00 -4.406198755834831449e-01 -2.750616194690625349e+00
-1.881591055070718888e+00 -3.497205952339536572e-01 -2.336015875106354223e+00
-5.177697448302114314e-01 -2.416757414122674419e-01 -2.361917719423026529e+00
-6.098028552413542469e-01 -5.751631150818279359e-01 -2.134230539963551720e+00
-8.439554686765593505e-01 -8.722822151484607156e-01 -1.786457527288714653e+00
-1.362150540977687951e+00 -1.057314752696210114e+00 -1.165059150073265659e+00
-2.032861585276392713e+00 -1.004088053682751669e+00 -3.933497924729358886e-01
-2.418009435766385717e+00 -7.585426060391315950e-01 9.814056534724513448e-02
-2.581177994422120925e+00 -4.415428368383398916e-01 3.821866756649501262e-01
-2.637439041642402948e+00 -1.019238660529175056e-01 5.881106914891548465e-01
-2.623822908759581907e+00 2.416757414122672198e-01 7.796749341667668087e-01
-2.531789798348439202e+00 5.751631150818276028e-01 1.007362113626241396e+00
-2.297637184913233988e+00 8.722822151484603825e-01 1.355135126301078463e+00
-1.779442112612104943e+00 1.057314752696210114e+00 1.976533503516527901e+00
2.566775170797378269e+00 -3.096319433486140471e-01 1.570654473353388036e+00
-2.566775170797378269e+00 3.096319433486140471e-01 -1.570938180236405302e+00
-2.447274493003879225e+00 6.278707680518295087e-01 -1.310928243592972553e+00
-2.164880554346241048e+00 8.957979572115803979e-01 -9.082885840247797438e-01
-1.617873340508370061e+00 1.025815601312536796e+00 -2.500595174939921894e-01
-1.038923304848751838e+00 9.262620898976491324e-01 4.395332124530278994e-01
-7.225129276542558987e-01 6.711970266837739008e-01 8.742824665332460388e-01
-5.856536809768114749e-01 3.573422775131726015e-01 1.147801586050617439e+00
-5.444894341750325939e-01 2.439820664056408309e-02 1.361002110547060884e+00
-5.748174827924150687e-01 -3.096319433486138806e-01 1.570654473353387814e+00
-6.943181605859138905e-01 -6.278707680518296197e-01 1.830664409996820563e+00
-9.767120992435525118e-01 -8.957979572115803979e-01 2.233304069565013705e+00
-1.523719313081422611e+00 -1.025815601312536796e+00 2.891533136095800316e+00
-2.102669348741041500e+00 -9.262620898976492434e-01 -2.702059441136765550e+00
-2.419079725935537439e+00 -6.711970266837734567e-01 -2.267310187056546855e+00
-2.555938972612981974e+00 -3.573422775131724904e-01 -1.993791067539175677e+00
-2.597103219414760744e+00 -2.439820664056449942e-02 -1.780590543042732454e+00
-5.357101815830301872e-01 -4.009578990734209425e-01 1.362711726942593238e+00
5.357101815830301872e-01 4.009578990734209425e-01 -1.778880926647199878e+00
4.901392265736411180e-01 5.765011582243392135e-02 -1.975817999752928378e+00
5.122320837698384199e-01 -2.877921997793427278e-01 -2.164815639199685560e+00
6.162396107375843757e-01 -6.212826204688249865e-01 -2.397578141721621314e+00
8.777411669708614639e-01 -9.135950062264478477e-01 -2.768048050578911123e+00
1.448804529088423276e+00 -1.077552539298203937e+00 2.844140933650909364e+00
2.114114474902622831e+00 -9.895957535948528561e-01 2.080106588361913644e+00
2.462359494729455811e+00 -7.255713660815223953e-01 1.626883295372037574e+00
2.605882472006762818e+00 -4.009578990734211645e-01 1.362711726942593238e+00
2.651453427016151831e+00 -5.765011582243393523e-02 1.165774653836864960e+00
2.629360569819954918e+00 2.877921997793428943e-01 9.767770143901077784e-01
2.525353042852209295e+00 6.212826204688247644e-01 7.440145118681721348e-01
2.263851486618931652e+00 9.135950062264477367e-01 3.735446030108823257e-01
6.792331588603377490e-01 7.255713660815228394e-01 -1.514709358217755097e+00
-1.854226947651407054e+00 -5.189042594570238975e-01 7.509071710768492336e-01
1.854226947651407054e+00 5.189042594570238975e-01 -2.390685482512944215e+00
1.612237336731255244e+00 5.836926019877110017e-01 -2.846636985779210427e+00
1.359349534109934865e+00 5.496485330419731419e-01 2.971573134787823811e+00
1.157885519269193919e+00 4.269949500205638127e-01 2.547947312571949841e+00
1.034178902016748003e+00 2.452910165696964018e-01 2.178245439190027888e+00
9.867086700824073686e-01 3.457675192339550174e-02 1.842904377963532125e+00
1.011064031968221588e+00 -1.799311786176716055e-01 1.512443666292921929e+00
1.109763100550464676e+00 -3.738994832111415811e-01 1.156630700259654976e+00
1.287365705938386062e+00 -5.189042594570238975e-01 7.509071710768492336e-01
1.983707134320598975e+00 -4.269949500205640902e-01 -5.936453410178428314e-01
2.107413751573045335e+00 -2.452910165696966238e-01 -9.633472143997647841e-01
2.154883983507386080e+00 -3.457675192339536990e-02 -1.298688275626261213e+00
2.130528621621571528e+00 1.799311786176714945e-01 -1.629148987296871187e+00
2.031829553039329106e+00 3.738994832111413036e-01 -1.984961953330137696e+00
-2.545910408237154421e+00 -8.958994897791973111e-01 -1.058815191310486181e+00
2.545910408237154421e+00 8.958994897791973111e-01 2.082777462279306935e+00
5.956822453526384731e-01 -8.958994897791972001e-01 -1.058815191310485959e+00
2.551443134049345307e+00 -8.892836113526970676e-01 3.049171263009125887e+00
2.719568670593679904e+00 -5.435785187548484165e-01 2.797707379388111981e+00
2.777259749007026102e+00 -1.800147406515381354e-01 2.637700907836756592e+00
2.756495708600350980e+00 -4.958613653426909296e-01 1.590568021447966718e+00
-2.756495708600350980e+00 4.958613653426909296e-01 -1.551024632141826620e+00
-2.617036787630096395e+00 8.503532518574098420e-01 -1.331359040241443470e+00
-2.198926394637824799e+00 1.150153004269843349e+00 -8.428023292753969997e-01
-1.202168657030416865e+00 1.208738186249151747e+00 2.209742590827610820e-01
-6.069822506935022011e-01 9.529744094910368446e-01 8.849599343178723432e-01
-4.142165195176385484e-01 6.077433360548631924e-01 1.154086889059041887e+00
-3.472885263810893131e-01 2.423231405327655463e-01 1.313415227649890049e+00
-3.396211882773170765e-01 -1.279798440738289800e-01 1.445115691892760124e+00
-3.850969449894420804e-01 -4.958613653426907630e-01 1.590568021447966718e+00
-5.245558659596968321e-01 -8.503532518574097310e-01 1.810233613348349646e+00
-9.426662589519679836e-01 -1.150153004269843127e+00 2.298790324314396116e+00
-1.939423996559375141e+00 -1.208738186249151969e+00 -2.920618394507033422e+00
-2.534610402896290804e+00 -9.529744094910370666e-01 -2.256632719271920884e+00
-2.727376134072154734e+00 -6.077433360548628594e-01 -1.987505764530751229e+00
-2.794304127208703914e+00 -2.423231405327657961e-01 -1.828177425939903067e+00
-2.801971465312476095e+00 1.279798440738284526e-01 -1.696476961697033436e+00
-2.727547053406746969e+00 -4.781019662275143856e-01 1.858420650415336384e-01
2.727547053406746969e+00 4.781019662275143856e-01 -2.955750588548259561e+00
2.585634839627414028e+00 8.273415550993200585e-01 3.097955754466219069e+00
-2.548253360794100253e+00 -3.507309682576955634e-01 -8.146661314283207833e-01
2.548253360794100253e+00 3.507309682576955634e-01 2.326926522161472555e+00
2.412525535972390056e+00 6.628806038879180296e-01 2.052017055878963436e+00
2.100718365899394868e+00 9.165519708522809061e-01 1.619768790475096809e+00
1.533731983544929900e+00 1.017547027666239945e+00 9.402707133906463843e-01
5.933392927956927521e-01 -3.507309682576953969e-01 -8.146661314283205613e-01
7.290671176174029489e-01 -6.628806038879180296e-01 -1.089575597710830124e+00
1.040874287690398248e+00 -9.165519708522811282e-01 -1.521823863114696085e+00
1.607860670044862772e+00 -1.017547027666240167e+00 -2.201321940199146177e+00
2.150209217096528569e+00 -8.924403551901306519e-01 -2.856653055479457581e+00
2.435203343706218604e+00 -6.284029753969414545e-01 3.019547399138609922e+00
2.557010597097914228e+00 -3.126763690976900878e-01 2.755433459666718488e+00
2.588650460929671659e+00 1.947240031621770215e-02 2.542606173047933904e+00
-7.475645707876724666e-01 -4.049888413955586852e-01 -2.560915341788749355e+00
-9.239318564361015396e-01 -6.712358693802052967e-01 -2.222227799354991262e+00
-1.263932674034784265e+00 -8.559790605482074932e-01 -1.737602375794967680e+00
-1.738957082538121535e+00 -8.843410487347768134e-01 -1.124280639763819867e+00
-2.133380799803066274e+00 -7.396426920973285801e-01 -5.882401529604025514e-01
-2.353864620010052366e+00 -4.914859362479429006e-01 -2.122815449381979247e-01
-2.450369496756542809e+00 -1.993179817581740565e-01 6.808306674208576548e-02
-2.462091895945344611e+00 1.062785306444378741e-01 3.159506898964209998e-01
-2.394028082802120760e+00 4.049888413955586297e-01 5.806773118010437607e-01
-2.217660797153691910e+00 6.712358693802050746e-01 9.193648542348012986e-01
-1.877659979555009517e+00 8.559790605482072712e-01 1.403990277794825214e+00
-1.402635571051671359e+00 8.843410487347768134e-01 2.017312013825973693e+00
3.017226325855649094e+00 -6.090982121009943517e-01 1.139943659374198726e+00
-3.017226325855649094e+00 6.090982121009943517e-01 -2.001648994215594612e+00
-2.952961359492190407e+00 9.973137711828433671e-01 -1.914043842500176895e+00
-2.604653352207441763e+00 1.370562830544636013e+00 -1.544938321202658171e+00
-4.381648251402456840e-01 1.328645887835604666e+00 6.416456583848527684e-01
-1.759843970021865156e-01 9.507124642587542196e-01 9.248220113237103357e-01
-1.205273374926593838e-01 5.620674164096637337e-01 1.004085768749423346e+00
-1.034417003732956419e-01 1.717520419819474620e-01 1.050802077919561928e+00
-1.044144216951474052e-01 -2.188818310080707652e-01 1.091293844300414762e+00
-1.243663277341442858e-01 -6.090982121009940187e-01 1.139943659374198504e+00
-1.886312940976026531e-01 -9.973137711828433671e-01 1.227548811089616221e+00
-5.369393013823513527e-01 -1.370562830544636013e+00 1.596654332387134945e+00
-2.703427828449546766e+00 -1.328645887835604888e+00 -2.499946995204941569e+00
-2.965608256587606739e+00 -9.507124642587547747e-01 -2.216770642266083335e+00
-3.021065316097133913e+00 -5.620674164096632897e-01 -2.137506884840369992e+00
-3.038150953216497641e+00 -1.717520419819474065e-01 -2.090790575670231188e+00
-3.037178231894646085e+00 2.188818310080701823e-01 -2.050298809289378354e+00
-1.446173181796220897e+00 1.845910724863588856e-02 8.763922370419566787e-01
1.446173181796220897e+00 -1.845910724863588856e-02 -2.265200416547836326e+00
1.462603921066851109e+00 -6.465782196381639202e-02 -2.655548862530545229e+00
1.495514014627958410e+00 -1.011029446708842372e-01 -3.047939647470780500e+00
1.540055599412307741e+00 -1.221868098392869945e-01 2.840616449276958111e+00
1.589399677925492194e+00 -1.246018030682016359e-01 2.444876283543600870e+00
1.635833364175507842e+00 -1.079654446060522716e-01 2.049822216252398022e+00
1.672184485097858442e+00 -7.489715691388086627e-02 1.656836789819331690e+00
1.693040318640527619e+00 -3.051146768639757118e-02 1.266072187193172160e+00
1.695419471793572219e+00 1.845910724863588162e-02 8.763922370419566787e-01
1.678988732522942007e+00 6.465782196381632263e-02 4.860437910592483868e-01
1.646078638961834928e+00 1.011029446708841678e-01 9.365300611901290762e-02
1.601537054177485597e+00 1.221868098392869667e-01 -3.009762043128343945e-01
1.552192975664301144e+00 1.246018030682016497e-01 -6.967163700461916909e-01
1.505759289414285496e+00 1.079654446060522716e-01 -1.091770437337395316e+00
1.469408168491934674e+00 7.489715691388089402e-02 -1.484755863770461204e+00
1.448552334949265497e+00 3.051146768639763363e-02 -1.875520466396620511e+00
