2.993847786667569455e+00 -7.684628096390052621e-01 1.770149971164965530e+00
-2.993847786667569455e+00 7.684628096390052621e-01 -1.371442682424827808e+00
-2.877262495342034931e+00 1.153699687635808546e+00 -1.231931144780196385e+00
-1.678054227915928509e+00 1.464142956243346783e+00 -1.158686107942600262e-02
-2.786265159924243284e-01 1.175781818599389794e+00 1.408928878069228396e+00
-1.511193883088944589e-01 7.911283933013371072e-01 1.559202219894237462e+00
-1.152511211781896139e-01 4.017584704100684578e-01 1.621838345295066874e+00
-1.060450722258146627e-01 1.139610904015193361e-02 1.665862542807272195e+00
-1.141715132763918283e-01 -3.789881279510665113e-01 1.709475886515399390e+00
-1.477448669222237998e-01 -7.684628096390050400e-01 1.770149971164965530e+00
-2.643301582477580736e-01 -1.153699687635808324e+00 1.909661508809596953e+00
-1.463538425673863719e+00 -1.464142956243346783e+00 3.130005792510366369e+00
-2.862966137597368732e+00 -1.175781818599390016e+00 -1.732663775520565164e+00
-2.990473265280898740e+00 -7.911283933013373293e-01 -1.582390433695555876e+00
-3.026341532411603641e+00 -4.017584704100680693e-01 -1.519754308294726242e+00
-3.035547581363978509e+00 -1.139610904015189198e-02 -1.475730110782520921e+00
-3.027421140313401260e+00 3.789881279510659007e-01 -1.432116767074393948e+00
-7.570824897286816332e-03 -8.732409558267058003e-01 1.731777333619025194e+00
7.570824897286816332e-03 8.732409558267058003e-01 -1.409815319970768144e+00
5.484203006041717468e-03 4.805498186063551502e-01 -1.413082572845936413e+00
4.881890707865307877e-03 8.785585974425122457e-02 -1.415189403225075582e+00
5.098109826247152268e-03 -3.048384597700389276e-01 -1.417147911850846764e+00
6.345098768985145063e-03 -6.975313519570139897e-01 -1.419693421954644430e+00
1.051960339045510638e-02 -1.090217662029961287e+00 -1.424945853532649798e+00
5.536714006545772476e-02 -1.482805284083525743e+00 -1.470771133114728402e+00
3.125391440801345233e+00 -1.265916568251016505e+00 1.741429079982291794e+00
3.134021828692506340e+00 -8.732409558267060223e-01 1.731777333619025194e+00
3.136108450583751317e+00 -4.805498186063553723e-01 1.728510080743856703e+00
3.136710762881927739e+00 -8.785585974425123845e-02 1.726403250364717756e+00
3.136494543763546083e+00 3.048384597700387055e-01 1.724444741738946574e+00
3.135247554820808080e+00 6.975313519570138787e-01 1.721899231635148686e+00
3.131073050199338237e+00 1.090217662029961954e+00 1.716646800057143318e+00
3.086225513524335717e+00 1.482805284083525743e+00 1.670821520475064936e+00
1.620121278844811538e-02 1.265916568251016949e+00 -1.400163573607501544e+00
3.134910223433233778e+00 -7.182954474338260065e-01 1.671238875141529134e-01
-3.134910223433233778e+00 7.182954474338260065e-01 -2.974468766075640147e+00
-3.130255000892355532e+00 1.110980032540720197e+00 -2.968706383090624623e+00
-3.066683573730160539e+00 1.503516563162000663e+00 -2.904126290839804447e+00
-1.572757151503439629e-02 1.245151410260693980e+00 1.478249997929227677e-01
-7.645099940978473778e-03 8.524753352184024635e-01 1.569699938811903728e-01
-5.614452976487726427e-03 4.597844664706710049e-01 1.602346658476840602e-01
-5.042721439701773264e-03 6.709080205232011151e-02 1.623880589390118145e-01
-5.310398074413947254e-03 -3.256031557425068113e-01 1.644248343778929033e-01
-6.682430156559566146e-03 -7.182954474338258954e-01 1.671238875141528579e-01
-1.133765269743786455e-02 -1.110980032540719975e+00 1.728862704991684929e-01
-7.490907985963198013e-02 -1.503516563162000441e+00 2.374663627499881413e-01
-3.125865082074759105e+00 -1.245151410260694425e+00 -2.993767653796870487e+00
-3.133947553648814832e+00 -8.524753352184029076e-01 -2.984622659708602743e+00
-3.135978200613305678e+00 -4.597844664706707274e-01 -2.981357987742109028e+00
-3.136549932150091369e+00 -6.709080205232016703e-02 -2.979204594650781246e+00
-3.136282255515379092e+00 3.256031557425063672e-01 -2.977167819211900213e+00
-2.621611063988887793e-03 -8.757494166318667839e-01 1.729017056295386823e+00
2.621611063988887793e-03 8.757494166318667839e-01 -1.412575597294406515e+00
1.895855511009983353e-03 4.830512859386714153e-01 -1.413708464087053196e+00
1.685811370357343702e-03 9.035281577842990686e-02 -1.414436947724395210e+00
1.758708820465363070e-03 -3.023456986206611852e-01 -1.415112732710297694e+00
2.186041259014627133e-03 -6.950440446852721443e-01 -1.415989042769143946e+00
3.614610171041091318e-03 -1.087741614462161888e+00 -1.417790088659901304e+00
1.860513835067587052e-02 -1.480427828183475070e+00 -1.433118296848606255e+00
3.135954171356762021e+00 -1.268445669935602815e+00 1.732386316212409350e+00
3.138971042525804389e+00 -8.757494166318668949e-01 1.729017056295386823e+00
3.139696798078783324e+00 -4.830512859386715263e-01 1.727884189502740142e+00
3.139906842219435834e+00 -9.035281577842987910e-02 1.727155705865397906e+00
3.139833944769327978e+00 3.023456986206607411e-01 1.726479920879495422e+00
3.139406612330778668e+00 6.950440446852719223e-01 1.725603610820649392e+00
3.137978043418752083e+00 1.087741614462162332e+00 1.723802564929891812e+00
3.122987515239117329e+00 1.480427828183475070e+00 1.708474356741186861e+00
5.638482233031325355e-03 1.268445669935603259e+00 -1.409206337377383988e+00
2.956198489683073763e-03 -7.296520865433996361e-01 1.220891490870543578e-01
-2.956198489683073763e-03 7.296520865433996361e-01 -3.019503504502738966e+00
-2.334866920867681699e-03 3.369543255478122390e-01 -3.018304810306806640e+00
-2.206995851211699441e-03 -5.574377015941268249e-02 -3.017409906073652781e+00
-2.445355744153324216e-03 -4.484418192082989529e-01 -3.016472653923169656e+00
-3.305616224114457831e-03 -8.411393542146449187e-01 -3.015068848225139320e+00
-6.664968333621797136e-03 -1.233834220307700624e+00 -3.011242705400851261e+00
-3.102062512431290831e+00 -1.515008929507773994e+00 8.459107726433356955e-02
-3.136510226461446393e+00 -1.122348293398938157e+00 1.194798951691505851e-01
-3.138636455100110023e+00 -7.296520865433998582e-01 1.220891490870543994e-01
-3.139257786668925743e+00 -3.369543255478122945e-01 1.232878432829865173e-01
-3.139385657738581692e+00 5.574377015941246738e-02 1.241827475161406541e-01
-3.139147297845640061e+00 4.484418192082985088e-01 1.251199996666234882e-01
-3.138287037365678600e+00 8.411393542146445856e-01 1.265238053646541017e-01
-3.134927685256171603e+00 1.233834220307701068e+00 1.303499481889421330e-01
-3.953014115850241039e-02 1.515008929507774216e+00 -3.057001576325459880e+00
-5.082427128347051341e-03 1.122348293398938823e+00 -3.022112758420642642e+00
-2.463934778818492426e-04 -7.177709769496946057e-01 1.588745306222875686e-01
2.463934778818492426e-04 7.177709769496946057e-01 -2.982718122967505714e+00
1.958593017464929956e-04 3.250719044848260908e-01 -2.982817624802074796e+00
1.860269409844891918e-04 -6.762717024234210506e-02 -2.982892748633005020e+00
2.071661289851699315e-04 -4.603262445670472380e-01 -2.982972209312683809e+00
2.821950162302877345e-04 -8.530253150796959227e-01 -2.983092747808535172e+00
5.811368179563168286e-04 -1.245724365399543121e+00 -2.983430879123663004e+00
3.138846083066527459e+00 -1.503168901084336762e+00 1.614527681163054063e-01
3.141174857968959788e+00 -1.110470038951297811e+00 1.590867821195465492e-01
3.141346260111911537e+00 -7.177709769496948278e-01 1.588745306222875131e-01
3.141396794288046745e+00 -3.250719044848261463e-01 1.587750287877182642e-01
3.141406626648808764e+00 6.762717024234220220e-02 1.586999049567883180e-01
3.141385487460808257e+00 4.603262445670470160e-01 1.586204442771092515e-01
3.141310458573562947e+00 8.530253150796954786e-01 1.584999057812579715e-01
3.141011516771836654e+00 1.245724365399543565e+00 1.581617744661300284e-01
2.746570523266103885e-03 1.503168901084336762e+00 -2.980139885473487737e+00
4.177956208333733650e-04 1.110470038951298477e+00 -2.982505871470246817e+00
4.774238801822272733e-05 -7.204539374378302607e-01 1.510124638053422785e-01
-4.774238801822272733e-05 7.204539374378302607e-01 -2.990580189784450837e+00
-3.789600678035532760e-05 3.277548560852902582e-01 -2.990560892310402341e+00
-3.595450386003128205e-05 -6.494422535272455221e-02 -2.990546359499328677e+00
-3.999426661566045425e-05 -4.576433067763042706e-01 -2.990531022022635987e+00
-5.438426493227585133e-05 -8.503423880588492079e-01 -2.990507822776196534e+00
-1.114528640663633844e-04 -1.243041468597797072e+00 -2.990443172948220152e+00
-3.141039810951127276e+00 -1.505852091503580459e+00 1.504922835225657451e-01
-3.141511449759817332e+00 -1.113153018394748450e+00 1.509711130421945990e-01
-3.141544911201775037e+00 -7.204539374378303718e-01 1.510124638053423063e-01
-3.141554757583012947e+00 -3.277548560852903692e-01 1.510317612793910524e-01
-3.141556699085933158e+00 6.494422535272451058e-02 1.510462940904644669e-01
-3.141552659323177732e+00 4.576433067763038820e-01 1.510616315671571008e-01
-3.141538269324860799e+00 8.503423880588486528e-01 1.510848308135964990e-01
-3.141481200725726897e+00 1.243041468597797294e+00 1.511494806415731584e-01
-5.528426386660663253e-04 1.505852091503580459e+00 -2.991100370067227399e+00
-8.120382997608926827e-05 1.113153018394749116e+00 -2.990621540547598656e+00
-3.073299062543327111e-04 -8.782131305347257166e-01 1.729643116925846158e+00
3.073299062543327111e-04 8.782131305347257166e-01 -1.411949536663947180e+00
2.218800778188866258e-04 4.855140618836665811e-01 -1.412082514258659716e+00
1.970868496285792595e-04 9.281498855224773470e-02 -1.412167791138251305e+00
2.054056470998655564e-04 -2.998840854004370393e-01 -1.412246736273050640e+00
2.549879904866968693e-04 -6.925831570774525492e-01 -1.412348874296187828e+00
4.205143753101293620e-04 -1.085282218259348008e+00 -1.412557975199088656e+00
2.117333520642219764e-03 -1.477981129593273435e+00 -1.414294277537428535e+00
3.140928360342134074e+00 -1.270912173169664650e+00 1.730041242415196745e+00
3.141285323683538966e+00 -8.782131305347258277e-01 1.729643116925846158e+00
3.141370773511974246e+00 -4.855140618836666921e-01 1.729510139331133400e+00
3.141395566740164735e+00 -9.281498855224802613e-02 1.729424862451542033e+00
3.141387247942693417e+00 2.998840854004367618e-01 1.729345917316742698e+00
3.141337665599306384e+00 6.925831570774524382e-01 1.729243779293605288e+00
3.141172139214483128e+00 1.085282218259348230e+00 1.729034678390704682e+00
3.139475320069150754e+00 1.477981129593273213e+00 1.727298376052364581e+00
6.642932476591713190e-04 1.270912173169665316e+00 -1.411551411174596593e+00
-3.135225941553299034e+00 -7.126596965872438183e-01 1.631667918880204959e-01
3.135225941553299034e+00 7.126596965872438183e-01 -2.978425861701772703e+00
3.130859581675097925e+00 1.105345703105459876e+00 -2.983854320070348454e+00
3.075395102079700127e+00 1.497908807275804222e+00 -3.040285264633251217e+00
1.531405723583212190e-02 1.250790671237710594e+00 1.818664197736622745e-01
7.367298783353223857e-03 8.581131772874321939e-01 1.729039054305357148e-01
5.390591953058548880e-03 4.654216945361213109e-01 1.697490037124557982e-01
4.829970923786934371e-03 7.272759467910457076e-02 1.676806543486171475e-01
5.074770512265584267e-03 -3.199667970513274673e-01 1.657334835401182149e-01
6.366712036494003198e-03 -7.126596965872437073e-01 1.631667918880205514e-01
1.073307191469534232e-02 -1.105345703105459876e+00 1.577383335194447733e-01
6.619755151009286409e-02 -1.497908807275804222e+00 1.013073889565421076e-01
3.126278596353961436e+00 -1.250790671237710816e+00 -2.959726233816131202e+00
3.134225354806440045e+00 -8.581131772874323049e-01 -2.968688748159257429e+00
3.136202061636734761e+00 -4.654216945361209223e-01 -2.971843649877337512e+00
3.136762682666006441e+00 -7.272759467910457076e-02 -2.973911999241176218e+00
3.136517883077527546e+00 3.199667970513268012e-01 -2.975859170049675040e+00
-7.677230604332611029e-03 -7.388445463916967215e-01 1.145545007267295551e-01
7.677230604332611029e-03 7.388445463916967215e-01 -3.027038152863063658e+00
6.033213147977866016e-03 3.461543273047147928e-01 -3.030161330798206265e+00
5.681497203753753215e-03 -4.653819565758566396e-02 -3.032472632023498260e+00
6.270559131656999741e-03 -4.392304606003352707e-01 -3.034874858603278103e+00
8.427224166065743274e-03 -8.319194311812282416e-01 -3.038438002933092630e+00
1.672583076469475599e-02 -1.224591542909816644e+00 -3.047941929249236903e+00
3.020198843557796220e+00 -1.523912856802769555e+00 2.306460591337375077e-01
3.128247396729901375e+00 -1.131524024325343492e+00 1.214627418568213074e-01
3.133915422985460442e+00 -7.388445463916967215e-01 1.145545007267295690e-01
3.135559440441815227e+00 -3.461543273047149039e-01 1.114313227915867538e-01
3.135911156386039345e+00 4.653819565758565702e-02 1.091200215662951195e-01
3.135322094458136366e+00 4.392304606003349376e-01 1.067177949865151104e-01
3.133165429423727666e+00 8.319194311812276865e-01 1.031546506567005833e-01
3.124866822825098645e+00 1.224591542909817088e+00 9.365072434055619899e-02
1.213938100319971458e-01 1.523912856802769555e+00 -2.910946594456055525e+00
1.334525685989171317e-02 1.131524024325344158e+00 -3.020129911732972072e+00
-2.830121628370158536e-03 -8.741079583679016718e-01 1.726852537716153657e+00
2.830121628370158536e-03 8.741079583679016718e-01 -1.414740115873639681e+00
2.048907760377705230e-03 4.814099861940256408e-01 -1.415962035104659567e+00
1.823204039264721609e-03 8.871161926682870347e-02 -1.416749213108158933e+00
1.903299670675413866e-03 -3.039867984564560421e-01 -1.417480449421615996e+00
2.367793974068215391e-03 -6.966850178507244529e-01 -1.418430105272884711e+00
3.922050034861101694e-03 -1.089382322634938394e+00 -1.420387018490066877e+00
2.049520904677368596e-02 -1.482066023394900345e+00 -1.437325344945727723e+00
3.135525663610547742e+00 -1.266803754668973214e+00 1.730470731717683286e+00
3.138762531961423186e+00 -8.741079583679018938e-01 1.726852537716153657e+00
3.139543745829415755e+00 -4.814099861940258074e-01 1.725630618485133772e+00
3.139769449550528613e+00 -8.871161926682874510e-02 1.724843440481634183e+00
3.139689353919117742e+00 3.039867984564554315e-01 1.724112204168177342e+00
3.139224859615724839e+00 6.966850178507238978e-01 1.723162548316908627e+00
3.137670603554932214e+00 1.089382322634938394e+00 1.721205635099726461e+00
3.121097444543019517e+00 1.482066023394900345e+00 1.704267308644065615e+00
6.066989979245550162e-03 1.266803754668973658e+00 -1.411121921872110052e+00
-3.132748965460790735e+00 -7.171395318301090338e-01 1.466819799349068643e-01
3.132748965460790735e+00 7.171395318301090338e-01 -2.994910673654886502e+00
3.126608121035833410e+00 1.109813257341756954e+00 -3.002518817864850753e+00
3.044148761545723669e+00 1.502232819040891565e+00 -3.086314621103814382e+00
2.090509707457483685e-02 1.246270468912356710e+00 1.723086027105951989e-01
1.014113551973496417e-02 8.536119517683067315e-01 1.601374906344259774e-01
7.442008059293098166e-03 4.609273106464732428e-01 1.558045127745599223e-01
6.680899791862317597e-03 6.823774229591406115e-02 1.529499586275624989e-01
7.032261812227534083e-03 -3.244523498446549303e-01 1.502525698472700066e-01
8.843688129002508919e-03 -7.171395318301089228e-01 1.466819799349068643e-01
1.498453255395960741e-02 -1.109813257341756731e+00 1.390738357249422796e-01
9.744389204406941896e-02 -1.502232819040891565e+00 5.527803248597887992e-02
3.120687556515218564e+00 -1.246270468912357154e+00 -2.969284050879197778e+00
3.131451518070058171e+00 -8.536119517683069535e-01 -2.981455162955367388e+00
3.134150645530500157e+00 -4.609273106464731318e-01 -2.985788140815233138e+00
3.134911753797930967e+00 -6.823774229591411666e-02 -2.988642694962230895e+00
3.134560391777565513e+00 3.244523498446543752e-01 -2.991340083742523248e+00
-1.918037074880394460e-03 -7.185244348250446889e-01 1.593132610233408131e-01
1.918037074880394460e-03 7.185244348250446889e-01 -2.982279392566452358e+00
1.524040368140639444e-03 3.258259124498083525e-01 -2.983054156080068520e+00
1.447089954480600604e-03 -6.687274725945666076e-02 -2.983638687401256373e+00
1.611009623937814878e-03 -4.595713828879260388e-01 -2.984256574936990258e+00
2.193389564058618405e-03 -8.522697884671118773e-01 -2.985193121809314398e+00
4.510728518559979118e-03 -1.244966977072418768e+00 -2.987815390695037987e+00
3.119988832120366595e+00 -1.503907947588209337e+00 1.796061911463585348e-01
3.138337542985024431e+00 -1.111222321896832677e+00 1.609680323820137648e-01
3.139674616514912753e+00 -7.185244348250447999e-01 1.593132610233408131e-01
3.140068613221652427e+00 -3.258259124498083525e-01 1.585384975097245686e-01
3.140145563635312609e+00 6.687274725945666076e-02 1.579539661885367152e-01
3.139981643965855440e+00 4.595713828879257057e-01 1.573360786528028299e-01
3.139399264025734659e+00 8.522697884671117663e-01 1.563995317804787177e-01
3.137081925071233179e+00 1.244966977072419212e+00 1.537772628947551568e-01
2.160382146942610090e-02 1.503907947588209337e+00 -2.961986462443435109e+00
3.255110604768984318e-03 1.111222321896833343e+00 -2.980624621207779601e+00
