1.642162369084742557e-01 1.481465653113135161e+00 -2.791771032620862466e-04
1.528830477294623388e-02 3.045305044172889053e-01 -1.592678176554324920e-01
1.464162743506875961e-02 -8.812574688321671290e-02 -1.651409955525881545e-01
2.977376416681319249e+00 -1.481465653113135161e+00 3.141313476486530920e+00
3.126304348816847156e+00 -3.045305044172885167e-01 2.982324835934360596e+00
3.126951026154724644e+00 8.812574688321671290e-02 2.976451658037205128e+00
3.099851710074898570e+00 -6.243113794378474246e-01 1.062025798571736290e+00
-3.099851710074898570e+00 6.243113794378474246e-01 -2.079566855018057048e+00
-3.101794120954533884e+00 -5.530183875330777488e-01 -2.124887879376517574e+00
-3.107287319020151539e+00 -1.605805227781263722e-01 -2.109462604862181845e+00
-3.106797132649681714e+00 2.318901772016330465e-01 -2.095975704680111740e+00
3.126509984383832652e+00 -7.476275546145342288e-01 1.038886629675791068e-01
-3.126509984383832652e+00 7.476275546145342288e-01 -3.037703990622214079e+00
-3.115090674857673214e+00 1.140250154226569279e+00 -3.023874794500787555e+00
-2.856255482333238227e+00 1.531494884946381863e+00 -2.762830543123226068e+00
-3.181086164593511373e-02 1.215646185480731889e+00 6.380662508009009304e-02
-1.626529031956135130e-02 8.230461051540081119e-01 8.170699220970509269e-02
-1.216986253186083319e-02 4.303848984199085126e-01 8.855579889812141559e-02
-1.106785672649904066e-02 3.771158913811049895e-02 9.321621911085335721e-02
-1.179534569970349007e-02 -3.549625132619542156e-01 9.773322475036567980e-02
-1.508266920596051421e-02 -7.476275546145340067e-01 1.038886629675791068e-01
-2.650197873212010655e-02 -1.140250154226569279e+00 1.177178590890055471e-01
-2.853371712565552776e-01 -1.531494884946382085e+00 3.787621104665672145e-01
-3.109781791943857954e+00 -1.215646185480732333e+00 -3.077786028509703176e+00
-3.125327363270232084e+00 -8.230461051540083339e-01 -3.059885661380087996e+00
-3.129422791057932418e+00 -4.303848984199080130e-01 -3.053036854691671742e+00
-3.130524796863294323e+00 -3.771158913811037405e-02 -3.048376434478939689e+00
-3.114068963023197245e+00 -6.374927618050217903e-01 4.336407565988187884e-01
-3.118795444086684743e+00 -2.449137353978299014e-01 4.444964468564232551e-01
-3.119232411141085404e+00 1.476878128401846735e-01 4.533159278667831527e-01
-3.113431654712371710e+00 -1.609294287579871308e-01 -2.521523470739280182e+00
-3.113032783369521717e+00 2.316157696398780941e-01 -2.510452290932847497e+00
3.121891117361416779e+00 -1.515041545664964351e-01 -2.101187848409096226e+00
3.121536552193040492e+00 2.411193230505604135e-01 -2.108951479676159035e+00
-1.450301649111205515e+00 -6.259496624927297914e-02 8.633757398135210037e-01
1.450301649111205515e+00 6.259496624927297914e-02 -2.278216913776272001e+00
1.435601034468616088e+00 1.188300167649617919e-02 -2.667943515173545777e+00
1.441265377362767719e+00 -4.060885133788701140e-02 -3.057204003281295712e+00
1.466511459188430289e+00 -8.700720993680284565e-02 2.835191869425527589e+00
1.507745394416605489e+00 -1.202575525239887450e-01 2.441746049400925322e+00
1.558803904951726160e+00 -1.351856886874938102e-01 2.046061811644413808e+00
1.582788748638066956e+00 1.351856886874938379e-01 -1.095530841945379974e+00
1.529844786224748399e+00 1.294235602089469361e-01 -1.491695893775886184e+00
1.483316261761948640e+00 1.038889569644588229e-01 -1.886291946355457272e+00
6.577933552362944664e-03 -6.700355426502897505e-01 3.066679512450016243e-01
-6.577933552362944664e-03 6.700355426502897505e-01 -2.834924702344791658e+00
-5.360618409663912322e-03 2.773432079888394353e-01 -2.832307435908779869e+00
-5.190259489880942254e-03 -1.153505500187175931e-01 -2.830242300563667435e+00
-5.901095608416188389e-03 -5.080437712730405675e-01 -2.827968952666729763e+00
-8.301950193350945278e-03 -9.007334790509617939e-01 -2.824332696266976139e+00
-1.882801231758655588e-02 -1.293402652299648015e+00 -2.812731254415163917e+00
-3.096826992226725750e+00 -1.455329584411729105e+00 2.662850089842401236e-01
-3.130994750813850480e+00 -1.062721285519675929e+00 3.014936898391250564e-01
-3.135014720037430092e+00 -6.700355426502899725e-01 3.066679512450016243e-01
-3.133290703396442556e+00 9.007334790509617939e-01 3.172599573228170877e-01
-3.122764641272206987e+00 1.293402652299648459e+00 3.288613991746290877e-01
-4.476566136306723426e-02 1.455329584411729327e+00 -2.875307644605552770e+00
-1.059790277594267922e-02 1.062721285519676373e+00 -2.840098963750667949e+00
-5.262925536116963565e-02 -1.904329872219061748e-04 2.081389188257789069e+00
-5.696096877046764873e-02 -3.923160176234891106e-01 2.103177145941776960e+00
-7.437457059853601338e-02 -7.842046905590059902e-01 2.133955686464792834e+00
-1.368565136631956225e-01 -1.174956814860175225e+00 2.207769956993291594e+00
-1.574416368458619653e+00 -1.518166727222933776e+00 -2.627384762793348205e+00
-3.004860530138777186e+00 -1.174578983699219314e+00 -1.186469471614755911e+00
2.986812546751337408e-02 -6.180538404819253540e-01 6.175402272535687187e-01
-2.986812546751337408e-02 6.180538404819253540e-01 -2.524052426336224730e+00
-2.497392834738289616e-02 2.254974786815953092e-01 -2.512326973743512770e+00
-2.468537441827825529e-02 -1.670836472903590997e-01 -2.502635748675748228e+00
-2.872463845456591294e-02 -5.596470587025886845e-01 -2.491489364561340736e+00
-4.197916813448035467e-02 -9.521154281035812961e-01 -2.472537075750132818e+00
-1.084285392695677752e-01 -1.343943506532314647e+00 -2.401070517798782777e+00
-2.996273951798869017e+00 -1.401915802371763053e+00 4.915710265883531105e-01
-3.095778580414198178e+00 -1.010491111402556097e+00 5.960342890023028195e-01
-3.111724528122279843e+00 -6.180538404819254650e-01 6.175402272535687187e-01
-3.116618725242410459e+00 -2.254974786815954479e-01 6.292656798462805678e-01
-3.116907279171515111e+00 1.670836472903590997e-01 6.389569049140451096e-01
-3.112868015135227484e+00 5.596470587025883514e-01 6.501032890284521581e-01
-4.581407317559483411e-02 1.010491111402556541e+00 -2.545558364587490185e+00
3.026562203882924962e+00 -1.033201296198222874e+00 -2.206749038538954044e-01
-3.026562203882924962e+00 1.033201296198222874e+00 2.920917749735898017e+00
-2.747317552727225554e+00 1.417191023568023844e+00 -3.071094350187814292e+00
-2.329999218746225398e-01 1.313418060643853247e+00 -5.451806217974478619e-01
-9.782448771329584070e-02 9.250804939368564295e-01 -3.978133455691093001e-01
-6.831952275460839719e-02 5.336597535888332189e-01 -3.543870944998510075e-01
-5.940430787514038025e-02 1.417370297062608142e-01 -3.279949888485093612e-01
-6.070128192286548124e-02 -2.502722494368441186e-01 -3.045425701612727853e-01
-7.345753755861475498e-02 -6.421183779119395973e-01 -2.755496533340407450e-01
-1.150304497068682652e-01 -1.033201296198222874e+00 -2.206749038538954599e-01
-3.942751008625671738e-01 -1.417191023568023622e+00 7.049830340197833778e-02
-2.908592731715170743e+00 -1.313418060643853247e+00 2.596412031792345143e+00
-3.043768165876497456e+00 -9.250804939368568736e-01 2.743779308020683594e+00
-2.916381705833963167e+00 -1.415548380322226629e+00 -9.052404368346130825e-01
2.916381705833963167e+00 1.415548380322226629e+00 2.236352216755180145e+00
1.435812531759838306e-01 1.327073873156898731e+00 -5.432554737171617631e-01
5.825840011660064766e-02 9.359754392887785768e-01 -6.357219125830247952e-01
4.035935220085156566e-02 5.437261978542380358e-01 -6.617616100872728557e-01
3.493574684915029538e-02 1.512968811340095476e-01 -6.773813335720944018e-01
3.556617899777443637e-02 -2.411644715348420509e-01 -6.911467313105460475e-01
4.285821298898770393e-02 -6.335719178034179278e-01 -7.080322769291547136e-01
6.664720251659182748e-02 -1.025724529479012270e+00 -7.396609951586099463e-01
2.252109477558300044e-01 -1.415548380322226407e+00 -9.052404368346126384e-01
3.101233301388941932e+00 -5.437261978542383689e-01 2.479831043502520149e+00
3.098734440600805495e+00 6.335719178034179278e-01 2.433560376660638624e+00
3.074945451073201497e+00 1.025724529479011826e+00 2.401931658431183170e+00
2.220661262922513757e+00 -1.489001512132544169e+00 2.456929007531900577e+00
2.990441156857028826e+00 -1.124083218949715191e+00 1.674124308592193300e+00
2.950208333661223925e+00 1.221779755071131346e+00 1.357510438298394018e+00
9.209313906672799144e-01 1.489001512132544169e+00 -6.846636460578918726e-01
1.511514967327648173e-01 1.124083218949715635e+00 -1.467468344997599594e+00
3.138236934111511278e+00 -1.182017834034519710e-01 -2.816366421938733211e+00
3.138130742532989181e+00 2.744950754414923755e-01 -2.817700544801580609e+00
-1.668698630003931649e-01 -9.829212622166255686e-01 -1.055353513120903669e-01
1.668698630003931649e-01 9.829212622166255686e-01 3.036057302277702874e+00
1.113694269612879317e-01 5.937747722444300935e-01 2.959293072713883976e+00
9.418807140068485850e-02 2.030814971286930837e-01 2.915855861558354079e+00
9.390497299819318411e-02 -1.879261819971801695e-01 2.879211696037471846e+00
1.102515107904529917e-01 -5.786455467074380632e-01 2.836337946179765979e+00
1.631780595300691139e-01 -9.679054536846217749e-01 2.762011914862378514e+00
4.284322640048018327e-01 -1.347209384561262047e+00 2.477819637121962071e+00
2.683505172092690572e+00 -1.360962392421771527e+00 2.045626365382608725e-01
2.974722790589400034e+00 -9.829212622166256796e-01 -1.055353513120902698e-01
3.030223226628505184e+00 -5.937747722444302045e-01 -1.822995808759091119e-01
2.978414594059723974e+00 9.679054536846221080e-01 -3.795807387274150457e-01
2.713160389584991616e+00 1.347209384561261825e+00 -6.637730164678311562e-01
4.580874814971038211e-01 1.360962392421772194e+00 -2.937030017051530884e+00
-3.132953075918756269e+00 -3.431096141273289046e-02 -5.208862430031121482e-01
-3.132372370047462606e+00 3.583728782057877260e-01 -5.173557580001842959e-01
-4.945320911415333753e-02 -7.027355629757735533e-01 2.744989051793332302e-01
4.945320911415333753e-02 7.027355629757735533e-01 -2.867093748410459941e+00
3.962485248472996657e-02 3.104113857013670597e-01 -2.886961734864847973e+00
3.785744758240017910e-02 -8.200069271172140406e-02 -2.902173239497421342e+00
4.241659024188727811e-02 -4.743925521707281767e-01 -2.918455928617947670e+00
5.829807296901915598e-02 -8.666185483271515722e-01 -2.943523543056214553e+00
1.228716904741392474e-01 -1.257947169635876383e+00 -3.016034082082299950e+00
2.710019017317291556e+00 -1.480496349538046097e+00 6.725462743567049984e-01
3.059202137361335172e+00 -1.094655161383024211e+00 3.157827768420445325e-01
3.018720963115653966e+00 1.257947169635876605e+00 1.255585715074931663e-01
4.315736362725024478e-01 1.480496349538046319e+00 -2.469046379233087229e+00
8.239051622845808276e-02 1.094655161383024877e+00 -2.825809876747748639e+00
1.229260863695905842e-01 -6.545627097300974473e-01 1.410666416437071913e-01
-1.229260863695905842e-01 6.545627097300974473e-01 -3.000526011946086147e+00
-1.009424715191441363e-01 2.642360846289141807e-01 -2.951896293690473350e+00
-9.821578827444901738e-02 -1.265672164150449808e-01 -2.913012097702871284e+00
-1.121431140275671035e-01 -5.171602768917343829e-01 -2.869827939227846070e+00
-1.584368323722643579e-01 -9.064629564231840853e-01 -2.800310440439277127e+00
-3.565335529747502563e-01 -1.288357523883081557e+00 -2.581937077027766758e+00
-2.485031929131002126e+00 -1.410752569941245094e+00 -4.342089163270438368e-01
-2.947328534130852162e+00 -1.042697615279966739e+00 4.780959860388082905e-02
-2.983155821217529091e+00 9.064629564231837522e-01 3.412822131505159340e-01
-2.785059100615042471e+00 1.288357523883082001e+00 5.596555765620269129e-01
-6.565607244587914337e-01 1.410752569941245094e+00 2.707383737262749168e+00
-1.942641194589413978e-01 1.042697615279967405e+00 -3.093783054985912440e+00
3.123782903279028300e+00 -6.724748060288320284e-01 3.353795506466074605e-01
-3.123782903279028300e+00 6.724748060288320284e-01 -2.806213102943185600e+00
-3.112830574006304918e+00 1.065075876051759129e+00 -2.792144505454673187e+00
-3.018487954580461707e+00 1.457097116551963945e+00 -2.694990172646539062e+00
-5.039951778489515366e-02 1.290605829649742908e+00 2.758475024465026904e-01
-2.236099258638462803e-02 8.981223853583719663e-01 3.067937442615055188e-01
-1.592356195005118630e-02 5.054914327389902207e-01 3.165734295450902125e-01
-1.402113719921780494e-02 1.128350706249179047e-01 3.227058906539218563e-01
-1.449584025784892913e-02 -2.798251217286362724e-01 3.282885438907357512e-01
-1.780975031076484014e-02 -6.724748060288319174e-01 3.353795506466074050e-01
-2.876207958348818775e-02 -1.065075876051759129e+00 3.494481481351202068e-01
-1.231046990093312005e-01 -1.457097116551963722e+00 4.466024809432538878e-01
-3.091193135804898073e+00 -1.290605829649743352e+00 -2.865745151143290315e+00
-3.119231661003408540e+00 -8.981223853583718553e-01 -2.834798909328287930e+00
-3.133498296534459993e+00 1.013825994766627048e+00 -2.188644957502728694e+00
-3.115431585876298204e+00 1.406484557962746962e+00 -2.169707113585215730e+00
-1.889199876589512522e-02 1.342314427177131453e+00 9.276755400519438588e-01
-7.352223839542912365e-03 9.496419225566334887e-01 9.400977562781942520e-01
-5.040557873953868673e-03 5.569499318361004203e-01 9.434122210105676531e-01
-4.337156520672787868e-03 1.642550331846551193e-01 9.453674688268863813e-01
3.121126863114907390e+00 -3.338251874812254716e-01 1.465242337547790985e+00
3.122223327149684646e+00 5.879804664601750996e-02 1.457397327975457513e+00
3.120103993512717278e+00 4.514174900305785720e-01 1.449160279150508268e+00
1.059492277187613352e-01 -1.246710993276748169e+00 -1.796694043592385270e+00
2.694362516339623426e+00 -1.492849350945341103e+00 1.891415915085419730e+00
3.066294900619610519e+00 -1.106654971497723849e+00 1.512727634516643604e+00
3.096995500524095668e+00 -7.145983394918178355e-01 1.474606622543446655e+00
3.035643425871031642e+00 1.246710993276748614e+00 1.344898609997407846e+00
4.472301372501704120e-01 1.492849350945341325e+00 -1.250176738504373164e+00
3.086788114114038972e+00 -1.573085334937053825e-01 -2.176748083586137028e+00
3.085936723998957021e+00 2.348070326166168398e-01 -2.198303495652007999e+00
2.809077597679459082e+00 1.404288996041251458e+00 -2.513583736362147381e+00
2.284756848921945527e-01 1.329601850580473199e+00 1.178330904107762533e+00
9.197505756915190511e-02 9.409244439634061319e-01 1.030648508437396194e+00
6.347651019711483822e-02 5.493421202127719560e-01 9.894256285679354779e-01
5.480453947575409518e-02 1.573085334937053270e-01 9.648445700036561989e-01
-3.092956226774543627e+00 -5.175792003172207112e-01 -1.199745485185312877e+00
-3.098996715977667460e+00 -1.252764723610481912e-01 -1.180992412123571977e+00
-3.097776483837420436e+00 2.670655337316595324e-01 -1.164096849302294734e+00
-3.088114812090450023e+00 6.593163287099806924e-01 -1.142888124242763315e+00
3.120684582704106536e+00 -2.406183668338640336e-01 5.430037203414647129e-01
3.121050132643201191e+00 1.519985350086404952e-01 5.349097234158061154e-01
3.117851994274591032e+00 5.446043035403899113e-01 5.257193308167421586e-01
-3.132865432698869856e+00 -4.404959906074756848e-01 2.092807154653130830e+00
-3.133689517907792155e+00 -4.781010615042371320e-02 2.096150701949114570e+00
-3.133204628614350895e+00 3.448762912345748055e-01 2.099364300152855911e+00
-3.130926478869100471e+00 7.375582540369414186e-01 2.103701383135219594e+00
-3.106964586790514904e+00 -6.176647721327298557e-01 8.388229521791586984e-01
3.106964586790514904e+00 6.176647721327298557e-01 -2.302769701410634529e+00
3.088499594114608282e+00 1.010012101768745341e+00 -2.327683301424193552e+00
2.973774861774527434e+00 1.401005442290239156e+00 -2.448158817674583432e+00
1.257519427797417211e-01 1.343815401735787507e+00 9.814415914931019502e-01
4.869691622410370069e-02 9.522881637431404034e-01 8.985686180265087808e-01
3.331670421794204195e-02 5.598994925455108573e-01 8.765817742152463010e-01
2.862826411867708948e-02 1.673829016029083905e-01 8.636533412162564760e-01
2.895921077785578931e-02 -2.251575563314874018e-01 8.524153868519214194e-01
3.462806679927826758e-02 -6.176647721327297447e-01 8.388229521791586984e-01
3.112964389471116089e+00 -1.673829016029085015e-01 -2.277939312373536751e+00
3.112633442811937545e+00 2.251575563314869022e-01 -2.289177266737871808e+00
3.121898314212371073e+00 1.031440530713579218e+00 -2.075327142390962276e+00
3.072447632932972628e+00 1.423879019575633009e+00 -2.126830499638731276e+00
4.148873706144465962e-02 1.324464980852186446e+00 1.123402324038438982e+00
1.696185929850909171e-02 9.319005519739289589e-01 1.096781289472412269e+00
1.178682331560886379e-02 5.392397241366623240e-01 1.089217161351654806e+00
1.022381914901292904e-02 1.465637001557617558e-01 1.084657745541663720e+00
