3.043087032558739954e-02 -9.465717802088047250e-01 1.784703260998917296e+00
-3.043087032558739954e-02 9.465717802088047250e-01 -1.356889392590876042e+00
-2.091228079327630759e-02 5.539944602782946870e-01 -1.343197544714655134e+00
-1.801817754564979945e-02 1.613674746689790773e-01 -1.335089926796520832e+00
-1.827054936713273098e-02 -2.312686182867517426e-01 -1.328006395047813593e+00
-2.191264745299169314e-02 -6.238910970483572127e-01 -1.319392009261397769e+00
-3.378968777079675856e-02 -1.016448510303733288e+00 -1.303462169630318579e+00
-1.102337489117242858e-01 -1.408434712816546197e+00 -1.223399201959776583e+00
-3.064164170006103749e+00 -1.338820004792456775e+00 1.734035547205579286e+00
-3.111161783264206004e+00 -9.465717802088049471e-01 1.784703260998917296e+00
-3.120680372796516888e+00 -5.539944602782951311e-01 1.798395108875137982e+00
-3.123574476044143289e+00 -1.613674746689791883e-01 1.806502726793272284e+00
-3.123322104222660656e+00 2.312686182867512152e-01 1.813586258541979745e+00
-3.119680006136801520e+00 6.238910970483567686e-01 1.822200644328395569e+00
-3.107802965818996732e+00 1.016448510303733732e+00 1.838130483959474537e+00
-3.031358904678068900e+00 1.408434712816545975e+00 1.918193451630016533e+00
-7.742848358368970008e-02 1.338820004792457219e+00 -1.407557106384214052e+00
1.495796727766364187e+00 1.000558556377227487e-01 7.250027780788728116e-01
-1.495796727766364187e+00 -1.000558556377227487e-01 -2.416589875510920304e+00
-1.539911654851739531e+00 -1.211120533996143250e-01 -2.022006519902004307e+00
-1.588849319896009638e+00 -1.236651783886947159e-01 -1.626317029103862000e+00
-1.645795925823428929e+00 1.000558556377227348e-01 7.250027780788727005e-01
-1.601680998738053585e+00 1.211120533996143389e-01 1.119586133687788587e+00
-1.552743333693783478e+00 1.236651783886947020e-01 1.515275624485931116e+00
-1.506628839648549434e+00 1.073111317307734874e-01 1.910304418053160092e+00
-1.470460292684277581e+00 7.462379549269734791e-02 2.303304676701687814e+00
-1.449627052087856249e+00 3.065836732754901109e-02 2.694114998377081793e+00
-1.447111198681620525e+00 -1.791511122741576770e-02 3.083844872419132077e+00
-1.463265590689380558e+00 -6.379787241612777660e-02 -2.808966579246465756e+00
-1.513069237841141890e+00 4.015147118764421375e-02 8.285608694260649942e-01
1.513069237841141890e+00 -4.015147118764421375e-02 -2.313031784163728233e+00
1.532821610349543784e+00 -5.918083392188440428e-02 -2.705766106458467490e+00
1.558386386672140134e+00 -6.920264002033638118e-02 -3.099159761642845012e+00
1.585856412696272422e+00 -6.867544368891598250e-02 2.790379544424737901e+00
1.611014719560239117e+00 -5.768051142427514655e-02 2.397037418160690603e+00
1.630019758360928606e+00 -3.790820318592875299e-02 2.004375733658510850e+00
1.640004278989369180e+00 -1.238023482536682561e-02 1.612371059581672483e+00
1.639479534757129819e+00 1.502458311619592375e-02 1.220616740691074842e+00
1.628523415748651226e+00 4.015147118764419987e-02 8.285608694260649942e-01
1.608771043240249554e+00 5.918083392188439734e-02 4.358265471313260142e-01
1.583206266917652982e+00 6.920264002033638118e-02 4.243289194694836036e-02
1.555736240893520916e+00 6.867544368891596862e-02 -3.512131091650549930e-01
1.530577934029553999e+00 5.768051142427516736e-02 -7.445552354291027353e-01
1.511572895228864510e+00 3.790820318592874605e-02 -1.137216919931282932e+00
1.530358180297667126e+00 4.720915032411265866e-02 7.549071355758423252e-01
-1.530358180297667126e+00 -4.720915032411265866e-02 -2.386685518013950791e+00
-1.551512749341658504e+00 -5.908729927909179419e-02 -1.993601494391881168e+00
-1.575620670075428498e+00 -6.196360169945951124e-02 -1.600183007008874281e+00
-1.598989116132620847e+00 -5.539595929291924598e-02 -1.206852305524952040e+00
-1.618044045234134698e+00 -4.039306800589129859e-02 -8.139798111596664443e-01
-1.629894588206862949e+00 -1.924992062177200564e-02 -4.216662752978506123e-01
-1.632760647736357207e+00 4.815084667904699287e-03 -2.968542495295430420e-02
-1.626214263606625465e+00 2.814953118369165758e-02 3.623826408731197213e-01
-1.611234473292126212e+00 4.720915032411264478e-02 7.549071355758421031e-01
-1.590079904248134612e+00 5.908729927909178725e-02 1.147991159197911948e+00
-1.565971983514364840e+00 6.196360169945949042e-02 1.541409646580918613e+00
-1.542603537457172491e+00 5.539595929291926679e-02 1.934740348064840632e+00
-1.523548608355658418e+00 4.039306800589131247e-02 2.327612842430126339e+00
-1.511698065382930389e+00 1.924992062177199870e-02 2.719926378291942726e+00
-1.508832005853435909e+00 -4.815084667904688011e-03 3.111907228636838774e+00
-1.515378389983167651e+00 -2.814953118369162635e-02 -2.779210012716674338e+00
-1.575615919962131573e+00 1.746672059786700442e-03 7.819817502909681695e-01
1.575615919962131573e+00 -1.746672059786700442e-03 -2.359610903298825058e+00
1.575917470886522231e+00 2.306547585725123722e-04 -2.752305185254548814e+00
1.575439386086958660e+00 2.172867298719404448e-03 3.138185494003791209e+00
1.574254440696217561e+00 3.784286364795619480e-03 2.745487911179140816e+00
1.572543019141105392e+00 4.819585815219937924e-03 2.352786495395490451e+00
1.570565669011701804e+00 5.121143955397759913e-03 1.960082613903571191e+00
1.568623436074704447e+00 4.643048331228295973e-03 1.567379078392633573e+00
1.567012017802912105e+00 3.458089139732749371e-03 1.174678497870029981e+00
1.565976733627661766e+00 1.746672059786701526e-03 7.819817502909682805e-01
1.565675182703271107e+00 -2.306547585725108815e-04 3.892874683352447462e-01
1.566153267502834456e+00 -2.172867298719404882e-03 -3.407159586002073137e-03
1.567338212893575555e+00 -3.784286364795618179e-03 -3.961047424106519665e-01
1.569049634448687724e+00 -4.819585815219937924e-03 -7.888061581943024425e-01
1.571026984578091312e+00 -5.121143955397760780e-03 -1.181510039686222147e+00
1.572969217515088891e+00 -4.643048331228295106e-03 -1.574213575197159543e+00
1.574580635786881233e+00 -3.458089139732751539e-03 -1.966914155719762913e+00
1.582995316294269594e+00 -4.063431932568818683e-02 7.935219786420230070e-01
-1.582995316294269594e+00 4.063431932568818683e-02 -2.348070674947770442e+00
-1.566507506213164591e+00 4.220779879280805308e-02 -1.955033182834014616e+00
-1.550674692486502471e+00 3.735223536636184116e-02 -1.562048775166278602e+00
-1.537912081372420525e+00 2.680982759941770086e-02 -1.169284667249399057e+00
-1.530158987104247581e+00 1.218891921813162159e-02 -7.767787623752668846e-01
-1.528588140275247476e+00 -4.285000862216487190e-03 -3.844178250793832685e-01
-1.533436535597624273e+00 -2.010759730148441865e-02 7.996037078010557325e-03
-1.543972003895178302e+00 -3.287242381828231474e-02 4.006298265464474651e-01
-1.558597337295523522e+00 -4.063431932568817989e-02 7.935219786420227850e-01
-1.575085147376628525e+00 -4.220779879280805308e-02 1.186559470755778500e+00
-1.590917961103290867e+00 -3.735223536636184116e-02 1.579543878423514514e+00
-1.603680572217372813e+00 -2.680982759941771473e-02 1.972307986340394059e+00
-1.611433666485545757e+00 -1.218891921813162159e-02 2.364813891214526009e+00
-1.613004513314545862e+00 4.285000862216519282e-03 2.757174828510410514e+00
-1.608156117992168843e+00 2.010759730148442212e-02 -3.133596616511782784e+00
-1.597620649694615036e+00 3.287242381828228005e-02 -2.740962827043346373e+00
1.551213426842987131e+00 -1.537157004726016907e-01 2.465972522097700015e+00
1.611982025606069069e+00 -1.494167425248196512e-01 2.068682235164958083e+00
1.666235206618121634e+00 -1.222532321003383937e-01 1.673220686839514304e+00
1.705649325916181347e+00 -7.654556923882648023e-02 1.281195609491431631e+00
1.724541043889431080e+00 -1.935196870742079273e-02 8.921774621953750817e-01
1.720338002507953989e+00 4.072655535154507539e-02 5.040202610906596714e-01
1.693602866659569273e+00 9.472441367224908315e-02 1.140979654790787723e-01
1.648040438588558310e+00 1.344557245231380316e-01 -2.792257981580725246e-01
1.590379226746806207e+00 1.537157004726017462e-01 -6.756201314920933232e-01
1.529610627983724047e+00 1.494167425248196235e-01 -1.072910418424835699e+00
1.513218957732829217e+00 5.940438746611400450e-03 7.442867826833319267e-01
-1.513218957732829217e+00 -5.940438746611400450e-03 -2.397305870906461411e+00
-1.519864107578394741e+00 -2.751303281976784018e-02 -2.005136569619459408e+00
-1.534261738801423469e+00 -4.490572925010521965e-02 -1.612557177586584345e+00
-1.554236978625393117e+00 -5.546595792816996773e-02 -1.219496928945469127e+00
-1.576746625661686885e+00 -5.757635202246489531e-02 -8.261671328368683787e-01
-1.598345065821344502e+00 -5.091292675297874604e-02 -4.329379079025190702e-01
-1.615732001933321227e+00 -3.649774136627537829e-02 -4.012006118644604463e-02
-1.626269874715476460e+00 -1.653388018711876573e-02 3.522174907452607084e-01
-1.628373695856964121e+00 5.940438746611389174e-03 7.442867826833318157e-01
-1.621728546011398597e+00 2.751303281976784365e-02 1.136456083970333930e+00
-1.607330914788369647e+00 4.490572925010522659e-02 1.529035476003208771e+00
-1.587355674964399999e+00 5.546595792816996773e-02 1.922095724644323766e+00
-1.564846027928106231e+00 5.757635202246487449e-02 2.315425520752924626e+00
-1.543247587768448614e+00 5.091292675297872522e-02 2.708654745687274712e+00
-1.525860651656471889e+00 3.649774136627538523e-02 3.101472592403347051e+00
-1.515322778874316878e+00 1.653388018711880042e-02 -2.789375162844533129e+00
-1.530136659618414718e+00 3.172954481467579052e-02 8.154448103925129310e-01
1.530136659618414718e+00 -3.172954481467579052e-02 -2.326147843197280185e+00
1.545372951753614110e+00 -4.487207973946476941e-02 -2.718921597954586211e+00
1.564492103299465420e+00 -5.118309419351828315e-02 -3.112029835355197616e+00
1.584575468145078325e+00 -4.969616935585810524e-02 2.777952558359399582e+00
1.602552099831652477e+00 -4.063919027178412163e-02 2.384950530341562125e+00
1.615682892457577680e+00 -2.539777880120525425e-02 1.992326720242613369e+00
1.621980436320626273e+00 -6.295967572900461849e-03 1.600036611967837752e+00
1.620497206533483947e+00 1.376212854063737535e-02 1.207840763493859937e+00
1.611455993971378620e+00 3.172954481467578358e-02 8.154448103925131530e-01
1.596219701836179228e+00 4.487207973946475553e-02 4.226710556352072379e-01
1.577100550290327918e+00 5.118309419351827622e-02 2.956281823459572938e-02
1.557017185444714791e+00 4.969616935585810524e-02 -3.636400952303931455e-01
1.539040553758140861e+00 4.063919027178413551e-02 -7.566421232482306580e-01
1.525909761132215436e+00 2.539777880120524037e-02 -1.149265933347180191e+00
1.519612217269166843e+00 6.295967572900473125e-03 -1.541556041621955364e+00
1.521095447056309391e+00 -1.376212854063734239e-02 -1.933751890095932513e+00
3.644386220221541017e-01 -9.704721120397326040e-01 1.468208226203786992e+00
-3.644386220221541017e-01 9.704721120397326040e-01 -1.673384427386006346e+00
-2.455607332356642969e-01 5.948176749186029344e-01 -1.507948944902198107e+00
-2.074360854852285718e-01 2.118343626903131105e-01 -1.412647233664026336e+00
-2.058394734930256709e-01 -1.727171838786277502e-01 -1.332557007622606537e+00
-2.393359841808799515e-01 -5.560189083024879020e-01 -1.240338201286394160e+00
-3.449538151184404211e-01 -9.329904102005281974e-01 -1.087386452202503406e+00
-2.277345380808253328e+00 -1.302882588927124718e+00 9.269053322734948086e-01
-2.777154031567639070e+00 -9.704721120397327150e-01 1.468208226203786992e+00
-2.896031920354128708e+00 -5.948176749186031564e-01 1.633643708687595009e+00
-2.934156568104564489e+00 -2.118343626903130827e-01 1.728945419925766780e+00
-2.935753180096767778e+00 1.727171838786273339e-01 1.809035645967186801e+00
-2.902256669408913137e+00 5.560189083024875689e-01 1.901254452303398956e+00
-2.796638838471352528e+00 9.329904102005283084e-01 2.054206201387290154e+00
-2.377827678049029281e+00 1.275404858698025556e+00 2.514842489931680358e+00
-8.642472727815413425e-01 1.302882588927125163e+00 -2.214687321316299862e+00
1.522192294839479487e+00 2.604657836962160147e-02 7.497409270066128784e-01
-1.522192294839479487e+00 -2.604657836962160147e-02 -2.391851726583180238e+00
-1.535852529469250216e+00 -4.266044723809545025e-02 -1.999265048009192469e+00
-1.554846009355684400e+00 -5.278319358230328107e-02 -1.606241479435682962e+00
-1.576279455778075045e+00 -5.486535612607799234e-02 -1.212970881676181056e+00
-1.596873687117596807e+00 -4.858753282297865322e-02 -8.197885771597187565e-01
-1.613482801331188599e+00 -3.491199187002202303e-02 -4.269778495497734139e-01
-1.623586222976648008e+00 -1.592810140256461365e-02 -3.460356365587851507e-02
-1.625662506032452326e+00 5.474878293207641189e-03 3.575247591960607485e-01
-1.619400358750313851e+00 2.604657836962159800e-02 7.497409270066127673e-01
-1.605740124120542900e+00 4.266044723809546413e-02 1.142327605580600647e+00
-1.586746644234108716e+00 5.278319358230327413e-02 1.535351174154109932e+00
-1.565313197811718071e+00 5.486535612607800622e-02 1.928621771913611838e+00
-1.544718966472196531e+00 4.858753282297866016e-02 2.321804076430074470e+00
-1.528109852258604739e+00 3.491199187002202303e-02 2.714614804040019980e+00
-1.518006430613145108e+00 1.592810140256461365e-02 3.106989089933914538e+00
-1.515930147557341012e+00 -5.474878293207612566e-03 -2.784067894393733145e+00
-1.563609499672095893e-02 -9.403737991116180028e-01 1.833465728871055633e+00
1.563609499672095893e-02 9.403737991116180028e-01 -1.308126924718737705e+00
1.079634527250126867e-02 5.477070180332684890e-01 -1.315135632628942064e+00
9.328897459350846480e-03 1.550272077677744276e-01 -1.319317296183251553e+00
9.483581125721741653e-03 -2.376549457661561726e-01 -1.322990510972600564e+00
1.140966905418535661e-02 -6.303333235635810716e-01 -1.327482993669759859e+00
1.769804844869551225e-02 -1.022993768219059074e+00 -1.335866523106635784e+00
5.962140842464975360e-02 -1.415490933598574141e+00 -1.379663278030252904e+00
3.102462507852536078e+00 -1.332955809003727454e+00 1.858864540805351240e+00
3.125956558593072199e+00 -9.403737991116181139e-01 1.833465728871055633e+00
3.130796308317291832e+00 -5.477070180332686000e-01 1.826457020960851052e+00
3.132263756130442278e+00 -1.550272077677743998e-01 1.822275357406541785e+00
3.132109072464071442e+00 2.376549457661556453e-01 1.818602142617192552e+00
3.130182984535607726e+00 6.303333235635805165e-01 1.814109659920033257e+00
3.123894605141097625e+00 1.022993768219059296e+00 1.805726130483157332e+00
3.081971245165143092e+00 1.415490933598574141e+00 1.761929375559540212e+00
3.913014573725751011e-02 1.332955809003727898e+00 -1.282728112784442098e+00
1.600422484069737639e+00 1.605490033012570974e-03 8.064022365242782264e-01
-1.600422484069737639e+00 -1.605490033012570974e-03 -2.335190417065514890e+00
-1.598782693619813733e+00 9.852647183489287100e-03 -1.942652999375397371e+00
-1.592883474535751187e+00 1.981180896939117517e-02 -1.550034846890134377e+00
-1.583620313309254124e+00 2.675575926560180492e-02 -1.157288526298249742e+00
-1.572402521661143693e+00 2.962611908150878173e-02 -7.644416686711845710e-01
-1.560939820124156219e+00 2.798500809770457926e-02 -3.715808652391813238e-01
-1.550979685590970991e+00 2.208281248924396159e-02 2.119910877001199290e-02
-1.544038368374304637e+00 1.281939637888456114e-02 4.138508938509047885e-01
-1.541170169520055699e+00 1.605490033012579648e-03 8.064022365242781154e-01
-1.542809959969979605e+00 -9.852647183489281896e-03 1.198939654214395967e+00
-1.548709179054041929e+00 -1.981180896939118211e-02 1.591557806699658739e+00
-1.557972340280538992e+00 -2.675575926560179799e-02 1.984304127291543152e+00
-1.569190131928649645e+00 -2.962611908150878520e-02 2.377150984918608767e+00
-1.580652833465636897e+00 -2.798500809770457232e-02 2.770011788350612125e+00
-1.590612967998822347e+00 -2.208281248924395812e-02 -3.120393544819781262e+00
-1.597554285215488479e+00 -1.281939637888457328e-02 -2.727741759738888661e+00
3.097424831264241174e+00 -9.160879391274920902e-01 1.839066228909563838e+00
-3.097424831264241174e+00 9.160879391274920902e-01 -1.302526424680229500e+00
-3.037945789623804682e+00 1.307911085601797474e+00 -1.237459760513561546e+00
-2.028223900222975162e-01 1.436922864607868222e+00 1.602966413155645586e+00
-5.371594487153329156e-02 1.046310818984324875e+00 1.757515985356025601e+00
-3.388190103827139893e-02 6.539599495456839273e-01 1.783406251377779750e+00
-2.783564923781907396e-02 2.614413165532004091e-01 1.796826233970416187e+00
-2.712236724594456819e-02 -1.311133151456514434e-01 1.807569515161333351e+00
-3.105153034338722570e-02 -5.236512590912758558e-01 1.819553656701891287e+00
-4.416782232555185872e-02 -9.160879391274919792e-01 1.839066228909563838e+00
-1.036468639659884755e-01 -1.307911085601797474e+00 1.904132893076231792e+00
-2.938770263567495711e+00 -1.436922864607868222e+00 -1.538626240434147530e+00
-3.087876708718259700e+00 -1.046310818984325541e+00 -1.384076668233767737e+00
-3.107710752551521960e+00 -6.539599495456842604e-01 -1.358186402212013588e+00
-3.113757004351974000e+00 -2.614413165532001315e-01 -1.344766419619377151e+00
-3.114470286343848482e+00 1.311133151456515544e-01 -1.334023138428459765e+00
-3.110541123246405970e+00 5.236512590912753007e-01 -1.322038996887901829e+00
1.511368540479257394e+00 -7.479444567719152094e-03 7.437606015268649617e-01
-1.511368540479257394e+00 7.479444567719152094e-03 -2.397832052062928376e+00
-1.513024469757626500e+00 -1.581862805684234111e-02 -2.005812352660397035e+00
-1.523462162406688858e+00 -3.671541755279242314e-02 -1.613525405220791686e+00
-1.541113752795614023e+00 -5.203151048760010916e-02 -1.220729562369808896e+00
-1.563303655824460625e+00 -5.942612210655173061e-02 -8.274807319223614899e-01
-1.586641385219044187e+00 -5.776462104063303377e-02 -4.341011746890566791e-01
-1.607552876601121117e+00 -4.730224040559399129e-02 -4.099027819234261905e-02
-1.622850725626830304e+00 -2.964239179453766193e-02 3.516109491168283863e-01
-1.630224113110535722e+00 -7.479444567719166839e-03 7.437606015268648507e-01
-1.628568183832166616e+00 1.581862805684232029e-02 1.135780300929396303e+00
-1.618130491183104480e+00 3.671541755279241620e-02 1.528067248369001430e+00
-1.600478900794179093e+00 5.203151048760007447e-02 1.920863091219983776e+00
-1.578288997765332491e+00 5.942612210655173061e-02 2.314111921667431293e+00
-1.554951268370749151e+00 5.776462104063301295e-02 2.707491478900736492e+00
-1.534039776988671999e+00 4.730224040559399823e-02 3.100602375397450761e+00
-1.518741927962962812e+00 2.964239179453767581e-02 -2.789981704472965340e+00
