-3.092188901156475822e+00 -7.435185943051747515e-01 1.570730276373787787e-02
3.092188901156475822e+00 7.435185943051747515e-01 -3.125885350826055564e+00
3.055298646371668259e+00 1.135402070032625277e+00 3.112477586543037855e+00
2.419029636002163475e+00 1.515800557680073046e+00 2.468942678116801570e+00
1.052770720930255033e-01 1.217570319006959112e+00 1.479836090126917802e-01
5.365188768213833420e-02 8.259518427051164569e-01 8.862446860503983559e-02
4.006978929233893927e-02 4.336640606748441984e-01 6.600725351645088390e-02
3.638985862995641751e-02 4.124395498494678319e-02 5.066366215479610469e-02
3.872343877977642984e-02 -3.511855236701201255e-01 3.583539383312112081e-02
4.940375243331749516e-02 -7.435185943051746404e-01 1.570730276373789869e-02
8.629400721812501007e-02 -1.135402070032625277e+00 -2.911506704675547591e-02
7.225630175876304184e-01 -1.515800557680073268e+00 -6.726499754729919900e-01
3.036315581496767724e+00 -1.217570319006959334e+00 -2.993609044577101308e+00
3.087940765907654761e+00 -8.259518427051164569e-01 -3.052968184984753197e+00
3.101522864297454163e+00 -4.336640606748437543e-01 -3.075585400073342246e+00
3.105202794959836865e+00 -4.124395498494671380e-02 -3.090928991434997108e+00
3.102869214810016985e+00 3.511855236701197369e-01 -3.105757259756672273e+00
3.592231321435273433e-02 -8.295047573777636352e-01 -1.310140234217744559e-01
-3.592231321435273433e-02 8.295047573777636352e-01 3.010578630168018854e+00
-2.676943310468515858e-02 4.369896635989927725e-01 3.025748600520193676e+00
-2.427733124570600684e-02 4.441492791128273665e-02 3.036001886671509276e+00
-2.580179030916844238e-02 -3.481643024070512071e-01 3.045884615689745445e+00
-3.117315322344087036e+00 -4.441492791128284073e-02 -1.055907669182837294e-01
-3.115790863280624823e+00 3.481643024070507630e-01 -9.570803790004783762e-02
-3.108726098295897078e+00 7.407011314487492726e-01 -8.232975151525627477e-02
-3.084353242353333524e+00 1.133040274926224278e+00 -5.266043236417790319e-02
-2.641679419131427675e+00 1.520183215766970353e+00 3.948617206183021033e-01
-7.096194473706761430e-02 1.221716116673649655e+00 2.970384866645829902e+00
4.277111391449273103e-02 -7.767268526131418938e-01 1.494088057629727295e+00
-4.277111391449273103e-02 7.767268526131418938e-01 -1.647504595960066043e+00
-3.290076880861676767e-02 3.842970052814301818e-01 -1.629853508436487797e+00
-3.050131433354281996e-02 -8.210074110427414973e-03 -1.617264443848617672e+00
-3.312525143360672136e-02 -4.007158435335406721e-01 -1.604589510543210418e+00
-4.347869871184876361e-02 -7.931393697602662218e-01 -1.586524169615958657e+00
-8.116285993681100763e-02 -1.185163307529029764e+00 -1.542289290087878184e+00
-1.833780036333524377e+00 -1.539209706391392984e+00 2.163903730480785936e-01
-3.063573156855218915e+00 -1.168787501609681367e+00 1.452255891259328635e+00
-3.098821539675300496e+00 -7.767268526131420048e-01 1.494088057629727295e+00
-3.060429793652982067e+00 1.185163307529029986e+00 1.599303363501915154e+00
-1.307812617256272514e+00 1.539209706391392984e+00 -2.925202280541718380e+00
-7.801949673457443668e-02 1.168787501609681811e+00 -1.689336762330464703e+00
1.333183215474071032e-03 -7.495995740895168291e-01 7.539701210023354305e-02
-1.333183215474071032e-03 7.495995740895168291e-01 -3.066195641489559698e+00
-1.041468050729108452e-03 3.569007580625683240e-01 -3.065651142391465633e+00
-9.764645993356868949e-04 -3.579812904993151523e-02 -3.065252334374443777e+00
-1.072832438186291631e-03 -4.284970103023595933e-01 -3.064841516036872715e+00
-1.432221771018870726e-03 -8.211957979980619715e-01 -3.064238951562127333e+00
-2.793115560254226786e-03 -1.213894114260942070e+00 -3.062670178216407635e+00
-3.114334091102712865e+00 -1.534984888409146819e+00 4.906427705727887945e-02
-3.140551185539063983e+00 -3.569007580625684350e-01 7.594151119832781571e-02
-3.140160431818774356e+00 8.211957979980619715e-01 7.735370202766572723e-02
-3.138799538029538816e+00 1.213894114260942736e+00 7.892247537338542562e-02
-2.725856248708000487e-02 1.534984888409147041e+00 -3.092528376532514223e+00
-2.348561396676569074e-03 1.142298056685413066e+00 -3.067423512930409490e+00
4.551571350264823138e-03 -8.188349760512115827e-01 1.627384536574035589e+00
-4.551571350264823138e-03 8.188349760512115827e-01 -1.514208117015757749e+00
-3.414403773844675288e-03 4.261388679727714512e-01 -1.512295239649584344e+00
-3.110787032675417767e-03 3.344181860545745316e-02 -1.510987875079662812e+00
-3.321069092002516127e-03 -3.592552863167700616e-01 -1.509716247955000590e+00
-4.256892809392122737e-03 -7.519516629366546079e-01 -1.507976117897533053e+00
-7.521285588232302227e-03 -1.144644618396170710e+00 -1.504035235400389858e+00
-9.271942332953801713e-02 -1.537210189477664191e+00 -1.418216431672189470e+00
-3.132749753629819889e+00 -1.211526356428072715e+00 1.622430449244706141e+00
-3.137335760780401106e+00 7.519516629366542748e-01 1.633616535692260063e+00
-3.134071368001560831e+00 1.144644618396171154e+00 1.637557418189403258e+00
-3.048873230260255252e+00 1.537210189477664191e+00 1.723376221917603868e+00
-8.842899959973348628e-03 1.211526356428073159e+00 -1.519162204345086975e+00
-3.644323087020439472e-02 -1.297708580815984565e-02 3.129930605088738105e+00
-3.965596786901218196e-02 -4.053996675289641138e-01 -3.138081137586436142e+00
-5.219230498839692867e-02 -7.977027698453660332e-01 -3.116354442514394307e+00
-3.049477346267353006e+00 -1.163568666785327999e+00 -9.675500234336235905e-02
-9.211530732244024855e-02 1.163568666785328665e+00 3.044837651246430799e+00
-3.085254728610903330e-02 -7.667602774290016576e-01 8.213493256302874246e-02
3.085254728610903330e-02 7.667602774290016576e-01 -3.059457721026764609e+00
2.386918006129358505e-02 3.742020984545864626e-01 -3.072140582601296188e+00
2.222090095212348598e-02 -1.839550005309744524e-02 -3.081275727647986962e+00
2.423571374506687873e-02 -4.109915402334857748e-01 -3.090551128162218220e+00
3.200856345335931913e-02 -8.035421951802523832e-01 -3.103911097539404196e+00
6.070096548024520033e-02 -1.195869530304830564e+00 -3.137360556652509125e+00
2.262383692352280651e+00 -1.541950059062730638e+00 9.397302836450566188e-01
3.086044638652717165e+00 -1.159131457599461568e+00 1.116414223773384146e-01
3.110740106303684360e+00 -7.667602774290016576e-01 8.213493256302878409e-02
3.117723473528499767e+00 -3.742020984545864071e-01 6.945207098849713601e-02
8.792089612375156849e-01 1.541950059062730638e+00 -2.201862369944733722e+00
5.554801493707633986e-02 1.159131457599462234e+00 -3.029951231212454577e+00
-3.104463011992038446e+00 -7.527846942621945203e-01 1.397969605435946810e-02
3.104463011992038446e+00 7.527846942621945203e-01 -3.127612957535433669e+00
3.075955809448948752e+00 1.145017503834515615e+00 3.121171871078096682e+00
2.442953934372267266e+00 1.528663914296322979e+00 2.482761618266366099e+00
7.669166412645617159e-02 1.209394170042835892e+00 1.111255709892887966e-01
3.960423483320118371e-02 8.172762064350043154e-01 6.826030750063702413e-02
2.973760331969005355e-02 4.248024593380711478e-01 5.162954692483717051e-02
2.710795741272648343e-02 3.225761520427870149e-02 4.024496761133947165e-02
2.895329241060586381e-02 -3.602912966885577495e-01 2.916057695807649022e-02
3.712964159775487827e-02 -7.527846942621944093e-01 1.397969605435945249e-02
6.563684414084439145e-02 -1.145017503834515615e+00 -2.042078251169669040e-02
6.986387192175236294e-01 -1.528663914296322979e+00 -6.588310353234247962e-01
3.064900989463336778e+00 -1.209394170042836780e+00 -3.030467082600504458e+00
3.101988418756592036e+00 -8.172762064350048705e-01 -3.073332346089156175e+00
3.111855050270103007e+00 -4.248024593380710368e-01 -3.089963106664955994e+00
3.114484696177066692e+00 -3.225761520427872925e-02 -3.101347685978453672e+00
3.112639361179187159e+00 3.602912966885570278e-01 -3.112432076631716615e+00
-1.925702227631885402e-03 -7.204801143918061479e-01 1.422707889509619905e+00
1.925702227631885402e-03 7.204801143918061479e-01 -1.718884764080173433e+00
1.528524179994299485e-03 3.277815959039603322e-01 -1.719663139628383020e+00
1.450198432586367750e-03 -6.491706165465070677e-02 -1.720249315017516656e+00
1.613120335273121120e-03 -4.576156957392341074e-01 -1.720867932254260158e+00
2.193483455958934215e-03 -8.503141004036022244e-01 -1.721803615359990269e+00
4.494991799286772449e-03 -1.243011295532655991e+00 -1.724410909811209480e+00
3.119288500996185487e+00 -1.505863091743352200e+00 1.443694579022384517e+00
3.138317180355204794e+00 -1.113177989186486361e+00 1.424375868117111033e+00
3.137097661790506642e+00 1.243011295532656657e+00 1.417181743778583858e+00
2.230415259360790659e-02 1.505863091743352200e+00 -1.697898074567408377e+00
3.275473234588615560e-03 1.113177989186486805e+00 -1.717216785472682083e+00
3.554297547092886284e-02 -7.278642665303022286e-01 7.595277891592769337e-02
-3.554297547092886284e-02 7.278642665303022286e-01 -3.065639874673865339e+00
-2.809951874253662288e-02 3.353562741626818222e-01 -3.051238293195431162e+00
-2.657728039400362660e-02 -5.719991869559894193e-02 -3.040468666714550849e+00
-2.946460241791722806e-02 -4.497491702423953019e-01 -3.029175974494132895e+00
-3.985806605989287293e-02 -8.422235547816248058e-01 -3.012242314621849104e+00
-8.044056502869005587e-02 -1.234309197951404258e+00 -2.966041089111910001e+00
-2.707094202278213846e+00 -1.507729600440600004e+00 -3.341348256094829883e-01
-3.080641627952979356e+00 -1.120148864659273880e+00 4.472535830496687792e-02
-3.113493134847256538e+00 -3.353562741626818777e-01 9.035436039436206546e-02
-3.115015373195789472e+00 5.719991869559887254e-02 1.011239868752421694e-01
-3.112128051171875853e+00 4.497491702423950244e-01 1.124166790956602352e-01
-3.101734587529900278e+00 8.422235547816244727e-01 1.293503389679443172e-01
-3.061152088561103213e+00 1.234309197951404702e+00 1.755515644778831985e-01
-4.344984513115797697e-01 1.507729600440600004e+00 2.807457827980309961e+00
-6.095102563681411428e-02 1.120148864659274546e+00 -3.096867295284826405e+00
4.389750578265053105e-02 -7.565174369929280607e-01 -4.793254506512181420e-03
-4.389750578265053105e-02 7.565174369929280607e-01 3.136799399083280981e+00
-3.415894010619242860e-02 3.641052453191024330e-01 -3.128413317185872344e+00
-3.193165449824358904e-02 -2.838514467365846686e-02 -3.115338159261889395e+00
-3.497173015323887246e-02 -4.208705692616829253e-01 -3.101951993358546211e+00
-4.646084969880264620e-02 -8.132587848869921032e-01 -3.082478047468930171e+00
-8.937700808221331339e-02 -1.205163404299374408e+00 -3.032747367753662271e+00
-2.297681842853440681e+00 -1.528075452278471191e+00 -8.181095776620569415e-01
-3.063638203135205629e+00 -1.148561827024261239e+00 -4.578439263445568952e-02
-3.097695147807142835e+00 -7.565174369929282827e-01 -4.793254506512201370e-03
-3.106620923436554271e+00 4.208705692616827032e-01 3.964066023124682842e-02
-3.095131803890990518e+00 8.132587848869916591e-01 5.911460612086304189e-02
-3.052215645507579733e+00 1.205163404299374852e+00 1.088452858361310532e-01
-8.439108107363549882e-01 1.528075452278471413e+00 2.323483075927733843e+00
-7.795445045458783417e-02 1.148561827024261683e+00 3.095808260955337232e+00
-3.712800294604719914e-02 -8.360206950848085850e-01 1.714172880063576265e+00
3.712800294604719914e-02 8.360206950848085850e-01 -1.427419773526216851e+00
2.755479743689770444e-02 4.435173550256165109e-01 -1.443147009961413874e+00
2.492057746600925480e-02 5.094965841081541824e-02 -1.453704335697380223e+00
2.641502869917212656e-02 -3.416234725982359999e-01 -1.463825059775389459e+00
3.352691207828674413e-02 -7.341531082646658435e-01 -1.477440027940103207e+00
5.792755029559339824e-02 -1.126480607091697950e+00 -1.507287624601891807e+00
4.545245895531495606e-01 -1.514083317854221677e+00 -1.908863942915529854e+00
3.067447075952157487e+00 -1.228193069638760182e+00 1.756469825338421220e+00
3.104464650643746104e+00 -8.360206950848088070e-01 1.714172880063576487e+00
3.115177624890621111e+00 3.416234725982357223e-01 1.677767593814403657e+00
3.108065741511506719e+00 7.341531082646655104e-01 1.664152625649690131e+00
3.083665103294199739e+00 1.126480607091698172e+00 1.634305028987901309e+00
2.687068064036644444e+00 1.514083317854221455e+00 1.232728710674264150e+00
7.414557763763608700e-02 1.228193069638760626e+00 -1.385122828251371674e+00
-1.552095681510417657e+00 4.524000862843881310e-02 7.994557338794237022e-01
1.552095681510417657e+00 -4.524000862843881310e-02 -2.342136919710369636e+00
1.536203522118498199e+00 -3.464030139948173076e-02 -1.949261658919621665e+00
2.784992444825939995e+00 1.530614387884210670e+00 2.851613062594585024e+00
4.032194987344372289e-02 1.215488642675612851e+00 1.041624376936893803e-01
2.062214871012625628e-02 8.229486630823825699e-01 8.147674624652770370e-02
1.543062215919360422e-02 4.303104676166050191e-01 7.279389035036408495e-02
1.403375995700936567e-02 3.765282032880322427e-02 6.688485864384671742e-02
1.495649742379033878e-02 -3.550061000684399115e-01 6.115737742601382726e-02
1.912509159524153346e-02 -7.476504504714617250e-01 5.335219660330289132e-02
3.360415533850905773e-02 -1.140226563122183512e+00 3.581749622431289887e-02
3.566002087638535101e-01 -1.530614387884210670e+00 -2.899795909952083139e-01
3.126162031430599786e+00 -4.303104676166044085e-01 -3.068798763239429128e+00
3.127558893632783832e+00 -3.765282032880317570e-02 -3.074707794945946482e+00
3.126636156166002767e+00 3.550061000684394119e-01 -3.080435276163779434e+00
-1.607822729782620516e-02 -7.488183474888070457e-01 1.024775390726338081e-01
1.607822729782620516e-02 7.488183474888070457e-01 -3.039115114517159544e+00
1.256557782681166045e-02 3.561579225186334852e-01 -3.045679738449273533e+00
1.178482209631720630e-02 -3.651282497411674488e-02 -3.050491476030706472e+00
1.295165978226827004e-02 -4.291827018947829697e-01 -3.055451049052451573e+00
1.729726112915698846e-02 -8.218389181954068867e-01 -3.062730339543796809e+00
3.376264630376427101e-02 -1.214426257753224991e+00 -3.081704036237655764e+00
2.829526191939430113e+00 -1.532429587360458756e+00 4.033828141781799492e-01
3.113299535398816431e+00 -1.141430388695321874e+00 1.172575371937199379e-01
3.125514426291966963e+00 -7.488183474888073787e-01 1.024775390726338081e-01
3.107830007286028984e+00 1.214426257753225658e+00 5.988861735213749093e-02
3.120664616503628919e-01 1.532429587360458756e+00 -2.738209839411613444e+00
2.829311819097694511e-02 1.141430388695322318e+00 -3.024335116396073442e+00
-3.089500422793589607e+00 -8.011109038313385389e-01 -1.054263985352195399e-01
3.089500422793589607e+00 8.011109038313385389e-01 3.036166255054573604e+00
3.043244455057727560e+00 1.192829856291922841e+00 2.982145045174574349e+00
1.146249625960111374e+00 1.531020626013083641e+00 1.077951522167623022e+00
9.090310825933546612e-02 1.160194065119147577e+00 1.538280908067502818e-02
5.041481768994535845e-02 7.683717377182689434e-01 -3.294912943985470188e-02
3.896715507732213812e-02 3.760485076493305101e-01 -5.368415517824488836e-02
3.624787716279875838e-02 -1.638033272549855104e-02 -6.859501908345433385e-02
3.949939825082701694e-02 -4.088054822052398785e-01 -8.370945714114373659e-02
3.108834727344892634e+00 -7.428764423356296609e-01 1.403636492260906810e-01
-3.108834727344892634e+00 7.428764423356296609e-01 -3.001229004363702657e+00
-3.084389841156305767e+00 1.135217004571854371e+00 -2.971519459147476283e+00
-2.622596423120696407e+00 1.522143424392924382e+00 -2.504904635004989721e+00
-7.016913666533976246e-02 1.219556388961803295e+00 5.230370365500017216e-02
-3.564783893604093340e-02 8.273358957746549391e-01 9.195501843028788813e-02
-2.660089660923957433e-02 4.348182468017807167e-01 1.069938995538423920e-01
-2.414663277881589840e-02 4.224206309779381802e-02 1.171816856983273064e-01
-2.568563245617735274e-02 -3.503383490577975379e-01 1.270190049235186969e-01
-3.275792624490043298e-02 -7.428764423356295499e-01 1.403636492260906254e-01
-5.720281243348726563e-02 -1.135217004571854149e+00 1.700731944423167774e-01
-5.189962304690953765e-01 -1.522143424392924382e+00 6.366880185848018403e-01
-3.071423516924453256e+00 -1.219556388961803739e+00 -3.089288949934793305e+00
-3.105944814653752495e+00 -8.273358957746553832e-01 -3.049637635159505589e+00
-3.117446020810977547e+00 -4.224206309779413721e-02 -3.024410967891466129e+00
-3.115907021133615729e+00 3.503383490577969273e-01 -3.014573648666274419e+00
3.121931204702938167e+00 1.130554775456826810e+00 -3.063188214799519749e+00
2.966816513479189954e+00 1.522595163701025323e+00 3.063206965919492930e+00
2.475347401891444046e-02 1.225467614993573928e+00 1.194842389482884543e-01
1.245351945788375318e-02 8.328275173725997460e-01 1.054053458018955891e-01
9.261168266697011875e-03 4.401505037610817239e-01 1.001376106166512597e-01
8.387889469675615176e-03 4.746628573038797622e-02 9.658956197095841523e-02
8.903762909753056703e-03 -3.452185059141727463e-01 9.317843583765611504e-02
1.132410214540498054e-02 -7.378982952942557683e-01 8.857326907859885967e-02
1.966144888685502842e-02 -1.130554775456826588e+00 7.840443879027370055e-02
1.747761401106033563e-01 -1.522595163701025323e+00 -7.838568767030068551e-02
3.116839179570878748e+00 -1.225467614993574594e+00 -3.022108414641504481e+00
1.897849327315920820e-01 -6.890459542436343510e-01 -1.143705754979281175e-01
-1.897849327315920820e-01 6.890459542436343510e-01 3.027222078091865054e+00
-1.531028913952899306e-01 3.018968364378076807e-01 3.102906268632894982e+00
-1.466802740936068161e-01 -8.651144808350266779e-02 -3.121665092226336480e+00
-1.644415729680362148e-01 -4.746023488578730576e-01 -3.058742580661621968e+00
-2.251331125157848279e-01 -8.602324452461833637e-01 -2.962550222391862942e+00
-4.553870027082857486e-01 -1.233358037135739771e+00 -2.701559715204040035e+00
-2.106346842165131239e+00 -1.400662394381339215e+00 -1.021678357509043344e+00
-2.833134500564575387e+00 -1.070572922189588549e+00 -2.654642004643577580e-01
-2.951807720858201201e+00 -6.890459542436345730e-01 -1.143705754979281453e-01
-3.084581530252178960e-01 1.070572922189588994e+00 2.876128453125435414e+00
