2.442864070096919082e+00 -1.139739918599272261e+00 2.019915896342562023e-01
-2.442864070096919082e+00 1.139739918599272261e+00 -2.939601063955536997e+00
-1.379276570229141630e+00 1.293482480074781726e+00 -1.821810986509716290e+00
-5.733826986470542675e-01 1.052449226353880940e+00 -9.611389792407457611e-01
-3.586663460969946593e-01 6.987247681402419808e-01 -6.865685448252208944e-01
-2.876252706753911204e-01 3.256414633872256603e-01 -5.443061149099296392e-01
-2.724928762296808249e-01 -5.213662529696561770e-02 -4.353851149974005130e-01
-3.000691841024675788e-01 -4.292719147961305270e-01 -3.218716040672636169e-01
-3.957842566073557777e-01 -7.994040141036184988e-01 -1.588924857969868931e-01
-6.987285834928738115e-01 -1.139739918599272261e+00 2.019915896342559247e-01
-1.762316083360651264e+00 -1.293482480074781726e+00 1.319781667080076382e+00
-2.568209954942738626e+00 -1.052449226353880940e+00 2.180453674349047688e+00
-2.782926307492798124e+00 -6.987247681402423138e-01 2.455024108764571888e+00
-2.853967382914401885e+00 -3.256414633872258824e-01 2.597286538679863810e+00
-2.869099777360112569e+00 5.213662529696609649e-02 2.706207538592392936e+00
-2.841523469487325482e+00 4.292719147961305826e-01 2.819721049522529555e+00
-2.745808396982437838e+00 7.994040141036180547e-01 2.982700167792805779e+00
3.112406765066232150e+00 -9.333520255629439433e-01 1.841760774712835280e+00
-3.112406765066232150e+00 9.333520255629439433e-01 -1.299831878876958058e+00
-3.069971775709972484e+00 1.325651135789231327e+00 -1.253802028097754873e+00
-1.171310800335510632e-01 1.421631613827688767e+00 1.702461996196289018e+00
-3.372374298307766888e-02 1.029688597095882230e+00 1.789395239882252797e+00
-2.160802171630495441e-02 6.371289419225538708e-01 1.805448378662797282e+00
-1.790066553591694934e-02 2.445038690550721261e-01 1.813970330979196799e+00
-1.756054306824335678e-02 -1.481350664690163077e-01 1.820896159354710608e+00
-2.025921069582532416e-02 -5.407660774301236151e-01 1.828734416892731307e+00
-2.918588852356124308e-02 -9.333520255629439433e-01 1.841760774712835058e+00
-7.162087787982053533e-02 -1.325651135789231327e+00 1.887790625492038243e+00
-3.024461573556242122e+00 -1.421631613827688767e+00 -1.439130657393504320e+00
-3.107868910606715662e+00 -1.029688597095882452e+00 -1.352197413707540319e+00
-3.119984631873488290e+00 -6.371289419225539818e-01 -1.336144274926996056e+00
-3.123691988053876489e+00 -2.445038690550717098e-01 -1.327622322610596539e+00
-3.124032110521549832e+00 1.481350664690160579e-01 -1.320696494235082730e+00
-3.121333442893968080e+00 5.407660774301230600e-01 -1.312858236697062031e+00
1.651824395757978473e-02 -1.408210335796148627e+00 -6.859023219301346730e-01
-1.651824395757978473e-02 1.408210335796148627e+00 2.455690331659658554e+00
-5.071795848202395943e-03 1.015527284251878770e+00 2.467680959042860778e+00
-3.291803606446421122e-03 6.228313970686119028e-01 2.470070535440613391e+00
-2.746098985612346714e-03 2.301340450250511371e-01 2.471364362911071311e+00
-2.709422349993291686e-03 -1.625636130265530055e-01 2.472429288772731493e+00
-3.146408932567698255e-03 -5.552610635474509726e-01 2.473649452773380997e+00
-4.583417761496834560e-03 -9.479573858507072126e-01 2.475713550014401410e+00
-1.172065045623860852e-02 -1.340646188542335748e+00 2.483402401016945316e+00
-3.125074409632213612e+00 -1.408210335796148627e+00 -6.859023219301345620e-01
-3.136520857741590618e+00 -1.015527284251878992e+00 -6.739116945469325604e-01
-3.138300849983346907e+00 -6.228313970686116807e-01 -6.715221181491797253e-01
-3.138846554604180827e+00 -2.301340450250514702e-01 -6.702282906787221384e-01
-3.138883231239800065e+00 1.625636130265528945e-01 -6.691633648170619564e-01
-3.138446244657225215e+00 5.552610635474516387e-01 -6.679432008164121193e-01
-3.137009235828296383e+00 9.479573858507073236e-01 -6.658791035753918175e-01
-3.129872003133554514e+00 1.340646188542335304e+00 -6.581902525728478004e-01
4.756953025285624165e-02 -1.072341262906995718e+00 1.907583651752974063e+00
-4.756953025285624165e-02 1.072341262906995718e+00 -1.234009001836819275e+00
-2.923778328659911580e-02 6.799082882013329776e-01 -1.210606022807220405e+00
-2.370705398334919597e-02 2.873418278528521719e-01 -1.198940258506559831e+00
-2.286144600102378577e-02 -1.052535545423458202e-01 -1.189818203844062783e+00
-2.587646694277080661e-02 -4.978394477818084418e-01 -1.179861549568473000e+00
-3.614166676859757732e-02 -8.903595923305086535e-01 -1.164122737766529747e+00
-8.004254305614273701e-02 -1.282505161223221002e+00 -1.115467914052729048e+00
-2.928495903643611342e+00 -1.463097557291782147e+00 1.737473411319287786e+00
-3.094023123336937076e+00 -1.072341262906995940e+00 1.907583651752974063e+00
-3.112354870303194243e+00 -6.799082882013329776e-01 1.930986630782572933e+00
-3.117885599606443847e+00 -2.873418278528521164e-01 1.942652395083233285e+00
-3.118731207588769205e+00 1.052535545423455149e-01 1.951774449745730333e+00
-3.115716186647022656e+00 4.978394477818081088e-01 1.961731104021320338e+00
-3.105450986821195691e+00 8.903595923305092086e-01 1.977469915823263591e+00
-3.061550110533650226e+00 1.282505161223221002e+00 2.026124739537064290e+00
-2.130967499461826342e-01 1.463097557291782591e+00 -1.404119242270506440e+00
2.254380807570734557e+00 -8.678033250766267193e-01 5.511569460909938600e-01
-2.254380807570734557e+00 8.678033250766267193e-01 -2.590435707498799367e+00
-1.739323406520133286e+00 1.037416377314357430e+00 -1.967352778159927373e+00
-1.106966519810065996e+00 9.758572441276439635e-01 -1.228918163917637862e+00
-7.403372928806477571e-01 7.331162136971471899e-01 -7.502731988582352907e-01
-5.812906548663493433e-01 4.206090614516252990e-01 -4.635807689061228198e-01
-5.271545835359252585e-01 8.538572299815068434e-02 -2.510841800635633669e-01
-5.442584189248468318e-01 -2.534403675231667874e-01 -5.087758688421854802e-02
-6.428811663954567823e-01 -5.806667725258588542e-01 1.883896136206092975e-01
-8.872118460190586697e-01 -8.678033250766267193e-01 5.511569460909938600e-01
-1.402269247069660052e+00 -1.037416377314357208e+00 1.174239875429865965e+00
-2.034626133779727120e+00 -9.758572441276438525e-01 1.912674489672155476e+00
-2.401255360709145137e+00 -7.331162136971471899e-01 2.391319454731557936e+00
-2.560301998723443884e+00 -4.206090614516255211e-01 2.678011884683670463e+00
-2.614438070053867857e+00 -8.538572299815029576e-02 2.890508473526230304e+00
-2.597334234664946173e+00 2.534403675231669539e-01 3.090715066705574721e+00
-2.498711487194336556e+00 5.806667725258586321e-01 -2.953203039969184207e+00
-3.000945592653317728e+00 -6.090248979605545898e-01 3.643720288452741984e-01
3.000945592653317728e+00 6.090248979605545898e-01 -2.777220624744519029e+00
2.928493908650774635e+00 9.959977039520150344e-01 -2.876056094055963630e+00
2.546186789054485811e+00 1.364320869253409896e+00 3.001305540847961861e+00
4.858386138778818530e-01 1.322002204049997465e+00 9.182297710918160272e-01
1.983468013746728931e-01 9.477541860945356555e-01 6.069882155231191012e-01
1.361469014533402411e-01 5.602148337393116906e-01 5.178563504600105505e-01
1.169388895016900271e-01 1.705590506287691377e-01 4.651268145585030211e-01
1.180804453219110317e-01 -2.195002943196276146e-01 4.193645715387663842e-01
1.406470609364753044e-01 -6.090248979605545898e-01 3.643720288452741429e-01
2.130987449390186472e-01 -9.959977039520148123e-01 2.655365595338297080e-01
5.954058645353074164e-01 -1.364320869253409674e+00 -1.402871127418315322e-01
2.655754039711910597e+00 -1.322002204049997909e+00 -2.223362882497976756e+00
2.943245852215120362e+00 -9.477541860945358776e-01 -2.534604438066673904e+00
3.005445752136453041e+00 -5.602148337393114685e-01 -2.623736303129782677e+00
3.024653764088103269e+00 -1.705590506287692765e-01 -2.676465839031290095e+00
3.023512208267882251e+00 2.195002943196270873e-01 -2.722228082051026732e+00
1.097393517403367352e-02 -9.699855752939848808e-01 -2.928449857767975728e-01
-1.097393517403367352e-02 9.699855752939848808e-01 2.848747667812995488e+00
-7.403437989804948632e-03 5.773020390593162077e-01 2.853759346138164510e+00
-6.310844247010662274e-03 1.846118971915798324e-01 2.856641471564215884e+00
-6.340373360311938114e-03 -2.080795283499458082e-01 2.859109755765739891e+00
-7.520448882853237454e-03 -6.007694864330525020e-01 2.862051131055171282e+00
-1.136624193220292338e-02 -9.934522124567638501e-01 2.867324005711294532e+00
-3.378206665373710560e-02 -1.386077822430351825e+00 2.891007728719233949e+00
-3.111572004828733640e+00 -1.362621619917036897e+00 -3.131655901589395774e-01
-3.130618718415759449e+00 -9.699855752939849918e-01 -2.928449857767976283e-01
-3.134189215599988199e+00 -5.773020390593164297e-01 -2.878333074516286616e-01
-3.135281809342782555e+00 -1.846118971915800822e-01 -2.849511820255770655e-01
-3.135252280229481325e+00 2.080795283499454473e-01 -2.824828978240532251e-01
-3.134072204706940035e+00 6.007694864330520579e-01 -2.795415225346219446e-01
-3.130226411657590191e+00 9.934522124567640722e-01 -2.742686478784986948e-01
-3.107810586936055941e+00 1.386077822430351603e+00 -2.505849248705592780e-01
-3.002064876105985450e-02 1.362621619917037563e+00 2.828427063430853483e+00
2.739407052786402286e+00 -4.982752711004889701e-01 1.270530571734856506e+00
-2.739407052786402286e+00 4.982752711004889701e-01 -1.871062081854936832e+00
-2.594037578128095767e+00 8.493666912515671630e-01 -1.642268322716282869e+00
-2.167623902229587785e+00 1.142082949880582676e+00 -1.142466114932095378e+00
-1.203728840879019879e+00 1.193535288346254220e+00 -1.086669231881822045e-01
-6.236641579278273673e-01 9.412894207950638359e-01 5.432318144097741941e-01
-4.294215987763611020e-01 5.991002689049321761e-01 8.172720252001000052e-01
-3.614407396164541209e-01 2.358122194122816428e-01 9.818776103481309248e-01
-3.542429118511961628e-01 -1.325906898065029316e-01 1.118828994470581373e+00
-4.021856008033908303e-01 -4.982752711004888591e-01 1.270530571734856506e+00
-5.475550754616974602e-01 -8.493666912515671630e-01 1.499324330873510469e+00
-9.739687513602054425e-01 -1.142082949880582676e+00 1.999126538657697960e+00
-1.937863812710772127e+00 -1.193535288346254442e+00 3.032925730401609954e+00
-2.517928495661965638e+00 -9.412894207950641690e-01 -2.598360839180019255e+00
-2.712171054813432125e+00 -5.991002689049317320e-01 -2.324320628389693333e+00
-2.780151913973339273e+00 -2.358122194122816984e-01 -2.159715043241662524e+00
-2.787349741738597064e+00 1.325906898065024320e-01 -2.022763659119211965e+00
2.615559083892865511e-01 -5.637787186817557750e-01 3.252028613750787001e-01
-2.615559083892865511e-01 5.637787186817557750e-01 -2.816389792214714749e+00
-2.241183650982445930e-01 1.822548983873176487e-01 -2.715596902062716644e+00
-2.249410027814535140e-01 -2.008293396196538794e-01 -2.628692919419770124e+00
-2.647535857657102309e-01 -5.821755297893473902e-01 -2.526322993346052037e+00
-3.882454388243524734e-01 -9.553124702349291564e-01 -2.351999501792271019e+00
-8.784678182180558625e-01 -1.282895919183451916e+00 -1.816563594869459175e+00
-2.310576307087413905e+00 -1.270385771432163580e+00 -3.408752788339114437e-01
-2.763237729905264839e+00 -9.376420723641260002e-01 1.571708363913426609e-01
-2.880036745200506676e+00 -5.637787186817559970e-01 3.252028613750786445e-01
-2.917474288491548773e+00 -1.822548983873177875e-01 4.259957515270766937e-01
-2.916651650808339546e+00 2.008293396196538516e-01 5.128997341700231027e-01
-2.876839067824083163e+00 5.821755297893469461e-01 6.152696602437411899e-01
-2.753347214765440754e+00 9.553124702349290454e-01 7.895931517975220970e-01
-2.263124835371736587e+00 1.282895919183452138e+00 1.325029058720335273e+00
-8.310163465023795437e-01 1.270385771432163580e+00 2.800717374755881561e+00
-3.783549236845286101e-01 9.376420723641264443e-01 -2.984421817198450899e+00
-2.961751055555092993e+00 -9.918429931618184536e-01 -5.306247653862060654e-01
2.961751055555092993e+00 9.918429931618184536e-01 2.610967888203587162e+00
2.636558403389109184e+00 1.367111267515995321e+00 2.265748655931346445e+00
4.339041983819449388e-01 1.335846665812655543e+00 4.376792794595674163e-02
1.708343262308384125e-01 9.573450720766386590e-01 -2.394696337521957930e-01
1.163965048150162329e-01 5.684467974883424812e-01 -3.167448061491196509e-01
9.960561230721380610e-02 1.779644802206681031e-01 -3.619158544723809490e-01
1.002975980792414901e-01 -2.128242872527703611e-01 -4.008585084350198002e-01
1.191281150712995285e-01 -6.032388576611196207e-01 -4.474057265355559920e-01
1.798415980347000120e-01 -9.918429931618183426e-01 -5.306247653862060654e-01
5.050342502006837098e-01 -1.367111267515995321e+00 -8.758439976584464493e-01
2.707688455207848399e+00 -1.335846665812655765e+00 -3.097824725643836263e+00
2.970758327358954620e+00 -9.573450720766389921e-01 2.902123019837597795e+00
3.025196148774777161e+00 -5.684467974883429253e-01 2.824847847440673743e+00
3.041987041282579796e+00 -1.779644802206681031e-01 2.779676799117412500e+00
3.041295055510551570e+00 2.128242872527701113e-01 2.740734145154773316e+00
3.022464538518493615e+00 6.032388576611189546e-01 2.694186927054237568e+00
9.332857453335650089e-01 4.000046696962943349e-01 2.264014094833394566e-02
-9.332857453335650089e-01 -4.000046696962943349e-01 -3.118952512641459229e+00
-1.120878308833054060e+00 -6.059839145707338615e-01 -2.735489406180987348e+00
-1.420243228999964469e+00 -7.248290396237012656e-01 -2.257136191912924694e+00
-1.770735841306547043e+00 -7.148537652644711970e-01 -1.732374865147102705e+00
-2.055139681424149600e+00 -5.802242641097685727e-01 -1.267340035086585992e+00
-2.226686315869840893e+00 -3.655422827914838746e-01 -8.962556520051848663e-01
-2.301275540905539874e+00 -1.125179535417100696e-01 -5.860980830731984392e-01
-2.295624820661121834e+00 1.505562839546140952e-01 -2.936419503284409815e-01
-2.208306908256227885e+00 4.000046696962942794e-01 2.264014094833391444e-02
-2.020714344756739056e+00 6.059839145707339725e-01 4.061032474088059896e-01
-1.721349424589828425e+00 7.248290396237010436e-01 8.844564616768684218e-01
-1.370856812283246073e+00 7.148537652644713081e-01 1.409217788442690411e+00
-1.086452972165643738e+00 5.802242641097687947e-01 1.874252618503206902e+00
-9.149063377199517788e-01 3.655422827914836525e-01 2.245337001584609027e+00
-8.403171126842534644e-01 1.125179535417100557e-01 2.555494570516594788e+00
-8.459678329286713927e-01 -1.505562839546138731e-01 2.847950703261351801e+00
3.247400679855146355e-01 2.944901314794139413e-01 -1.187282412555710431e+00
3.112848371841153705e-01 -7.899288833410417210e-02 -1.310072590797665137e+00
3.461547710781650578e-01 -4.512158786076976291e-01 -1.440687858213691497e+00
1.823708997104961815e+00 -1.249961189201117318e+00 -3.121380404437101852e+00
1.317883656484831523e+00 1.249961189201117095e+00 2.021224915269144787e-02
2.917302037887797184e+00 -6.380065905698673046e-01 6.790256505293038591e-01
-2.917302037887797184e+00 6.380065905698673046e-01 -2.462567003060489146e+00
-2.795612967527865145e+00 1.015913656980009572e+00 -2.300300380993481664e+00
-2.209387306579236654e+00 1.346406780930979874e+00 -1.677602211863025827e+00
-6.194427790982695026e-01 1.257989943081037953e+00 -5.214655700313778480e-02
-2.914318166073083249e-01 8.997380463208477508e-01 3.132364735841833836e-01
-2.071841024103516504e-01 5.185540124171669207e-01 4.401740609750222077e-01
-1.812455455835803309e-01 1.330230622908624982e-01 5.196793582150387447e-01
-1.856130021792296858e-01 -2.532529283858117042e-01 5.909931392774584458e-01
-2.242906157019961544e-01 -6.380065905698670825e-01 6.790256505293036371e-01
-3.459796860619279157e-01 -1.015913656980009350e+00 8.412922725963115633e-01
-9.322053470105562401e-01 -1.346406780930979874e+00 1.463990441726767289e+00
-2.522149874491522947e+00 -1.257989943081038176e+00 3.089446096586654811e+00
-2.850160836982484902e+00 -8.997380463208479728e-01 -2.828356180005609843e+00
-2.934408551179441549e+00 -5.185540124171664766e-01 -2.701418592614770464e+00
-2.960347108006212924e+00 -1.330230622908624982e-01 -2.621913295374754593e+00
-2.955979651410563402e+00 2.532529283858113711e-01 -2.550599514312335003e+00
2.888783232701505277e+00 -5.719761910583958109e-01 1.098621423565216082e+00
-2.888783232701505277e+00 5.719761910583958109e-01 -2.042971230024577256e+00
-2.773298160716239025e+00 9.469471876878396976e-01 -1.878372987633039504e+00
-2.313051699337415279e+00 1.281388108730886044e+00 -1.374557346125936164e+00
-8.399172794057848668e-01 1.284442836437942548e+00 1.404722465375838891e-01
-3.705861466113410940e-01 9.511877268999725521e-01 6.533332461943542890e-01
-2.535462339470970217e-01 5.763785752724961409e-01 8.193941190511935257e-01
-2.160153505284082565e-01 1.941234780404059168e-01 9.173800492699155651e-01
-2.158260588115709644e-01 -1.896817222707146977e-01 1.000999587007946001e+00
-2.528094208882880611e-01 -5.719761910583955888e-01 1.098621423565215860e+00
-3.682944928735542578e-01 -9.469471876878395866e-01 1.263219665956753834e+00
-8.285409542523779480e-01 -1.281388108730885822e+00 1.767035307463856952e+00
-2.301675374184007250e+00 -1.284442836437942992e+00 -3.001120407052210837e+00
-2.771006506978451966e+00 -9.511877268999727741e-01 -2.488259407395438938e+00
-2.888046419642696261e+00 -5.763785752724955858e-01 -2.322198534538599812e+00
-2.925577303061384971e+00 -1.941234780404060833e-01 -2.224212604319877773e+00
-2.925766594778222096e+00 1.896817222707140593e-01 -2.140593066581847115e+00
