-3.155170341733107287e-02 -6.715811414930743517e-01 1.312833145936449286e+00
3.155170341733107287e-02 6.715811414930743517e-01 -1.828759507653344052e+00
2.569226658288382981e-02 2.790371604016659290e-01 -1.841317880195759482e+00
2.485840000842199846e-02 -1.135397223552387369e-01 -1.851212673474492920e+00
2.823915527073787499e-02 -5.061044918897377176e-01 -1.862088131054030926e+00
3.966871025616516833e-02 -8.985892436258146043e-01 -1.879440808861300605e+00
8.942352693890913418e-02 -1.290609590622099789e+00 -1.934349591051966799e+00
2.926973679224857960e+00 -1.454578639389811245e+00 1.506411752894222245e+00
3.090693715248570950e+00 -1.063972960456305294e+00 1.337706438375781959e+00
3.052169126650884134e+00 1.290609590622100233e+00 1.207243062537826539e+00
2.146189743649350723e-01 1.454578639389811245e+00 -1.635180900695571315e+00
5.089893834122238836e-02 1.063972960456305961e+00 -1.803886215214011379e+00
-3.123439711304562660e+00 -2.226009852433719627e-01 7.382156202903694675e-01
-3.123628562306181244e+00 1.700357010171341110e-01 7.452637698336117555e-01
3.082147493911997493e+00 -1.570629009835415868e-01 -1.259358995592776642e+00
3.081219428561159379e+00 2.349496336491301574e-01 -1.282738681017708826e+00
-2.685626232304807320e-02 -7.877783618776512675e-01 3.243309875929986652e-02
2.685626232304807320e-02 7.877783618776512675e-01 -3.109159554830493555e+00
2.052608232020387141e-02 3.951847546500723007e-01 -3.120294174149244704e+00
1.894390873814059614e-02 2.560073228827175040e-03 -3.128148720720242970e+00
2.048260030442735150e-02 -3.900647657972888260e-01 -3.135986630375379391e+00
2.671914605631705436e-02 -7.826591338087458549e-01 3.136144359332292630e+00
4.916492248043840413e-02 -1.175106871148613230e+00 3.109616653928965579e+00
1.436462220997312356e+00 -1.551680237519501793e+00 1.718550115826770197e+00
3.091817109545324183e+00 -1.180221671619246848e+00 5.942790678421346062e-02
3.114736391266744953e+00 -7.877783618776513785e-01 3.243309875929987346e-02
3.114873507533476360e+00 7.826591338087456329e-01 -5.448294257500681595e-03
3.092427731109354649e+00 1.175106871148613674e+00 -3.197599966082782103e-02
1.705130432592482315e+00 1.551680237519501793e+00 -1.423042537763021809e+00
4.977554404446902364e-02 1.180221671619247292e+00 -3.082164746805579725e+00
-3.125149408982100585e+00 -4.843151712330017594e-02 -3.016747087719536147e+00
-3.123976632238510298e+00 8.389702342360379206e-02 1.864719010378557695e-01
-3.131042809697327289e+00 -6.723509480601148613e-01 2.908583244284742575e-01
3.131042809697327289e+00 6.723509480601148613e-01 -2.850734329161319192e+00
3.124556164226164778e+00 1.065015639748359222e+00 -2.859067252205961029e+00
3.068536823117715695e+00 1.457476531467436054e+00 -2.916752365427457416e+00
2.989142293711706533e-02 1.290998771205270179e+00 3.261588399663181148e-01
1.325108816506255852e-02 8.983754786079016785e-01 3.077959756587040907e-01
9.434621136081535603e-03 5.057003180952465149e-01 3.019996262444166191e-01
8.306706375438737897e-03 1.130162318929142373e-01 2.983660179140285029e-01
8.587366572281016769e-03 -2.796692009408411339e-01 2.950587102974164266e-01
1.054984389246591513e-02 -6.723509480601146393e-01 2.908583244284742575e-01
1.703648936362862215e-02 -1.065015639748359000e+00 2.825254013838323086e-01
7.305583047207733771e-02 -1.457476531467436276e+00 2.248402881623357552e-01
3.111701230652676120e+00 -1.290998771205270401e+00 -2.815433813623474890e+00
3.128341565424730852e+00 -8.983754786079020116e-01 -2.833796677931089025e+00
3.133285947214354383e+00 -1.130162318929141541e-01 -2.843226635675764946e+00
-3.133419046051303170e+00 1.051643940222319884e+00 -2.763988341063277954e+00
-3.109445096997188074e+00 1.444292743123944955e+00 -2.739194190121649886e+00
-1.541074767556628068e-02 1.304506013767736894e+00 3.556399622150275830e-01
-6.622988569802634555e-03 9.118264613981404976e-01 3.652713018894107044e-01
-4.670614918019561426e-03 5.191332985449566007e-01 3.681903857100233823e-01
-4.087887691926535283e-03 1.264378701195247867e-01 3.699921297729108494e-01
-4.203373587262097290e-03 -2.662579237735889781e-01 3.716136310083291150e-01
-5.129128150321593006e-03 -6.589528802188766576e-01 3.736481478662187494e-01
-8.173607538490137298e-03 -1.051643940222319662e+00 3.776043125265152178e-01
-3.214755659260530585e-02 -1.444292743123944955e+00 4.023984634681435080e-01
-3.126181905914227066e+00 -1.304506013767737338e+00 -2.785952691374765866e+00
-3.134969665019990970e+00 -9.118264613981407196e-01 -2.776321351700382412e+00
-3.137504765897866754e+00 -1.264378701195248145e-01 -2.771600523816882156e+00
-7.959953807459887662e-03 -7.529528053673882892e-01 1.512948888674810588e+00
7.959953807459887662e-03 7.529528053673882892e-01 -1.628643764914982528e+00
6.206575643021137838e-03 3.602631766978057759e-01 -1.631898843321118342e+00
5.811189588186088835e-03 -3.242900378269469863e-02 -1.634275233422114004e+00
6.375644396989460158e-03 -4.251209962725464586e-01 -1.636716356276272766e+00
8.493701535063262129e-03 -8.178097163098484446e-01 -1.640284310722187611e+00
1.647443372220362690e-02 -1.210482023867107459e+00 -1.649503531974977566e+00
2.964339187086341365e+00 -1.537850942110945640e+00 1.684665120739303079e+00
3.127510983049949012e+00 -1.145630439766560649e+00 1.520333968542627812e+00
3.133632699782333386e+00 -7.529528053673885113e-01 1.512948888674810588e+00
3.133098952054730102e+00 8.178097163098482225e-01 1.501308342867605727e+00
3.125118219867589531e+00 1.210482023867107904e+00 1.492089121614815772e+00
1.772534665034525836e-01 1.537850942110945640e+00 -1.456927532850489149e+00
1.408167053984405413e-02 1.145630439766561093e+00 -1.621258685047165526e+00
-3.108360268479827493e+00 -1.244154865343756119e-02 2.364992561073415267e+00
3.098820312065608373e+00 -1.401656075150978786e-01 -2.050535908963268650e+00
3.097855885279052313e+00 2.521755696795229817e-01 -2.067434432254146692e+00
-2.961636689435446002e+00 -1.495161317831155412e-01 2.868425287729961415e+00
-2.958497052988436682e+00 2.368917773439652152e-01 2.938946680183067706e+00
3.120632373794296477e+00 -4.972360987542521343e-02 -3.053113340852080970e+00
-3.113359213130590941e+00 -7.354653277400844402e-01 6.849187483756774553e-02
3.113359213130590941e+00 7.354653277400844402e-01 -3.073100778752225537e+00
3.092728353424203824e+00 1.127900447065652845e+00 -3.098311335654837961e+00
2.742981170058330864e+00 1.516838856847360084e+00 2.830939245942642568e+00
6.218153490976646020e-02 1.227218648319216454e+00 1.459932950755386816e-01
3.118951547797191998e-02 8.348906404495285427e-01 1.105591367808035352e-01
2.316409857380429330e-02 4.423297930614157880e-01 9.735412206221856490e-02
2.096027979549662870e-02 4.972360987542503996e-02 8.847931273771236782e-02
2.222852764096595185e-02 -3.428863252848902143e-01 7.996289517994681351e-02
2.823344045920220605e-02 -7.354653277400844402e-01 6.849187483756775940e-02
4.886430016558936107e-02 -1.127900447065652401e+00 4.328131793495545304e-02
3.986114835314623073e-01 -1.516838856847360084e+00 -3.106534076471507699e-01
3.079411118680026593e+00 -1.227218648319216676e+00 -2.995599358514254629e+00
3.110403138111821342e+00 -8.348906404495289868e-01 -3.031033516808989692e+00
7.682255442512143061e-03 7.702347163616272974e-02 -1.015338562251158594e+00
3.133910398147281118e+00 -7.702347163616315995e-02 2.126254091338634744e+00
-2.885799152187361383e+00 -3.881155870560104026e-01 -3.046753054041130504e+00
-2.905196365156345717e+00 -6.941921772282200198e-03 -2.949774833910697058e+00
-2.887243424582552009e+00 3.742966163248364619e-01 -2.853333954169511522e+00
3.120849750772522135e+00 -1.028083315797127251e-01 -8.584167106776873224e-01
2.074290281727098062e-02 1.028083315797122810e-01 2.283175942912105683e+00
2.153136011615121650e-02 -2.898052949747537133e-01 2.274893055883232762e+00
-4.528697694987809420e-03 -6.697162684402647725e-01 1.259473691913123528e+00
4.528697694987809420e-03 6.697162684402647725e-01 -1.882118961676669811e+00
3.691214078783272828e-03 2.770203852815552037e-01 -1.883920706502984155e+00
3.574372220271866858e-03 -1.156761719001272726e-01 -1.885342773965940300e+00
4.064490968859771521e-03 -5.083724737882495681e-01 -1.886908648461971261e+00
5.719469524370947300e-03 -9.010671074229674726e-01 -1.889414248567428567e+00
1.298133946931563469e-02 -1.293751982698181369e+00 -1.897416612194731123e+00
3.110840548892719770e+00 -1.455065190770234329e+00 1.287208950223300619e+00
3.134298623945042994e+00 -1.062409029661711468e+00 1.263034014847640885e+00
3.137063955894805467e+00 -6.697162684402648836e-01 1.259473691913123528e+00
3.137528162620933259e+00 5.083724737882490130e-01 1.254684005127822077e+00
3.135873184065422148e+00 9.010671074229669175e-01 1.252178405022364771e+00
3.128611314120477438e+00 1.293751982698181591e+00 1.244176041395061993e+00
3.075210469707332847e-02 1.455065190770234551e+00 -1.854383703366492719e+00
7.294029644750016882e-03 1.062409029661711912e+00 -1.878558638742152231e+00
-3.115604961536255324e+00 -1.324645092236000632e-01 1.762043250055822075e+00
-2.705508929492861283e-03 -6.437914695256016229e-01 1.131477254759945650e+00
2.705508929492861283e-03 6.437914695256016229e-01 -2.010115398829847688e+00
2.233989897879029834e-03 2.510935443110162146e-01 -2.011184269610572173e+00
2.185813008664302341e-03 -1.416046030502939312e-01 -2.012047823401490909e+00
2.514379604949416695e-03 -5.343026331422634501e-01 -2.013019762277270530e+00
3.605143917981075592e-03 -9.269999803865068833e-01 -2.014622815997694882e+00
8.709044103427940678e-03 -1.319693054460073789e+00 -2.020175266990231311e+00
3.126261148313261184e+00 -1.429174967507873095e+00 1.145031355240753168e+00
3.137343349085622179e+00 -1.036488351459490032e+00 1.133510365921572394e+00
3.137987509671812170e+00 9.269999803865064392e-01 1.126969837592098456e+00
3.132883609486365906e+00 1.319693054460074011e+00 1.121417386599562693e+00
1.533150527653228713e-02 1.429174967507873095e+00 -1.996561298349039726e+00
4.249304504170823768e-03 1.036488351459490698e+00 -2.008082287668220722e+00
-1.177061843398099078e-01 -6.404576879342724904e-01 1.355072469391624290e+00
1.177061843398099078e-01 6.404576879342724904e-01 -1.786520184198168826e+00
9.733520791000091488e-02 2.499492596870867001e-01 -1.832918404685440317e+00
9.524914304932660669e-02 -1.409769321410076492e-01 -1.870489675655449657e+00
1.094603838833874548e-01 -5.316823881876379110e-01 -1.912726204723580015e+00
1.562911377267572899e-01 -9.211110617306665915e-01 -1.981887960447812125e+00
3.637362784206343846e-01 -1.302933437653386761e+00 -2.208892354262521174e+00
2.551189230231961869e+00 -1.400835521024561547e+00 1.868236572766999615e+00
2.957956109469300543e+00 -1.029025146107237054e+00 1.442335094789666483e+00
3.023886469249983389e+00 -6.404576879342727125e-01 1.355072469391624512e+00
2.985301515863036048e+00 9.211110617306665915e-01 1.159704693141981213e+00
2.777856375169158287e+00 1.302933437653387205e+00 9.327002993272717202e-01
5.904034233578313584e-01 1.400835521024561547e+00 -1.273356080822793501e+00
1.836365441204926563e-01 1.029025146107237498e+00 -1.699257558800126633e+00
-2.639476286902891003e-02 -6.385502330584263975e-01 5.174796701024618750e-01
2.639476286902891003e-02 6.385502330584263975e-01 -2.624112983487331352e+00
2.185081264424157746e-02 2.459615032210068497e-01 -2.634526232361928955e+00
2.142306352896298713e-02 -1.466480119439583785e-01 -2.642978331640602807e+00
2.469845697236022763e-02 -5.392458549161597281e-01 -2.652531746959085890e+00
8.681390949348544162e-02 -1.323885712501051692e+00 -2.724041106962585168e+00
2.997571640818673000e+00 -1.422602898318127806e+00 6.442090406215623677e-01
3.054778744096307452e+00 1.323885712501052137e+00 4.175515466272078369e-01
1.440210127711199772e-01 1.422602898318128029e+00 -2.497383612968230970e+00
-2.064346561346839248e-01 -1.170162631714452006e+00 -2.654250520580519468e-01
2.064346561346839248e-01 1.170162631714452006e+00 2.876167601531741447e+00
1.128997303347323983e-01 7.819195984675565425e-01 2.765395261193406284e+00
8.657626720345878990e-02 3.910897062405471747e-01 2.718744052301753644e+00
8.002469572722312185e-02 -2.843002824452912480e-04 2.685648079787275044e+00
8.659662359390092601e-02 -3.916579953543909975e-01 2.652544342149373069e+00
1.129636031840782623e-01 -7.824863909311606802e-01 2.605855877994277758e+00
2.067111098354535714e-01 -1.170720930306799579e+00 2.494873965497251156e+00
1.574352763409432532e+00 -1.490771127137070939e+00 1.111306697974299373e+00
2.935157997455109413e+00 -1.170162631714452228e+00 -2.654250520580518358e-01
3.028692923255060787e+00 -7.819195984675566535e-01 -3.761973923963868316e-01
3.028629050405714729e+00 7.824863909311611243e-01 -5.357367755955158017e-01
2.934881543754339628e+00 1.170720930306799579e+00 -6.467186880925425152e-01
1.567239890180366357e+00 1.490771127137070939e+00 -2.030285955615488191e+00
-2.951665142386504570e+00 -1.465965370827382541e+00 -9.032365781133622207e-01
2.951665142386504570e+00 1.465965370827382541e+00 2.238356075476430895e+00
6.904730589018209796e-02 1.280402704089202093e+00 -6.481620293345033978e-01
3.131814283560555023e-02 8.881173776485051796e-01 -6.900245709746701817e-01
2.245776352289269653e-02 4.955528681547268222e-01 -7.036465613255853402e-01
1.986100155366896797e-02 1.029391289051802966e-01 -7.122858926337106711e-01
2.061488873308098962e-02 -2.896816133663821513e-01 -7.202163733815462043e-01
2.545517655958058970e-02 -6.822802906139768808e-01 -7.303802423732143057e-01
4.151937728490087687e-02 -1.074777155885970892e+00 -7.508474085583375368e-01
1.899275112032883794e-01 -1.465965370827382541e+00 -9.032365781133619986e-01
3.072545347699611185e+00 -1.280402704089202315e+00 2.493430624255289718e+00
3.110274510754187816e+00 -8.881173776485051796e-01 2.451568082615123156e+00
3.116137477030212377e+00 6.822802906139771029e-01 2.411212411216578921e+00
3.100073276304892378e+00 1.074777155885970448e+00 2.390745245031455468e+00
-3.133325466970585893e+00 -1.020760398632777788e+00 1.898073576762523196e+00
3.133325466970585893e+00 1.020760398632777788e+00 -1.243519076827269920e+00
3.114017455790561772e+00 1.413415859577485945e+00 -1.263705780845483906e+00
1.852794322048580480e-02 1.335379933060901969e+00 1.923138449426460062e+00
7.354317184788149164e-03 9.427069236982710265e-01 1.911072239634023617e+00
5.068962743426548394e-03 5.500149749674322353e-01 1.907771007995315182e+00
4.375403869833483818e-03 1.573201369846748687e-01 1.905806952258640496e+00
4.443903249795527061e-03 -2.353752242949618267e-01 1.904085084992319210e+00
5.340551142474100031e-03 -6.280697649079163281e-01 1.901983402879365181e+00
8.267186619207491857e-03 -1.020760398632777788e+00 1.898073576762523196e+00
2.757519779923146841e-02 -1.413415859577485723e+00 1.877886872744309654e+00
3.123064710369307218e+00 -1.335379933060902191e+00 -1.218454204163333054e+00
3.134238336405005043e+00 -9.427069236982714706e-01 -1.230520413955769721e+00
-3.095541104161149804e+00 -1.427487106911953449e-02 1.555176209177720148e+00
3.123669495961725939e+00 -2.275766788372100922e-03 -1.091996430999462309e+00
-3.116021696071159752e+00 -1.003320646016872209e+00 -3.483808647193798458e-01
3.116021696071159752e+00 1.003320646016872209e+00 2.793211788870413326e+00
3.062649505183900889e+00 1.395633433836195314e+00 2.737036053019793691e+00
6.344397160611220388e-02 1.352299877948140550e+00 -2.648770695393039554e-01
2.396117275490720205e-02 9.598916817419217429e-01 -3.071879906686319495e-01
1.629603890241033276e-02 5.672673121545248609e-01 -3.180596367153358806e-01
1.395567765355217732e-02 1.746117452059531838e-01 -3.243919146987692681e-01
1.407679801701411382e-02 -2.180497476471971174e-01 -3.298618972453040699e-01
1.677602149724660360e-02 -6.107036441482377453e-01 -3.364372442179140443e-01
2.557095751863337416e-02 -1.003320646016871986e+00 -3.483808647193797903e-01
7.894314840589244930e-02 -1.395633433836195092e+00 -4.045566005699995915e-01
3.078148681983681190e+00 -1.352299877948140550e+00 2.876715584050489660e+00
3.117631480834886393e+00 -9.598916817419221870e-01 2.834404662921161222e+00
3.140129510871179530e+00 -7.841056963858159534e-01 1.570278716693369159e+00
-3.140129510871179530e+00 7.841056963858159534e-01 -1.571313936896424179e+00
-3.138894047178737434e+00 1.176804022582140563e+00 -1.569855346846452893e+00
-2.465724960488623108e+00 1.569140353654952857e+00 -8.964801734336996786e-01
-2.715492910018198289e-03 1.179387876747970409e+00 1.566735327913938880e+00
-1.466928167105496046e-03 7.866895572460637087e-01 1.568206842342229734e+00
-1.121888406728362934e-03 3.939907904440553277e-01 1.568814789488709005e+00
-1.035935137834948514e-03 1.291931123350293156e-03 1.569244117876347433e+00
-1.120688324242506001e-03 -3.914069284352325595e-01 1.569672987012164178e+00
-1.463142718613871058e-03 -7.841056963858157314e-01 1.570278716693369159e+00
-2.698606411055891243e-03 -1.176804022582140341e+00 1.571737306743340445e+00
-6.758676931011635691e-01 -1.569140353654952857e+00 2.245112480156087109e+00
-3.138877160679775180e+00 -1.179387876747970854e+00 -1.574857325675854458e+00
-3.140125725422687530e+00 -7.866895572460638197e-01 -1.573385811247563382e+00
3.113127951739756316e+00 -3.479841084856420408e-01 1.363886882255783972e-01
3.114807883322720183e+00 4.456909748422256679e-02 1.254861469367321292e-01
