-1.259979443105312125e-01 -8.530372912654086148e-01 1.868201221033709114e+00
1.259979443105312125e-01 8.530372912654086148e-01 -1.273391432556084002e+00
9.248691928342812896e-02 4.625664823109532087e-01 -1.327154396595568553e+00
8.295538317494333125e-02 7.133471591929707589e-02 -1.362594704851429306e+00
8.717943650115712872e-02 -3.199812234893787410e-01 -1.396005759157161963e+00
1.092821995046191069e-01 -7.108584050535811105e-01 -1.439989048739217070e+00
1.831353559246592100e-01 -1.099731275384169482e+00 -1.532084854048771261e+00
8.591662684289813612e-01 -1.461441147129270091e+00 -2.224722724450255651e+00
2.884644930455249945e+00 -1.239545773484413527e+00 2.016611432675162963e+00
3.015594709279262098e+00 -8.530372912654087258e-01 1.868201221033709336e+00
3.049105734306365001e+00 -4.625664823109532642e-01 1.814438256994224563e+00
3.058637270414849674e+00 -7.133471591929708977e-02 1.778997948738364032e+00
3.054413217088636223e+00 3.199812234893784080e-01 1.745586894432631375e+00
3.032310454085174189e+00 7.108584050535806664e-01 1.701603604850576268e+00
2.958457297665133989e+00 1.099731275384169704e+00 1.609507799541021855e+00
2.282426385160811311e+00 1.461441147129270091e+00 9.168699291395372430e-01
2.569477231345437263e-01 1.239545773484414193e+00 -1.124981220914629709e+00
-2.329682921171151389e+00 -4.939926946741047403e-02 9.929902192064232747e-02
2.329682921171151389e+00 4.939926946741047403e-02 -3.042293631669151122e+00
2.275332419127383154e+00 3.137513306027246984e-01 2.944650424439463343e+00
2.127519818998274026e+00 5.478965735656309288e-01 2.596064254810581229e+00
1.862218860216501071e+00 7.126689650295447986e-01 2.152232446834234203e+00
1.502765705193793044e+00 7.577303587550909825e-01 1.623301552820213267e+00
1.168196512284795263e+00 6.637338703817302621e-01 1.117279559870220096e+00
9.475950101297411221e-01 4.679528286199764464e-01 7.117590133512828876e-01
8.367553665626589199e-01 2.191378491353455360e-01 3.877623220353672018e-01
8.119097324186420606e-01 -4.939926946741040464e-02 9.929902192064241073e-02
8.662602344624102946e-01 -3.137513306027245319e-01 -1.969422291503299394e-01
1.014072834591519312e+00 -5.478965735656308178e-01 -5.455283987792116651e-01
1.279373793373291601e+00 -7.126689650295447986e-01 -9.893602067555582469e-01
1.638826948395999628e+00 -7.577303587550909825e-01 -1.518291100769579405e+00
1.973396141304998075e+00 -6.637338703817300400e-01 -2.024313093719573686e+00
2.193997643460052327e+00 -4.679528286199765574e-01 -2.429833640238510561e+00
2.304837287027134085e+00 -2.191378491353458968e-01 -2.753830331554425470e+00
7.228687439791511293e-01 -6.007971029083414294e-01 7.648778925048225208e-01
-7.228687439791511293e-01 6.007971029083414294e-01 -2.376714761084970817e+00
-6.057761862415542709e-01 2.895749485241322363e-01 -2.109383922473770934e+00
-5.776793960941067896e-01 -3.769092408995793758e-02 -1.889562920941872726e+00
-6.233442755468745489e-01 -3.630982227759383951e-01 -1.664106089431597768e+00
-7.677521505404367730e-01 -6.669476092484394325e-01 -1.375810572276784161e+00
-1.088706712574363245e+00 -9.072844517179944335e-01 -9.296093073971399834e-01
-1.639740295669875669e+00 -9.920283075194129552e-01 -2.610236771068469297e-01
-2.147778538221556843e+00 -8.617660532699218390e-01 3.655275097375164095e-01
-2.418723909610641876e+00 -6.007971029083415404e-01 7.648778925048222987e-01
-2.535816467348238845e+00 -2.895749485241326804e-01 1.032208731116022182e+00
-2.563913257495686437e+00 3.769092408995801391e-02 1.252029732647920390e+00
-2.518248378042918567e+00 3.630982227759380065e-01 1.477486564158195348e+00
-2.373840503049356787e+00 6.669476092484389884e-01 1.765782081313008733e+00
-2.052885941015429871e+00 9.072844517179947665e-01 2.211983346192653688e+00
-1.501852357919917669e+00 9.920283075194129552e-01 2.880568976482946297e+00
-9.938141153682368278e-01 8.617660532699221720e-01 -2.776065143852277650e+00
-9.514958994779386670e-01 -8.854537829030566520e-01 5.641943312639550179e-01
9.514958994779386670e-01 8.854537829030566520e-01 -2.577398322325838098e+00
6.812546308441800313e-01 6.122035058329070578e-01 -2.968023652136062562e+00
5.682246413676378394e-01 2.917757999081653786e-01 3.060789952843345763e+00
5.420259499055619656e-01 -4.317135660718610796e-02 2.853173641103508462e+00
5.873379894521448819e-01 -3.762107922037377095e-01 2.639285866560294291e+00
7.310693597419125611e-01 -6.889237004332400272e-01 2.360989923324000372e+00
1.061736092510180640e+00 -9.394505956892592602e-01 1.913294780145115226e+00
1.654339529679111020e+00 -1.027225101242439598e+00 1.210830949408310708e+00
2.190096754111854338e+00 -8.854537829030567631e-01 5.641943312639550179e-01
2.460338022745613085e+00 -6.122035058329070578e-01 1.735690014537305814e-01
2.573368012222155166e+00 -2.917757999081654896e-01 -8.080270074644758937e-02
2.599566703684231594e+00 4.317135660718579571e-02 -2.884190124862849869e-01
2.554254664137648678e+00 3.762107922037375429e-01 -5.023067870294988246e-01
2.410523293847880222e+00 6.889237004332403602e-01 -7.806027302657936318e-01
2.079856561079612920e+00 9.394505956892592602e-01 -1.228297873444678112e+00
1.487253123910683206e+00 1.027225101242439820e+00 -1.930761704181481297e+00
-1.865065918580111060e+00 -2.042884633629140079e-01 6.357920421059201077e-01
1.865065918580111060e+00 2.042884633629140079e-01 -2.505800611483873119e+00
1.765453706200512674e+00 3.006212752281492984e-01 -2.899307107903474900e+00
1.631944256243142766e+00 3.514678111614010225e-01 2.972467434326803382e+00
1.486967075609280764e+00 3.469444411201787482e-01 2.554209271274134885e+00
1.357601810225600669e+00 2.879734232578769482e-01 2.145182009307624593e+00
1.264739857046900617e+00 1.858231412388184067e-01 1.754768111512292172e+00
1.218723417251014851e+00 5.740561222505054934e-02 1.380596170511739107e+00
1.222725493710760780e+00 -7.882367353712543823e-02 1.011976248456529781e+00
1.276526735009682278e+00 -2.042884633629139524e-01 6.357920421059202187e-01
1.376138947389280665e+00 -3.006212752281493539e-01 2.422855456863182710e-01
1.509648397346650350e+00 -3.514678111614009115e-01 -1.691252192629896234e-01
1.654625577980512352e+00 -3.469444411201789702e-01 -5.873833823156577871e-01
1.783990843364192447e+00 -2.879734232578769482e-01 -9.964106442821686338e-01
1.876852796542892721e+00 -1.858231412388182402e-01 -1.386824542077501610e+00
1.922869236338778487e+00 -5.740561222505057709e-02 -1.760996483078054009e+00
1.918867159879032558e+00 7.882367353712525782e-02 -2.129616405133262891e+00
-3.095687189253723215e+00 -6.369013223527417722e-01 4.006591116980245948e-01
3.095687189253723215e+00 6.369013223527417722e-01 -2.740933541891768410e+00
3.069993052693543056e+00 1.028971597972220264e+00 -2.774993033052228331e+00
2.896267921528532963e+00 1.418305063288168633e+00 -2.956209739776468837e+00
1.512176220569353968e-01 1.323378605911022854e+00 5.746513438422029552e-01
6.195515715317858468e-02 9.324722596547230236e-01 4.777503292316054306e-01
4.303331406674242021e-02 5.402832486914515009e-01 4.501173010808100505e-01
3.730820602995602725e-02 1.478913344262068608e-01 4.334717842509122065e-01
3.803277153381656728e-02 -2.445362706768249017e-01 4.187596586979683289e-01
4.590546433607001209e-02 -6.369013223527415501e-01 4.006591116980247058e-01
7.159960089625024005e-02 -1.028971597972220486e+00 3.665996205375648409e-01
2.453247320612602367e-01 -1.418305063288168633e+00 1.853829138133244459e-01
2.990375031532857886e+00 -1.323378605911023298e+00 -2.566941309747590605e+00
3.079637496436614441e+00 -9.324722596547232456e-01 -2.663842324358187685e+00
3.098559339523050848e+00 -5.402832486914510568e-01 -2.691475352508983399e+00
3.104284447559837457e+00 -1.478913344262067497e-01 -2.708120869338880965e+00
3.103559882055976438e+00 2.445362706768242911e-01 -2.722832994891824843e+00
-1.919978569033278681e+00 4.348130335582307548e-01 4.003063162216849435e-01
1.919978569033278681e+00 -4.348130335582307548e-01 -2.741286337368108228e+00
2.054668399162007830e+00 -2.738411344750495968e-01 -3.124072789490271340e+00
2.116327698194317986e+00 -7.853198943706106439e-02 2.812409619359457658e+00
2.108268433361931038e+00 1.258039252537158093e-01 2.476377746569900395e+00
2.029864094965688093e+00 3.155022370071210447e-01 2.123291340252069670e+00
1.878072651090386458e+00 4.643884785546257832e-01 1.729493879880577456e+00
1.662593144251900856e+00 5.436617068867943825e-01 1.289195214165337555e+00
1.424616018543535922e+00 5.327685749030770523e-01 8.309390089730422924e-01
1.221614084556514657e+00 4.348130335582307548e-01 4.003063162216851656e-01
1.086924254427785286e+00 2.738411344750497078e-01 1.751986409952210194e-02
1.025264955395475353e+00 7.853198943706098112e-02 -3.291830342303358470e-01
1.033324220227862078e+00 -1.258039252537155317e-01 -6.652149070198922765e-01
1.111728558624105245e+00 -3.155022370071209892e-01 -1.018301313337722780e+00
1.263520002499407102e+00 -4.643884785546257832e-01 -1.412098773709216104e+00
1.478999509337892482e+00 -5.436617068867941605e-01 -1.852397439424455783e+00
1.716976635046256972e+00 -5.327685749030769413e-01 -2.310653644616750491e+00
8.653920965891760408e-01 -3.774368262535122698e-01 5.260783545435142594e-01
-8.653920965891760408e-01 3.774368262535122698e-01 -2.615514299046278968e+00
-7.924398267467659407e-01 1.100618978264480269e-01 -2.318015818745019274e+00
-8.004456140413750420e-01 -1.663475136048144509e-01 -2.038062331451422793e+00
-8.918281078763676817e-01 -4.288160553834425293e-01 -1.731292534677235651e+00
-1.090716912710352648e+00 -6.468883895060146827e-01 -1.348819802304015436e+00
-1.416830951303551744e+00 -7.724078313215190228e-01 -8.551026966799384343e-01
-1.800614297367999272e+00 -7.570416834446227483e-01 -3.079558335692867965e-01
-2.101958611540104549e+00 -6.078834042742681243e-01 1.632281244370596407e-01
-2.276200557000617408e+00 -3.774368262535124363e-01 5.260783545435142594e-01
-2.349152826843027508e+00 -1.100618978264480546e-01 8.235768348447739529e-01
-2.341147039548418185e+00 1.663475136048143399e-01 1.103530322138370545e+00
-2.249764545713425878e+00 4.288160553834424737e-01 1.410300118912557243e+00
-2.050875740879440912e+00 6.468883895060146827e-01 1.792772851285777680e+00
-1.724761702286241150e+00 7.724078313215191338e-01 2.286489956909855348e+00
-1.340978356221793844e+00 7.570416834446227483e-01 2.833636820020506430e+00
-1.039634042049688789e+00 6.078834042742683463e-01 -2.978364529152734086e+00
9.706760985400935127e-01 7.091316542542641654e-01 2.413512451742705692e-02
-9.706760985400935127e-01 -7.091316542542641654e-01 -3.117457529072366285e+00
-1.340598373926740194e+00 -8.720117791600886514e-01 -2.604287912172979613e+00
-1.816985882068364866e+00 -8.687384689074627575e-01 -1.989298287494859929e+00
-2.180629076465756988e+00 -7.012416626417513621e-01 -1.482060006265256913e+00
-2.375649314422123570e+00 -4.429405259213578527e-01 -1.127465887438741321e+00
-2.455942716132462067e+00 -1.473113077138934468e-01 -8.559548816643913760e-01
-2.454589996010049457e+00 1.580427613661632980e-01 -6.080597700027086105e-01
-2.371017333477565714e+00 4.529165511423061119e-01 -3.347483592195809043e-01
-2.170916555049700047e+00 7.091316542542640544e-01 2.413512451742683834e-02
-1.800994279663053144e+00 8.720117791600885404e-01 5.373047414168136138e-01
-1.324606771521428250e+00 8.687384689074627575e-01 1.152294366094933187e+00
-9.609635771240366831e-01 7.012416626417513621e-01 1.659532647324535981e+00
-7.659433391676696568e-01 4.429405259213581303e-01 2.014126766151051573e+00
-6.856499374573311600e-01 1.473113077138932248e-01 2.285637771925402184e+00
-6.870026575797436585e-01 -1.580427613661632702e-01 2.533532883587084505e+00
-7.705753201122272911e-01 -4.529165511423056678e-01 2.806844294370211657e+00
2.665916502876064520e+00 -4.791399984283359892e-01 1.193112566654617845e+00
-2.665916502876064520e+00 4.791399984283359892e-01 -1.948480086935175493e+00
-2.507343443369860925e+00 8.151279567164428919e-01 -1.690069506286490109e+00
-2.089236686802812493e+00 1.083939026600511557e+00 -1.184047841803897994e+00
-1.274555937335044353e+00 1.131967826366603536e+00 -2.856485003580395143e-01
-7.224825825579271887e-01 9.089785453601945120e-01 3.523374315309025229e-01
-5.092284780162159574e-01 5.852448688384936926e-01 6.607748478015226246e-01
-4.309709873214904730e-01 2.339607655381330809e-01 8.537550591420749457e-01
-4.219434845425713565e-01 -1.243537363381906208e-01 1.015571643935086810e+00
-4.756761507137288181e-01 -4.791399984283357671e-01 1.193112566654617623e+00
-6.342492102199321913e-01 -8.151279567164428919e-01 1.451523147303303007e+00
-1.052355966786980623e+00 -1.083939026600511335e+00 1.957544811785895345e+00
-1.867036716254748319e+00 -1.131967826366603758e+00 2.855944153231753102e+00
-2.419110071031865594e+00 -9.089785453601948451e-01 -2.789255222058891093e+00
-2.632364175573577381e+00 -5.852448688384932485e-01 -2.480817805788270380e+00
-2.710621666268302921e+00 -2.339607655381331919e-01 -2.287837594447718725e+00
-2.719649169047221982e+00 1.243537363381902044e-01 -2.126021009654706528e+00
2.846924647425972843e+00 -6.006122200032709690e-01 8.492267299837128469e-01
-2.846924647425972843e+00 6.006122200032709690e-01 -2.292365923606080269e+00
-2.704702961081655754e+00 9.688423368653567014e-01 -2.094811528150848812e+00
-2.155504812110663249e+00 1.279359965557048007e+00 -1.496141233408961657e+00
-8.279496087336878363e-01 1.239471816763375811e+00 -1.206822576908037487e-01
-4.009824250396895051e-01 9.098824226558385186e-01 3.563925493792762245e-01
-2.828934393786696200e-01 5.387541623110796429e-01 5.313034501111931762e-01
-2.451135623950429498e-01 1.592651287429017737e-01 6.397053009969452253e-01
-2.481534073056552991e-01 -2.218410901648131817e-01 7.350470306364010886e-01
-2.946680061638204950e-01 -6.006122200032708580e-01 8.492267299837126249e-01
-4.368896925081371396e-01 -9.688423368653565904e-01 1.046781125438944082e+00
-9.860878414791305335e-01 -1.279359965557048007e+00 1.645451420180831903e+00
-2.313643044856104947e+00 -1.239471816763375811e+00 3.020910395898988909e+00
-2.740610228550103944e+00 -9.098824226558385186e-01 -2.785200104210517225e+00
-2.858699214211123607e+00 -5.387541623110791988e-01 -2.610289203478599607e+00
-2.896479091194750222e+00 -1.592651287429017182e-01 -2.501887352592847780e+00
-2.893439246284137845e+00 2.218410901648127653e-01 -2.406545622953392360e+00
9.838970189322949755e-01 -2.430641616050314424e-01 4.765518876647649171e-01
-9.838970189322949755e-01 2.430641616050314424e-01 -2.665040765925028143e+00
-9.412555483093469899e-01 1.666442911048608352e-02 -2.340693535903906053e+00
-9.730352590015294290e-01 -2.114598110812106468e-01 -2.018793905698496705e+00
-1.083715448186738373e+00 -4.164156783692542496e-01 -1.665614401167168079e+00
-1.281358954478090340e+00 -5.674737478739563246e-01 -1.252966608364187717e+00
-1.550180648724230226e+00 -6.294396434335467472e-01 -7.820346150051220580e-01
-1.824885193174287545e+00 -5.826723358818427512e-01 -3.060556888274018061e-01
-2.034832054589553074e+00 -4.423351218071747137e-01 1.162250612151922990e-01
-2.157695634657498029e+00 -2.430641616050315257e-01 4.765518876647648616e-01
-2.200337105280446348e+00 -1.666442911048608352e-02 8.008991176858870631e-01
-2.168557394588263687e+00 2.114598110812105636e-01 1.122798747891296633e+00
-2.057877205403054965e+00 4.164156783692541386e-01 1.475978252422625037e+00
-1.860233699111703221e+00 5.674737478739559915e-01 1.888626045225604955e+00
-1.591412004865562668e+00 6.294396434335466362e-01 2.359558038584671724e+00
-1.316707460415505571e+00 5.826723358818428622e-01 2.835536964762391143e+00
-1.106760599000240486e+00 4.423351218071748803e-01 -3.025367592374601511e+00
