-3.104350739061771502e+00 -7.849252570976171794e-01 1.518569384286341695e+00
3.104350739061771502e+00 7.849252570976171794e-01 -1.623023269303451421e+00
3.072867413875417064e+00 1.177134647583671034e+00 -1.660178814805809422e+00
1.575581431266070975e+00 1.544452607228937735e+00 3.120480121354858305e+00
6.876696044469465807e-02 1.177386224206928178e+00 1.608425393528279734e+00
3.725129840504090573e-02 7.851772544722730451e-01 1.571237949571498316e+00
2.851426722942676170e-02 3.926814021066061811e-01 1.555811025968765193e+00
2.634341810701592776e-02 1.260423896497736118e-04 1.544900350378492160e+00
2.851129059299413113e-02 -3.924293323300361847e-01 1.533990813502440931e+00
3.724191452802192576e-02 -7.849252570976170684e-01 1.518569384286341695e+00
3.072825693145098569e+00 -1.177386224206928844e+00 -1.533167260061513382e+00
3.104341355184752516e+00 -7.851772544722736002e-01 -1.570354704018295022e+00
3.113078386360366601e+00 -3.926814021066058480e-01 -1.585781627621027923e+00
3.115249235482777213e+00 -1.260423896499001382e-04 -1.596692303211300956e+00
3.113081362996799051e+00 3.924293323300356295e-01 -1.607601840087352407e+00
-1.580119248042016755e+00 -2.529881327576825045e-01 7.813490651393463216e-01
1.580119248042016755e+00 2.529881327576825045e-01 -2.360243588450447128e+00
1.561473405547776583e+00 -2.529881327576825045e-01 7.813490651393464326e-01
1.660876796617029028e+00 -2.369093130394240299e-01 3.767365576886577139e-01
1.808634206600157501e+00 8.755779890302614610e-02 -1.172863740939746657e+00
1.757985734255619326e+00 1.714437483565782738e-01 -1.559898626360674445e+00
1.677936409114503702e+00 2.298086099477540667e-01 -1.956353131309622073e+00
3.054342901223229934e+00 -7.006191471185322373e-01 1.510435838629811789e+00
-3.054342901223229934e+00 7.006191471185322373e-01 -1.631156814959981327e+00
-2.996805233084789855e+00 1.090902370858183312e+00 -1.558865657553807349e+00
-2.463056580655799799e+00 1.464466134013291176e+00 -1.011719149558618858e+00
-2.155814814061060847e-01 1.254132340675045310e+00 1.248934806979171697e+00
-1.029599095632987016e-01 8.656787478081584553e-01 1.375579136354236898e+00
-7.495468180627808119e-02 4.744556761683632606e-01 1.419809001483782307e+00
-6.689128975287748913e-02 8.271564232397568550e-02 1.448568343874178987e+00
-6.998372482343438727e-02 -3.090879800711532344e-01 1.475423132694338557e+00
-8.724975236656329347e-02 -7.006191471185320152e-01 1.510435838629811789e+00
-3.038632744026494414e+00 -8.656787478081592324e-01 -1.766013517235556440e+00
-3.066637971783515049e+00 -4.744556761683628721e-01 -1.721783652106011031e+00
-3.074701363836915835e+00 -8.271564232397576877e-02 -1.693024309715614129e+00
-3.071608928766358826e+00 3.090879800711525682e-01 -1.666169520895454559e+00
1.566436058319357727e+00 -1.652047228355554287e-01 7.830740123334101188e-01
-1.566436058319357727e+00 1.652047228355554287e-01 -2.358518641256383219e+00
-1.503068463962049295e+00 1.508616537721354511e-01 -1.961060123618033391e+00
-1.450405192449044645e+00 1.134890035774895611e-01 -1.566634346057568239e+00
-1.416333380857053736e+00 5.899463614386631777e-02 -1.176215746809079921e+00
-1.405590061934819834e+00 -4.300901780529231729e-03 -7.884393836516380150e-01
-1.419593258272727532e+00 -6.695744785723783954e-02 -4.004578601820554806e-01
-1.456487034097819544e+00 -1.196129350305916578e-01 -9.537174989971459668e-03
-1.511092533130191873e+00 -1.541920780445805161e-01 3.854005105292814815e-01
-1.575156595270435389e+00 -1.652047228355554565e-01 7.830740123334098968e-01
-1.638524189627743821e+00 -1.508616537721354789e-01 1.180532529971759725e+00
1.630304404336671453e+00 -1.210493880762530255e-01 8.200351022578293847e-01
-1.630304404336671453e+00 1.210493880762530255e-01 -2.321557551331963953e+00
-1.579205677925416884e+00 1.345606123551316702e-01 -1.925817938679473151e+00
-1.526785165438535596e+00 1.274769425788985222e-01 -1.529742753904365760e+00
-1.469467537973944138e+00 -8.908715157766435022e-02 4.264227989511211181e-01
-1.511288249253121885e+00 -1.210493880762530394e-01 8.200351022578291627e-01
-1.562386975664376454e+00 -1.345606123551316702e-01 1.215774714910319965e+00
-1.614807488151257520e+00 -1.274769425788985222e-01 1.611849899685427356e+00
-1.660340350324255976e+00 -1.009255829860415676e-01 2.006265017984165233e+00
-1.692058266127907773e+00 -5.907211599085137460e-02 2.398025636523452686e+00
-1.705361639934644069e+00 -8.333331964157723523e-03 2.787699223549818139e+00
-1.698395493217524033e+00 4.365381855631125796e-02 -3.106137863044924785e+00
-1.672125115615849200e+00 8.908715157766432247e-02 -2.715169854638672664e+00
1.505337022855701701e+00 5.293031996996976074e-02 7.356257650802601189e-01
-1.505337022855701701e+00 -5.293031996996976074e-02 -2.405966888509532886e+00
-1.530573003892930828e+00 -7.394301968169070260e-02 -2.013022387993184559e+00
-1.561986396903604080e+00 -8.369648879654596751e-02 -1.619204208869167827e+00
-1.594757720555029845e+00 -8.068230172844116643e-02 -1.225169028207375277e+00
-1.623840037942489767e+00 -6.536749844978208268e-02 -8.317024563690839090e-01
-1.644798985406780822e+00 -4.011335200358949471e-02 -4.392529419697164816e-01
-1.654496048593587787e+00 -8.779089876763066999e-03 -4.767136353309114893e-02
-1.651501695419601790e+00 2.388343126010660303e-02 3.436957676989650934e-01
-1.636255630734091637e+00 5.293031996996974686e-02 7.356257650802600079e-01
-1.611019649696862510e+00 7.394301968169068873e-02 1.128570265596608779e+00
-1.579606256686189258e+00 8.369648879654595364e-02 1.522388444720625067e+00
-1.546834933034763493e+00 8.068230172844116643e-02 1.916423625382417617e+00
-1.517752615647303349e+00 6.536749844978209656e-02 2.309890197220708874e+00
-1.496793668183012516e+00 4.011335200358943226e-02 2.702339711620077356e+00
-1.487096604996205329e+00 8.779089876763077407e-03 3.093921290056702134e+00
-1.490090958170191549e+00 -2.388343126010656833e-02 -2.797896885890828411e+00
-8.861122623579355609e-03 -8.147450204390926931e-01 1.638565516438697189e+00
8.861122623579355609e-03 8.147450204390926931e-01 -1.503027137151095927e+00
6.663947101325111422e-03 4.220572374403825378e-01 -1.506744292683560360e+00
6.081788034704793157e-03 2.936591055530989730e-02 -1.509295558696716721e+00
6.503734216272786736e-03 -3.633256027686053158e-01 -1.511785488582309211e+00
8.355413590070569566e-03 -7.560142867260117860e-01 -1.515206242338575704e+00
3.132731530966213818e+00 -8.147450204390930262e-01 1.638565516438697189e+00
3.134928706488468109e+00 -4.220572374403828153e-01 1.634848360906232756e+00
3.135510865555088511e+00 -2.936591055530997363e-02 1.632297094893076617e+00
3.135088919373520522e+00 3.633256027686050382e-01 1.629807165007483905e+00
3.133237239999722590e+00 7.560142867260114530e-01 1.626386411251217412e+00
-1.507417427338655802e+00 -2.181709571710547246e-01 -1.731248336605866189e+00
-1.597168700114238726e+00 -2.255389772644955937e-01 -1.328618844868965310e+00
-1.634175226251137314e+00 2.181709571710546969e-01 1.410344316983926927e+00
-1.544423953475554390e+00 2.255389772644955659e-01 1.812973808720827362e+00
1.320046899228612736e+00 1.518195733239921241e-01 5.668102025745881400e-01
-1.320046899228612736e+00 -1.518195733239921241e-01 -2.574782451015205087e+00
-1.396383323662275355e+00 -2.357659555216738423e-01 -2.183620296719024356e+00
-1.501466679419517058e+00 -2.841868255244360264e-01 -1.780135357764894177e+00
-1.618652962547150853e+00 -2.884653268072420729e-01 -1.370562200948983511e+00
-1.522939691042642485e+00 2.884653268072421839e-01 1.771030452640809383e+00
-1.414154148627504215e+00 2.478042867053831533e-01 2.176325076553188520e+00
-1.331534417852161534e+00 1.695405351407066608e-01 2.569904417704748312e+00
-1.285961523439643539e+00 6.654463451866064749e-02 2.951720804916408536e+00
-1.282018423168060473e+00 -4.587785719485327346e-02 -2.954982405578553184e+00
1.593761991143358703e+00 2.130046191245024978e-01 2.202654930098510988e+00
1.509304446013369994e+00 2.053349521736624606e-01 1.801163087822765352e+00
1.434903741330591398e+00 1.661143363549468788e-01 1.403471274228550225e+00
1.381987964795529988e+00 1.018103096873216873e-01 1.012454157996747428e+00
1.357737208392695072e+00 2.244655577591182782e-02 6.270029022435625876e-01
1.365083417669789467e+00 -6.019852561328095653e-02 2.429198209187418134e-01
1.403164964738818465e+00 -1.340106253669152148e-01 -1.447195245881381931e-01
1.467157014952578331e+00 -1.878189831454606940e-01 -5.389238383023220447e-01
1.547830662446434413e+00 -2.130046191245024423e-01 -9.389377234912816839e-01
1.632288207576423344e+00 -2.053349521736623495e-01 -1.340429565767028208e+00
-1.434932883623574629e+00 -7.463849847173142926e-02 -2.079853382064589695e+00
-1.473685456004024674e+00 -1.208756803699622684e-01 -1.687954750400158854e+00
-1.527525287047756919e+00 -1.487847561742866587e-01 -1.292600222818262479e+00
-1.588207467515295290e+00 -1.539308237380283828e-01 -8.953329119683367532e-01
-1.646126423689610707e+00 -1.354828427545592406e-01 -4.988633769991027700e-01
-1.692238619252545595e+00 -9.640008279416953374e-02 -1.054122359255812713e-01
-1.719718431744050813e+00 -4.279268554430545185e-02 2.846143664291761466e-01
-1.724750118430244950e+00 1.720525139980389612e-02 6.727936116878457939e-01
-1.706659769966218709e+00 7.463849847173138763e-02 1.061739271525203421e+00
-1.667907197585768442e+00 1.208756803699622823e-01 1.453637903189634484e+00
-1.614067366542036419e+00 1.487847561742866032e-01 1.848992430771530193e+00
-1.553385186074498048e+00 1.539308237380284106e-01 2.246259741621456474e+00
1.630416841584382270e+00 1.718857563026327528e-01 8.372033790106998552e-01
-1.630416841584382270e+00 -1.718857563026327528e-01 -2.304389274579093261e+00
-1.691899948053871228e+00 -1.359732823082734632e-01 -1.908572131653146542e+00
-1.734497641337779505e+00 -7.951552345263775134e-02 -1.517602846249477277e+00
-1.752289615251599653e+00 -1.121631141770623209e-02 -1.130409495355011673e+00
-1.742982023084652443e+00 5.874092607863146132e-02 -7.438022228095612087e-01
-1.582199923562912502e+00 1.814817451243828927e-01 4.383285420795371423e-01
-1.511175812005410846e+00 1.718857563026327251e-01 8.372033790106997442e-01
-1.490207970530062820e+00 -1.631794204938862847e-01 -3.101518914817259720e+00
-1.559392730026880391e+00 -1.814817451243828650e-01 -2.703264111510256473e+00
-1.089128320051708232e-01 -7.455008589784023476e-01 1.658611298488350982e+00
1.089128320051708232e-01 7.455008589784023476e-01 -1.482981355101442356e+00
8.526640768231792678e-02 3.545777135795454282e-01 -1.527351945721548088e+00
8.000487874239387009e-02 -3.681665661057550998e-02 -1.559970346915418915e+00
8.790369220608783285e-02 -4.281706865365628167e-01 -1.593595446146504946e+00
1.171970123049402984e-01 -8.188997218922479115e-01 -1.642802327524512496e+00
2.260976358709881617e-01 -1.206532278603659636e+00 -1.768735727643364619e+00
2.002660876352187813e+00 -1.482743198987023447e+00 2.722027792255315326e+00
2.951562938663218727e+00 -1.134242908986488496e+00 1.757150423982889897e+00
3.032679821584622459e+00 -7.455008589784025697e-01 1.658611298488350982e+00
3.056326245907475148e+00 -3.545777135795454837e-01 1.614240707868245028e+00
3.061587774847399412e+00 3.681665661057543365e-02 1.581622306674374201e+00
3.053688961383705269e+00 4.281706865365624282e-01 1.547997207443288392e+00
3.024395641284852942e+00 8.188997218922475785e-01 1.498790326065280842e+00
1.900297149265749164e-01 1.134242908986488940e+00 -1.384442229606903219e+00
-1.554570530368179604e+00 -1.674159190440689393e-01 7.940082982939817846e-01
1.554570530368179604e+00 1.674159190440689393e-01 -2.347584355295811331e+00
1.491291112295110244e+00 1.483721514230243455e-01 -2.744834119186357224e+00
1.440548311371923296e+00 1.067186988105794931e-01 -3.138587455427007900e+00
1.409836900405149418e+00 4.900760916546466339e-02 2.754911704125985406e+00
1.403358776613697012e+00 -1.599891850136649085e-02 2.367508640681707188e+00
1.521147995828743493e+00 -1.607644899385705650e-01 1.192069097597756144e+00
1.587022123221613512e+00 -1.674159190440688560e-01 7.940082982939818956e-01
1.738233876976096326e+00 1.599891850136645269e-02 -7.740840129080857057e-01
1.719631750363873168e+00 7.862987833938449300e-02 -1.162260384122187906e+00
1.678419691709577721e+00 1.295028470260753128e-01 -1.553839515462037690e+00
1.620444657761049845e+00 1.607644899385705373e-01 -1.949523555992036528e+00
1.637412388871939184e+00 2.737026363694771910e-02 8.343981539797230562e-01
-1.637412388871939184e+00 -2.737026363694771910e-02 -2.307194499610070171e+00
-1.642808061269749764e+00 1.808021306929434818e-04 -1.915413974413777698e+00
-1.637274262838099403e+00 2.770446911974124710e-02 -1.523629646070926658e+00
-1.621632497761850811e+00 5.102597296543425615e-02 -1.131306841556052989e+00
-1.598227402950786136e+00 6.659107459259633321e-02 -7.382239438716627911e-01
-1.570615054857261050e+00 7.201173329580377869e-02 -3.446046051914655184e-01
-1.543030558827657162e+00 6.645238789239100996e-02 4.901089649608950799e-02
-1.519704463862184163e+00 5.076994858369377611e-02 4.420845548997364705e-01
-1.504180264717853932e+00 2.737026363694772604e-02 8.343981539797229452e-01
-1.498784592320043574e+00 -1.808021306929504207e-04 1.226178679176015418e+00
-1.504318390751693935e+00 -2.770446911974125750e-02 1.617963007518866680e+00
-1.519960155827942305e+00 -5.102597296543425615e-02 2.010285812033739905e+00
-1.543365250639007202e+00 -6.659107459259633321e-02 2.403368709718130436e+00
-1.570977598732532288e+00 -7.201173329580379256e-02 2.796988048398328264e+00
-1.598562094762135954e+00 -6.645238789239102384e-02 -3.092581757093703754e+00
-1.621888189727609175e+00 -5.076994858369379693e-02 -2.699508098690057256e+00
1.344888675991323002e+00 -4.938632241057230865e-02 6.337160625967911409e-01
-1.344888675991323002e+00 4.938632241057230865e-02 -2.507876590993002086e+00
-1.343072404065767778e+00 -4.001536007150292146e-02 -2.125357475876396673e+00
-1.374962887529889599e+00 -1.235997259796129122e-01 -1.740238409226403826e+00
-1.436797060180168506e+00 -1.889185337593503877e-01 -1.348096801940286582e+00
-1.520124616865028644e+00 -2.256274371502243470e-01 -9.484256602694727256e-01
-1.621468036724764694e+00 2.256274371502243747e-01 2.193166993320319946e+00
-1.529721679589097327e+00 2.275384140377674225e-01 2.596302075058169567e+00
-1.444813223748367292e+00 1.943203102398885218e-01 2.996602521822696819e+00
-1.380209822688069021e+00 1.316011514323572329e-01 -2.893582197623310925e+00
-1.325174090198028010e+00 -4.512965731277523984e-02 -2.139622828219254203e+00
-1.360181895979635014e+00 -1.350488826110157747e-01 -1.755648275722617724e+00
-1.427447325257186872e+00 -2.051005757631890192e-01 -1.363430553027216385e+00
-1.517926764217243596e+00 -2.441032563952157675e-01 -9.624407326223671788e-01
-1.617320424153298131e+00 -2.453670058857609637e-01 -5.575175446201378060e-01
-1.708858653040032483e+00 -2.086682699242765615e-01 -1.560761663477127914e-01
-1.467594916091435886e+00 -1.315963776565198251e-01 8.444675500308683747e-01
1.467594916091435886e+00 1.315963776565198251e-01 -2.297125103558924852e+00
1.425224361377047222e+00 8.223872588288552721e-02 -2.689017670458781595e+00
1.405003463117692197e+00 2.057068933916708642e-02 -3.077426182179615832e+00
1.409632032488960629e+00 -4.415340546927296744e-02 2.818335529804863349e+00
1.438504202826961231e+00 -1.023059588122425118e-01 2.428853089182913649e+00
1.487682493429932196e+00 -1.450764890356449899e-01 2.035414082230542654e+00
1.549939729175284553e+00 -1.657574621629944456e-01 1.638404611001863520e+00
1.615528655052806739e+00 -1.610058509014318795e-01 1.240363449212759983e+00
1.703088450762832107e+00 1.023059588122425118e-01 -7.127395644068794667e-01
1.653910160159860920e+00 1.450764890356450176e-01 -1.106178571359251128e+00
1.591652924414508785e+00 1.657574621629944733e-01 -1.503188042587929818e+00
1.526063998536986599e+00 1.610058509014318795e-01 -1.901229204377032911e+00
1.633721993633788783e+00 1.673559453357841564e-01 8.398367586857319322e-01
-1.633721993633788783e+00 -1.673559453357841564e-01 -2.301755894904061073e+00
-1.693171595567689591e+00 -1.305379015296802281e-01 -1.906327738436375929e+00
-1.733589552376217480e+00 -7.400987830768311626e-02 -1.515597045956754707e+00
-1.749372127459242421e+00 -6.460173463508392735e-03 -1.128359841090675220e+00
-1.577360889176244063e+00 1.785720342298042773e-01 4.412704423968740741e-01
-1.507870659956004555e+00 1.673559453357841287e-01 8.398367586857319322e-01
-1.495798499849880780e+00 -1.623436198342914361e-01 -3.098537562096988385e+00
-1.564231764413549053e+00 -1.785720342298043051e-01 -2.700322211192919486e+00
1.747641859678029874e+00 2.032177089350913415e-02 9.157100776338957804e-01
-1.747641859678029874e+00 -2.032177089350913415e-02 -2.225882575955897558e+00
-1.742110374450343002e+00 4.855525361138968155e-02 -1.839155274442145549e+00
-1.710841666925145388e+00 1.102266043791956251e-01 -1.450024878300570030e+00
-1.658039558874854880e+00 1.553479293753161905e-01 -1.056381470243427545e+00
-1.591439976207151386e+00 1.768086324402719789e-01 -6.587177370453294323e-01
-1.521520901495024614e+00 1.711101461565082138e-01 -2.599619061334045300e-01
-1.459488833475667269e+00 1.391898836472322265e-01 1.362771986580167127e-01
-1.414864859880124337e+00 8.619000259248513207e-02 5.279469913679329940e-01
-1.393950793911763464e+00 2.032177089350913762e-02 9.157100776338956694e-01
-1.620071752094768724e+00 -1.711101461565081583e-01 2.881630747456389141e+00
-1.726727793709668779e+00 -8.619000259248531248e-02 -2.613645662221860899e+00
