1.393175478038063630e+00 1.751019966381501397e-02 6.549972995007498078e-01
-1.393175478038063630e+00 -1.751019966381501397e-02 -2.486595354089043308e+00
-1.413077828349427190e+00 -8.388015668238296696e-02 -2.098969380258170592e+00
-1.456937078086106396e+00 -1.377344050058011415e-01 -1.707500004028139173e+00
-1.748417175551729708e+00 1.751019966381503132e-02 6.549972995007498078e-01
-1.728514825240366148e+00 8.388015668238292533e-02 1.042623273331622302e+00
-1.684655575503686720e+00 1.377344050058011415e-01 1.434092649561654165e+00
-1.623007767365488130e+00 1.707426554021378717e-01 1.830184545450216360e+00
-1.553006291436705100e+00 1.775933296011738827e-01 2.228936757773273492e+00
-1.485867012623790950e+00 1.571593601257287309e-01 2.626743423428312685e+00
-1.432175702910575277e+00 1.127763393099470435e-01 3.020588391290245145e+00
-1.399825192491350734e+00 5.145155061103224431e-02 -2.873325130306282116e+00
1.374138305742441446e+00 2.960140071034599307e-01 5.924113406162726525e-01
-1.374138305742441446e+00 -2.960140071034599307e-01 -2.549181312973520797e+00
-1.505822889129386111e+00 -3.480084085347667222e-01 -2.138493353140118902e+00
-1.649641128648217325e+00 -3.452420974186365399e-01 -1.720615224652336961e+00
-1.778797652566017407e+00 -2.882769031176627972e-01 -1.311372782630516376e+00
-1.872284968463542087e+00 -1.880001037855789925e-01 -9.203320292325734009e-01
-1.919482439159010623e+00 -6.107351927966116895e-02 -5.455117843364060137e-01
-1.917030479233083673e+00 7.418362680226003869e-02 -1.765509705205956237e-01
-1.865066969729349156e+00 1.993001052204862733e-01 1.994926489851053808e-01
-1.767454347847351892e+00 2.960140071034598752e-01 5.924113406162724305e-01
-1.635769764460407227e+00 3.480084085347668887e-01 1.003099300449674658e+00
-1.491951524941576013e+00 3.452420974186364289e-01 1.420977428937456155e+00
-1.362795001023775932e+00 2.882769031176630192e-01 1.830219870959276518e+00
-1.276525683860444182e+00 -1.993001052204859957e-01 -2.942100004604688568e+00
-1.586732355589006049e+00 2.113747937393928647e-02 2.341245251998907317e+00
-1.577429251355389583e+00 2.562666906629101210e-02 2.734027772428496483e+00
-1.567115191694276932e+00 2.621382407339569592e-02 3.126860100103178830e+00
-3.132693319451502756e+00 -7.660969916262392321e-01 2.726061303143608242e-02
3.132693319451502756e+00 7.660969916262392321e-01 -3.114332040558357217e+00
3.125578271648333128e+00 1.158768803948191595e+00 -3.122836150518990994e+00
2.820478275478510266e+00 1.550476544162461057e+00 2.853970958092962640e+00
1.757798637046424639e-02 1.197326151113817350e+00 4.979735960163271524e-02
9.249288924511883322e-03 8.046581783472837035e-01 4.009592507436372799e-02
6.998573950449702569e-03 4.119714825021594251e-01 3.623323843741097644e-02
6.414209439229956802e-03 1.928099016958127049e-02 3.355452089675507038e-02
6.887659809690160374e-03 -3.734096382878769882e-01 3.091825537763838103e-02
8.899334138290592583e-03 -7.660969916262391211e-01 2.726061303143609629e-02
1.601438194145990077e-02 -1.158768803948191595e+00 1.875650307080208370e-02
3.211143781112828499e-01 -1.550476544162461057e+00 -2.876216954968305872e-01
3.124014667219328967e+00 -1.197326151113817794e+00 -3.091795293988160331e+00
3.132343364665281182e+00 -8.046581783472838145e-01 -3.101496728515429346e+00
3.134594079639343445e+00 -4.119714825021590365e-01 -3.105359415152382230e+00
3.135178444150563237e+00 -1.928099016958133294e-02 -3.108038132693037969e+00
3.134704993780103255e+00 3.734096382878764886e-01 -3.110674398212154745e+00
1.847967177224934809e-01 -6.050849175981476424e-01 2.276519050828514912e-01
-1.847967177224934809e-01 6.050849175981476424e-01 -2.913940748506941958e+00
-1.554070594462323152e-01 2.178711571854317630e-01 -2.841858969044198435e+00
-1.539476683152316561e-01 -1.702572089826331625e-01 -2.781721122178281824e+00
-2.596743043424747377e-01 -9.415144673693677246e-01 -2.596438330538231920e+00
-6.101577363410507493e-01 -1.303897035091482692e+00 -2.214670709836896734e+00
-2.413259730353269905e+00 -1.341760091365488128e+00 -3.816243088892863899e-01
-2.863441276149120807e+00 -9.879742166541252146e-01 9.954180784389117520e-02
-2.956795935867299718e+00 -6.050849175981477535e-01 2.276519050828514357e-01
-2.986185594143560884e+00 -2.178711571854320406e-01 2.997336845455949028e-01
-2.987644985274561460e+00 1.702572089826331625e-01 3.598715314115115693e-01
1.517729667269982707e+00 -8.059492193464570450e-03 -2.712125710859298877e+00
1.524844073524844079e+00 -2.774702171019724842e-02 -3.104401016895204979e+00
1.538955113153841259e+00 -4.321727925753069549e-02 2.786135746945123337e+00
1.557926879633983130e+00 -5.211038339031441591e-02 2.393083851143655849e+00
1.578867179874494209e+00 -5.306493443125896714e-02 1.999835181936410633e+00
1.598572654669818460e+00 -4.593455269559529319e-02 1.606712191509903631e+00
1.614035496207772313e+00 -3.181147278492873348e-02 1.213963293619163331e+00
1.622911018004022710e+00 -1.285197671131730647e-02 8.216171590886512943e-01
1.623862986319810631e+00 8.059492193464563511e-03 4.294669427304946829e-01
1.616748580064949259e+00 2.774702171019724148e-02 3.719163669458852572e-02
1.602637540435952079e+00 4.321727925753066080e-02 -3.554569066446690573e-01
1.583665773955809986e+00 5.211038339031441591e-02 -7.485088024461368228e-01
-1.555639946507896276e+00 1.680292436574411588e-02 7.963695341782881520e-01
1.555639946507896276e+00 -1.680292436574411588e-02 -2.345223119411504964e+00
1.563224274372905453e+00 -2.132381821935954574e-02 -2.737968806319957871e+00
1.580522602730842552e+00 -2.043147647828404828e-02 2.759638236153620916e+00
1.587601180931179634e+00 -1.515424056045622941e-02 2.366911181949250320e+00
1.592120756154539185e+00 -7.570330928437977655e-03 1.974258718147208658e+00
1.585952707081896840e+00 1.680292436574410894e-02 7.963695341782882631e-01
1.578368379216887663e+00 2.132381821935954228e-02 4.036238472698357449e-01
-3.088083461086072123e+00 -1.040546062064862554e+00 3.331250154724858525e-01
1.621972964439788445e+00 7.995724460061919003e-02 8.256001000595398764e-01
-1.621972964439788445e+00 -7.995724460061919003e-02 -2.315992553530253240e+00
-1.648664812723126261e+00 -5.430550246700265732e-02 -1.923225048317920516e+00
-1.663482354224335547e+00 -2.042351602055113291e-02 -1.531694700195152636e+00
-1.664250608878264037e+00 1.654445580648663747e-02 -1.140716472669411008e+00
-1.650857944662337040e+00 5.101299233476479927e-02 -7.492873604320229308e-01
-1.625266561186742509e+00 7.775346158779312955e-02 -3.566638687546321296e-01
-1.591307859435710403e+00 9.266664197723598062e-02 3.720334693821176347e-02
-1.554179373278528287e+00 9.344145491097238798e-02 4.316304493686431987e-01
-1.519619689150004671e+00 7.995724460061920391e-02 8.256001000595397654e-01
-1.587413280311265051e+00 -9.344145491097241574e-02 -2.709962204221150639e+00
-1.478818952675426512e+00 2.889422785123199264e-02 -1.599057591818815016e+00
-1.474768760250334987e+00 -8.442967239654722289e-03 -1.208094040634123845e+00
-1.485259951608048690e+00 -4.450528203962978574e-02 -8.168941514108839508e-01
-1.614300053175125482e+00 -6.747151400295821333e-02 7.576171817403217768e-01
1.614300053175125482e+00 6.747151400295821333e-02 -2.383975471849471450e+00
1.585128949231557227e+00 7.897537247087919876e-02 -2.777576706925244387e+00
1.553751832309586245e+00 7.843588136868474836e-02 3.111674443377852928e+00
1.524997601657019031e+00 6.593651556316883211e-02 2.718133455492021344e+00
1.503261109004851992e+00 4.340467836568302762e-02 2.325478629524079022e+00
1.491812875603717670e+00 1.428794555108025242e-02 1.933681448601030750e+00
1.492349097342843045e+00 -1.699208584525250046e-02 1.542213774693284023e+00
1.504790799803322976e+00 -4.569913396804627798e-02 1.150356851796426438e+00
1.527292600414667634e+00 -6.747151400295821333e-02 7.576171817403219988e-01
1.556463704358235889e+00 -7.897537247087919876e-02 3.640159466645489506e-01
1.587840821280206871e+00 -7.843588136868476224e-02 -2.991821021194045194e-02
1.636801853786470362e+00 4.569913396804624328e-02 -1.991235801793366456e+00
1.491780474014819946e+00 1.057902923819830088e-01 2.700676011569368207e+00
1.457368767138977450e+00 6.756895491632053385e-02 2.308324898980403272e+00
1.552302005944566909e+00 1.286114169513627170e-01 -2.770796434846036327e+00
1.504306909160144423e+00 1.117077221955868338e-01 3.117161833676624028e+00
1.444886267298773008e+00 3.214298177275198148e-02 2.333456179741915992e+00
1.442163153430630729e+00 -1.834155804399694237e-02 1.943964840489550649e+00
1.458843287387643350e+00 -6.607439487115092380e-02 1.553788256039427607e+00
1.492572809719352467e+00 -1.038467640867310887e-01 1.161452700590492659e+00
1.589290647645226429e+00 -1.286114169513627170e-01 3.707962187437567891e-01
1.637285744429648915e+00 -1.117077221955868338e-01 -2.443081991316905371e-02
1.500460317430988733e+00 7.703092570328931576e-02 7.302873482878696754e-01
-1.500460317430988733e+00 -7.703092570328931576e-02 -2.411305305301923774e+00
-1.535331948358730436e+00 -9.806853908204951620e-02 -2.017635289946294375e+00
-1.575691401482915976e+00 -1.041501343982381422e-01 -1.622940518794504516e+00
-1.615291184900232491e+00 -9.432501763915869530e-02 -1.228396187438856035e+00
-1.648017430782343862e+00 -7.012709081024635915e-02 -8.350873968577415818e-01
-1.668926174467393109e+00 -3.529390587347641661e-02 -4.433651529831318383e-01
-1.674947700011424123e+00 4.868549417215094731e-03 -5.265309751111750536e-02
-1.665214239374609662e+00 4.429693503380341402e-02 3.382066386576995098e-01
-1.641132336158804605e+00 7.703092570328930189e-02 7.302873482878695643e-01
-1.606260705231062902e+00 9.806853908204951620e-02 1.123957363643498741e+00
-1.565901252106877362e+00 1.041501343982381422e-01 1.518652134795288822e+00
-1.526301468689560625e+00 9.432501763915873694e-02 1.913196466150936637e+00
-1.493575222807449254e+00 7.012709081024638691e-02 2.306505256732051201e+00
-1.472666479122400007e+00 3.529390587347634028e-02 2.698227500606662055e+00
-1.466644953578368993e+00 -4.868549417215092996e-03 3.088939556078675430e+00
-1.476378414215183676e+00 -4.429693503380338626e-02 -2.803386014932094383e+00
1.372976730826658498e+00 1.311071924865195581e-01 6.182654193377071783e-01
-1.372976730826658498e+00 -1.311071924865195581e-01 -2.523327234252085827e+00
-1.437867218506905465e+00 -1.966087882746282711e-01 -2.130728350362347090e+00
-1.524193146003571586e+00 -2.323014974360831653e-01 -1.730338785799233836e+00
-1.768615922763134840e+00 1.311071924865195304e-01 6.182654193377070673e-01
-1.703725435082887874e+00 1.966087882746282989e-01 1.010864303227446026e+00
-1.617399507586221530e+00 2.323014974360831375e-01 1.411253867790559502e+00
-1.523288304542834037e+00 2.321213138385266883e-01 1.814931120431260370e+00
-1.437112011083414576e+00 1.960996577273447505e-01 2.215259790830931497e+00
-1.372482932711235559e+00 1.303534346084699869e-01 2.607775708250187563e+00
-1.338251338238933830e+00 4.535050790516009789e-02 2.992786438156248785e+00
-1.338422148384740940e+00 -4.623296411110444648e-02 -2.908394515866021823e+00
1.650697323739790612e+00 1.087090569939736934e-01 8.503977911781329668e-01
-1.650697323739790612e+00 -1.087090569939736934e-01 -2.291194862411660260e+00
-1.686157708947668254e+00 -6.992939319009165711e-02 -1.898805655338053233e+00
-1.704041361499174512e+00 -2.061377583075629100e-02 -1.508770843878019630e+00
-1.701837398654647115e+00 3.179117442953200562e-02 -1.119533323362773336e+00
-1.679850570047790370e+00 7.942834298329497222e-02 -7.290856763253392714e-01
-1.641192093924898510e+00 1.150781787684167362e-01 -3.361056785706175720e-01
-1.591594404195471935e+00 1.332165572725639291e-01 5.926263098483892933e-02
-1.538730418023733337e+00 1.309744758854301805e-01 4.554522332502007886e-01
-1.490895329850002726e+00 1.087090569939736795e-01 8.503977911781328558e-01
-1.461742083542002746e+00 -7.942834298329494447e-02 2.412506977264453845e+00
-1.500400559664894828e+00 -1.150781787684167640e-01 2.805486975019176210e+00
-1.549998249394321403e+00 -1.332165572725639291e-01 -3.082330022604954145e+00
-1.602862235566059779e+00 -1.309744758854302082e-01 -2.686140420339592882e+00
