1.557831680255333140e+00 2.646318620124777157e-02 7.758902774303761962e-01
-1.557831680255333140e+00 -2.646318620124777157e-02 -2.365702376159417142e+00
-1.568948125105643854e+00 -2.940966135426403838e-02 -1.972858918578474174e+00
-1.580346374101543550e+00 -2.787764821558487774e-02 -1.579999531357066944e+00
-1.590288784421070245e+00 -2.210088251359232717e-02 -1.187218159875374601e+00
-1.597261736106967867e+00 -1.296010697783294557e-02 -7.945629843437762574e-01
-1.600206038349762050e+00 -1.847402465089079604e-03 -4.020082445711429808e-01
-1.598675245668370604e+00 9.546336461231002060e-03 -9.469411025107144289e-03
-1.592901407286006377e+00 1.948769668137200969e-02 3.831473469345186844e-01
-1.583760973334459976e+00 2.646318620124776810e-02 7.758902774303759742e-01
-1.541386615240031288e+00 1.847402465089070930e-03 2.739584409018650746e+00
-1.542917407921422734e+00 -9.546336461230996856e-03 3.132123242564686105e+00
-1.548691246303786961e+00 -1.948769668137199582e-02 -2.758445306655274987e+00
-1.562776583334837266e+00 2.925474479177435014e-02 -1.161257478346738425e+00
-1.552190177310347252e+00 2.395862002253373174e-02 -7.684528074929303232e-01
-1.544438698441873870e+00 1.501551436705982415e-02 -3.757787298706488643e-01
-1.540699885884638798e+00 3.787691278167390312e-03 1.677945236384231417e-02
-1.541540641736374839e+00 -8.016311822292086775e-03 4.093042613390963647e-01
-1.546833560658596562e+00 -1.860080901511519669e-02 8.018977328686215378e-01
-1.555775595878787332e+00 -2.635465635050358163e-02 1.194621746796569628e+00
-1.567006919448142188e+00 -3.009622495443069201e-02 1.587461748973637565e+00
-1.578816070254955850e+00 -2.925474479177435708e-02 1.980335175243054469e+00
-1.589402476279445864e+00 -2.395862002253373868e-02 2.373139846096862460e+00
-1.600892767705154540e+00 -3.787691278167391613e-03 -3.124813201225951076e+00
1.717839162900853589e+00 8.015278200572154010e-02 9.018343055577061618e-01
-1.717839162900853589e+00 -8.015278200572154010e-02 -2.239758348032086843e+00
-1.737156276012656431e+00 -1.808494516945691882e-02 -1.851458173816174391e+00
-1.731546017650361424e+00 4.666912566655806449e-02 -1.464026717260918486e+00
-1.465424875758521761e+00 1.302283279872440969e-01 5.101057158133669445e-01
-1.423753490688939749e+00 8.015278200572156786e-02 9.018343055577060507e-01
-1.404436377577136685e+00 1.808494516945692576e-02 1.290134479773618503e+00
-1.410046635939431914e+00 -4.666912566655806449e-02 1.677565936328874407e+00
-1.439849919053115102e+00 -1.044759191807407839e-01 2.067168442953130736e+00
-1.489772954878465283e+00 -1.465673375385260491e-01 2.460772318782681989e+00
-1.552458263159057772e+00 -1.663324909666905604e-01 2.857894305066774887e+00
-1.618074087431971897e+00 -1.605731448278831797e-01 -3.027258593706562362e+00
-1.676167777831271355e+00 -1.302283279872441246e-01 -2.631486937776426949e+00
-1.657618737930038444e+00 -3.252135842933528420e-01 2.596939512579689247e+00
-1.777729935440096387e+00 -2.669031209346673927e-01 3.003264689520182884e+00
-1.863055816361436579e+00 -1.686249087337771402e-01 -2.890224306070294347e+00
-1.534943904290167582e+00 9.791195424968075420e-03 8.111132074131556235e-01
1.534943904290167582e+00 -9.791195424968075420e-03 -2.330479446176637826e+00
1.541416721510269427e+00 -2.276423805903578582e-02 -2.723019626458654585e+00
1.552364149722334385e+00 -3.227375785130037755e-02 -3.115755676767144156e+00
1.566122342310614757e+00 -3.686985756248650770e-02 2.774519251154032418e+00
1.580593817971842396e+00 -3.585070324060508906e-02 2.381558351273479257e+00
1.593570389594983538e+00 -2.937199101282399194e-02 1.988700414980624886e+00
1.603075564041081202e+00 -1.842257738358806657e-02 1.596038463966606979e+00
1.607666586728028646e+00 -4.670807945577680302e-03 1.203550633005015635e+00
1.606648749299625756e+00 9.791195424968068481e-03 8.111132074131557346e-01
1.600175932079523911e+00 2.276423805903578582e-02 4.185730271311386974e-01
-1.567682119248850814e+00 6.471023502067688865e-03 7.876203554989446021e-01
1.567682119248850814e+00 -6.471023502067688865e-03 -2.353972298090848625e+00
1.570395564962118629e+00 -7.170194637548034725e-03 -2.746680019111640281e+00
1.573170028601214687e+00 -6.777752167788522394e-03 -3.139388581802564637e+00
1.575583089356884070e+00 -5.353449495647267728e-03 2.751092874993273263e+00
1.577267381675141911e+00 -3.114142343673103729e-03 2.358396530259118329e+00
1.577966522008227512e+00 -4.007515308997595645e-04 1.965706087757173703e+00
1.571197088627674487e+00 7.170194637548035592e-03 3.949126344781533349e-01
1.568422624988578429e+00 6.777752167788524996e-03 2.204071787228722903e-03
1.564325271914651205e+00 3.114142343673105030e-03 -7.831961233306747872e-01
1.563626131581565604e+00 4.007515308997565287e-04 -1.175886565832619857e+00
1.564018555533160493e+00 -2.373647284957321624e-03 -1.568576166738066657e+00
1.565442815967785117e+00 -4.786693968704328409e-03 -1.961270479626478602e+00
-1.537491629710919128e+00 -1.092857461757541782e-02 8.085935223932232407e-01
1.537491629710919128e+00 1.092857461757541782e-02 -2.332999131196570097e+00
1.535844984762899879e+00 -2.645556468533272372e-03 -2.725469970218684423e+00
1.539515580306498821e+00 -1.581736186987963907e-02 -3.117967874751206736e+00
1.547947742674050442e+00 -2.658303245390908343e-02 2.772574659377883943e+00
1.559861688855017636e+00 -3.330270751585304168e-02 2.379753949424465720e+00
1.573443499979789051e+00 -3.495121967055860729e-02 1.986826506854830976e+00
1.586621429055369292e+00 -3.127683224511195598e-02 1.593926185983856270e+00
1.597386296427685481e+00 -2.284051012893403496e-02 1.201170913831194786e+00
1.604101023878873988e+00 -1.092857461757541955e-02 8.085935223932233518e-01
1.605747668826893237e+00 2.645556468533261530e-03 4.161226833711093032e-01
1.602077073283294517e+00 1.581736186987962173e-02 2.362477883858670608e-02
1.593644910915742674e+00 2.658303245390907302e-02 -3.690179942119086731e-01
1.544206357162107857e+00 2.284051012893404883e-02 -1.940421739758597885e+00
-1.541329668820399901e+00 -1.945549720157901258e-02 8.056644120243493523e-01
1.541329668820399901e+00 1.945549720157901258e-02 -2.335928241565444097e+00
1.536129227117097429e+00 6.700815626969189830e-03 -2.728456810230042606e+00
1.536203200624917997e+00 -7.072928664830259449e-03 -3.120917380870684266e+00
1.541540398609101858e+00 -1.977101260537800567e-02 2.769735734254229698e+00
1.551332382222045059e+00 -2.946107973004245470e-02 2.377034157045235130e+00
1.564091482725090243e+00 -3.466632107627790754e-02 1.984164559358513102e+00
1.577873489461206313e+00 -3.459226054488000190e-02 1.591226829199828607e+00
1.590575801308960591e+00 -2.925020877278840248e-02 1.198360860810944395e+00
1.600262984769393215e+00 -1.945549720157901605e-02 8.056644120243492413e-01
1.605463426472695687e+00 -6.700815626969200238e-03 4.131358433597507318e-01
1.605389452964875341e+00 7.072928664830256847e-03 2.067527271910904810e-02
1.600052254980691258e+00 1.977101260537799873e-02 -3.718569193355635294e-01
-1.566609847820077173e+00 -7.695026090254840634e-01 7.846115462056229006e-01
1.566609847820077173e+00 7.695026090254840634e-01 -2.356981107384170215e+00
1.212395732492150380e+00 6.966663617207866643e-01 -2.879356817272303637e+00
9.682080345045679381e-01 5.119327730023487399e-01 2.980204996147915342e+00
8.398764417163545604e-01 2.666327496839852040e-01 2.647256553159473391e+00
8.012893383184837015e-01 -3.006962874184498837e-03 2.358320742041966955e+00
8.416555935537576305e-01 -2.723969795508024427e-01 2.068911205030072420e+00
2.301716211873438667e+00 -2.666327496839854816e-01 -4.943361004303197248e-01
2.340303315271309526e+00 3.006962874184415570e-03 -7.832719115478259386e-01
2.299937060036035597e+00 2.723969795508024982e-01 -1.072681448559721140e+00
2.169354802562734275e+00 5.168173166696974352e-01 -1.407138806492644001e+00
1.922395922866878992e+00 6.996707544100660980e-01 -1.833151463648467150e+00
-1.543174838328307041e+00 -3.175371696559663864e-02 8.040486985972258305e-01
1.543174838328307041e+00 3.175371696559663864e-02 -2.337543954992567397e+00
1.533128386815571398e+00 1.876916731626795953e-02 -2.730157979608936802e+00
1.528815307186740746e+00 2.930486010928228316e-03 -3.122565032669969209e+00
1.530886882412776151e+00 -1.335363785453670162e-02 2.768249221752375977e+00
1.539030500929873924e+00 -2.760756074382607339e-02 2.375722185794542529e+00
1.552013839195186762e+00 -3.766130217336283170e-02 1.982938289565719714e+00
1.610705771177016965e+00 1.335363785453669468e-02 -3.733434318374171390e-01
1.602562152659919414e+00 2.760756074382606298e-02 -7.658704677952502538e-01
1.589578814394606576e+00 3.766130217336282476e-02 -1.158654364024073846e+00
1.573729397041759626e+00 4.198083924109903553e-02 -1.551645608936999432e+00
1.557432048549506121e+00 3.990588422592998563e-02 -1.944672962129502469e+00
-1.605834722542305082e+00 5.156253987535974054e-02 -1.928432154309451363e+00
-1.583418401910149820e+00 6.104242416328339860e-02 -1.535214811500129395e+00
-1.519202175485916406e+00 3.499180882508691470e-02 -3.558292218813318142e-01
-1.509749051839938794e+00 1.259856512493742232e-02 3.635155969665517656e-02
-1.509571928377229533e+00 -1.170643872371779359e-02 4.283074868974685034e-01
-1.535757931047488034e+00 -5.156253987535975442e-02 1.213160499280341975e+00
-1.558174251679643296e+00 -6.104242416328340554e-02 1.606377842089663721e+00
-1.562522248104283085e+00 -3.504109955762119838e-02 7.909555153828676799e-01
1.562522248104283085e+00 3.504109955762119838e-02 -2.350637138206925769e+00
1.549739414474097465e+00 2.920690921739267989e-02 -2.743498774721576439e+00
1.540166324718726276e+00 1.892685988161726951e-02 -3.136180215730118626e+00
1.535256751973193001e+00 5.767464000267424028e-03 2.754493408264369059e+00
1.535754028721296738e+00 -8.268999312245740516e-03 2.362041722269843991e+00
1.541582944986984005e+00 -2.104793040095368287e-02 1.969505216377810619e+00
1.551860587001875125e+00 -3.062451429214628831e-02 1.576788641092764287e+00
1.565025218627149162e+00 -3.553898348653408701e-02 1.183902139889671856e+00
1.579070405485510031e+00 -3.504109955762119838e-02 7.909555153828677909e-01
1.591853239115695651e+00 -2.920690921739267643e-02 3.980938788682168439e-01
1.601426328871067062e+00 -1.892685988161727645e-02 5.412437859674629204e-03
1.606335901616600115e+00 -5.767464000267434436e-03 -3.870992453254236687e-01
1.605838624868496378e+00 8.268999312245723168e-03 -7.795509313199487922e-01
-9.950484482437672584e-01 4.401992082758015568e-01 -9.707556992903531023e-01
-8.872189713595741711e-01 2.066577190695261246e-01 -6.366042286253579263e-01
-8.627901047623948161e-01 -4.699551288156271489e-02 -3.350240635570745362e-01
-9.163703478797103896e-01 -2.963113600010142679e-01 -2.618203266030834711e-02
-1.059125196471017327e+00 -5.150253613934142605e-01 3.301896671150424400e-01
-1.306706033054668703e+00 -6.663643696616650125e-01 7.685763854921927596e-01
-1.632626875813973477e+00 -7.070614315557239848e-01 1.275967141991891429e+00
-1.938130854789680058e+00 -6.214032138199975241e-01 1.764997179731995214e+00
-2.146544205346025969e+00 -4.401992082758018343e-01 2.170836954299439903e+00
-2.254373682230219167e+00 -2.066577190695263744e-01 2.504988424964434746e+00
-2.278802548827398411e+00 4.699551288156274265e-02 2.806568590032719079e+00
9.820277333325874158e-01 -2.416911406993807465e-01 4.740757293995083721e-01
-9.820277333325874158e-01 2.416911406993807465e-01 -2.667516924190284744e+00
-9.399725262102025525e-01 1.478496392333368548e-02 -2.343598170041615525e+00
-9.723983914383396154e-01 -2.136485499677065192e-01 -2.021853066086201078e+00
-2.201620127379591008e+00 -1.478496392333365599e-02 7.979944835481777021e-01
-2.169194262151453501e+00 2.136485499677064914e-01 1.119739587503592260e+00
-2.057687752815403393e+00 4.186846291781369245e-01 1.473130271271041014e+00
-1.858964975771815187e+00 5.694824744246147485e-01 1.886384254577547104e+00
-1.589104218143083225e+00 6.307439759029330739e-01 2.357993022463557242e+00
-1.314006523913115787e+00 5.829771514517075870e-01 2.834098710652509290e+00
-1.104346568830427033e+00 4.416894452100339485e-01 -3.027259776703740357e+00
-1.532391581662001068e+00 4.962450113350262010e-02 -1.155951775401977244e+00
-1.516331330759907337e+00 3.115812827931663601e-02 -7.633571224505502073e-01
-1.508562612945625769e+00 7.959346759917771894e-03 -3.712590817270947086e-01
-1.510247747652623485e+00 -1.644702863445841184e-02 2.069416334196813589e-02
-1.521135267117362577e+00 -3.835744402971442285e-02 4.129385823471723449e-01
-1.539591957040208348e+00 -5.443853392399448932e-02 8.057407734556142342e-01
-1.562821542361186644e+00 -6.223174002065225835e-02 1.199041270154965977e+00
-1.587273544567790573e+00 -6.054037996755427808e-02 1.592487507822531345e+00
-1.609201071927792270e+00 -4.962450113350265479e-02 1.985640878187815428e+00
-1.625261322829885779e+00 -3.115812827931666723e-02 2.378235531139242465e+00
-1.631344905937169854e+00 1.644702863445841184e-02 -3.120898490247825396e+00
-1.620457386472430761e+00 3.835744402971440203e-02 -2.728654071242621715e+00
1.616885696294618091e+00 -8.519103441236595964e-02 8.139741497502321899e-01
-1.616885696294618091e+00 8.519103441236595964e-02 -2.327618503839560926e+00
-1.580692169246638912e+00 9.632743958142499230e-02 -1.933431679595960517e+00
-1.495612074463089414e+00 -6.108160773683106448e-02 4.209418206943002505e-01
-1.524706957295175247e+00 -8.519103441236594576e-02 8.139741497502319678e-01
-1.656077485804823057e+00 -4.592210573262835160e-02 2.388694889059978177e+00
-1.667128454005187388e+00 -9.849964814264382598e-03 2.779909099236750336e+00
-1.663591758411654631e+00 2.770944537955113279e-02 -3.112338591818064604e+00
-1.645980579126703924e+00 6.108160773683098815e-02 -2.720650832895493476e+00
