3.133431301710023043e+00 -6.168454122572908371e-01 7.221468557907181340e-01
-3.133431301710023043e+00 6.168454122572908371e-01 -2.419445797799074871e+00
-3.129084974119089591e+00 1.009524961972723789e+00 -2.413578026113524011e+00
-3.101925046965280153e+00 1.402129106727467711e+00 -2.385061646223698872e+00
-2.994005698177884880e-02 1.346537108936989968e+00 6.882349683994982703e-01
-1.150788520218838130e-02 9.539039538084337355e-01 7.080388387090280622e-01
-8.161351879770283382e-03 -6.168454122572907261e-01 7.221468557907180230e-01
-1.250767947070361395e-02 -1.009524961972723567e+00 7.280146274762693270e-01
-3.966760662451335184e-02 -1.402129106727467711e+00 7.565310073660950207e-01
-3.111652596608014409e+00 -1.346537108936990190e+00 -2.453357685190294735e+00
-3.130084768387605187e+00 -9.539039538084342906e-01 -2.433553814880764943e+00
-3.133729166912394781e+00 -5.612221869422111542e-01 -2.428352099482752546e+00
-3.134839725864293491e+00 -1.685332657529247657e-01 -2.425299652226053038e+00
-3.134764575259364250e+00 2.241569932973665469e-01 -2.422649123942250959e+00
3.120493137536056505e+00 -6.924060725664311633e-01 2.676263932317455296e-01
-3.120493137536056505e+00 6.924060725664311633e-01 -2.873966260358047808e+00
-3.106807691065191612e+00 1.084964724238066003e+00 -2.856674593074607138e+00
-2.968238389433245583e+00 1.476508590549866717e+00 -2.714837691707651324e+00
-5.493630167512867507e-02 1.270553673989987864e+00 2.016721391463761892e-01
-2.543245258665562114e-02 8.781219235914925481e-01 2.345824341623101716e-01
-2.109951605373667355e-02 -6.924060725664310523e-01 2.676263932317455296e-01
-3.478496252460159394e-02 -1.084964724238066003e+00 2.849180605151863110e-01
-1.733542641565471720e-01 -1.476508590549866717e+00 4.267549618821415702e-01
-3.086656351914664587e+00 -1.270553673989988308e+00 -2.939920514443417066e+00
-3.116160201003137953e+00 -8.781219235914928811e-01 -2.907010219427482944e+00
-3.123230372577179725e+00 -4.855121957500000418e-01 -2.896006907718638335e+00
-3.048342425077014362e+00 -1.278794188857186542e+00 2.045691294776862179e+00
3.048342425077014362e+00 1.278794188857186542e+00 -1.095901358812930937e+00
2.577519182960591460e-01 1.465445426908440263e+00 2.391400448202422258e+00
5.643074939169751697e-02 1.075536260938630084e+00 2.184677833584109052e+00
3.456954704639515763e-02 6.832104139120677155e-01 2.156844116034731584e+00
4.243556326502106318e-02 -8.868522406584277151e-01 2.102116489303239799e+00
9.325022851277878222e-02 -1.278794188857186542e+00 2.045691294776862179e+00
2.883840735293733637e+00 -1.465445426908440263e+00 -7.501922053873704144e-01
3.085161904198095328e+00 -1.075536260938630084e+00 -9.569148200056841747e-01
3.107023106543397972e+00 -6.832104139120679376e-01 -9.847485375550617537e-01
3.113610057783060547e+00 -2.906964149477025416e-01 -9.985547629642167466e-01
3.114644661821232230e+00 1.018583877757613804e-01 -1.009317833933529363e+00
3.111136401877126811e+00 4.944004367926408405e-01 -1.021032117730349187e+00
3.099157090324772046e+00 8.868522406584274931e-01 -1.039476164286553095e+00
3.206532499780531675e-02 -1.328233331714454346e+00 -6.426586541485528326e-01
-3.206532499780531675e-02 1.328233331714454346e+00 2.498933999441240505e+00
-1.297892217643822031e-02 9.356138816265833213e-01 2.519613480553646756e+00
-9.565974507820129355e-03 -6.351203658041497668e-01 2.535736605276125655e+00
-1.490347493916517781e-02 -1.027792168815076401e+00 2.542821260497779345e+00
-5.139875061566521325e-02 -1.420344669884297861e+00 2.580880373757089341e+00
-3.109527328591987771e+00 -1.328233331714454346e+00 -6.426586541485527215e-01
-3.128613731413354859e+00 -9.356138816265834324e-01 -6.219791730361463600e-01
-3.132598674907293823e+00 -5.429371355195530269e-01 -6.161782661207386713e-01
-3.133804333562699274e+00 -1.502514568636112435e-01 -6.126972398505726725e-01
-3.133660099145336719e+00 2.424358035473198336e-01 -6.096270190189601035e-01
-3.132026679081973075e+00 6.351203658041503219e-01 -6.058560483136674613e-01
-3.126689178650628342e+00 1.027792168815076401e+00 -5.987713930920137706e-01
-3.090193902974128104e+00 1.420344669884297195e+00 -5.607122798327041080e-01
-3.117619264068992369e+00 -7.523597483536861308e-01 1.465496863327203414e+00
3.117619264068992369e+00 7.523597483536861308e-01 -1.676095790262589924e+00
3.099222606509365097e+00 1.144864481221143482e+00 -1.698299977538496375e+00
2.652521002763993163e+00 1.533536682274360796e+00 -2.148495337357216872e+00
4.967200759836992024e-02 1.210585377141078611e+00 1.528370004744550981e+00
2.560416579139170035e-02 8.181296376551429050e-01 1.500570658525051559e+00
1.921544254635323273e-02 4.255246925379990719e-01 1.489813995231078936e+00
1.751114083366536733e-02 3.288999294914329158e-02 1.482456971027363402e+00
1.869877710805790960e-02 -3.597464377193067553e-01 1.475297742779304144e+00
2.397338952080068503e-02 -7.523597483536861308e-01 1.465496863327203414e+00
4.237004708042805406e-02 -1.144864481221143260e+00 1.443292676051296741e+00
4.890716508257962891e-01 -1.533536682274360574e+00 9.930973162325801296e-01
3.091920645991423466e+00 -1.210585377141079055e+00 -1.613222648845242135e+00
3.115988487798401430e+00 -8.181296376551431271e-01 -1.641021995064741779e+00
-2.972978019989562348e+00 -1.426338709228279100e+00 2.084290142473609109e+00
2.972978019989562348e+00 1.426338709228279100e+00 -1.057302511116184229e+00
9.726707670537027006e-02 1.319394789304440652e+00 2.345408919908835266e+00
4.028260410413600501e-02 9.274454311609469093e-01 2.283417090557803508e+00
3.018516092934088110e-02 -6.427427988109619683e-01 2.233084802547848025e+00
4.735131465264758033e-02 -1.035168412867338850e+00 2.210453493178873519e+00
1.686146336002308510e-01 -1.426338709228278878e+00 2.084290142473609109e+00
3.044325576884423068e+00 -1.319394789304440874e+00 -7.961837336809579613e-01
3.101310049485657583e+00 -9.274454311609471313e-01 -8.581755630319899408e-01
3.113507437514702936e+00 -5.349628100132081121e-01 -8.760906661314992183e-01
3.117185037868652309e+00 -1.423948861184443915e-01 -8.869470894591816590e-01
3.116655570740149095e+00 2.501877390941641410e-01 -8.965868207027115622e-01
3.111407492660452245e+00 6.427427988109620793e-01 -9.085078510419452025e-01
3.094241338937145702e+00 1.035168412867338406e+00 -9.311391604109195974e-01
2.896392056703064544e+00 -1.166285245893036615e+00 2.325538687626065748e+00
-2.896392056703064544e+00 1.166285245893036615e+00 -8.160539659637273679e-01
-1.580589242834687491e+00 1.475106457257445713e+00 5.187975707461094377e-01
-2.462714933932310390e-01 1.168108648376797065e+00 1.872160490288389045e+00
-1.350348704524747256e-01 7.817656084149016138e-01 2.004003456557552187e+00
-2.452005968867286834e-01 -1.166285245893036393e+00 2.325538687626065748e+00
-1.561003410755104293e+00 -1.475106457257445713e+00 -2.622795082843685233e+00
-2.895321160196562271e+00 -1.168108648376797287e+00 -1.269432163301404293e+00
2.515080314772150018e-03 -8.308781440308454780e-01 1.651056224298229846e+00
-2.515080314772150018e-03 8.308781440308454780e-01 -1.490536429291563270e+00
-1.872653721585582683e-03 4.381799635273514459e-01 -1.489473533932637039e+00
-1.697490697261077718e-03 4.548149006790000448e-02 -1.488756158895323534e+00
-1.803353503117903402e-03 -3.472170059003086839e-01 -1.488065331318103368e+00
-2.296109743265616759e-03 -7.399152953110524900e-01 -1.487130884133094133e+00
-3.996599402275982475e-03 -1.132612621138098241e+00 -1.485059961675168072e+00
-3.727963522708822169e-02 -1.525283192137423915e+00 -1.451437914800181694e+00
-3.136609376791596571e+00 -1.223574827579236191e+00 1.648227784123427853e+00
-3.139077573275021127e+00 -8.308781440308455890e-01 1.651056224298229846e+00
-3.139296543846527676e+00 7.399152953110523789e-01 1.654461769456699205e+00
-3.137596054187517414e+00 1.132612621138098907e+00 1.656532691914625044e+00
-3.104313018362705012e+00 1.525283192137423915e+00 1.690154738789611422e+00
-4.983276798196492434e-03 1.223574827579236635e+00 -1.493364869466365263e+00
3.100460277631484907e+00 -1.163777008128582979e+00 -4.311742162447732007e-01
-3.100460277631484907e+00 1.163777008128582979e+00 2.710418437345019971e+00
-2.281447356024065787e+00 1.549317117005353239e+00 -2.750511034760469542e+00
-4.400940921526554084e-02 1.191777077072821767e+00 -5.098392004193100790e-01
-2.334982094696282443e-02 7.992746143843728612e-01 -4.856894255038702313e-01
-1.772498356628043892e-02 4.066547223764601093e-01 -4.759611584193266798e-01
-1.628096079251845768e-02 1.401085700968065541e-02 -4.691777382284170184e-01
-1.752043906825716951e-02 -3.786336455387322442e-01 -4.624725911361157737e-01
-2.270465853772796194e-02 -7.712566141238019757e-01 -4.531222339653568909e-01
-4.113237595830824406e-02 -1.163777008128582757e+00 -4.311742162447732563e-01
-8.601452975657221112e-01 -1.549317117005353017e+00 3.910816188293181339e-01
-3.097583244374527922e+00 -1.191777077072821767e+00 2.631753453170483592e+00
-3.118242832642830198e+00 -7.992746143843733053e-01 2.655903228085922940e+00
-3.118887995052065154e+00 7.712566141238014206e-01 2.688470419624436225e+00
2.994857770597429525e+00 -1.356375615261609990e+00 2.353469490163800693e+00
-2.994857770597429525e+00 1.356375615261609990e+00 -7.881231634259925345e-01
-1.716616691594417821e-01 1.387649302625731940e+00 2.041203045798106075e+00
-5.732904789659201694e-02 9.968341135241837181e-01 2.161890473371615329e+00
-3.782151631937460262e-02 6.045498679232601535e-01 2.188544066390386345e+00
-3.703017075370636929e-02 -5.729003490012702926e-01 2.230127930616044640e+00
-5.467975988823572248e-02 -9.652120422235848096e-01 2.255019002856503363e+00
-1.467348829923637854e-01 -1.356375615261609990e+00 2.353469490163800693e+00
-2.969930984430351195e+00 -1.387649302625732162e+00 -1.100389607791687263e+00
-3.084263605693201349e+00 -9.968341135241839401e-01 -9.797021802181781203e-01
-3.103771137270418645e+00 -6.045498679232608197e-01 -9.530485871994065494e-01
-3.104562482836086712e+00 5.729003490012702926e-01 -9.114647229737484757e-01
-3.086912893701557525e+00 9.652120422235842545e-01 -8.865736507332903082e-01
3.122576270401463905e+00 -9.697956023579117346e-01 -2.563587863169802250e-01
-3.122576270401463905e+00 9.697956023579117346e-01 2.885233867272813058e+00
-3.089620642844247644e+00 1.362305572177149759e+00 2.920397604539524128e+00
-5.855325400066706265e-02 1.386005014418162817e+00 -3.296021177800698698e-01
-1.970397047722463948e-02 9.935267010902710805e-01 -2.885552295944369128e-01
-1.303623964217145645e-02 6.008767678820557956e-01 -2.794140652719713236e-01
-1.099007398563379805e-02 2.082050993222498703e-01 -2.743153169265564184e-01
-1.093831053478769647e-02 -1.844709808227691095e-01 -2.700370825365699390e-01
-1.283113002294164126e-02 -5.771432077766965874e-01 -2.650421897493982493e-01
-1.901638318832927707e-02 -9.697956023579116236e-01 -2.563587863169802250e-01
-5.197201074554550632e-02 -1.362305572177149537e+00 -2.211950490502694044e-01
-3.083039399589126095e+00 -1.386005014418163039e+00 2.811990535809723468e+00
-3.121888683112568508e+00 -9.935267010902716356e-01 2.853037423995356203e+00
-3.128556413947621628e+00 -6.008767678820560176e-01 2.862178588317821681e+00
-3.128761523566851555e+00 5.771432077766962543e-01 2.876550463840394922e+00
2.472131225714857994e+00 1.398618406156231009e+00 -1.931489702694672239e+00
3.979666959600850484e-01 1.292889764680706710e+00 2.256508919010295156e+00
6.694614278749345671e-01 -1.398618406156231009e+00 1.210102950895121543e+00
2.743625957629708179e+00 -1.292889764680706488e+00 -8.850837345794979605e-01
-9.234803691678202973e-04 -6.249902090177369418e-01 9.868529664227851939e-01
9.234803691678202973e-04 6.249902090177369418e-01 -2.154739687167007922e+00
7.695836543224457340e-04 2.322912633046839148e-01 -2.155102841550071258e+00
7.586531793735294595e-04 -1.604077066797411077e-01 -2.155401178414908525e+00
8.801466623891006542e-04 -5.531066606146194387e-01 -2.155742376136036142e+00
1.279998205140199389e-03 -9.458055267504296149e-01 -2.156318044202552020e+00
3.253195168243959955e-03 -1.338503811686134082e+00 -2.158445824606315178e+00
3.136903792024003490e+00 -1.410386841501944488e+00 9.909413144576152410e-01
3.140167057058095956e+00 -1.017689038813115454e+00 9.875256828058185388e-01
3.140669173220625332e+00 -6.249902090177370528e-01 9.868529664227851939e-01
3.140712506927404224e+00 5.531066606146192166e-01 9.858502774537573066e-01
3.140312655384653429e+00 9.458055267504292818e-01 9.852746093872415400e-01
3.138339458421549377e+00 1.338503811686134526e+00 9.831468289834776053e-01
4.688861565789244346e-03 1.410386841501944488e+00 -2.150651339132178652e+00
1.425596531697041975e-03 1.017689038813116120e+00 -2.154066970783974799e+00
3.122159245422532869e+00 -9.735650408412195311e-01 1.878177716935437225e+00
-3.122159245422532869e+00 9.735650408412195311e-01 -1.263414936654355891e+00
-3.087816000394759008e+00 1.366064152050650682e+00 -1.226829329726706996e+00
-5.832944054515621507e-02 1.382228475850131311e+00 1.804809916564660055e+00
-1.990993253740318616e-02 9.897516167666943199e-01 1.845464504508584902e+00
-1.321466898026882331e-02 5.971028770159779731e-01 1.854677443632192446e+00
-1.307249998782538183e-02 -5.809145675795499564e-01 1.869281999929264915e+00
-1.943340816726016329e-02 -9.735650408412193091e-01 1.878177716935437225e+00
-5.377665319503397573e-02 -1.366064152050650682e+00 1.914763323863085898e+00
-3.083263213044637130e+00 -1.382228475850131311e+00 -1.336782737025133061e+00
-3.121682721052390086e+00 -9.897516167666943199e-01 -1.296128149081208436e+00
-3.128377984609524542e+00 -5.971028770159783061e-01 -1.286915209957600670e+00
-3.130432237082621416e+00 -2.044320143673492851e-01 -1.281750757542927666e+00
-3.130468117381764781e+00 1.882433115940533308e-01 -1.277403123054638545e+00
-3.128520153601968001e+00 5.809145675795496233e-01 -1.272310653660528423e+00
1.330629095632768731e-02 -6.502514147060031169e-01 1.141314538656770461e+00
-1.330629095632768731e-02 6.502514147060031169e-01 -2.000278114933022877e+00
-1.095211567865582956e-02 2.575802173770645465e-01 -1.995012425404502077e+00
-1.068817380974242115e-02 -1.350964663893253481e-01 -1.990782764255042858e+00
-1.225889326645364548e-02 -5.277704777109478718e-01 -1.986048451444968554e+00
-1.749213837999692017e-02 -9.204285296629765023e-01 -1.978300530325830309e+00
-4.154994884263740057e-02 -1.312988544481456632e+00 -1.952044087623305613e+00
-3.063122384087093142e+00 -1.435280289162377709e+00 1.071616545659994868e+00
-3.120566348993093708e+00 -1.042896963109708253e+00 1.131205677094381690e+00
-3.128286362633465600e+00 -6.502514147060032279e-01 1.141314538656770461e+00
-3.124100515209796480e+00 9.204285296629758362e-01 1.163292123263963029e+00
-3.100042704747155486e+00 1.312988544481456854e+00 1.189548565966487725e+00
-7.847026950269925250e-02 1.435280289162377709e+00 -2.069976107929797582e+00
-2.102630459669968185e-02 1.042896963109708919e+00 -2.010386976495411648e+00
-3.094482095637024255e+00 1.042665245854564215e+00 -2.664563037073615526e+00
-2.966952522682320126e+00 1.433788781059175399e+00 -2.532226219451501947e+00
-9.285627556582891351e-02 1.311980023792129080e+00 3.465497676348259781e-01
-3.918081534187435599e-02 9.199770828329574268e-01 4.051525803111472590e-01
-2.981963360569705665e-02 -6.502349471577677509e-01 4.543856154186319274e-01
-4.711055795276896524e-02 -1.042665245854563993e+00 4.770296165161776458e-01
-1.746401309074731845e-01 -1.433788781059175177e+00 6.093664341382913907e-01
-3.048736378023964910e+00 -1.311980023792129302e+00 -2.795042885954966749e+00
-3.102411838247919107e+00 -9.199770828329576489e-01 -2.736440073278645801e+00
3.126126727040698938e+00 -7.304264267494565699e-01 1.473612846975395907e-01
-3.126126727040698938e+00 7.304264267494565699e-01 -2.994231368892253720e+00
-3.114980730029128786e+00 1.123046757665756568e+00 -2.980560816290222625e+00
-2.934688918886909637e+00 1.514689802499554538e+00 -2.797963144610238651e+00
-3.474981715740190630e-02 1.232820675002400224e+00 1.042567627454804025e-01
-1.726473054090555195e-02 8.402363865407729282e-01 1.241828024749897647e-01
-1.277903758996094125e-02 4.475795193939627326e-01 1.315113406099649163e-01
-1.153759811156790903e-02 5.490864873921589423e-02 1.364089341954762835e-01
-1.221013559812735884e-02 -3.377634778164443352e-01 1.410885043308587883e-01
-1.546592654909432173e-02 -7.304264267494564589e-01 1.473612846975395629e-01
-2.661192356066437864e-02 -1.123046757665756346e+00 1.610318372995707958e-01
-2.069037347028832019e-01 -1.514689802499554538e+00 3.436295089795538549e-01
-3.106842836432391231e+00 -1.232820675002400668e+00 -3.037335890844312658e+00
-3.124327923048887623e+00 -8.402363865407731502e-01 -3.017409851114803310e+00
-3.133656126667164088e+00 -6.560250678586618811e-01 1.178825708754469126e+00
3.133656126667164088e+00 6.560250678586618811e-01 -1.962766944835324212e+00
3.128981335817629716e+00 1.048704998241337227e+00 -1.968857181713646876e+00
3.092877181527516672e+00 1.441286517911743337e+00 -2.006233955667177327e+00
2.415569886732586019e-02 1.307381774679016617e+00 1.206989623135463541e+00
1.030998111878795274e-02 9.147303456377164910e-01 1.191836548021678821e+00
7.936526922629007219e-03 -6.560250678586617701e-01 1.178825708754469126e+00
1.261131777216372568e-02 -1.048704998241337227e+00 1.172735471876146240e+00
4.871547206227654775e-02 -1.441286517911743337e+00 1.135358697922615789e+00
3.117436954722467402e+00 -1.307381774679016839e+00 -1.934603030454329575e+00
3.131282672471005224e+00 -9.147303456377167130e-01 -1.949756105568114517e+00
3.134337151365677698e+00 -5.220455770244092353e-01 -1.954307787994417289e+00
3.135250604173039690e+00 -1.293552998421788891e-01 -1.957107720456120470e+00
3.135079044457385056e+00 2.633358776218315822e-01 -1.959621356523711944e+00
6.061588763834465515e-02 -1.543769286922497264e+00 2.276474828550303364e+00
-6.061588763834465515e-02 1.543769286922497264e+00 -8.651178250394900848e-01
-4.017667277552165218e-03 1.151116815240194491e+00 -8.081930363493650127e-01
-2.255149427763523083e-03 7.584194671810599031e-01 -8.060750573528173701e-01
-1.752999128053166255e-03 3.657211419085785731e-01 -8.051509337464500815e-01
-1.637662257383503198e-03 -2.697739048252336194e-02 -8.044798461292971270e-01
-1.792628982941858002e-03 -4.196759104554911302e-01 -8.037935873232849859e-01
-2.380229932135921166e-03 -8.123741757243474471e-01 -8.027961575576061382e-01
-4.577599715118454808e-03 -1.205071172614129660e+00 -8.002491581874896509e-01
-3.080976765951448204e+00 -1.543769286922497264e+00 2.276474828550302920e+00
-3.137574986312241077e+00 -1.151116815240194491e+00 2.333399617240428547e+00
-3.139337504162029724e+00 -7.584194671810599031e-01 2.335517596236975191e+00
-3.139212423657657514e+00 8.123741757243472250e-01 2.338796496032187200e+00
-3.137015053874675274e+00 1.205071172614129216e+00 2.341343495402303354e+00
