3.052439011900800914e+00 -9.077796805765524502e-01 -9.165602425223277894e-02
-3.052439011900800914e+00 9.077796805765524502e-01 3.049936629337560490e+00
-2.937504872194249828e+00 1.296997511104713174e+00 -3.106900888241778791e+00
-6.942060286197908325e-02 6.599188033693855759e-01 -2.045932313256632051e-01
-3.072172050727814074e+00 -6.599188033693857980e-01 2.936999422264130022e+00
-3.078540982134639670e+00 5.161558575691124195e-01 3.010750393229929767e+00
1.402884896977553419e-01 -7.669384628918546332e-01 1.353114956153630422e+00
-1.402884896977553419e-01 7.669384628918546332e-01 -1.788477697436162916e+00
-1.440834584498949522e-01 -7.937171674741047012e-01 -1.587718278407488581e+00
-2.668695591300613290e-01 -1.179067864686863087e+00 -1.443293960085194172e+00
-1.703663886768244540e+00 -1.469043428788827210e+00 1.355163371566436500e-02
-2.890881396692988936e+00 -1.152916106805396135e+00 1.220874288813720954e+00
-3.001304163892037913e+00 -7.669384628918548552e-01 1.353114956153630200e+00
-3.033086717454562375e+00 -3.771494023405755347e-01 1.410702021470369383e+00
-3.031873703345040916e+00 4.040401670251720367e-01 1.494079144160276984e+00
-2.997509195139898441e+00 7.937171674741047012e-01 1.553874375182304535e+00
-2.874723094459731509e+00 1.179067864686863309e+00 1.698298693504599388e+00
-1.437928766821549464e+00 1.469043428788827210e+00 -3.128041019874129525e+00
-2.507112568968047350e-01 1.152916106805396801e+00 -1.920718364776072606e+00
-1.107881808557494574e-01 -7.654714814285592528e-01 1.870977421119761619e-01
-2.927062991092333810e+00 -1.186966099281404174e+00 3.052418790855008890e+00
-3.027038252657139772e+00 -7.989657758707319202e-01 -3.113689608036150247e+00
2.981525693891928785e+00 -1.019363096480231379e+00 -1.565526477620070023e-01
-2.981525693891928785e+00 1.019363096480231379e+00 2.985040005827786391e+00
3.054748019344956766e+00 -8.222726089930652016e-01 4.336044934534880740e-02
-3.054748019344956766e+00 8.222726089930652016e-01 -3.098232204244444343e+00
-2.972613879065802767e+00 1.212164843549903059e+00 -3.003524033371323121e+00
-9.907249470473901143e-01 1.500165074913807128e+00 -1.009924181799230158e+00
-1.404665018122775166e-01 1.135568273151243979e+00 -1.478642556153765275e-01
-8.684463424483634952e-02 -8.222726089930650906e-01 4.336044934534877271e-02
-1.689787745239905992e-01 -1.212164843549902837e+00 1.380686202184700229e-01
-2.150867706542401336e+00 -1.500165074913807350e+00 2.131668471790561181e+00
-3.001126151777515627e+00 -1.135568273151244867e+00 2.993728397974416477e+00
-3.061202627068977833e+00 -7.450289222482281426e-01 3.066681023194524958e+00
-3.076587075079610489e+00 4.306533757650044536e-01 -3.134767780394311920e+00
-3.073889760970303975e+00 -7.673364324592690799e-01 1.441019759231480846e+00
3.073889760970303975e+00 7.673364324592690799e-01 -1.700572894358312270e+00
3.019788397945996739e+00 1.158458066878290005e+00 -1.765218815929173513e+00
1.904766213556744470e+00 1.519233018938193736e+00 -2.889949283268721469e+00
1.320617832717811135e-01 1.192017652052845378e+00 1.610855902499441106e+00
7.002552131022865556e-02 8.010875549118261496e-01 1.538383810220356196e+00
6.770289261948936321e-02 -7.673364324592688579e-01 1.441019759231480846e+00
1.218042556437963497e-01 -1.158458066878289783e+00 1.376373837660619825e+00
1.236826440033051533e+00 -1.519233018938193736e+00 2.516433703210687600e-01
3.009530870318012141e+00 -1.192017652052845378e+00 -1.530736751090352010e+00
3.071567132279564571e+00 -8.010875549118265937e-01 -1.603208843369437142e+00
3.088495367774230616e+00 -4.090997601656726212e-01 -1.632396983070031116e+00
3.089232973196985199e+00 3.753154970213092301e-01 -1.672743411199907326e+00
-3.022462799059330241e+00 -1.083231930201582260e+00 5.361491318058027311e-02
-8.672852903048935969e-02 -8.204494306409169102e-01 -3.065983828249978060e+00
-1.682664452304070968e-01 -1.210357242263012223e+00 -2.971857443312022617e+00
-2.128670541320536014e+00 -1.501118730048584649e+00 -9.997333795403166024e-01
-3.000486152323849076e+00 -1.137373185071854476e+00 -1.161114603427967212e-01
-3.061016603858202956e+00 -7.468486938743189585e-01 -4.270450366087417959e-02
-3.078554804075586571e+00 -3.551212093708753237e-01 -9.847033506271926986e-03
-3.082452602470686198e+00 3.686470874760409272e-02 1.427926433813865234e-02
-3.076600844394035583e+00 4.288285255118107209e-01 3.915251001041763351e-02
-3.054864124559304006e+00 8.204494306409164661e-01 7.560882533981530540e-02
-2.973326208359385880e+00 1.210357242263012667e+00 1.697352102777707761e-01
-1.012922112269255326e+00 1.501118730048584426e+00 2.141859274049477957e+00
-1.411065012659441231e-01 1.137373185071854920e+00 3.025481193246996270e+00
8.307349689986609498e-02 -7.741757846325300063e-01 -1.028938232968201888e-01
-8.307349689986609498e-02 7.741757846325300063e-01 3.038698830292973163e+00
-1.576400321745546340e-01 -1.183246537438635837e+00 -3.040217918251458595e+00
-1.729220581177317140e+00 -1.510678679470309316e+00 -1.456836690278761282e+00
-2.990909456184352777e+00 -1.164480709823344728e+00 -1.833248465654965798e-01
-3.058519156689927243e+00 -7.741757846325301173e-01 -1.028938232968201749e-01
-3.077598684426142484e+00 -3.824935973285513158e-01 -6.865943658608393563e-02
-3.056933870785140339e+00 7.930999685760837803e-01 1.564651876956976023e-02
-2.983952621415238315e+00 1.183246537438636059e+00 1.013747353383347011e-01
-1.412372072412478419e+00 1.510678679470309538e+00 1.684755963311029614e+00
-1.506831974054407830e-01 1.164480709823345173e+00 2.958267807024296481e+00
-6.025585597773601421e-02 -4.605412298662041048e-01 -3.020140345103660362e+00
-8.204363003806910970e-02 -8.522946562643934909e-01 -2.985124143265200480e+00
-1.680272234091493844e-01 -1.242356699479981064e+00 -2.887745304304229155e+00
-2.473883572304646616e+00 -1.483563233648787172e+00 -5.712110287009445342e-01
-3.020803568039871934e+00 -1.106610442247298209e+00 -1.346652735722457354e-02
-3.070054766745010877e+00 -7.155641585850561759e-01 4.766899377527805681e-02
-3.084662585908102717e+00 -3.236441557517594214e-01 7.652387432100647702e-02
-3.087494320063191022e+00 6.846574388989924709e-02 9.835116911175709187e-02
-3.081336797612057143e+00 4.605412298662037163e-01 1.214523084861329066e-01
-3.059549023551724201e+00 8.522946562643930468e-01 1.564685103245927744e-01
-2.973565430180643787e+00 1.242356699479981508e+00 2.538473492855643499e-01
-6.667309583456591804e-02 -8.633413506252577418e-01 -5.134286711485802623e-02
6.667309583456591804e-02 8.633413506252577418e-01 3.090249786474935423e+00
4.861517109126764491e-02 4.712623569795504896e-01 3.061630943934890769e+00
4.344787892301728294e-02 7.896737824135344197e-02 3.042974833920232935e+00
4.553093631733589469e-02 -3.133532349658066929e-01 3.025501580151636283e+00
5.690928753478142338e-02 -7.055566020713396336e-01 3.002618928286476585e+00
9.508196346163164114e-02 -1.097220559434325393e+00 2.954874740624240825e+00
5.019856005191476456e-01 -1.480687287052850687e+00 2.539272589211247322e+00
3.002039165196535464e+00 -1.254260378053465130e+00 3.065620984093317750e-02
3.074919557755227295e+00 -8.633413506252579639e-01 -5.134286711485806093e-02
3.084683366055011700e+00 7.055566020713393005e-01 -1.389737253033165310e-01
3.046510690128161336e+00 1.097220559434325837e+00 -1.867179129655522907e-01
2.639607053070645026e+00 1.480687287052850909e+00 -6.023200643785461272e-01
1.395534883932577352e-01 1.254260378053465574e+00 -3.110936443748860025e+00
3.063586991524829273e+00 -7.837301696460449163e-01 1.075273399134740182e-01
-3.063586991524829273e+00 7.837301696460449163e-01 -3.034065313676319153e+00
-2.998184829171187893e+00 1.174289561602396059e+00 -2.956771058663532514e+00
-1.573423576189303619e+00 1.515573828782464938e+00 -1.521022565445840469e+00
-7.800566206496394039e-02 -7.837301696460446943e-01 1.075273399134739905e-01
-1.434078244186053619e-01 -1.174289561602395837e+00 1.848215949262604629e-01
-1.568169077400490607e+00 -1.515573828782464938e+00 1.620570088143953535e+00
-2.998085606159134997e+00 -1.174577039400426015e+00 3.061473539989924664e+00
-3.063564422443791457e+00 -7.840197476560064604e-01 3.138843390951540524e+00
-3.079236948077281877e+00 -9.671600693777739899e-01 1.772826326792936946e+00
3.079236948077281877e+00 9.671600693777739899e-01 -1.368766326796856392e+00
2.973426724396224241e+00 1.357852202469182812e+00 -1.481845292863853025e+00
1.924336391078044495e-01 1.384768421875778088e+00 2.013376621944052758e+00
6.495511883207676085e-02 9.944623436630797286e-01 1.878669191085865053e+00
6.235570551251152366e-02 -9.671600693777738789e-01 1.772826326792936946e+00
1.681659291935690692e-01 -1.357852202469182812e+00 1.659747360725939869e+00
2.949159014481988361e+00 -1.384768421875778088e+00 -1.128216031645740358e+00
3.076637534757716175e+00 -9.944623436630801727e-01 -1.262923462503928063e+00
3.098653388209452686e+00 -6.022968637706915818e-01 -1.293072047457137108e+00
3.099430318293435960e+00 5.749639689826041566e-01 -1.340346513950167129e+00
3.045795445500383281e+00 -9.158480245351745541e-01 -9.540238293523148339e-02
-3.045795445500383281e+00 9.158480245351745541e-01 3.046190270654561605e+00
-2.918383613841775137e+00 1.304455778852270820e+00 -3.097471479748890921e+00
-3.079486188886203735e+00 -1.055176177636856671e+00 1.873602516014176489e+00
3.079486188886203735e+00 1.055176177636856671e+00 -1.267990137575616627e+00
2.895299611652325744e+00 1.444943008137196117e+00 -1.458363465571922646e+00
1.140412406054567007e-01 1.298507530274217281e+00 2.037525315237608492e+00
4.968552249999147463e-02 9.068926078269475832e-01 1.966795412520404129e+00
3.516237773904537511e-02 5.145277801171617149e-01 1.944960876068011713e+00
3.083762484195080866e-02 1.220361607305005952e-01 1.931406370126291794e+00
3.176336609622529977e-02 -2.704755122542703560e-01 1.919161730773668140e+00
3.883738064923134697e-02 -6.629385714160953569e-01 1.903741849873062497e+00
6.210646470358959642e-02 -1.055176177636856671e+00 1.873602516014176489e+00
2.462930419374672608e-01 -1.444943008137195894e+00 1.683229188017870692e+00
3.027551412984336388e+00 -1.298507530274217503e+00 -1.104067338352184846e+00
3.091907131089801641e+00 -9.068926078269481383e-01 -1.174797241069389209e+00
3.106430275850748046e+00 -5.145277801171619370e-01 -1.196631777521781625e+00
3.102755272940561859e+00 6.629385714160946907e-01 -1.237850803716730619e+00
-2.980973850881315279e+00 5.332479288760739733e-01 3.084692640351366588e+00
3.058437489655061903e+00 -7.541765507023219239e-01 1.795502426034805421e-01
-3.058437489655061903e+00 7.541765507023219239e-01 -2.962042410986312824e+00
-8.315516393473128265e-02 -7.541765507023219239e-01 1.795502426034805143e-01
-2.972514222580992183e+00 -1.202796055033362066e+00 3.106185452003221936e+00
-3.053407159675583404e+00 -8.129487470288069284e-01 -3.083176718209075684e+00
-3.075204551934894504e+00 -4.213694917032845266e-01 -3.046234278760898029e+00
1.057889516469922020e-01 -6.886517704742707302e-01 6.003379716028266894e-02
-1.057889516469922020e-01 6.886517704742707302e-01 -3.081558856429510662e+00
-1.275928593029053704e-01 -8.753801439717142641e-01 -2.915997998834868543e+00
-2.711199212025230953e-01 -1.261463534483168836e+00 -2.755348644711423045e+00
-2.424719895264794811e+00 -1.446390458485520059e+00 -5.856198719655727469e-01
-2.968447460848188779e+00 -1.077848882460007207e+00 -2.545940926480305677e-02
-3.035803701942801247e+00 -6.886517704742708412e-01 6.003379716028268975e-02
-3.056210612818862860e+00 -2.976800340385603039e-01 1.023135322591802593e-01
-3.059614049353315046e+00 9.368035293066331870e-02 1.350977381407688915e-01
-3.049309394344494439e+00 4.849325778184606639e-01 1.705256308163951851e-01
-3.013999794286887912e+00 8.753801439717137090e-01 2.255946547549246839e-01
-2.870472732387270298e+00 1.261463534483168836e+00 3.862440088783703485e-01
-7.168727583249990820e-01 1.446390458485520059e+00 2.555972781624219703e+00
-1.731451927416048364e-01 1.077848882460007873e+00 3.116133244324990059e+00
-1.618966233129453258e-01 -8.831926156158691477e-01 -1.822521041130292563e+00
-3.469074901110865139e-01 -1.265153606529057173e+00 -1.616060393035080756e+00
-2.362034225770562212e+00 -1.424743536229151397e+00 4.193148073258879394e-01
-2.929122478753987124e+00 -1.064265165544200586e+00 1.007075002846475442e+00
-3.009969959632898373e+00 -6.769104024525662844e-01 1.110785153044229423e+00
-3.025125776141750045e+00 4.940976371989128091e-01 1.248949332589632366e+00
-2.979696030276847818e+00 8.831926156158689256e-01 1.319071612459500553e+00
-2.794685163478705991e+00 1.265153606529057617e+00 1.525532260554713471e+00
-7.795584278192303485e-01 1.424743536229151175e+00 -2.722277846263904344e+00
-2.124701748358061859e-01 1.064265165544201031e+00 -2.134517650743318118e+00
1.115991141661544089e-01 -2.095296257782244542e-01 -1.237997323117009607e+00
3.045266479041210950e+00 -8.997317684335351951e-01 -7.161836928320837459e-02
-3.045266479041210950e+00 8.997317684335351951e-01 3.069974284306584700e+00
-2.925258650989499998e+00 1.288444113677906344e+00 -3.080722523913788091e+00
-4.755865094293137973e-01 1.439803567409678520e+00 -6.192403797488902351e-01
-1.222684354694765635e-01 1.058305922379998210e+00 -2.538351303595810515e-01
-7.621572416067616540e-02 6.673891576116504076e-01 -1.943766041497338448e-01
-3.019324218120316594e+00 -1.058305922379998654e+00 2.887757523230212175e+00
-3.065376929429116881e+00 -6.673891576116507407e-01 2.947216049440059216e+00
-3.079402243055670230e+00 -2.755967524338944208e-01 2.977501658809862395e+00
-3.081343903197837353e+00 1.163855645796015720e-01 3.001449847203282673e+00
-3.073079089642372086e+00 5.082950203049404481e-01 3.027829849095942993e+00
-7.264749670301615114e-02 -8.585473819712681198e-01 -2.967437893315608477e+00
-1.506234187776214484e-01 -1.249153136533852182e+00 -2.879458988612024761e+00
-3.036529963703290314e+00 -1.101414872675576806e+00 2.535652065705055677e-02
-3.079002435577700592e+00 -7.099736912163844282e-01 7.829914938906516741e-02
-3.091633984487211162e+00 -3.178728081531723149e-01 1.035008303252884232e-01
-3.068945156886777159e+00 8.585473819712682308e-01 1.741547602741849166e-01
-2.990969234812171251e+00 1.249153136533852848e+00 2.621336649777688543e-01
3.043067373543292486e+00 -8.488584680279933625e-01 1.082860791339678407e-02
-3.043067373543292486e+00 8.488584680279933625e-01 -3.130764045676396545e+00
-2.941401898172192109e+00 1.237785095461593432e+00 -3.015353106761166302e+00
-7.801971702704295630e-01 1.478252599192278582e+00 -8.412749743175049755e-01
-1.461095589471113343e-01 1.107960650011861725e+00 -1.941442964227650947e-01
-2.361395483319363553e+00 -1.478252599192278582e+00 2.300317679272287918e+00
-2.995483094642681809e+00 -1.107960650011862169e+00 2.947448357167028021e+00
-3.055196807132383174e+00 -7.176756799931750530e-01 3.021473588482128214e+00
-3.069072626945660964e+00 4.575259822613398364e-01 3.110450402823193183e+00
-1.000173621247880396e-01 -8.634020962038093661e-01 -2.953208699506755242e+00
-2.086102630978098060e-01 -1.252110339176008891e+00 -2.830948100480431773e+00
-2.461467314818823748e+00 -1.467433012043340312e+00 -5.652522702615904171e-01
-2.999860672398090955e+00 -1.093519640435037132e+00 -1.381306672201752621e-02
-3.056426037203610502e+00 -7.031290344915713808e-01 5.711091340564641156e-02
-3.073369673470240926e+00 -3.115413205613820069e-01 9.131629987331031650e-02
-3.041575291465005382e+00 8.634020962038088109e-01 1.883839540830377357e-01
-2.932982390491983171e+00 1.252110339176009113e+00 3.106445531093617318e-01
3.064626329302833074e+00 -1.421492796196164310e+00 1.999860970357914214e+00
3.129806401874819066e+00 -2.438147726362620560e-01 1.926592980909663799e+00
3.130027097557733118e+00 1.488582266301629597e-01 1.922032229351988697e+00
3.094249850583139505e+00 1.326702501711157334e+00 1.877806169949080672e+00
7.696632428696033312e-02 1.421492796196164532e+00 -1.141731683231878902e+00
-6.346870811887243835e-02 -4.812475962941787366e-01 -2.961801879336662058e+00
-3.020724735127316762e+00 -1.085707103771509585e+00 4.334411874740116272e-02
-3.068344715355718400e+00 -6.947013878431694822e-01 1.034413577831957698e-01
8.318502447867277827e-02 -7.103761687121161739e-01 1.275600611572912824e+00
-8.318502447867277827e-02 7.103761687121161739e-01 -1.865992042016880514e+00
-9.629595159246333302e-02 -8.564095620969538469e-01 -1.738825824940619880e+00
-1.983725449285909104e-01 -1.245454864397642414e+00 -1.623456754821480885e+00
-2.430323897825356738e+00 -1.474151332438172757e+00 6.209626210818864900e-01
-3.002035580555137972e+00 -1.100855024344586708e+00 1.205325365992809594e+00
-3.058407629111120407e+00 -7.103761687121162849e-01 1.275600611572912824e+00
-3.071059776789581974e+00 4.650095832420622077e-01 1.361590248152710236e+00
-3.045296701997330047e+00 8.564095620969535139e-01 1.402766828649173458e+00
-2.943220108661201984e+00 1.245454864397642858e+00 1.518135898768312675e+00
-7.112687557644368219e-01 1.474151332438172757e+00 -2.520630032507907181e+00
-1.395570730346555599e-01 1.100855024344587152e+00 -1.936267287596983744e+00
-9.756031726170505403e-02 -8.166021925344900678e-01 -3.074878884477397989e+00
-1.879475557775591998e-01 -1.205794542342742970e+00 -2.970260582500364954e+00
-2.036293711709088239e+00 -1.496091786422259595e+00 -1.108674053157877148e+00
-2.981323570916036392e+00 -1.139638270846643486e+00 -1.503151727934291249e-01
-3.050337983876465486e+00 -7.497360961983907668e-01 -6.677397812459769100e-02
-3.070316391181953541e+00 -3.582810775443904805e-01 -2.952760241638010749e-02
-2.953645097812234166e+00 1.205794542342742970e+00 1.713320710894286059e-01
-1.105298941880706876e+00 1.496091786422259595e+00 2.032918600431914413e+00
-1.602690826737567797e-01 1.139638270846644152e+00 2.991277480796363797e+00
