6.711413606085590011e-01 -5.873504517986201101e-01 7.413289362750007383e-01
-6.711413606085590011e-01 5.873504517986201101e-01 -2.400263717314792711e+00
-5.662553550784659162e-01 2.656267618247711848e-01 -2.151059197847286608e+00
-5.455643256167870270e-01 -6.914974320634968696e-02 -1.943786067916701610e+00
-5.970728509304873421e-01 -4.008318166090322210e-01 -1.726408855073081838e+00
-7.513598291270904284e-01 -7.100504677844505785e-01 -1.438736470897385544e+00
-1.101471834404275318e+00 -9.515534101516900378e-01 -9.718864173987554755e-01
-1.703486891929525182e+00 -1.021307580759997391e+00 -2.596513200025456491e-01
-2.216690393609249465e+00 -8.655244859916648714e-01 3.654162307280217070e-01
-2.470451292981234115e+00 -5.873504517986203322e-01 7.413289362750005163e-01
-2.575337298511327422e+00 -2.656267618247714624e-01 9.905334557425066189e-01
-2.596028327973006089e+00 6.914974320634952043e-02 1.197806585673091506e+00
-2.544519802659305885e+00 4.008318166090318324e-01 1.415183798516711056e+00
-2.390232824462702688e+00 7.100504677844505785e-01 1.702856182692407794e+00
-2.040120819185517576e+00 9.515534101516902599e-01 2.169706236191038418e+00
-1.438105761660268378e+00 1.021307580759997391e+00 2.881941333587247467e+00
-9.249022599805445388e-01 8.655244859916647604e-01 -2.776176422861772242e+00
-1.417156085246046082e+00 -4.035278362570671185e-02 8.887821152987137596e-01
1.417156085246046082e+00 4.035278362570671185e-02 -2.252810538291079467e+00
1.413401547916047551e+00 -2.124746259976739021e-02 -2.640727539921057243e+00
1.433277270307208973e+00 -7.968336813845335043e-02 -3.029611731155942955e+00
1.474090323395633062e+00 -1.261685097894537644e-01 2.861497438815415073e+00
1.529963074468231099e+00 -1.535141764175507184e-01 2.465825724349651971e+00
1.592309635044804272e+00 -1.573589557057721577e-01 2.068289575117248091e+00
1.651235887297070715e+00 -1.370799446647335551e-01 1.671761775485234969e+00
1.697550802396430081e+00 -9.593494049136820634e-02 1.278494733928720706e+00
1.724436568343747256e+00 -4.035278362570672572e-02 8.887821152987136486e-01
1.728191105673745787e+00 2.124746259976737633e-02 5.008651136687360950e-01
1.708315383282584143e+00 7.968336813845330879e-02 1.119809224338503550e-01
1.667502330194160054e+00 1.261685097894537366e-01 -2.800952147743775433e-01
1.611629579121562017e+00 1.535141764175507184e-01 -6.757669292401410344e-01
1.549283018544988844e+00 1.573589557057722410e-01 -1.073303078472545469e+00
1.490356766292722401e+00 1.370799446647335829e-01 -1.469830878104558369e+00
1.444041851193363257e+00 9.593494049136827573e-02 -1.863097919661071966e+00
2.994536434870748387e+00 -8.580102325116119033e-01 1.906260895551917134e+00
-2.994536434870748387e+00 8.580102325116119033e-01 -1.235331758037876204e+00
-2.840097295508869912e+00 1.242233222840638973e+00 -1.060672982038395329e+00
-8.904619887017627411e-01 1.447218664001563182e+00 9.079475789091954185e-01
-2.091679074220988976e-01 1.091156224666518293e+00 1.608523129257500184e+00
-1.259846898704467810e-01 7.034937208923295326e-01 1.712914126754360389e+00
-1.008919846416065080e-01 3.132248925941000239e-01 1.763479717126763324e+00
-9.625825056452286255e-02 -7.761709613032274913e-02 1.802149971301484133e+00
-1.075907194628888536e-01 -4.683358475480205452e-01 1.843379542277742811e+00
-1.470562187190447290e-01 -8.580102325116117923e-01 1.906260895551916912e+00
-3.014953580809230926e-01 -1.242233222840638751e+00 2.080919671551397343e+00
-2.251130664888029820e+00 -1.447218664001563404e+00 -2.233645074680598697e+00
-2.932424746167694440e+00 -1.091156224666518515e+00 -1.533069524332293154e+00
-3.015607963719346696e+00 -7.034937208923297547e-01 -1.428678526835432949e+00
-3.040700668948186802e+00 -3.132248925940994133e-01 -1.378112936463029792e+00
-3.045334403025270475e+00 7.761709613032267974e-02 -1.339442682288309205e+00
-3.034001934126904221e+00 4.683358475480201566e-01 -1.298213111312050527e+00
-3.089872549584809391e+00 -6.558771808122150215e-01 1.114514498243973861e+00
3.089872549584809391e+00 6.558771808122150215e-01 -2.027078155345819255e+00
3.059478752692698311e+00 1.047763805237567736e+00 -2.066694576640807579e+00
2.832741456587151596e+00 1.435597333505210571e+00 -2.301725139147219323e+00
1.559658497051677195e-01 1.303880667134510229e+00 1.296601396890908697e+00
6.708012563687290597e-02 9.131834131779584807e-01 1.199194473856556753e+00
4.725810496811180816e-02 5.210907961459431137e-01 1.169613432895754146e+00
4.132437759719716219e-02 1.287653421041665414e-01 1.151383345134808334e+00
4.244915294802702882e-02 -2.635981286885063501e-01 1.135007336041412795e+00
5.172010400498402299e-02 -6.558771808122149105e-01 1.114514498243973861e+00
8.211390089709511009e-02 -1.047763805237567514e+00 1.074898076948985759e+00
3.088511970026421860e-01 -1.435597333505210793e+00 8.398675144425735706e-01
2.985626803884625868e+00 -1.303880667134510452e+00 -1.844991256698884419e+00
3.074512527952919960e+00 -9.131834131779590358e-01 -1.942398179733236363e+00
3.094334548621681336e+00 -5.210907961459426696e-01 -1.971979220694039192e+00
3.100268275992596134e+00 -1.287653421041664858e-01 -1.990209308454984782e+00
3.099143500641766025e+00 2.635981286885060171e-01 -2.006585317548380321e+00
1.187729000026206183e+00 -6.337061519547607658e-01 7.943836331274241047e-01
-1.187729000026206183e+00 6.337061519547607658e-01 -2.347209020462369011e+00
-9.767234515044262988e-01 4.464863776876621948e-01 -1.942746391587822252e+00
-8.691345315109717529e-01 2.072046848711560363e-01 -1.612740175213815741e+00
-8.456962569787178641e-01 -5.169146726460214364e-02 -1.315718842543838196e+00
-9.008142719068009674e-01 -3.059466836794682565e-01 -1.010647709945843298e+00
-1.046928505737760196e+00 -5.292304841395014670e-01 -6.557449739572894787e-01
-1.302204984749031347e+00 -6.837193039781639392e-01 -2.140881916364613946e-01
-1.639814363098251571e+00 -7.239170776344809877e-01 3.008305892716390817e-01
-1.953863653563586933e+00 -6.337061519547607658e-01 7.943836331274239937e-01
-2.164869202085367039e+00 -4.464863776876623613e-01 1.198846262001970642e+00
-2.272458122078821141e+00 -2.072046848711560640e-01 1.528852478375977375e+00
-2.295896396611075474e+00 5.169146726460186608e-02 1.825873811045954698e+00
-2.240778381682992482e+00 3.059466836794682565e-01 2.130944943643949596e+00
-2.094664147852032698e+00 5.292304841395014670e-01 2.485847679632504192e+00
-1.839387668840761991e+00 6.837193039781639392e-01 2.927504461953331472e+00
-1.501778290491542212e+00 7.239170776344809877e-01 -2.840762064318154589e+00
-4.911491727269885477e-01 -7.526793729666967359e-01 5.152886067355901822e-01
4.911491727269885477e-01 7.526793729666967359e-01 -2.626304046854202934e+00
3.822697522855437735e-01 3.955026254131430163e-01 -2.823160416533947448e+00
3.515662008071250844e-01 2.829694238302620998e-02 -2.966458897054568666e+00
3.737029630414292480e-01 -3.394760682989565459e-01 -3.106678332397841746e+00
4.664901246214203656e-01 -6.991720284188859269e-01 2.992947251491475669e+00
7.291981446478987827e-01 -1.027860223793201300e+00 2.653323594391037599e+00
1.488788228693661342e+00 -1.218140340747106753e+00 1.822911858122132411e+00
2.339602292763686364e+00 -1.071354613905506792e+00 9.016858398179415923e-01
2.650443480862804790e+00 -7.526793729666967359e-01 5.152886067355902933e-01
2.759322901304249509e+00 -3.955026254131429608e-01 3.184322370558457238e-01
2.790026452782667921e+00 -2.829694238302617876e-02 1.751337565352246162e-01
2.767889690548364090e+00 3.394760682989561018e-01 3.491432119195175127e-02
2.675102528968372972e+00 6.991720284188855938e-01 -1.486454020983174751e-01
2.412394508941893889e+00 1.027860223793201744e+00 -4.882690591987560169e-01
1.652804424896131774e+00 1.218140340747106976e+00 -1.318680795467660927e+00
8.019903608261074179e-01 1.071354613905507014e+00 -2.239906813771850747e+00
9.231393112725879702e-01 -1.424574358583287736e+00 1.365460674518060413e+00
-9.231393112725879702e-01 1.424574358583287736e+00 -1.776131979071732925e+00
-2.475225993761129006e-01 1.076664599114720566e+00 -1.077073310157015129e+00
-1.513785896457699176e-01 6.911232290081638086e-01 -9.550905524224462262e-01
-1.220054989938640227e-01 3.019540945588000125e-01 -8.946099607895180439e-01
-1.169145810590745682e-01 -8.801814572496627354e-02 -8.478381797642087214e-01
-1.312262828786282254e-01 -4.777844601532479363e-01 -7.975482700015307236e-01
-1.803172416592463134e-01 -8.659619336870163497e-01 -7.201852377517308224e-01
-3.724867518492726570e-01 -1.245825551458240588e+00 -5.035394114823589229e-01
-2.218453342317205035e+00 -1.424574358583287736e+00 1.365460674518059969e+00
-2.894070054213680354e+00 -1.076664599114720566e+00 2.064519343432777987e+00
-2.990214063944023337e+00 -6.911232290081639196e-01 2.186502101167346890e+00
-3.019587154595929412e+00 -3.019540945588002900e-01 2.246982692800274961e+00
-3.024678072530718964e+00 8.801814572496566291e-02 2.293754473825584395e+00
-3.010366370711165196e+00 4.777844601532482693e-01 2.344044383588262281e+00
-2.961275411930547108e+00 8.659619336870162387e-01 2.421407415838062516e+00
-2.769105901740521070e+00 1.245825551458239921e+00 2.638053242107433860e+00
-8.195372877620681062e-02 -9.614171662642518879e-01 -1.722121497513735278e-01
8.195372877620681062e-02 9.614171662642518879e-01 2.969380503838419560e+00
5.566728464832220585e-02 5.695908066740104081e-01 2.932171549105101693e+00
4.761947203811348062e-02 1.773988588000139088e-01 2.910538432276575271e+00
4.797557053969950941e-02 -2.148631533174829855e-01 2.891892323635663065e+00
5.707723015526594557e-02 -6.070383702228685507e-01 2.869546013747121815e+00
8.666445796811958480e-02 -9.987911993597879956e-01 2.829206452259380278e+00
2.595217320107317538e-01 -1.387182253128771414e+00 2.646780974088844829e+00
2.925277668582781487e+00 -1.350722939945481649e+00 -2.821035199014647332e-02
3.059638924813586236e+00 -9.614171662642519989e-01 -1.722121497513734723e-01
3.085925368941471181e+00 -5.695908066740106301e-01 -2.094211044846914227e-01
3.093973181551679552e+00 -1.773988588000138811e-01 -2.310542213132178724e-01
3.093617083050093530e+00 2.148631533174826247e-01 -2.497003299541303289e-01
3.084515423434527559e+00 6.070383702228679956e-01 -2.720466398426711896e-01
3.054928195621673392e+00 9.987911993597885507e-01 -3.123862013304132268e-01
2.882070921579061196e+00 1.387182253128771414e+00 -4.948116795009485647e-01
2.163149850070123226e-01 1.350722939945482093e+00 3.113382301599647572e+00
2.045933540911897275e+00 -4.576861103028946332e-01 8.857173616000399985e-01
-2.045933540911897275e+00 4.576861103028946332e-01 -2.255875291989753340e+00
-1.828258895565766151e+00 6.007757676333943531e-01 -1.830647394602229916e+00
-1.542884679805692327e+00 6.467957391687269020e-01 -1.348440290899674876e+00
-1.265732149687430086e+00 5.802547258145694942e-01 -8.733707745598094929e-01
-1.064941681246234007e+00 4.228679001927557191e-01 -4.615574911919297363e-01
-9.542996016453302310e-01 2.116175202205395345e-01 -1.120933393439074721e-01
-9.238132236267083686e-01 -2.227297084980720335e-02 2.055327897592516828e-01
-9.686684343827368648e-01 -2.539128786650060587e-01 5.264741588679798800e-01
-1.095659112677895841e+00 -4.576861103028944666e-01 8.857173616000398875e-01
-1.313333758024026965e+00 -6.007757676333941310e-01 1.310945258987563200e+00
-1.598707973784100567e+00 -6.467957391687269020e-01 1.793152362690118240e+00
-1.875860503902362808e+00 -5.802547258145697162e-01 2.268221879029983068e+00
-2.076650972343559332e+00 -4.228679001927557746e-01 2.680035162397863324e+00
-2.187293051944462885e+00 -2.116175202205392847e-01 3.029499314245886143e+00
-2.217779429963084858e+00 2.227297084980709233e-02 -2.936059863830541516e+00
-2.172924219207056584e+00 2.539128786650057257e-01 -2.615118494721814013e+00
3.215100081417752165e-01 -6.100585575224124479e-01 7.651082459125226887e-01
-3.215100081417752165e-01 6.100585575224124479e-01 -2.376484407677270649e+00
-2.694948469618385078e-01 2.338493064518118447e-01 -2.251850643568365395e+00
-2.648395075169867607e-01 -1.452560289751536893e-01 -2.148696011324495725e+00
-3.035413233944252442e-01 -5.226511052560739445e-01 -2.032834897114434991e+00
-4.245738864403165169e-01 -8.908665658840537738e-01 -1.849888836453386087e+00
-8.409205036831008950e-01 -1.215862750751327992e+00 -1.379084865710600072e+00
-2.080423009470595552e+00 -1.269560590201578743e+00 -8.765447511274201964e-02
-2.662980990828381245e+00 -9.735475753172252444e-01 5.483830549054149461e-01
-2.820082645448017900e+00 -6.100585575224125590e-01 7.651082459125226887e-01
-2.872097806627954775e+00 -2.338493064518120113e-01 8.897420100214278316e-01
-2.876753146072806633e+00 1.452560289751535783e-01 9.928966422652978352e-01
-2.838051330195367594e+00 5.226511052560732784e-01 1.108757756475358569e+00
-2.717018767149476766e+00 8.908665658840532187e-01 1.291703817136407029e+00
-2.300672149906691555e+00 1.215862750751328214e+00 1.762507787879193932e+00
-1.061169644119197786e+00 1.269560590201578743e+00 3.053938178477050958e+00
-4.786116627614122598e-01 9.735475753172256885e-01 -2.593209598684378392e+00
1.698714585593882775e+00 -9.610318395526682433e-01 7.321653067947364590e-01
-1.698714585593882775e+00 9.610318395526682433e-01 -2.409427346795056657e+00
-1.161753416965037200e+00 9.032418157419229710e-01 -1.749435193977115777e+00
-8.218594499237957818e-01 6.832700712103669805e-01 -1.279588691728669403e+00
-6.616119394654900177e-01 3.911071395292151087e-01 -9.715650213336068930e-01
-6.059184581627178323e-01 7.312103715220702460e-02 -7.335782467213113334e-01
-6.261599763927847562e-01 -2.487808151950339219e-01 -5.067709362799338590e-01
-7.326368087091577053e-01 -5.562623332429668110e-01 -2.395197764091119841e-01
-9.796938076599907008e-01 -8.174786270105138808e-01 1.439744525078792692e-01
-1.442878067995910119e+00 -9.610318395526681323e-01 7.321653067947360150e-01
-1.979839236624756138e+00 -9.032418157419233040e-01 1.392157459612677117e+00
-2.319733203665997223e+00 -6.832700712103669805e-01 1.862003961861123713e+00
-2.479980714124303098e+00 -3.911071395292153308e-01 2.170027632256186223e+00
-2.535674195427075173e+00 -7.312103715220737155e-02 2.408014406868481672e+00
-2.515432677197008360e+00 2.487808151950340330e-01 2.634821717309859590e+00
-2.408955844880635411e+00 5.562623332429668110e-01 2.902072877180681409e+00
-2.161898845929802970e+00 8.174786270105133257e-01 -2.997618201081914791e+00
1.999881729988676193e+00 -7.495837569958007096e-01 7.112677530389455161e-01
-1.999881729988676193e+00 7.495837569958007096e-01 -2.430324900550847822e+00
-1.601754899620444705e+00 8.420487158329336141e-01 -1.880473343238518336e+00
-1.190038031629331750e+00 7.713597139242241996e-01 -1.317739973015552790e+00
-9.142334492068464602e-01 5.729147762451319847e-01 -8.812233610611325263e-01
-7.737298351011058228e-01 3.094442538128157061e-01 -5.573542287692191399e-01
-7.285095073735260440e-01 2.061459089299333761e-02 -2.865783702158413715e-01
-7.622912837181532453e-01 -2.696989010655606589e-01 -1.906937244261805095e-02
-8.873314739134064988e-01 -5.385972515234354052e-01 2.938708161242711281e-01
-1.141710923601116701e+00 -7.495837569958007096e-01 7.112677530389451830e-01
-1.539837753969348189e+00 -8.420487158329335031e-01 1.261119310351274558e+00
-1.951554621960461589e+00 -7.713597139242244216e-01 1.823852680574240326e+00
-2.227359204382946878e+00 -5.729147762451323178e-01 2.260369292528660701e+00
-2.367862818488687182e+00 -3.094442538128158726e-01 2.584238424820574309e+00
-2.413083146216266961e+00 -2.061459089299306005e-02 2.855014283373952022e+00
-2.379301369871639871e+00 2.696989010655607699e-01 3.122523281147175034e+00
-2.254261179676386728e+00 5.385972515234350722e-01 -2.847721837465522654e+00
1.777498578500466553e-01 -7.921785012608448806e-01 -2.897552218601635587e-01
-1.777498578500466553e-01 7.921785012608448806e-01 2.851837431729629557e+00
-1.354672867680425385e-01 4.040803358065879203e-01 2.925495013625603047e+00
-1.245114416256255380e-01 1.460518723317293620e-02 2.977206242103663580e+00
-1.338449863929054573e-01 -3.749085370868120437e-01 3.028301383789978374e+00
-1.726961511733507704e-01 -7.631908733848100646e-01 3.099028836134122944e+00
-3.059175596538640240e-01 -1.145800721331864835e+00 -3.023983578526122873e+00
-1.453722203759968634e+00 -1.445435618822073831e+00 -1.851346412220795434e+00
-2.814654808468020963e+00 -1.173779183504731538e+00 -4.656535963198549233e-01
-2.963842795739746627e+00 -7.921785012608449916e-01 -2.897552218601635587e-01
-3.006125366821750688e+00 -4.040803358065881978e-01 -2.160976399641899859e-01
-3.017081211964167675e+00 -1.460518723317320161e-02 -1.643864114861297576e-01
-3.007747667196887686e+00 3.749085370868113776e-01 -1.132912697998146451e-01
-2.968896502416442651e+00 7.631908733848095094e-01 -4.256381745567040797e-02
-2.835675093935928981e+00 1.145800721331865057e+00 1.176090750636705484e-01
-1.687870449829825370e+00 1.445435618822073831e+00 1.290246241368996793e+00
-3.269378451217727077e-01 1.173779183504731982e+00 2.675939057269937749e+00
