3.118054595437550258e+00 -7.986500578014298357e-01 6.509373990634850782e-03
-3.118054595437550258e+00 7.986500578014298357e-01 -3.135083279599158335e+00
-3.097269668694031974e+00 1.191149523295373713e+00 -3.110777117466248409e+00
-8.867727335079609308e-01 1.549608142707999958e+00 -8.970179450388719999e-01
-4.155018631969424614e-02 1.164393440501692689e+00 -4.852446049403122408e-02
-2.291620496578018057e-02 7.718765432557026518e-01 -2.634021717041394248e-02
-1.767738300661162928e-02 3.792549719634682459e-01 -1.690041715595003158e-02
-1.642259574295762414e-02 -1.338856263547625290e-02 -1.013526994193383358e-02
-1.787454100875645463e-02 -4.060314777200599301e-01 -3.294677039645693174e-03
-2.353805815224309025e-02 -7.986500578014298357e-01 6.509373990634842108e-03
-4.432298489576129430e-02 -1.191149523295373713e+00 3.081553612354463734e-02
-2.254819920081827966e+00 -1.549608142707999958e+00 2.244574708550916675e+00
-3.100042467270098800e+00 -1.164393440501693133e+00 3.093068193095761753e+00
-3.118676448624012831e+00 -7.718765432557032069e-01 3.115252436419379212e+00
-3.123915270583181414e+00 -3.792549719634679128e-01 3.124692236433843195e+00
8.910978893126855413e-03 -8.755000804917497659e-01 -1.660867060288412633e-01
-8.910978893126855413e-03 8.755000804917497659e-01 2.975505947560951991e+00
-6.445182524198242793e-03 4.828119880648733542e-01 2.979356093907693737e+00
-3.135860949871785763e+00 -9.011997487173270538e-02 -1.597600598885293155e-01
-3.135612549005831085e+00 3.025725483768382795e-01 -1.574622599627943376e-01
-3.134158644381214831e+00 6.952631237818578391e-01 -1.544820270171325949e-01
-3.129297855314490562e+00 1.087944716984270643e+00 -1.483549045479316264e-01
-3.078249316312760442e+00 1.480494758083127138e+00 -9.615827646810064244e-02
-1.915489145659168835e-02 1.268166502369013404e+00 2.964063825817231379e+00
-4.061057739570481107e-02 -2.666851176729268663e-02 1.662485957200511955e+00
-4.444325428936119621e-02 -4.190222869275791462e-01 1.679494923845642473e+00
-5.897134415385970468e-02 -8.112199609537487088e-01 1.704187739812994096e+00
-1.130102543111503877e-01 -1.202644107670785667e+00 1.766898395540354105e+00
-2.152094276355735136e+00 -1.522216109888385516e+00 -2.469146691976310315e+00
-3.042171667883956765e+00 -1.149562559049342125e+00 -1.570970233696733498e+00
-3.085681570911106508e+00 -7.579268827200567049e-01 -1.518645564105573387e+00
-3.098120335227272815e+00 -3.656928065081040957e-01 -1.495744276282748864e+00
-2.167638942421306128e-02 -8.166710371395544676e-01 -2.962164909277146055e-02
2.167638942421306128e-02 8.166710371395544676e-01 3.111971004497021909e+00
1.586427529018788474e-02 -3.612673516880828273e-01 3.090562760156047695e+00
2.035691374767154352e-02 -7.539046412020837806e-01 3.082235421650537432e+00
3.605137793484083225e-02 -1.146463301956760494e+00 3.063314038378690540e+00
4.417151068417682347e-01 -1.536076053951950016e+00 2.654688393170030469e+00
3.099633463122087207e+00 -1.209196093215081147e+00 -6.173442640375120458e-03
3.119916264165579989e+00 -8.166710371395545787e-01 -2.962164909277144320e-02
3.125310336115309617e+00 -4.240394865719906980e-01 -3.872231552278476707e-02
3.126745187901597500e+00 -3.138666124204564367e-02 -4.495612398002217514e-02
3.125728378299605481e+00 3.612673516880824942e-01 -5.102989343374533804e-02
3.121235739842121770e+00 7.539046412020834476e-01 -5.935723193925571128e-02
3.105541275654952305e+00 1.146463301956760938e+00 -7.827861521110279774e-02
2.699877546748025381e+00 1.536076053951950016e+00 -4.869042604197627577e-01
4.195919046770588828e-02 1.209196093215081369e+00 3.135419210949418112e+00
9.465002730250497709e-02 -7.710855682366355435e-01 1.415585493036917608e+00
-9.465002730250497709e-02 7.710855682366355435e-01 -1.726007160552875508e+00
-2.970768975090298802e+00 -1.160692671612588933e+00 1.324749461884917157e+00
-3.044643969288888030e+00 7.951156407950572547e-01 1.550972247129906556e+00
-2.960729975640572942e+00 1.184461478641951615e+00 1.649440646587471138e+00
-1.394956735169215811e+00 1.501902954247343658e+00 -3.054490018785154692e+00
-1.708236784994947299e-01 1.160692671612589377e+00 -1.816843191704876403e+00
1.099234330750946537e-01 -4.605149717317491564e-01 -1.657485808544438832e+00
1.494719069905383613e-01 -8.500731347812230387e-01 -1.721143612546945256e+00
3.020734029828633371e-01 -1.234141233172534102e+00 -1.894527454540898770e+00
2.188598352435696448e+00 -1.449943687434290363e+00 2.482649903808794800e+00
2.923961417906904003e+00 -1.098260571224111359e+00 1.727530327909724495e+00
3.011530968342555070e+00 -7.109710960645181377e-01 1.618266089491976478e+00
3.037847922064712325e+00 -3.208517365282476108e-01 1.565940884156664659e+00
3.042918268274307447e+00 6.988987587046248395e-02 1.526203229885902291e+00
3.031669220514698448e+00 4.605149717317486568e-01 1.484106845045354284e+00
2.992120746599254755e+00 8.500731347812229277e-01 1.420449041042848082e+00
2.839519250606929557e+00 1.234141233172534324e+00 1.247065199048894124e+00
9.529943011540971121e-01 1.449943687434290363e+00 -6.589427497809978718e-01
2.176312356828894734e-01 1.098260571224111803e+00 -1.414062325680068621e+00
-2.653011283681687704e-01 -6.318183082283728158e-01 1.716330107775553726e+00
2.653011283681687704e-01 6.318183082283728158e-01 -1.425262545814239390e+00
2.201606224118111410e-01 2.502550776577050495e-01 -1.529014276513244175e+00
2.151361246620476231e-01 -1.334088442246600670e-01 -1.613436635334538183e+00
2.457244180518450283e-01 -5.160264840528889785e-01 -1.707501099406973477e+00
3.440000380940142488e-01 -8.926269040878611616e-01 -1.856434677911765530e+00
7.070204972333528071e-01 -1.239014861333262330e+00 -2.263838220886270847e+00
2.132021167352156521e+00 -1.318198397722265103e+00 2.552154796657237323e+00
1.009571486237636595e+00 1.318198397722265103e+00 -5.894378569325559036e-01
4.050875826237420596e-01 1.004063358631556380e+00 -1.237262784932799287e+00
-3.696634432927310698e-02 -7.280622889245613738e-01 1.497635039291173475e+00
3.696634432927310698e-02 7.280622889245613738e-01 -1.643957614298619863e+00
2.922163317254153000e-02 3.355698844669020020e-01 -1.658936827739958098e+00
2.763616054230075281e-02 -5.697468267761843230e-02 -1.670136277377122225e+00
8.358009200565774677e-02 -1.234004470744465731e+00 -1.747466744901746916e+00
2.690443036825479250e+00 -1.507479305385433621e+00 1.923393536836056184e+00
3.078188310017901497e+00 -1.120312940260599355e+00 1.530123900091392430e+00
3.112371020417251888e+00 -3.355698844669018910e-01 1.482655825849835018e+00
3.113956493047492557e+00 5.697468267761852945e-02 1.471456376212671113e+00
3.110957185057133589e+00 4.495117742371426139e-01 1.459715202953040469e+00
3.100157423191276962e+00 8.419679865818368025e-01 1.442113811581910765e+00
3.058012561584135369e+00 1.234004470744465953e+00 1.394125908688046200e+00
4.511496167643138100e-01 1.507479305385433621e+00 -1.218199116753736932e+00
6.340434357189191072e-02 1.120312940260599799e+00 -1.611468753498400686e+00
-7.582514863175907061e-02 -6.997833928808637749e-01 1.487122681906442034e+00
7.582514863175907061e-02 6.997833928808637749e-01 -1.654469971683351304e+00
6.084783980425693267e-02 3.079668774481505444e-01 -1.684895123391684457e+00
5.818743141170135830e-02 -8.405489755633184512e-02 -1.708250791109746647e+00
3.080744813785536440e+00 -3.079668774481507665e-01 1.456697530198108659e+00
3.083405222178091876e+00 8.405489755633178961e-02 1.433341862480046691e+00
3.076348539370068469e+00 4.760277463196297409e-01 1.408300714630645434e+00
3.051858190606831389e+00 8.676069559736425685e-01 1.369707688166339477e+00
2.952696968401510080e+00 1.257063589480192922e+00 1.258354677928049448e+00
6.041417353142564117e-01 1.468605213379174490e+00 -1.101661456265291994e+00
1.257895147860486063e-01 1.090658195933784214e+00 -1.591668089835496236e+00
3.080384616225861016e+00 -7.450679345610270454e-01 1.577682562695762236e+00
-3.080384616225861016e+00 7.450679345610270454e-01 -1.563910090894031102e+00
-3.034528298846231653e+00 1.136513424778542669e+00 -1.508247070004750778e+00
-2.289675564836556099e+00 1.511013564483136173e+00 -7.544076284255720743e-01
-1.293547609997022507e-01 1.214761012035740606e+00 1.414829762070209718e+00
-6.621711913862982080e-02 8.237005090328823886e-01 1.487540163792932857e+00
-4.952271321872151605e-02 4.316287671648692537e-01 1.515422321812289752e+00
-4.501242391993690029e-02 3.935615201217391307e-02 1.534381914618615728e+00
-4.793407159990040883e-02 -3.529301422897766494e-01 1.552733705944500331e+00
-6.120803736393225225e-02 -7.450679345610269344e-01 1.577682562695762236e+00
-1.070643547435616849e-01 -1.136513424778542447e+00 1.633345583585042338e+00
-8.519170887532349079e-01 -1.511013564483136173e+00 2.387185025164218821e+00
-3.012237892590091004e+00 -1.214761012035740828e+00 -1.726762891519583620e+00
-3.075375534451163517e+00 -8.237005090328829437e-01 -1.654052489796860481e+00
-4.364493390451405254e-03 -3.716524010143648082e-01 -1.532675825351809129e+00
-5.633606012192493746e-03 -7.643467780411195012e-01 -1.530361977364666837e+00
-1.011445707920835199e-02 -1.157034956944819504e+00 -1.524999824052961861e+00
-1.909057938109166852e-01 -1.549363611662731843e+00 -1.343397818601529181e+00
-3.130395411616363255e+00 -1.199119490342145822e+00 1.596899081599888026e+00
-3.135716818731043354e+00 -8.064329975930902838e-01 1.603090492766765296e+00
-3.137151394645389946e+00 -4.137389091601919588e-01 1.605546275758247488e+00
-3.137525231701582928e+00 -2.104328394491944421e-02 1.607246243582180378e+00
-3.137228160199341698e+00 3.716524010143644752e-01 1.608916828237984209e+00
-3.131478196510584677e+00 1.157034956944819948e+00 1.616592829536831477e+00
3.065505440737196441e+00 -7.450960485400854871e-01 1.602177986884357752e+00
-3.065505440737196441e+00 7.450960485400854871e-01 -1.539414666705435586e+00
-3.008599801619438185e+00 1.135859670943141220e+00 -1.470322030474087827e+00
-2.177633685664124741e+00 1.502728069510844255e+00 -6.281863993577894156e-01
-1.601146067850462984e-01 1.212750335744961605e+00 1.400416252221142965e+00
-8.221601325020923279e-02 8.225692134242628129e-01 1.490215128052810867e+00
-6.153000630241611812e-02 4.308378015415896267e-01 1.524810090562495724e+00
-5.594314074998135017e-02 3.879720872117690955e-02 1.548361648261272761e+00
-5.958439311698701668e-02 -3.532642023741878190e-01 1.571169257381643591e+00
-7.608721285259659184e-02 -7.450960485400853761e-01 1.602177986884357752e+00
-1.329928519703548195e-01 -1.135859670943141220e+00 1.671270623115705289e+00
-9.639589679256672650e-01 -1.502728069510844255e+00 2.513406254232002368e+00
-2.981478046804746818e+00 -1.212750335744962049e+00 -1.741176401368650373e+00
-3.059376640339583897e+00 -8.225692134242630349e-01 -1.651377525536982471e+00
1.135766828991703614e-02 -7.630365412082542598e-01 1.507642334348562985e+00
-1.135766828991703614e-02 7.630365412082542598e-01 -1.633950319241230131e+00
-8.805614427553239143e-03 3.703565957206324533e-01 -1.629287884627927507e+00
-8.210611955634281381e-03 -2.232865213482435746e-02 -1.625917318847645676e+00
-8.970042679529791063e-03 -4.150136416702947528e-01 -1.622483815532041573e+00
-1.187651331235031228e-02 -8.076923393195399870e-01 -1.617517360521812719e+00
-2.267471872363098495e-02 -1.200339893736509955e+00 -1.604963649276393234e+00
-2.789280304340840289e+00 -1.547006168096541012e+00 1.163271315220512303e+00
-3.121237271247123246e+00 -1.155691387035928663e+00 1.496864914331242247e+00
-3.130234985299876094e+00 -7.630365412082543708e-01 1.507642334348562985e+00
-3.129716140277442715e+00 8.076923393195397649e-01 1.524075293067980619e+00
-3.118917934866162422e+00 1.200339893736510177e+00 1.536629004313400104e+00
-3.523123492489541042e-01 1.547006168096541012e+00 -1.978321338369282367e+00
-2.035538234266986643e-02 1.155691387035929107e+00 -1.644727739258551091e+00
3.007812221308213407e-02 -3.443182314338101846e-01 3.068200788265026624e+00
3.823171772331287327e-02 -7.367972970210264760e-01 3.052661024597087103e+00
6.625877734863064306e-02 -1.129011721634169296e+00 3.018443227599044931e+00
5.310465559339532238e-01 -1.514869808090950176e+00 2.547992994164918201e+00
3.057925233959127631e+00 -1.225218986628521023e+00 1.550593221638772549e-02
3.099486840772956331e+00 -8.331939240370538347e-01 -3.206600025101787738e-02
3.110287891924537806e+00 -4.407470333071649149e-01 -4.987747336106110319e-02
3.103360935866480208e+00 7.367972970210262540e-01 -8.893162899270626309e-02
3.075333876241162390e+00 1.129011721634169518e+00 -1.231494259907481292e-01
2.610546097655840558e+00 1.514869808090950176e+00 -5.935996594248741376e-01
8.366741963066591514e-02 1.225218986628521689e+00 -3.126086721373405375e+00
-1.284415730501933112e-02 -7.526918621609525184e-01 1.519619542023120662e+00
1.284415730501933112e-02 7.526918621609525184e-01 -1.621973111566672454e+00
1.001636676312172777e-02 3.600173967293373023e-01 -1.627224936035064795e+00
9.379208122237534320e-03 -3.266370936723902302e-02 -1.631060024630336835e+00
1.029121424327596006e-02 -4.253443222186130135e-01 -1.635000344306766884e+00
1.371181889945722113e-02 -8.180164036642106895e-01 -1.640760767490887950e+00
2.660263579041890689e-02 -1.210645690215463866e+00 -1.655650350114137748e+00
2.862069357195545560e+00 -1.536813152034567365e+00 1.790209119961192474e+00
3.118878952334285692e+00 -1.145335122736842237e+00 1.531528289338070614e+00
3.128748496284774028e+00 -7.526918621609527404e-01 1.519619542023120662e+00
3.127880834690336176e+00 8.180164036642104675e-01 1.500831886098905388e+00
3.114990017799374122e+00 1.210645690215464310e+00 1.485942303475655368e+00
2.795232963942478333e-01 1.536813152034567365e+00 -1.351383533628600420e+00
2.271370125550761440e-02 1.145335122736842681e+00 -1.610064364251722724e+00
-1.053421059831365601e-02 -7.879138562672012291e-01 1.590771627671839106e+00
1.053421059831365601e-02 7.879138562672012291e-01 -1.550821025917954232e+00
8.050634459046926428e-03 3.952310016203350873e-01 -1.555188966888849667e+00
7.430004250528450885e-03 2.543365221550863715e-03 -1.558269792874874105e+00
8.033689908093593485e-03 -3.901442952666245301e-01 -1.561344134619992330e+00
1.048076418580514389e-02 -7.828272662232972356e-01 -1.565680768432014425e+00
1.929500526238210265e-02 -1.175487653828228618e+00 -1.576095948972261018e+00
1.240985108958427396e+00 -1.562943075826178418e+00 -2.799264350489065745e+00
3.122059286119447830e+00 -1.180573566102846694e+00 1.601369229410972927e+00
3.131058442991479396e+00 -7.879138562672014512e-01 1.590771627671839106e+00
3.131111889403987991e+00 7.828272662232969026e-01 1.575911885157778913e+00
3.122297648327410968e+00 1.175487653828228840e+00 1.565496704617532098e+00
1.900607544631366830e+00 1.562943075826178418e+00 3.423283031007284261e-01
1.953336747034553622e-02 1.180573566102847360e+00 -1.540223424178820189e+00
5.006081388538202726e-02 2.943579655048660926e-01 -1.745609474425398044e+00
4.813652198956347439e-02 -9.788010114321790689e-02 -1.764852203702198086e+00
2.978009277429779722e+00 1.272333796140580953e+00 1.224976721780341338e+00
4.556397240121033976e-01 1.461753980303154954e+00 -1.306854338981040975e+00
1.013891119316352313e-01 1.077961324299995471e+00 -1.670752736648686954e+00
-1.439033580086918063e-01 -7.017822392454884373e-01 1.622241852024116637e+00
1.439033580086918063e-01 7.017822392454884373e-01 -1.519350801565676701e+00
3.424538640851230165e-01 -1.238574452920968350e+00 -1.937680070782777042e+00
2.189283775864607762e+00 -1.435968812484027302e+00 2.476961265319823191e+00
2.903476904996588726e+00 -1.087934498013402029e+00 1.740713291688283038e+00
2.997689295581101643e+00 -7.017822392454883262e-01 1.622241852024116637e+00
3.026252907402344761e+00 -3.122558281247502232e-01 1.564541614063079455e+00
3.031517301612117965e+00 7.801594592204476319e-02 1.520352055692156590e+00
3.018560447650804335e+00 4.681259443350579419e-01 1.473227634360350091e+00
2.973548038904473056e+00 8.568736525433320317e-01 1.401444191640745629e+00
2.799138789504669766e+00 1.238574452920968794e+00 1.203912582807015852e+00
9.523088777251860204e-01 1.435968812484027302e+00 -6.646313882699697029e-01
2.381157485932047513e-01 1.087934498013402473e+00 -1.400879361901510078e+00
-1.799155261053225416e-02 -7.423656542832285377e-01 1.503228395001131590e+00
1.799155261053225416e-02 7.423656542832285377e-01 -1.638364258588661526e+00
1.411133906147313960e-02 3.497151506246781172e-01 -1.645692599817349056e+00
1.326936975166153297e-02 -4.294810303950585828e-02 -1.651097606664751583e+00
1.462279957886455928e-02 -4.356100581419175000e-01 -1.656698504376423964e+00
1.960709922798284377e-02 -8.282542810244940545e-01 -1.664974272176320547e+00
3.867182439973707031e-02 -1.220808282020388935e+00 -1.686857398060289448e+00
2.842115163186220261e+00 -1.525846271690473488e+00 1.790257532445885591e+00
3.110186184514977636e+00 -1.134956620434112162e+00 1.519536929961611271e+00
3.123601100979260803e+00 -7.423656542832286487e-01 1.503228395001131590e+00
3.121985554361810244e+00 8.282542810244934994e-01 1.476618381413472791e+00
3.102920829190056295e+00 1.220808282020389157e+00 1.454735255529503890e+00
2.994774904035750196e-01 1.525846271690473710e+00 -1.351335121143905749e+00
3.140646907481569466e-02 1.134956620434112828e+00 -1.622055723628181845e+00
