-1.616694676820953358e+00 3.743858649669581234e-02 -1.924682045954466014e+00
-1.598874358463704848e+00 5.215036729610558752e-02 -1.531855882271624170e+00
-1.576760724011428527e+00 5.892188849108540016e-02 -1.138600214832192981e+00
-1.553733469920588028e+00 5.671413350082470800e-02 -7.452413709451294332e-01
-1.533318307424221372e+00 4.586616454266859155e-02 -3.521665454943323503e-01
-1.518625432984542556e+00 2.803984894604171982e-02 4.040444425591756955e-02
-1.511873392667782756e+00 5.954046525059782276e-03 4.325473463456995238e-01
-1.514073954083259954e+00 -1.703542029331300486e-02 8.245876758212959956e-01
-1.524897976768839758e+00 -3.743858649669580541e-02 1.216910607635326880e+00
-1.542718295126088490e+00 -5.215036729610557364e-02 1.609736771318168946e+00
-1.564831929578364589e+00 -5.892188849108540710e-02 2.002992438757599913e+00
-1.587859183669205310e+00 -5.671413350082471494e-02 2.396351282644663350e+00
-1.608274346165571744e+00 -4.586616454266856380e-02 2.789426108095461210e+00
-1.622967220605250782e+00 -2.803984894604174757e-02 -3.101188209333876067e+00
-1.629719260922010582e+00 -5.954046525059816970e-03 -2.709045307244094314e+00
1.549300578329019906e+00 2.899290311261880637e-01 7.646841012780715152e-01
-1.549300578329019906e+00 -2.899290311261880637e-01 -2.376908552311721490e+00
-1.664849900241944569e+00 -2.754756840293822173e-01 -1.968024496959521086e+00
-1.764151791788767687e+00 -2.184481984632281326e-01 -1.567103168577586692e+00
-1.832141493512414954e+00 -1.287880443029363053e-01 -1.178724514966873249e+00
-1.860788661169627600e+00 -2.059847582191380935e-02 -7.999660609612866402e-01
-1.847433637111123961e+00 9.049746498744418166e-02 -4.228812613018511080e-01
-1.793258296603986057e+00 1.887043243817629612e-01 -3.871455288472362699e-02
-1.592292075260773432e+00 2.899290311261880637e-01 7.646841012780714042e-01
-1.476742753347848769e+00 2.754756840293821618e-01 1.173568156630272030e+00
-1.377440861801025429e+00 2.184481984632282436e-01 1.574489485012206424e+00
-1.309451160077378384e+00 1.287880443029364719e-01 1.962868138622919645e+00
-1.280803992420165516e+00 2.059847582191392037e-02 2.341626592628506032e+00
-1.294159016478669377e+00 -9.049746498744420942e-02 2.718711392287942452e+00
1.711903088071161871e+00 -9.670788499352307374e-03 3.070131211789394410e+00
1.704961442031480701e+00 4.489826276609605593e-02 2.681132497482299204e+00
1.677738997582313818e+00 9.273680705554829262e-02 2.290383537291584393e+00
1.634096754508351346e+00 1.265642136928456229e-01 1.896729887950599824e+00
1.580564192527936340e+00 1.411001187404322954e-01 1.500708606076073925e+00
1.525491474735807040e+00 1.340290934259540101e-01 1.104278094683996292e+00
1.477529753642641275e+00 1.064813921211292952e-01 7.096462979670874471e-01
1.443980832939716352e+00 6.279344594570168692e-02 3.179328455504762951e-01
1.429689565518631245e+00 9.670788499352336864e-03 -7.146144180039894211e-02
1.436631211558312637e+00 -4.489826276609595879e-02 -4.604601561074936344e-01
1.463853656007479520e+00 -9.273680705554825099e-02 -8.512091162982085013e-01
1.507495899081441992e+00 -1.265642136928457617e-01 -1.244862765639193736e+00
1.561028461061856998e+00 -1.411001187404323509e-01 -1.640884047513719191e+00
1.616101178853986076e+00 -1.340290934259539823e-01 -2.037314558905796158e+00
-1.346561732110134413e+00 -1.245214206648001254e-01 -2.166226637787987741e+00
-1.410601752617065552e+00 -2.005215109721174005e-01 -1.775639308184439935e+00
-1.500423475781279770e+00 -2.463208836823306547e-01 -1.375505545824038167e+00
-1.602118034875210428e+00 -2.540981579518499789e-01 -9.700904147224378438e-01
-1.698481029226643679e+00 -2.224690533916293955e-01 -5.671116168918906020e-01
-1.773848097301730542e+00 -1.569578278764532375e-01 -1.726706914517790181e-01
-1.817703893053524311e+00 -6.824536770864823854e-02 2.124770152124748346e-01
-1.825013875071235914e+00 3.031566684358759714e-02 5.928300791367044908e-01
-1.795030921479658703e+00 1.245214206648000838e-01 9.753660158018054860e-01
-1.730990900972727564e+00 2.005215109721174283e-01 1.365953345405353181e+00
-1.641169177808513568e+00 2.463208836823306547e-01 1.766087107765754505e+00
-1.539474618714582910e+00 2.540981579518499789e-01 2.171502238867355494e+00
1.660919737810014674e+00 2.110059279335216587e-01 2.204151124445757226e+00
1.571983040350369398e+00 2.291797980668359158e-01 1.802038510847851605e+00
1.482848339742658395e+00 2.119106012691592267e-01 1.399843295630053053e+00
1.408132647385086589e+00 1.621667374542044293e-01 1.003256434584856693e+00
1.358956014724199912e+00 8.811928976924272849e-02 6.144300125240609312e-01
1.341616372943875923e+00 1.155684607504861875e-03 2.309725877193793686e-01
1.358088059139334502e+00 -8.597574715153917524e-02 -1.524093790360552536e-01
1.406498835630080269e+00 -1.605108479214671369e-01 -5.410488038774140529e-01
1.480672915779778664e+00 -2.110059279335216864e-01 -9.374415291440356679e-01
1.569609613239423940e+00 -2.291797980668358325e-01 -1.339554142741941956e+00
1.658744313847134944e+00 -2.119106012691592267e-01 -1.741749357959740063e+00
-1.629265499009607598e+00 -3.652703212866417193e-01 -1.059227606840133840e+00
-1.512327154580185962e+00 3.652703212866417748e-01 2.082365046749659054e+00
-1.747954448844683650e+00 1.710453473437256039e-02 -1.466764890590397385e+00
-1.728238871035227220e+00 8.332970575519514644e-02 -1.079123880675339153e+00
-1.684610985661274984e+00 1.371206746354258488e-01 -6.876714401090131545e-01
-1.623206675449685221e+00 1.701593974149247235e-01 -2.916193929770719562e-01
-1.553419878026284229e+00 1.771319330441284701e-01 1.070935886805518128e-01
-1.400407460112214064e+00 5.165274841564740371e-02 1.288059974746138092e+00
-1.393638204745109688e+00 -1.710453473437257080e-02 1.674827762999395508e+00
-1.413353782554566118e+00 -8.332970575519509093e-02 2.062468772914453297e+00
-1.456981667928518132e+00 -1.371206746354257933e-01 2.453921213480779961e+00
-1.518385978140107895e+00 -1.701593974149247790e-01 2.849973260612721493e+00
-1.588172775563508887e+00 -1.771319330441284978e-01 -3.034499064909241817e+00
-1.550015321305287630e+00 1.724235900857240544e-02 8.004513596375053552e-01
1.550015321305287630e+00 -1.724235900857240544e-02 -2.341141293952287761e+00
1.558195528174650235e+00 -2.388213553566436234e-02 -2.733869067182624235e+00
1.568295857179059727e+00 -2.688597205506714632e-02 -3.126685009193841847e+00
1.578777347888416616e+00 -2.579580908754968913e-02 2.763664655763336420e+00
1.588042408793268967e+00 -2.077791603600386353e-02 2.370889339059025325e+00
1.594680357739265419e+00 -1.259720512787256171e-02 1.978218991909487690e+00
1.597682382859914929e+00 -2.499565929293800365e-03 1.585636751593648697e+00
1.596592957093744936e+00 7.978365803854862298e-03 1.193074187401032882e+00
1.591577332284505708e+00 1.724235900857239503e-02 8.004513596375056883e-01
1.573296796410733611e+00 2.688597205506714286e-02 1.490764439595135965e-02
1.562815305701376500e+00 2.579580908754969606e-02 -3.779279978264565298e-01
1.553550244796524149e+00 2.077791603600385659e-02 -7.707033145307677913e-01
1.546912295850527697e+00 1.259720512787255303e-02 -1.163373661680305871e+00
1.543910270729878187e+00 2.499565929293801666e-03 -1.555955901996144641e+00
1.544999696496048402e+00 -7.978365803854844951e-03 -1.948518466188759790e+00
-1.690874564829090154e+00 -1.493755771828536028e-01 -1.912476395818269781e+00
-1.721239102769933638e+00 1.187347149537952840e-01 -3.596346527143472471e-01
-1.664397104300848751e+00 1.671677164535894378e-01 3.417569604426905910e-02
-1.592663246738669214e+00 1.901366754323243202e-01 4.326370322594007001e-01
-1.517383332842214605e+00 1.838576045066178666e-01 8.323465660137089328e-01
-1.450718088760703184e+00 1.493755771828536583e-01 1.229116257771523335e+00
-1.402907344698285153e+00 9.229223742555134335e-02 1.620590649063903932e+00
-1.380615272520180570e+00 2.147278222180318968e-02 2.007566691527296054e+00
-1.386682031897480627e+00 -5.251192243493018469e-02 2.393368755844745621e+00
-1.420353550819859700e+00 -1.187347149537953256e-01 2.781958000875446313e+00
-1.477195549288944587e+00 -1.671677164535893823e-01 -3.107416957545524383e+00
-1.548929406851123902e+00 -1.901366754323243480e-01 -2.708955621330392916e+00
1.698076686148348058e+00 1.000458490899781977e-01 8.883314194525452345e-01
-1.698076686148348058e+00 -1.000458490899781977e-01 -2.253261234137247992e+00
-1.726484395123327076e+00 -4.395657794992372663e-02 -1.863513764654769256e+00
-1.731448722728805567e+00 1.868511158534814573e-02 -1.475748101421247682e+00
-1.671652568752414414e+00 1.266404718070402169e-01 -6.952459482908014410e-01
-1.615290359661312403e+00 1.555364586615486100e-01 -2.996144558317250239e-01
-1.526302293928480935e+00 -1.555364586615486933e-01 2.841978197758068703e+00
