-1.660612645599632176e+00 4.151999757904613064e-01 6.908219336035159586e-01
1.660612645599632176e+00 -4.151999757904613064e-01 -2.450770719986277157e+00
1.818204981398358511e+00 -3.482563678601475754e-01 -2.868277179571649516e+00
1.931016925854774247e+00 -2.291934765547060660e-01 3.024037159996970203e+00
1.988134567987928314e+00 -7.861797703271054816e-02 2.656592267162354304e+00
1.987489101021600701e+00 8.216710927981447921e-02 2.297929500285896598e+00
1.929089860312364957e+00 2.322742105765783771e-01 1.930095737300750569e+00
1.480980007990161162e+00 4.151999757904612509e-01 6.908219336035161806e-01
1.323387672191434827e+00 3.482563678601475754e-01 2.733154740181438780e-01
1.210575727735019314e+00 2.291934765547060660e-01 -1.175554935928232181e-01
1.153458085601865024e+00 7.861797703271067306e-02 -4.850003864274389787e-01
1.154103552568192415e+00 -8.216710927981439594e-02 -8.436631533038958519e-01
1.212502793277428381e+00 -2.322742105765786269e-01 -1.211496916289043213e+00
1.326483553327210352e+00 -3.503891030904802695e-01 -1.602986781160226970e+00
1.484831893771154876e+00 -4.159691318436076757e-01 -2.020988741923377408e+00
1.421039196982253117e+00 -1.981218895698975135e-01 7.103369157356104191e-01
-1.421039196982253117e+00 1.981218895698975135e-01 -2.431255737854182808e+00
-1.357017014144038303e+00 1.262016869178901046e-01 -2.039908999969912262e+00
-1.325577206308013123e+00 3.575111242229710856e-02 -1.656362988668574454e+00
-1.330231708201219387e+00 -5.985732068405301420e-02 -1.275306725616908832e+00
-1.370491013109922385e+00 -1.468061305409821549e-01 -8.901494794733347815e-01
-1.441687072462275010e+00 -2.120530939716823715e-01 -4.964311698011305563e-01
-1.533943690155874950e+00 -2.450592096813136445e-01 -9.451143009164271469e-02
-1.771101640479870953e+00 1.468061305409820716e-01 2.251443174116458223e+00
-1.699905581127518106e+00 2.120530939716824548e-01 2.645161483788663226e+00
-1.607648963433918166e+00 2.450592096813136722e-01 3.047081223498150582e+00
-1.509168649864780276e+00 2.401253036480666958e-01 -2.831428961068346961e+00
-1.379157982924991810e+00 -1.821236189355487090e-01 8.855242814816668417e-01
1.379157982924991810e+00 1.821236189355487090e-01 -2.256068372108126496e+00
1.324837812035726703e+00 9.579482873959456468e-02 -2.643064273885365800e+00
1.307229329440587451e+00 -4.383323890161762611e-03 -3.023332884339367421e+00
1.328109346333283591e+00 -1.039347072846501518e-01 2.879257641159015169e+00
1.385353134948118292e+00 -1.884305062638612083e-01 2.491446637556671284e+00
1.472048034234512359e+00 -2.448077021288437016e-01 2.093331792425116689e+00
1.575336432913094775e+00 -2.635644050258342808e-01 1.687873284057455292e+00
1.762434670664801306e+00 -1.821236189355486812e-01 8.855242814816669528e-01
1.816754841554066413e+00 -9.579482873959453693e-02 4.985283797044272047e-01
1.834363324149205887e+00 4.383323890161770417e-03 1.182597692504259862e-01
1.813483307256509525e+00 1.039347072846501102e-01 -2.623350124307777809e-01
1.756239518641674824e+00 1.884305062638611250e-01 -6.501460160331216098e-01
1.669544619355280535e+00 2.448077021288438127e-01 -1.048260861164677094e+00
1.566256220676698341e+00 2.635644050258342808e-01 -1.453719369532337824e+00
1.463747515006237787e+00 2.413512452466726188e-01 -1.858810142134867505e+00
-1.667209964050682780e+00 3.521411803149117614e-01 6.878545204967840832e-01
1.667209964050682780e+00 -3.521411803149117614e-01 -2.453738133093009033e+00
1.797460500609470158e+00 -2.880421630718364434e-01 -2.862281587164814844e+00
1.889030098098449573e+00 -1.809812318936050990e-01 3.032094954839214207e+00
1.932265003015790628e+00 -4.853059989087480514e-02 2.659646439559386621e+00
1.924447211587015927e+00 9.048061210728318426e-02 2.291995777942260837e+00
1.865973016514403282e+00 2.171730056015910015e-01 1.915529508713671669e+00
1.761121272086583422e+00 3.128581003870505861e-01 1.520525052570973923e+00
1.474382689539110336e+00 3.521411803149117614e-01 6.878545204967843052e-01
1.344132152980323180e+00 2.880421630718364434e-01 2.793110664249784381e-01
1.252562555491343765e+00 1.809812318936049602e-01 -1.094976987505790061e-01
1.209327650574002710e+00 4.853059989087495085e-02 -4.819462140304058284e-01
1.217145442002777411e+00 -9.048061210728307324e-02 -8.495968756475319461e-01
1.275619637075390056e+00 -2.171730056015912236e-01 -1.226063144876121891e+00
1.380471381503209694e+00 -3.128581003870506416e-01 -1.621067601018819193e+00
1.518918760038501459e+00 -3.610235697805009858e-01 -2.034403323411238418e+00
-1.596255493827366534e+00 -8.338976876211957878e-02 7.695746001114953661e-01
1.596255493827366534e+00 8.338976876211957878e-02 -2.372018053478297972e+00
1.562326387463290445e+00 8.676957874200653953e-02 -2.766147024496167006e+00
1.529704021091422339e+00 7.691081263283433556e-02 3.123125677534725586e+00
1.503397264467098982e+00 5.534009028693986226e-02 2.730141701611042748e+00
1.487379650599861103e+00 2.537067963778375304e-02 2.338249897442153280e+00
1.484023651140583766e+00 -8.438073657538324931e-03 1.946975984511109203e+00
1.493820789779042535e+00 -4.097076137951818908e-02 1.555488446295236082e+00
1.515330561114053065e+00 -6.729572682810708306e-02 1.163078979354572828e+00
1.545337159762426804e+00 -8.338976876211957878e-02 7.695746001114955881e-01
1.579266266126502671e+00 -8.676957874200653953e-02 3.754456290936262763e-01
1.611888632498370999e+00 -7.691081263283434943e-02 -1.846697605506738768e-02
1.638195389122694134e+00 -5.534009028693992471e-02 -4.114509519787499237e-01
1.654213002989932235e+00 -2.537067963778376692e-02 -8.033427561476393919e-01
1.657569002449209572e+00 8.438073657538345748e-03 -1.194616669078684357e+00
1.647771863810750581e+00 4.097076137951818214e-02 -1.586104207294557256e+00
-1.486791128543215157e+00 4.820138891858248564e-02 8.489615256777806040e-01
1.486791128543215157e+00 -4.820138891858248564e-02 -2.292631127912012623e+00
1.511597315043653911e+00 -7.666241168689326424e-02 -2.685085432501684632e+00
1.545491620274347389e+00 -9.346826335299769639e-02 -3.078871939771710142e+00
1.583296955851354104e+00 -9.601558901848963878e-02 2.809830170587502174e+00
1.619168027297107626e+00 -8.390739964482907265e-02 2.415700727188948349e+00
1.647592739651951632e+00 -5.902493442237193022e-02 2.022764380325035916e+00
1.664294349199480161e+00 -2.519422858252339664e-02 1.631154796140320329e+00
1.654801525046578181e+00 4.820138891858247177e-02 8.489615256777807151e-01
1.629995338546139205e+00 7.666241168689329200e-02 4.565072210881087611e-01
1.596101033315445727e+00 9.346826335299769639e-02 6.272071381808320967e-02
1.558295697738439012e+00 9.601558901848965266e-02 -3.317624830022906646e-01
1.522424626292685490e+00 8.390739964482911428e-02 -7.258919264008446559e-01
1.493999913937841484e+00 5.902493442237188165e-02 -1.118828273264757867e+00
1.477298304390312955e+00 2.519422858252338276e-02 -1.510437857449473009e+00
1.474773281345521880e+00 -1.244304872403221782e-02 -1.901360336022547282e+00
-1.449253833248736800e+00 -1.492294552167861554e-01 8.527395492017997292e-01
1.449253833248736800e+00 1.492294552167861554e-01 -2.288853104387993387e+00
1.401619198533768262e+00 9.160475994174151204e-02 -2.680227966215098512e+00
1.379686606610237121e+00 2.035210684022494346e-02 -3.067105151638827021e+00
1.386242875568006516e+00 -5.389959807176153417e-02 2.830320865116390916e+00
1.420474366499719920e+00 -1.201850829660994907e-01 2.441693867125882988e+00
1.477872414613376373e+00 -1.684610035038708320e-01 2.047784861334467799e+00
1.550066926704009029e+00 -1.910696531118199204e-01 1.649221075968726913e+00
1.692338820341056316e+00 -1.492294552167861554e-01 8.527395492017999512e-01
1.739973455056024854e+00 -9.160475994174156755e-02 4.613646873746952148e-01
1.761906046979555995e+00 -2.035210684022497121e-02 7.448750195096658089e-02
1.755349778021786822e+00 5.389959807176148560e-02 -3.112717884734018670e-01
1.721118287090073196e+00 1.201850829660994768e-01 -6.998987864639096834e-01
1.663720238976416743e+00 1.684610035038708875e-01 -1.093807792255325539e+00
1.591525726885784309e+00 1.910696531118198649e-01 -1.492371577621066203e+00
1.515967458771579901e+00 1.842823588204866025e-01 -1.892124757604928709e+00
-1.170695852191686370e+00 -1.050829976713938851e+00 5.735826013274001323e-01
1.170695852191686370e+00 1.050829976713938851e+00 -2.568010052262393206e+00
7.304278907571517543e-01 8.149853366910180252e-01 -3.107712085003716762e+00
5.475522457539029331e-01 4.970187162333192243e-01 2.880759387704142860e+00
4.814727913349080568e-01 1.539160766255736057e-01 2.677760111687396360e+00
4.852489673811059556e-01 -1.947577259657017890e-01 2.496133312407305294e+00
5.613499247621082100e-01 -5.362357900058768445e-01 2.286972409816224072e+00
2.411164762832641362e+00 -8.149853366910182473e-01 3.388056858607669392e-02
2.594040407835890516e+00 -4.970187162333191688e-01 -2.608332658856505337e-01
2.660119862254885170e+00 -1.539160766255737722e-01 -4.638325419023966445e-01
2.656343686208687327e+00 1.947577259657015392e-01 -6.454593411824876004e-01
2.580242728827684573e+00 5.362357900058771776e-01 -8.546202437735695989e-01
2.376735428099624681e+00 8.488156225738157090e-01 -1.167972697639243718e+00
1.894064869674867202e+00 1.067165578991947417e+00 -1.749216564954408026e+00
9.132958215322194429e-01 -8.436318171465273519e-02 1.422885397431186805e+00
-2.946304520313269143e-02 -9.844833649923662167e-01 -2.614358689693759841e-01
2.946304520313269143e-02 9.844833649923662167e-01 2.880156784620417021e+00
1.964176315560787686e-02 5.918950106919913523e-01 2.866572087351695330e+00
1.662913546781783630e-02 1.992584248193209062e-01 2.858904200056301637e+00
1.660972915864906627e-02 -1.933878081958772255e-01 2.852419878466996295e+00
1.956487563058655760e-02 -5.860247113506460437e-01 2.844790916604662101e+00
2.920542615333790448e-02 -9.786144634617999216e-01 2.831377683284216573e+00
8.215853244753808238e-02 -1.370854389056454847e+00 2.775083378549147994e+00
3.112129608386660529e+00 -9.844833649923664387e-01 -2.614358689693759841e-01
3.121950890434185499e+00 -5.918950106919913523e-01 -2.750205662380978966e-01
3.124963518121975259e+00 -1.992584248193209895e-01 -2.826884535334914239e-01
3.124982924431144227e+00 1.933878081958768924e-01 -2.891727751227969878e-01
3.122027777959206496e+00 5.860247113506458216e-01 -2.968017369851309595e-01
3.112387227436455461e+00 9.786144634618001437e-01 -3.102149703055768204e-01
3.059434121142255325e+00 1.370854389056454847e+00 -3.665092750406450661e-01
8.460843447527943706e-02 1.376705421400630236e+00 2.938639433380730637e+00
2.748522864984311642e+00 -1.176399918927007349e+00 -9.146899826200696748e-02
-2.748522864984311642e+00 1.176399918927007349e+00 3.050123655327786398e+00
-3.510900603668472009e-01 1.128583111545921280e+00 -7.767514446748590151e-01
-2.024241429374201706e-01 7.494451504712277279e-01 -5.959857386502063203e-01
-1.580864894395309639e-01 3.628574860800691804e-01 -5.135976185138905192e-01
-1.477626110334344656e-01 -2.537867386266435751e-02 -4.532962621942643877e-01
-1.614255037958945427e-01 -4.135206851764473002e-01 -3.917306393781679330e-01
-2.127764168550506929e-01 -7.996607473772322505e-01 -3.033641245377349249e-01
-3.930697886054816959e-01 -1.176399918927007349e+00 -9.146899826200703687e-02
-1.741534294678771078e+00 -1.420885781065568620e+00 1.286359503639965318e+00
-2.790502593222945915e+00 -1.128583111545921058e+00 2.364841208914934434e+00
-2.939168510652373278e+00 -7.494451504712276169e-01 2.545606914939587018e+00
-2.983506164150262485e+00 -3.628574860800692359e-01 2.627995035075902930e+00
-2.993830042556358872e+00 2.537867386266497854e-02 2.688296391395529117e+00
-2.980167149793898851e+00 4.135206851764476332e-01 2.749862014211625016e+00
-2.928816236734742784e+00 7.996607473772320285e-01 2.838228529052058136e+00
1.353040498598830688e+00 -2.114220944260117585e-01 2.958724563406692987e+00
1.451071942116011426e+00 -2.782883860028785850e-01 2.559616427037737729e+00
1.788552154990962650e+00 2.114220944260115642e-01 -1.828680901830997685e-01
1.690520711473781912e+00 2.782883860028784739e-01 -5.819762265520548317e-01
-1.549492182277903307e+00 1.288885727823369520e-01 8.030789481055999879e-01
1.549492182277903307e+00 -1.288885727823369520e-01 -2.338513705484193128e+00
1.600711689601270304e+00 -1.271751388224832413e-01 -2.734492627832535216e+00
1.647247278606627230e+00 -1.060225986935369180e-01 -3.129345291148637020e+00
1.681950779915319716e+00 -6.875896681503795849e-02 2.761372595336444746e+00
1.699713831192747771e+00 -2.112740790418501935e-02 2.371136602804090998e+00
1.698027780964409983e+00 2.967369916421247825e-02 1.981691709969855886e+00
1.677127187080817317e+00 7.602083832178203882e-02 1.591149662342137061e+00
1.592100471311890031e+00 1.288885727823369520e-01 8.030789481055999879e-01
1.540880963988523034e+00 1.271751388224832413e-01 4.071000257572582326e-01
1.494345374983166108e+00 1.060225986935368764e-01 1.224736244115608511e-02
1.459641873674473622e+00 6.875896681503804175e-02 -3.802200582533483142e-01
1.441878822397045568e+00 2.112740790418505404e-02 -7.704560507857017848e-01
1.443564872625383133e+00 -2.967369916421249212e-02 -1.159900943619937674e+00
1.464465466508976021e+00 -7.602083832178198330e-02 -1.550442991247656055e+00
1.501611749916935246e+00 -1.108907156443123543e-01 -1.943348082811550581e+00
1.722902971422145768e+00 -4.564633856571214121e-01 8.151608610189584603e-01
-1.722902971422145768e+00 4.564633856571214121e-01 -2.326431792570834656e+00
-1.332521489639774570e+00 4.200957289312007292e-01 -1.454608845913177406e+00
-1.190022667344895702e+00 2.987569738976145195e-01 -1.054946207081205678e+00
-1.109721951226260162e+00 1.364304727962427355e-01 -6.881711037386698537e-01
-1.093141494735743846e+00 -4.303642245634497349e-02 -3.380204235419744796e-01
-1.139926071537658903e+00 -2.172079535210854340e-01 1.744786756023459021e-02
-1.250485419027821177e+00 -3.631027393850513318e-01 3.985666016290010938e-01
-1.418689682167647348e+00 -4.564633856571214676e-01 8.151608610189583493e-01
-1.619248638867446966e+00 -4.771756020815439148e-01 1.255042448351085138e+00
-1.809071163950018768e+00 -4.200957289312007847e-01 1.686983807676615710e+00
-1.951569986244897414e+00 -2.987569738976146305e-01 2.086646446508587438e+00
-2.031870702363533177e+00 -1.364304727962427910e-01 2.453421549851123373e+00
-2.048451158854049492e+00 4.303642245634504288e-02 2.803572230047818969e+00
-2.001666582052134213e+00 2.172079535210853785e-01 -3.124144786029558585e+00
-1.891107234561972383e+00 3.631027393850512763e-01 -2.743026051960792522e+00
5.398924889356374601e-01 -4.377490859686803404e-01 -6.803384368252523018e-01
-5.398924889356374601e-01 4.377490859686803404e-01 2.461254216764540814e+00
-4.866405523714891213e-01 9.447418340466283426e-02 2.660160395896093100e+00
-5.015561474779125506e-01 -2.522629268986023576e-01 2.846043763862379450e+00
-5.942905624933066955e-01 -5.889963873177703757e-01 3.069166361546106003e+00
-8.322137369614278635e-01 -8.897014137714525095e-01 -2.866775144970219458e+00
-2.444062005583304220e+00 -7.600184417028212902e-01 -9.551843204431689216e-01
-2.601700164654155767e+00 -4.377490859686805624e-01 -6.803384368252523018e-01
-2.654952101218304161e+00 -9.447418340466290365e-02 -4.814322576937001830e-01
-2.640036506111880676e+00 2.522629268986023576e-01 -2.955488897274138327e-01
-2.547302091096486976e+00 5.889963873177701537e-01 -7.242629204368739027e-02
-2.309378916628365808e+00 8.897014137714521764e-01 2.748175086195734362e-01
-1.770708156476802353e+00 1.075793243345330330e+00 9.129207688156008027e-01
-1.078684355607482104e+00 1.014248252711245746e+00 1.702414935481068481e+00
-6.975306480064894510e-01 7.600184417028216233e-01 2.186408333146623750e+00
-2.800511329584808529e+00 -1.064359747067508355e+00 -7.990395888260602986e-01
2.800511329584808529e+00 1.064359747067508355e+00 2.342553064763732706e+00
5.026953917397976035e-01 1.227301156882961042e+00 -2.037046955551616995e-02
2.509351792164505324e-01 8.586690201832674063e-01 -3.064098215985863183e-01
1.834608006026102467e-01 4.747558931719032538e-01 -4.134542992348675949e-01
1.636133019416392553e-01 8.778933103882988198e-02 -4.835959266045466443e-01
1.706476347258982784e-01 -2.995770294029963532e-01 -5.488810625099260765e-01
2.111545029321375277e-01 -6.853965535968815637e-01 -6.329249586706923170e-01
3.410813240049848649e-01 -1.064359747067508133e+00 -7.990395888260602986e-01
1.075387265438205286e+00 -1.385304141164687364e+00 -1.566185602294596357e+00
2.638897261849995068e+00 -1.227301156882960820e+00 3.121222184034277536e+00
2.890657474373342417e+00 -8.586690201832679614e-01 2.835182831991207131e+00
2.958131852987182953e+00 -4.747558931719038089e-01 2.728138354354925799e+00
2.977979351648154083e+00 -8.778933103882967381e-02 2.657996726985246472e+00
2.970945018863894838e+00 2.995770294029961867e-01 2.592711591079867262e+00
2.930438150657655783e+00 6.853965535968807865e-01 2.508667694919101354e+00
