3.122334445034467887e+00 -1.691123373510930727e-01 -2.445806891564614283e+00
3.122124872415406038e+00 2.235150092757795248e-01 -2.453364298998934601e+00
3.122213608958588349e+00 -1.517419498873616990e-01 -2.223003596213473931e-01
-3.234738644622828924e-02 -9.369184825948905226e-01 -1.991633906852714186e-01
3.234738644622828924e-02 9.369184825948905226e-01 2.942429262904521892e+00
2.239352926861537529e-02 5.443579981936621515e-01 2.927960926682112497e+00
1.937904463120494053e-02 1.517419498873616435e-01 2.919292293968445584e+00
1.972594646684656602e-02 -2.408839894113670721e-01 2.911656172602635095e+00
2.376900004718662460e-02 -6.334933600633728679e-01 2.902290482394493498e+00
3.697158545614905728e-02 -1.026024302004542976e+00 2.884738944201205690e+00
1.260490429897079545e-01 -1.417831364085620161e+00 2.791770070392451508e+00
3.061469985044499964e+00 -1.329121641019584521e+00 -1.474263486071146767e-01
3.015543610600085245e+00 1.417831364085620161e+00 -3.498225831973416078e-01
8.012266854529352667e-02 1.329121641019585187e+00 2.994166304982678994e+00
-3.101582580102315578e+00 8.924031473652298263e-02 2.292881720918845012e+00
-3.084249363828392987e+00 3.473312755116075151e-02 2.331622106340165423e+00
3.130839890672701742e+00 1.010800075047581181e+00 -2.479623885665235505e+00
3.107300184002324439e+00 1.403428600047261554e+00 -2.504327089743951351e+00
2.554731798025618866e-02 1.345297281588822447e+00 6.959800200153214433e-01
9.855715449704850750e-03 9.526463774737763401e-01 6.791112441777854558e-01
6.741151542604201068e-03 5.599600082586940752e-01 6.746598389213562807e-01
5.792450893226846857e-03 1.672683980127831760e-01 6.720436144585332228e-01
5.859865966790887490e-03 -2.254241889909487651e-01 6.697694112017941181e-01
7.008365488141711855e-03 -6.181154126721926101e-01 6.670178276427158881e-01
1.075276291709141054e-02 -1.010800075047580737e+00 6.619687679245577216e-01
3.429246958746893365e-02 -1.403428600047261554e+00 6.372655638458415428e-01
3.116045335609537226e+00 -1.345297281588822669e+00 -2.445612633574471673e+00
3.131736938140088355e+00 -9.526463774737767842e-01 -2.462481409412007771e+00
3.116505323067168653e+00 3.559094648280724388e-02 1.021283284666621716e-01
-3.425243373483143755e-02 -7.495034082502073369e-01 1.263614377753826123e-01
3.425243373483143755e-02 7.495034082502073369e-01 -3.015231215814410781e+00
2.675877083428910772e-02 3.569796918642906269e-01 -3.029218741284529948e+00
2.508733052262450761e-02 -3.559094648280722306e-02 -3.039464325123131250e+00
2.755974464574677263e-02 -4.281577402525064691e-01 -3.050016526066350764e+00
3.678029558504406632e-02 -8.206628786266082498e-01 -3.065485471621094415e+00
7.161605816935397162e-02 -1.212857989216731491e+00 -3.105662622562659791e+00
2.527847590776789666e+00 -1.527255267497853231e+00 7.163199027421767173e-01
3.069976595420439214e+00 1.212857989216731935e+00 3.593003102713338698e-02
6.137450628130042274e-01 1.527255267497853231e+00 -2.425272750847615733e+00
6.030511830780336396e-02 1.141807285209071932e+00 -2.983719272667902711e+00
-3.099022236634215055e+00 -1.188665928675063599e+00 2.022484629883253504e+00
3.099022236634215055e+00 1.188665928675063599e+00 -1.119108023706540056e+00
9.697835692105664096e-01 1.551553703141838492e+00 3.031685073415842258e+00
4.039321307726375515e-02 1.166920247224141338e+00 2.099134341459313546e+00
2.220190016619618539e-02 7.743927567766798470e-01 2.077514554114283207e+00
1.710158152151177238e-02 3.817663235397208421e-01 2.068359762512705480e+00
1.587123703626983073e-02 -1.088082446766172086e-02 2.061815155468704308e+00
1.725642770442671614e-02 -4.035275022482132656e-01 2.055211295311773601e+00
2.269028085683565121e-02 -7.961516651894064989e-01 2.045770442584415871e+00
4.257041695557799155e-02 -1.188665928675063377e+00 2.022484629883253504e+00
2.171809084379221044e+00 -1.551553703141838714e+00 -1.099075801739454461e-01
3.101199440512529382e+00 -1.166920247224141560e+00 -1.042458312130479792e+00
3.119390753423596951e+00 -7.743927567766804021e-01 -1.064078099475509909e+00
3.125721416553523646e+00 1.088082446766196892e-02 -1.079777498121089030e+00
3.118902372732957673e+00 7.961516651894059438e-01 -1.095822211005377023e+00
-2.468008309240201162e-02 -1.162597022173474937e+00 2.072401450248940069e+00
2.468008309240201162e-02 1.162597022173474937e+00 -1.069191203340853269e+00
1.364499769591792123e-02 7.699623759077824925e-01 -1.082345525137308417e+00
1.053724974307486580e-02 3.772908052320068650e-01 -1.087962143672817295e+00
9.797259543363629267e-03 -1.538852321089183295e-02 -1.091994988373101272e+00
1.067245025950712758e-02 -4.080675982066072072e-01 -1.096079575714218990e+00
1.407151341265836658e-02 -8.007379449294174112e-01 -1.101946064996994767e+00
2.658401358405286866e-02 -1.193365450822780671e+00 -1.116557899525295161e+00
2.574695423066614364e+00 -1.552553921134643522e+00 2.616570280508399904e+00
3.116912570497391233e+00 -1.162597022173475159e+00 2.072401450248939625e+00
3.115008640005740403e+00 1.193365450822780671e+00 2.025034754064497733e+00
5.668972305231962938e-01 1.552553921134643966e+00 -5.250223730813761147e-01
3.131795394046429593e+00 1.538852321089145478e-02 2.049597665216691844e+00
3.102061550152011460e+00 1.037271827821716119e+00 -2.067356462532371264e+00
2.998994963579693973e+00 1.428891743429505201e+00 -2.174498232332776837e+00
8.038413818149862944e-02 1.317797801129688917e+00 1.186113544356107052e+00
3.342987360293905169e-02 9.256129045455003812e-01 1.134991561236651902e+00
2.333917273168084616e-02 5.330631063274282599e-01 1.120139800266139130e+00
2.030043340563240928e-02 1.404546787463871460e-01 1.111120153829707968e+00
2.075703132205274429e-02 -2.521637781885683882e-01 1.103098271124931751e+00
2.515040021932983538e-02 -6.447629735875909374e-01 1.093160192399663888e+00
3.953110343778178104e-02 -1.037271827821715897e+00 1.074236191057422074e+00
1.425976900100998646e-01 -1.428891743429505201e+00 9.670944212570156129e-01
3.061208515408294417e+00 -1.317797801129689361e+00 -1.955479109233685842e+00
3.108162779986854307e+00 -9.256129045455007143e-01 -2.006601092353141436e+00
-2.438053181979491224e-01 -1.482799184762622513e+00 -4.801202854853934832e-01
2.438053181979491224e-01 1.482799184762622513e+00 2.661472368104399688e+00
4.608705132287788803e-02 1.092255542217771769e+00 2.459489790585557056e+00
2.773646739906475769e-02 6.998010378606754900e-01 2.436440440426942189e+00
2.225881028722490745e-02 3.072200824627180360e-01 2.425305955829609950e+00
2.129404006575460334e-02 -8.538830984692234727e-02 2.416757331760185146e+00
2.389499376520260593e-02 -4.779900360016173244e-01 2.407580420490520012e+00
3.292706591302006075e-02 -8.705385781556501668e-01 2.393391337858131074e+00
7.003786669536188336e-02 -1.262796413591612321e+00 2.351821624189971427e+00
2.897787335391843744e+00 -1.482799184762622513e+00 -4.801202854853931501e-01
3.095505602266915623e+00 -1.092255542217771769e+00 -6.821028630042361707e-01
3.113856186190728348e+00 -6.998010378606757120e-01 -7.051522131628509271e-01
3.108665587676773256e+00 8.705385781556498337e-01 -7.482013157316621532e-01
3.071554786894431732e+00 1.262796413591611655e+00 -7.897710293998215780e-01
-3.110228126461966891e+00 -2.612563770153404352e-01 1.137494689836926032e+00
-3.111029787915563727e+00 1.312592977569553010e-01 1.149599830130535461e+00
-3.106600449019826016e+00 5.237537604907831490e-01 1.163104611472813410e+00
3.106405342315348150e+00 -3.272541052323957311e-01 1.469856508615452695e+00
3.108202477644656181e+00 6.522018399704811176e-02 1.456364592744010311e+00
3.104449158307398537e+00 4.576819770198626292e-01 1.442122901253692691e+00
-3.118180586941872168e+00 -1.053811445664012192e+00 1.915683916656677033e+00
3.118180586941872168e+00 1.053811445664012192e+00 -1.225908736933116305e+00
3.048431786976557589e+00 1.446093083449520256e+00 -1.297996973115589148e+00
4.358611384846359377e-02 1.302022125426642640e+00 1.978060371177146282e+00
1.884098630208369193e-02 9.094801742936770017e-01 1.950906927697452442e+00
1.330928353249484671e-02 5.168290727978627208e-01 1.942614002562722098e+00
1.166064643418661048e-02 1.241596860583763229e-01 1.937481377741053334e+00
1.200093400565027842e-02 -2.685126197799060921e-01 1.932853286302891993e+00
1.466043898844012622e-02 -6.611780373769506891e-01 1.927034646632687309e+00
2.341206664792116685e-02 -1.053811445664012192e+00 1.915683916656677033e+00
9.316086661323517981e-02 -1.446093083449520256e+00 1.843595680474204634e+00
3.098006539741329668e+00 -1.302022125426642640e+00 -1.163532282412646834e+00
3.122751667287709587e+00 -9.094801742936771127e-01 -1.190685725892340896e+00
3.126932214601353177e+00 6.611780373769501340e-01 -1.214558006957106029e+00
-3.121570301366654032e+00 1.633681224393224996e-01 5.919826862671255796e-01
3.109400272669323062e+00 1.505684833505604725e-01 -6.779113764817717991e-01
3.278307685170555458e-02 2.419286766397333033e-01 2.476368450051423142e+00
3.219238092047024824e-02 -1.505684833505606945e-01 2.463681277108021206e+00
-3.136127860309417592e+00 -2.151112179408573230e-02 -1.610179356267849915e+00
3.129921691501488468e+00 -1.913212157146072234e-01 -1.277004802030737629e+00
3.129898382708266702e+00 2.013517512468334936e-01 -1.281563090439276298e+00
3.097272784494634834e+00 4.779146676836347474e-02 1.513597206779721649e+00
4.431986909515849005e-02 -4.779146676836348168e-02 -1.627995446810071467e+00
2.394408811617201316e+00 -1.505629009806814356e+00 2.261840479471882936e+00
7.471838419725919112e-01 1.505629009806814356e+00 -8.797521741179102905e-01
-3.116146411851949072e+00 -4.586178505273310613e-01 -1.709323125086157358e+00
-3.118726537343907701e+00 -6.603009818836447220e-02 -1.699564901216035873e+00
-3.117503018618958066e+00 3.265635892496843162e-01 -1.690326825933760269e+00
-1.054855931085693296e-02 -6.628248754306079737e-01 1.240380086690787920e+00
1.054855931085693296e-02 6.628248754306079737e-01 -1.901212566899005196e+00
8.627834107378969455e-03 2.701432078783128632e-01 -1.905401172176049096e+00
8.377743603371018075e-03 -1.225420433644056062e-01 -1.908727812567197812e+00
9.555419537519569545e-03 -5.152258076895652739e-01 -1.912412093942864599e+00
1.351161161744183700e-02 -9.079001856010227023e-01 -1.918354007342820911e+00
3.114681546661272199e-02 -1.300518742441202136e+00 -1.937720509445878925e+00
3.073674347786692795e+00 -1.447969671276782444e+00 1.301297106045681495e+00
3.124719293712698409e+00 -1.055489900562905703e+00 1.248571476350545995e+00
3.128081041972351262e+00 9.079001856010224802e-01 1.223238646246972428e+00
3.110445838123180540e+00 1.300518742441202358e+00 1.203872144143914191e+00
6.791830580310068144e-02 1.447969671276782666e+00 -1.840295547544111399e+00
1.687335987709482482e-02 1.055489900562906369e+00 -1.893021177239247121e+00
-3.121893560568497428e+00 -6.447883698349262671e-01 1.101439806447087832e+00
3.121893560568497428e+00 6.447883698349262671e-01 -2.040152847142705284e+00
3.110627111087465479e+00 1.037370737750348937e+00 -2.054977847694711368e+00
3.029642418312554764e+00 1.429406299499239807e+00 -2.139154401410760187e+00
6.301802040927090287e-02 1.318133311075847747e+00 1.174302768883358716e+00
2.618745736852408357e-02 9.257499992985972481e-01 1.134207907947527794e+00
1.828105707325972107e-02 5.331425171193081569e-01 1.122572489974751786e+00
1.590037032061337660e-02 1.404990527710706094e-01 1.115507345483836232e+00
1.625782489026653815e-02 -2.521505668755089635e-01 1.109224064406874044e+00
1.969909302129578196e-02 -6.447883698349262671e-01 1.101439806447087832e+00
3.096554250232782732e-02 -1.037370737750348715e+00 1.086614805895081970e+00
1.119502352772375614e-01 -1.429406299499240030e+00 1.002438252179034039e+00
3.078574633180522380e+00 -1.318133311075848191e+00 -1.967289884706434400e+00
3.115405196221268991e+00 -9.257499992985974702e-01 -2.007384745642265322e+00
3.131441680190446331e+00 -2.929962602195046104e-02 -1.643507881535219761e+00
3.130737163376961174e+00 3.633783711559558371e-01 -1.647663811897793096e+00
3.133177954739009063e+00 3.072280315266148407e-02 -4.575417395310285573e-01
-2.046748253324983877e-02 -1.147294881183287929e+00 -4.386235159810522588e-01
2.046748253324983877e-02 1.147294881183287929e+00 2.702969137608740802e+00
1.154511100256278358e-02 7.546410130221411494e-01 2.692218304002810481e+00
8.993484437295489256e-03 3.619617983604463407e-01 2.687494156852293425e+00
8.414698850784392559e-03 -3.072280315266202530e-02 2.684050914058764725e+00
9.225402740696731982e-03 -4.234070312613432141e-01 2.680518881214883464e+00
1.227718583891148317e-02 -8.160844413587110546e-01 2.675365642991085924e+00
2.374701987868035880e-02 -1.208727738469467683e+00 2.662101470681653925e+00
2.874340949818773971e+00 -1.538942355131557971e+00 -1.901607632608545428e-01
2.672517037710249732e-01 1.538942355131558415e+00 2.951431890328944707e+00
-3.089212917322091023e+00 -7.842671898571752787e-02 2.411793174388132233e+00
-2.754519640244642353e+00 -7.410234632254212306e-01 -1.219365695104062342e+00
-2.838173602503081039e+00 -3.706389456869084165e-01 -1.063759645498421502e+00
-2.859359865468412032e+00 5.764607535139086407e-03 -9.491671165794863807e-01
-2.836752907732940532e+00 3.820922033954656238e-01 -8.340524127967593460e-01
-2.750305448820154375e+00 7.521299793113457310e-01 -6.761065078372821002e-01
-3.122348440723019092e+00 -2.689520079761095195e-01 1.927506287233048177e+00
-3.122897535569706839e+00 1.236782357626128453e-01 1.934927024327727452e+00
3.997841116022222345e-04 2.262524684661003649e-01 -2.234411981116980250e+00
3.950549475672565820e-04 -1.664465830127466184e-01 -2.234567115875553345e+00
-3.133465826754316730e+00 -1.015357670848611171e-01 -2.867788508370320510e+00
1.577067782636669066e-02 -1.344541434092250798e+00 2.176532118253138304e+00
-1.577067782636669066e-02 1.344541434092250798e+00 -9.650605353366548123e-01
-6.097715778888491978e-03 9.518607528205954571e-01 -9.546583235643461007e-01
-4.173294023555242094e-03 5.591665402953658326e-01 -9.519055925690741438e-01
-3.587279717144300616e-03 1.664703231273652606e-01 -9.502861586228688040e-01
-3.630186502207910330e-03 -2.262262668270159927e-01 -9.488774750393931257e-01
-4.343368833106144196e-03 -6.189223315981181583e-01 -9.471718853773456459e-01
-6.668732641612942595e-03 -1.011615871136725353e+00 -9.440386922982652029e-01
-2.134634849664266906e-02 -1.404287714511043283e+00 -9.286405305364691110e-01
-3.125821975763426686e+00 -1.344541434092251020e+00 2.176532118253138304e+00
-3.120246305093150596e+00 1.404287714511042839e+00 2.212952123053324005e+00
3.120298613524038700e+00 8.538830984692186155e-02 -7.248353218296084144e-01
-2.438053181979491224e-01 -1.482799184762622513e+00 -4.801202854853934832e-01
2.438053181979491224e-01 1.482799184762622513e+00 2.661472368104399688e+00
4.608705132287788803e-02 1.092255542217771769e+00 2.459489790585557056e+00
2.773646739906475769e-02 6.998010378606754900e-01 2.436440440426942189e+00
2.225881028722490745e-02 3.072200824627180360e-01 2.425305955829609950e+00
2.129404006575460334e-02 -8.538830984692234727e-02 2.416757331760185146e+00
2.389499376520260593e-02 -4.779900360016173244e-01 2.407580420490520012e+00
3.292706591302006075e-02 -8.705385781556501668e-01 2.393391337858131074e+00
7.003786669536188336e-02 -1.262796413591612321e+00 2.351821624189971427e+00
2.897787335391843744e+00 -1.482799184762622513e+00 -4.801202854853931501e-01
3.095505602266915623e+00 -1.092255542217771769e+00 -6.821028630042361707e-01
3.113856186190728348e+00 -6.998010378606757120e-01 -7.051522131628509271e-01
3.108665587676773256e+00 8.705385781556498337e-01 -7.482013157316621532e-01
3.071554786894431732e+00 1.262796413591611655e+00 -7.897710293998215780e-01
3.123901482807983410e+00 -6.144397803778801209e-02 1.697810454131799318e+00
3.122920005836538504e+00 3.311918969846146532e-01 1.690651585995362804e+00
-3.110705968535597332e+00 -1.269854786596966156e-01 -1.188074278771279024e+00
-3.109841660421015952e+00 2.655259693069085269e-01 -1.175826823055552861e+00
-2.787535416735350768e+00 -1.540223143387800864e+00 1.981701054647084570e+00
2.787535416735350768e+00 1.540223143387800864e+00 -1.159891598942708768e+00
2.976037428787368586e-02 1.206627781941226996e+00 2.363416045809374033e+00
1.543684016462653144e-02 8.140166027080003586e-01 2.346830095492366208e+00
1.161432532965317975e-02 4.213518260217128941e-01 2.340356680864521977e+00
1.060281977369312810e-02 2.867630683718324844e-02 2.335910328200896835e+00
1.134158622110438379e-02 -3.639997656623145117e-01 2.331568385334383819e+00
1.457602673846264407e-02 -7.566672159633918149e-01 2.325599464011597561e+00
2.590717697612930984e-02 -1.149294043475930005e+00 2.311965763461755863e+00
3.540572368544411264e-01 -1.540223143387800642e+00 1.981701054647085902e+00
3.111832279301919524e+00 -1.206627781941226996e+00 -7.781766077804193049e-01
3.115685476613663685e+00 1.149294043475929561e+00 -8.296268901280374752e-01
