-2.990215040629274679e+00 -1.110598717012664327e+00 1.834743376952698179e+00
2.990215040629274679e+00 1.110598717012664327e+00 -1.306849276637095159e+00
2.323683291162760067e+00 1.478886129075764222e+00 -1.986815006793453797e+00
2.043975520537586466e-01 1.234536439056387547e+00 2.163817578729156033e+00
1.011681874839636119e-01 8.457922692425975386e-01 2.046414083061507849e+00
7.461209561485189490e-02 4.545368892496925439e-01 2.003383653945090437e+00
6.715687268534011045e-02 6.279626180774793009e-02 1.974797095017980064e+00
7.082884514891099603e-02 -3.289929529398781249e-01 1.947657909684189281e+00
8.924053548429844440e-02 -7.204830587077425408e-01 1.911611737826620638e+00
1.513776129605183540e-01 -1.110598717012664327e+00 1.834743376952698179e+00
2.937195101536034247e+00 -1.234536439056387769e+00 -9.777750748606369724e-01
3.040424466105829726e+00 -8.457922692425977607e-01 -1.095178570528285267e+00
3.066980557974941402e+00 -4.545368892496929880e-01 -1.138208999644702901e+00
3.074435780904452908e+00 -6.279626180774766642e-02 -1.166795558571813274e+00
3.070763808440882148e+00 3.289929529398780139e-01 -1.193934743905603835e+00
3.052352118105494672e+00 7.204830587077419857e-01 -1.229980915763172478e+00
1.535728960173688096e+00 7.395151683945269672e-02 3.121888062666963837e+00
1.489064383027495220e+00 -4.028629735354116725e-03 1.945252909868304236e+00
1.496799482642381163e+00 -3.497148248946106708e-02 1.553683714521497006e+00
1.515787861301834960e+00 -6.061419431222535986e-02 1.161358098460285149e+00
1.543190503590494256e+00 -7.704369779569124332e-02 7.680549601251539515e-01
1.574838449784428329e+00 -8.173127903860072374e-02 3.741265810930000657e-01
1.605863693416105020e+00 -7.395151683945269672e-02 -1.970459092282963662e-02
1.631502118813401347e+00 -5.490734192515284162e-02 -4.127738335396147762e-01
1.647869274568259934e+00 -2.752391263133087060e-02 -8.048666546306796343e-01
1.644793170947411953e+00 3.497148248946107402e-02 -1.587908939068296332e+00
1.625804792287958378e+00 6.061419431222531823e-02 -1.980234555129507523e+00
-1.590550375590056076e+00 4.871109206568276923e-02 7.704822629094892905e-01
1.590550375590056076e+00 -4.871109206568276923e-02 -2.371110390680303937e+00
1.607691637877629143e+00 -3.744404582953486660e-02 -2.764019154867476402e+00
1.619206452070595548e+00 -2.048100962381904297e-02 3.126662126258283880e+00
1.623356002721271896e+00 -4.060288492025161504e-04 2.734448230013000192e+00
1.619516909453108111e+00 1.973061447391770765e-02 2.342240575345448050e+00
1.608265848850461532e+00 3.686943771907136291e-02 1.949751638615082827e+00
1.591301352181431872e+00 4.839996435425322763e-02 1.556857993267438456e+00
1.571202917121621745e+00 5.255967158990232369e-02 1.163673263635391475e+00
1.518236650868521442e+00 4.060288492025370213e-04 -4.071444235767928688e-01
1.522075744136685005e+00 -1.973061447391769030e-02 -7.993520782443452877e-01
1.533326804739331584e+00 -3.686943771907139761e-02 -1.191841014974710733e+00
1.550291301408361466e+00 -4.839996435425324844e-02 -1.584734660322354660e+00
1.570389736468171593e+00 -5.255967158990232369e-02 -1.977919389954401197e+00
-2.261196686883530038e+00 -1.039945035772517512e+00 1.161117993811325411e+00
2.261196686883530038e+00 1.039945035772517512e+00 -1.980474659778467705e+00
1.488627864371816933e+00 1.168372965857828794e+00 -2.833602732317529238e+00
7.964282883890025921e-01 9.931929825626423236e-01 2.676286014512935463e+00
5.253451828592665684e-01 6.788383158041847443e-01 2.317122925669559574e+00
4.250296742157264607e-01 3.282790797252944648e-01 2.112960357104028741e+00
4.012068954566313517e-01 -3.215055545929616787e-02 1.954416729484971249e+00
4.360063471528973778e-01 -3.917546626503431439e-01 1.792004147090659805e+00
5.561872455139434956e-01 -7.387296103533252944e-01 1.571625171004822796e+00
8.803959667062631889e-01 -1.039945035772517290e+00 1.161117993811325411e+00
2.345164365200790968e+00 -9.931929825626421016e-01 -4.653066390768580973e-01
2.616247470730526548e+00 -6.788383158041849663e-01 -8.244697279202335416e-01
2.716562979374066433e+00 -3.282790797252945758e-01 -1.028632296485764597e+00
2.740385758133161875e+00 3.215055545929667441e-02 -1.187175924104822089e+00
2.705586306436895683e+00 3.917546626503432550e-01 -1.349588506499133311e+00
2.585405408075850175e+00 7.387296103533249614e-01 -1.569967482584970098e+00
-1.392572758578421110e+00 1.352179445747545006e-01 9.361886180310556860e-01
1.392572758578421110e+00 -1.352179445747545006e-01 -2.205404035558737430e+00
1.457758641004969880e+00 -1.929634676555766204e-01 -2.599251326795619654e+00
1.541179278013298015e+00 -2.213379804886952684e-01 -2.999610628062309825e+00
1.629509197843927559e+00 -2.155450331494017657e-01 2.881230173153160212e+00
1.708163509703382488e+00 -1.765795352574363875e-01 2.482706407045627284e+00
1.764968365649090210e+00 -1.109310031310497963e-01 2.091371257694163432e+00
1.792228275515586722e+00 -2.889432504412682567e-02 1.706274558728276380e+00
1.786701962496520579e+00 5.735274396780382783e-02 1.323005135287791845e+00
1.749019895011372228e+00 1.352179445747545283e-01 9.361886180310557970e-01
1.512083455745865779e+00 2.155450331494017657e-01 -2.603624804366326817e-01
1.433429143886410850e+00 1.765795352574364152e-01 -6.588862465441654992e-01
1.376624287940703129e+00 1.109310031310497546e-01 -1.050221395895629906e+00
1.349364378074206616e+00 2.889432504412688466e-02 -1.435318094861516958e+00
1.354890691093272537e+00 -5.735274396780368211e-02 -1.818587518302000605e+00
-1.371704118297939257e+00 2.331637805230787619e-01 9.710901299298549949e-01
1.371704118297939257e+00 -2.331637805230787619e-01 -2.170502523659938454e+00
1.477374628945631096e+00 -2.912059148181032620e-01 -2.572884956562769165e+00
1.599428877295177465e+00 -3.041148756908652051e-01 -2.983681172351042576e+00
1.716374079572357658e+00 -2.694503178835129242e-01 2.891426209270476111e+00
1.808485364611067903e+00 -1.936354721935078516e-01 2.495300975254099551e+00
1.863206319763168084e+00 -8.947772562391406725e-02 2.112610128022040179e+00
1.875028353098517453e+00 2.731833596714828769e-02 1.737283924034400018e+00
1.842987788061733134e+00 1.402895249383818155e-01 1.359639221763272010e+00
1.769888535291854081e+00 2.331637805230787619e-01 9.710901299298552170e-01
1.425218574017435680e+00 2.694503178835129797e-01 -2.501664443193169496e-01
1.333107288978725435e+00 1.936354721935078238e-01 -6.462916783356934536e-01
1.278386333826625032e+00 8.947772562391398399e-02 -1.028982525567753381e+00
1.266564300491275663e+00 -2.731833596714834667e-02 -1.404308729555393098e+00
1.298604865528059982e+00 -1.402895249383817045e-01 -1.781953431826520662e+00
2.805986154191979498e+00 -8.494247851339582489e-01 2.191804670083961959e+00
-2.805986154191979498e+00 8.494247851339582489e-01 -9.497879835058313791e-01
-2.496007167453785147e+00 1.200920032605535814e+00 -5.936674500336105442e-01
-1.178320392905948033e+00 1.333165045588377673e+00 7.674980020105671707e-01
-4.458201247468815964e-01 1.042092930966465936e+00 1.544273692979363455e+00
-2.819394757340928925e-01 6.733024249896789604e-01 1.756949522463746804e+00
-2.291799599506662843e-01 2.929181953991230603e-01 1.868386660430556789e+00
-2.201636902327012146e-01 -9.015767152363657333e-02 1.955790075165292574e+00
-2.467621274017367528e-01 -4.724973268741574639e-01 2.049785966232443357e+00
-3.356064993978138955e-01 -8.494247851339582489e-01 2.191804670083961959e+00
-6.455854861360079688e-01 -1.200920032605535814e+00 2.547925203556182350e+00
-2.695772528842911520e+00 -1.042092930966466158e+00 -1.597318960610430105e+00
-2.859653177855700168e+00 -6.733024249896791824e-01 -1.384643131126046534e+00
-2.912412693639126804e+00 -2.929181953991227272e-01 -1.273205993159236327e+00
-2.921428963357092012e+00 9.015767152363657333e-02 -1.185802578424500542e+00
-2.894830526188056474e+00 4.724973268741570198e-01 -1.091806687357349537e+00
-5.343461293566362791e-01 7.242929367156414333e-01 -1.570011105899100423e+00
-4.222201110253018252e-01 3.741746993895819218e-01 -1.359070788204452818e+00
-3.913799151513465135e-01 1.275847739271910794e-02 -1.201589352173004110e+00
-4.179620203987580718e-01 -3.489704590649892468e-01 -1.045614318440972523e+00
-5.223273219409846346e-01 -7.004519844856239574e-01 -8.410240773279800131e-01
-8.067204649053567600e-01 -1.014217087061466849e+00 -4.712591073663934260e-01
-2.301638816083783290e+00 -1.032984922145915307e+00 1.181290227313188890e+00
-2.607246524233156837e+00 -7.242929367156415443e-01 1.571581547690692693e+00
-2.719372542564491457e+00 -3.741746993895819218e-01 1.782521865385340520e+00
-2.750212738438446713e+00 -1.275847739271937335e-02 1.940003301416789006e+00
-2.723630633191035155e+00 3.489704590649891913e-01 2.095978335148820371e+00
-2.619265331648808370e+00 7.004519844856245125e-01 2.300568576261813547e+00
-2.334872188684436356e+00 1.014217087061466849e+00 2.670333546223399690e+00
-1.426440867840502502e+00 2.280497831692586408e-01 9.184927309253128058e-01
1.426440867840502502e+00 -2.280497831692586408e-01 -2.223099922664480310e+00
1.633758572056383418e+00 -2.619333048111578965e-01 -3.033354419701219662e+00
1.730470197275943978e+00 -2.176951295192289249e-01 2.847942125066782459e+00
1.801159534316825628e+00 -1.405928139365731910e-01 2.456436656935339524e+00
1.836654027484264207e+00 -4.296015478426493811e-02 2.074284374323480229e+00
1.833226146069062423e+00 6.081197770155413046e-02 1.695358661523478361e+00
1.340433119272967710e+00 1.405928139365732188e-01 -6.851559966544532587e-01
1.304938626105528909e+00 4.296015478426491729e-02 -1.067308279266313331e+00
1.308366507520730693e+00 -6.081197770155405413e-02 -1.446233992066314755e+00
1.350385679831893837e+00 -1.558740187878369376e-01 -1.829678447857648216e+00
9.308018649756904031e-03 -6.678012434023743449e-01 1.229433657781607181e+00
-9.308018649756904031e-03 6.678012434023743449e-01 -1.912158995808186157e+00
-7.594067073084070398e-03 2.751156867720658261e-01 -1.908457827628679437e+00
-7.359284998500805267e-03 -1.175727014689364747e-01 -1.905531525413137972e+00
-8.375373644182605021e-03 -5.102599895296420218e-01 -1.902304159784641513e+00
-1.180128042988514044e-02 -9.029401590893793017e-01 -1.897128845814885389e+00
-2.689647576060205658e-02 -1.295578506554441622e+00 -1.880510084324248821e+00
-3.079368845874765892e+00 -1.452994589022885696e+00 1.173404193953846875e+00
-3.126629907157784771e+00 -1.060473676433871137e+00 1.222141324083908742e+00
-3.132284634940036394e+00 -6.678012434023744559e-01 1.229433657781607181e+00
-3.133998586516709040e+00 -2.751156867720661037e-01 1.233134825961113901e+00
-3.134233368591292646e+00 1.175727014689362943e-01 1.236061128176655366e+00
1.499308519219892055e+00 -5.774056747434276604e-02 7.389580971209166460e-01
-1.499308519219892055e+00 5.774056747434276604e-02 -2.402634556468876692e+00
-1.482688574549622329e+00 2.603027951342994084e-02 -2.010853258775570751e+00
-1.479436709150909524e+00 -9.616383298838149588e-03 -1.619741302595153698e+00
-1.490027080258162107e+00 -4.380983829362655041e-02 -1.228373126168528451e+00
-1.512908232390971053e+00 -7.136846861065765379e-02 -8.359707015911818084e-01
-1.544664729269072945e+00 -8.807782666785086978e-02 -4.423560908869670349e-01
-1.580452979594298535e+00 -9.135538165299859903e-02 -4.806398802359483635e-02
-1.658904079040170787e+00 -2.603027951342993737e-02 1.130739394814222587e+00
-1.662155944438883814e+00 9.616383298838151322e-03 1.521851350994639640e+00
-1.628684421198822063e+00 7.136846861065766767e-02 2.305621951998610974e+00
-1.596927924320720171e+00 8.807782666785088366e-02 2.699236562702826525e+00
-1.561139673995494581e+00 9.135538165299857127e-02 3.093528665566198210e+00
-1.526843382719427211e+00 8.069157992719773465e-02 -2.795624399672311355e+00
1.239598370237706471e+00 1.941990187169953808e-01 4.787740743078596761e-01
-1.239598370237706471e+00 -1.941990187169953808e-01 -2.662818579281933662e+00
-1.337050478924954655e+00 -3.051028321571623292e-01 -2.273661674218106832e+00
-1.475006466220464496e+00 -3.704876101231172614e-01 -1.862828042885988022e+00
-1.901994283352086867e+00 1.941990187169954363e-01 4.787740743078595096e-01
-1.804542174664838461e+00 3.051028321571622737e-01 8.679309793716862842e-01
-1.666586187369328842e+00 3.704876101231172614e-01 1.278764610703805316e+00
-1.510312069276144697e+00 3.775314291696581503e-01 1.700985539867345020e+00
-1.365738887476349861e+00 3.247413171343441207e-01 2.115832343766060220e+00
-1.257704317783716608e+00 2.227636807300225341e-01 2.510128296797566883e+00
-1.198755296973685658e+00 8.927264822088486207e-02 2.884336017654237860e+00
-1.192637299552902208e+00 -5.622013761431058493e-02 -3.033723084657611313e+00
2.766664069990667496e+00 -7.991744398354342360e-01 2.211070256994242644e+00
-2.766664069990667496e+00 7.991744398354342360e-01 -9.305223965955505827e-01
-2.475879059769585666e+00 1.144556822715593780e+00 -5.847160789195146036e-01
-1.384888108489938707e+00 1.307947851556589214e+00 5.576943741291192636e-01
-5.527766635798083694e-01 1.062897960127447528e+00 1.441727341169611210e+00
-3.422342163101488310e-01 7.060852494645150079e-01 1.708961349229126236e+00
-2.734236290321746532e-01 3.311897709967861481e-01 1.845188241018597353e+00
-2.585200165411591366e-01 -4.804566081945021994e-02 1.948828867197763826e+00
-2.843275744155523976e-01 -4.267462202695666007e-01 2.056508180861153612e+00
-3.749285835991256199e-01 -7.991744398354342360e-01 2.211070256994242644e+00
-6.657135938202076719e-01 -1.144556822715593336e+00 2.556876574670278401e+00
-2.588815990009984525e+00 -1.062897960127447972e+00 -1.699865312420182351e+00
-2.799358437279644729e+00 -7.060852494645152300e-01 -1.432631304360666880e+00
-2.868169024557618574e+00 -3.311897709967855929e-01 -1.296404412571195985e+00
-2.883072637048634146e+00 4.804566081945016442e-02 -1.192763786392029290e+00
-2.857265079174240885e+00 4.267462202695661566e-01 -1.085084472728639948e+00
7.412832100320545514e-01 -1.077061276684620372e+00 1.284397071295010573e+00
-7.412832100320545514e-01 1.077061276684620372e+00 -1.857195582294782543e+00
-4.515001351660118400e-01 7.474455746001728018e-01 -1.497146686051360476e+00
-3.525253301798938477e-01 3.849120802611291636e-01 -1.316005376498082358e+00
-3.257691594232133281e-01 1.402520037850884041e-02 -1.183476060595800794e+00
-3.485696243512792503e-01 -3.571049683429567967e-01 -1.052381047941584935e+00
-4.399817087764233414e-01 -7.207302672696749291e-01 -8.775224827294747509e-01
-7.058070031878610484e-01 -1.054867414421017502e+00 -5.408099664106115201e-01
-1.526997877015035199e+00 -1.244736143494775682e+00 3.458267623421297787e-01
-2.400309443557738565e+00 -1.077061276684620372e+00 1.284397071295010351e+00
-2.690092518423781165e+00 -7.474455746001726908e-01 1.644445967538432640e+00
-2.789067323409899490e+00 -3.849120802611291636e-01 1.825587277091710980e+00
-2.815823494166580065e+00 -1.402520037850917348e-02 1.958116592993992322e+00
-2.793023029238514088e+00 3.571049683429563526e-01 2.089211605648208181e+00
-2.701610944813369830e+00 7.207302672696753731e-01 2.264070170860318587e+00
-2.435785650401932401e+00 1.054867414421017502e+00 2.600782687179181707e+00
-3.231223422580153243e-02 2.983782298533314559e-01 -1.855090246651201591e+00
-3.102140887652134540e-02 -9.412906878859800264e-02 -1.842671748711337099e+00
-3.494148342232559351e-02 -4.866207628782865946e-01 -1.829243093912150453e+00
-4.842453446645993143e-02 -8.789961199206121067e-01 -1.808284839869582328e+00
-1.046577973451197074e-01 -1.270725541384642332e+00 -1.745575316399432309e+00
-2.824166019962190077e+00 -1.471701597508829007e+00 9.800330672011794420e-01
-3.075656761986411247e+00 -1.083023080326743104e+00 1.237739378782328759e+00
-3.101516507755627039e+00 -6.908295530219017433e-01 1.270460560206675638e+00
-3.109280419363991577e+00 -2.983782298533318444e-01 1.286502406938591525e+00
-3.110571244713272065e+00 9.412906878859789161e-02 1.298920904878456239e+00
-1.515343699954342593e+00 1.052391723419363323e-01 8.302723634774249462e-01
1.515343699954342593e+00 -1.052391723419363323e-01 -2.311320290112368170e+00
1.559997480798561043e+00 -1.184180936078878671e-01 -2.706300564870239622e+00
1.606336450067179511e+00 -1.134955618204253613e-01 -3.101658993076861659e+00
1.647144150331417256e+00 -9.124755935814748975e-02 2.787359049346272322e+00
1.676196315301980766e+00 -5.514552113372840625e-02 2.395237756019930497e+00
1.689221261029094867e+00 -1.072321625332793918e-02 2.004812574447375706e+00
1.684362989649440978e+00 3.531137301113095733e-02 1.614756653162169098e+00
1.662308990415680920e+00 7.602958883885843622e-02 1.223533047662949569e+00
1.535256203522613605e+00 1.134955618204253475e-01 3.993366051293151947e-02
1.494448503258375860e+00 9.124755935814748975e-02 -3.542336042435206833e-01
1.465396338287812350e+00 5.514552113372842013e-02 -7.463548975698622856e-01
1.452371392560698471e+00 1.072321625332788367e-02 -1.136780079142418076e+00
1.457229663940352360e+00 -3.531137301113095039e-02 -1.526836000427624240e+00
1.479283663174112196e+00 -7.602958883885838071e-02 -1.918059605926843325e+00
