-3.129158609636813804e+00 -8.917155183352037939e-01 -1.940637431865582241e-01
3.129158609636813804e+00 8.917155183352037939e-01 2.947528910403235169e+00
3.113949947846090804e+00 1.284348834040276222e+00 2.930687756863316284e+00
7.343565325203373073e-02 1.464155940016619750e+00 -1.113680177012851963e-01
1.631627642742744522e-02 1.071686167960942626e+00 -1.700618645919531324e-01
1.003544636428219290e-02 6.790184165416568440e-01 -1.780853063871626063e-01
8.140887201148598942e-03 2.863349668932636538e-01 -1.820886453412369210e-01
7.853803005771334278e-03 -1.063518810548374077e-01 -1.852217005478745682e-01
8.894150394410528515e-03 -4.990375970376499382e-01 -1.886446460751254328e-01
1.243404395297958813e-02 -8.917155183352036829e-01 -1.940637431865581686e-01
2.764270574370257527e-02 -1.284348834040276000e+00 -2.109048967264771368e-01
3.068157000337759399e+00 -1.464155940016619750e+00 3.030224635888508100e+00
3.125276377162365726e+00 -1.071686167960942848e+00 2.971530788997839956e+00
3.131557207225511341e+00 -6.790184165416570661e-01 2.963507347202630537e+00
-3.037148202384596374e+00 -3.098298883178396967e-01 3.260853980000363861e-02
-3.041810916376366691e+00 8.087643060746928236e-02 7.264660669008836391e-02
-3.128537912675560140e+00 2.259735047769252658e-01 -2.453967137440099311e+00
-3.081697920952008118e+00 -9.240261091993798859e-01 1.719700671700947536e+00
3.081697920952008118e+00 9.240261091993798859e-01 -1.421891981888845802e+00
2.998491333313350271e+00 1.315085156023068524e+00 -1.512581624791474733e+00
2.539980627013856407e-01 1.426744342508425634e+00 2.018996797404440269e+00
7.101492126572513108e-02 1.037502261204524823e+00 1.828699625738830825e+00
4.516996155401778457e-02 6.454168617629441052e-01 1.794702429695526513e+00
3.726679213089868770e-02 2.530398399548681732e-01 1.776853200662095844e+00
3.643310944480782770e-02 -1.393994711314529011e-01 1.762454956444884369e+00
4.186399142556883335e-02 -5.318067395826290289e-01 1.746281391677366290e+00
5.989473263778521267e-02 -9.240261091993797749e-01 1.719700671700947314e+00
1.431013202764428449e-01 -1.315085156023068302e+00 1.629011028798318383e+00
2.887594590888407531e+00 -1.426744342508425634e+00 -1.122595856185352847e+00
3.070577732324068165e+00 -1.037502261204525267e+00 -1.312893027850962069e+00
3.096422692035775359e+00 -6.454168617629446603e-01 -1.346890223894266825e+00
2.636653462455935681e+00 -6.899050026940670710e-01 -4.168464049691938955e-01
2.735286268387455255e+00 -3.359702882513257993e-01 -6.142130958007299135e-01
2.759070274858296479e+00 2.728817744863131986e-02 -7.660965187214116012e-01
2.726363119988118200e+00 3.899055815359614430e-01 -9.211490290900040678e-01
-3.116790235393215536e+00 -1.317789769172308612e+00 2.146783510731329780e+00
3.116790235393215536e+00 1.317789769172308612e+00 -9.948091428584634466e-01
4.453169246485123162e-02 1.430892367289711142e+00 2.214893790255795913e+00
1.222790608543311043e-02 1.038297482184840081e+00 2.181331612171009571e+00
7.772181666889866648e-03 6.456165850448578603e-01 2.175473144949119142e+00
6.411844888963981297e-03 2.529270386445900409e-01 2.172401146703595742e+00
6.268974166730717848e-03 -1.397643519616983965e-01 2.169923292269658965e+00
7.205339561061153975e-03 -5.324547907628188748e-01 2.167138796459488148e+00
1.031689550726106602e-02 -9.251396487995420248e-01 2.162556373001489618e+00
2.480241819657749008e-02 -1.317789769172308612e+00 2.146783510731329780e+00
3.097060961124942224e+00 -1.430892367289711142e+00 -9.266988633339973136e-01
-3.125234253337338508e+00 1.199108686666640611e-01 3.169395337925495770e-01
3.134270253085042590e+00 -4.042898395401540168e-01 -1.326499569859416160e-02
3.134860126829330795e+00 -1.160019062496680034e-02 -1.606732422843344665e-02
3.094171894547635748e+00 -4.138493022846907454e-01 -1.639968060806104910e+00
3.098167720516941781e+00 -2.154418807528986693e-02 -1.658113605580218586e+00
3.095010452412171098e+00 3.707678920859547311e-01 -1.675938476285769640e+00
-9.670561999470922432e-02 -1.439557265024334010e+00 2.360706668508501416e+00
9.670561999470922432e-02 1.439557265024334010e+00 -7.808859850812917003e-01
1.308240163968240125e-02 2.620448325853501625e-01 -8.733758383771020872e-01
1.274434857345102361e-02 -1.306223476847323817e-01 -8.784251501720058419e-01
3.044887033595084169e+00 -1.439557265024334010e+00 2.360706668508501416e+00
3.128848305016342035e+00 1.306223476847320486e-01 2.263167503417787607e+00
3.129667615616986254e+00 4.328034274005593263e-02 1.075031906236778162e-01
-3.053149667777613985e+00 8.116975856289755653e-02 2.298640650617555181e+00
-3.111796115785837369e+00 -2.436751180841492670e-01 1.892454113403750027e+00
-3.112353175066115085e+00 1.488572693063589802e-01 1.903982813711715405e+00
-3.083219276280080301e+00 -1.353774058927822210e+00 2.140152025619397325e+00
3.083219276280080301e+00 1.353774058927822210e+00 -1.001440627970396013e+00
7.161355961231168077e-02 1.394318298914414278e+00 2.267664114102045936e+00
2.332247793024994076e-02 1.001938825022091972e+00 2.216809752723669646e+00
1.531925695776440409e-02 6.093081052661908359e-01 2.205926811131935672e+00
1.286301170626120462e-02 2.166467273347295608e-01 2.199924262276214737e+00
1.275947303955899358e-02 -1.760209506881907637e-01 2.194924663591534930e+00
1.490895277562372459e-02 -5.686836338105842881e-01 2.189129894595361669e+00
2.194645237476223337e-02 -9.613201098223084218e-01 2.179163240252590228e+00
5.837337730971310645e-02 -1.353774058927822210e+00 2.140152025619397325e+00
3.069979093977481810e+00 -1.394318298914414500e+00 -8.739285394877475133e-01
3.118270175659543231e+00 -1.001938825022091972e+00 -9.247829008661234695e-01
3.119646201215031223e+00 9.613201098223078667e-01 -9.624294133372027771e-01
-3.126032960605692690e+00 -1.076144786081579374e+00 -4.118330463354026860e-01
3.126032960605692690e+00 1.076144786081579374e+00 2.729759607254390374e+00
3.069108079755110463e+00 1.468628022738545091e+00 2.671346569083594247e+00
2.575665058255874676e-02 1.279907991349759522e+00 -3.734631305872251339e-01
1.169604212559720476e-02 8.872665513425807005e-01 -3.890695073065953413e-01
8.392019942401702376e-03 4.945862503859999593e-01 -3.941546877893822298e-01
7.424859290513657201e-03 1.018990910599648497e-01 -3.973828880583259449e-01
7.710033210535983429e-03 -2.907890371480142955e-01 -4.003487497063902834e-01
9.526109533147504929e-03 -6.834740655067638171e-01 -4.041539372330034130e-01
1.555969298410075918e-02 -1.076144786081579152e+00 -4.118330463354026860e-01
7.248457383468309700e-02 -1.468628022738545091e+00 -4.702460845061994243e-01
3.115836003007234289e+00 -1.279907991349759522e+00 2.768129523002567982e+00
3.129896611464196177e+00 -8.872665513425810335e-01 2.752523146283198052e+00
3.132066544056645530e+00 6.834740655067632620e-01 2.737438716356789925e+00
3.134167794299279386e+00 -1.018990910599644750e-01 2.744209765531467227e+00
-3.130836265832899201e+00 -8.654836502786644736e-01 1.696091459136195523e+00
3.130836265832899201e+00 8.654836502786644736e-01 -1.445501194453597593e+00
3.118921225890590954e+00 1.258136071055784289e+00 -1.458883688778249921e+00
8.691333294953759725e-02 1.490380046102717460e+00 1.790915466405269107e+00
1.531108486025032321e-02 1.097935677028238244e+00 1.717912807701842848e+00
9.157674703057906360e-03 7.052634239471331501e-01 1.710218017428557058e+00
7.328080126341152654e-03 3.125771827897623201e-01 1.706535109931852423e+00
6.995422846100674170e-03 -8.011209018714693375e-02 1.703721773381182469e+00
7.832224351514566196e-03 -4.728006883629181090e-01 1.700714893171137554e+00
1.075638775689413858e-02 -8.654836502786643626e-01 1.696091459136195523e+00
2.267142769920219361e-02 -1.258136071055784289e+00 1.682708964811543417e+00
3.054679320640255380e+00 -1.490380046102717460e+00 -1.350677187184523786e+00
3.126281568729542659e+00 -1.097935677028238688e+00 -1.423679845887950268e+00
3.132434978886735166e+00 -7.052634239471335942e-01 -1.431374636161236280e+00
-8.415936302057424809e-03 -6.253501074477958444e-01 1.003853088832044493e+00
8.415936302057424809e-03 6.253501074477958444e-01 -2.137739564757748845e+00
7.012201719109288633e-03 2.326623175946110622e-01 -2.141049350899426162e+00
6.911573177420812265e-03 -1.600274906906574979e-01 -2.143767515891971787e+00
8.016999015681095658e-03 -5.527159701671652270e-01 -2.146875167430936759e+00
1.165548275865542494e-02 -9.453971726021376254e-01 -2.152115762266117560e+00
2.958429185020415922e-02 -1.338030275698264715e+00 -2.171453083417564933e+00
3.098798537071474346e+00 -1.410620925608341514e+00 1.041173460477738510e+00
3.128596814729569076e+00 -1.018028261801849244e+00 1.009987079555152212e+00
3.133176717287735613e+00 -6.253501074477960664e-01 1.003853088832044271e+00
3.133575654574112246e+00 5.527159701671650049e-01 9.947174861588563566e-01
3.129937170831138094e+00 9.453971726021371813e-01 9.894768913236754448e-01
3.112008361739589279e+00 1.338030275698265159e+00 9.701395701722281828e-01
4.279411651831872831e-02 1.410620925608341292e+00 -2.100419193112054828e+00
1.299583886022416535e-02 1.018028261801849910e+00 -2.131605574034641126e+00
-3.133590104585014302e+00 1.553634417808164719e-02 -1.532706277514691351e+00
-1.032573461985743235e-02 6.127745318484223436e-01 2.810021403836878928e+00
-8.655779841051572734e-03 2.200925516585929831e-01 2.814070507507374419e+00
-8.574367037562685007e-03 -1.725923291402916837e-01 2.817432850663358135e+00
-1.000307979403272304e-02 -5.652749995328817390e-01 2.821318539514538593e+00
-1.535223046545615422e-01 -1.413823060118345687e+00 2.400801951299448955e+00
1.535223046545615422e-01 1.413823060118345687e+00 -7.407907022903441607e-01
4.587802934835962659e-02 1.022472347371879309e+00 -8.532946894044552977e-01
2.959051464561682568e-02 6.300330055459884004e-01 -8.750172249118522982e-01
2.459864507664993177e-02 2.374731926823994144e-01 -8.866665610331003755e-01
2.419874312387773965e-02 -1.551119960138200027e-01 -8.961936277686145536e-01
2.800521829968641643e-02 -5.476814126319036191e-01 -9.070397865310613206e-01
4.055318702312964846e-02 -9.401632003993992681e-01 -9.252136337708554148e-01
1.012725050897835544e-01 -1.332076422540329874e+00 -9.908737752314974445e-01
2.988070348935231380e+00 -1.413823060118345687e+00 2.400801951299449399e+00
3.095714624241433732e+00 -1.022472347371879753e+00 2.288297964185337818e+00
3.101039466566663627e+00 9.401632003993991571e-01 2.216379019818937923e+00
3.040320148500009978e+00 1.332076422540329208e+00 2.150718878358296227e+00
-3.126007713401567134e+00 -2.232006519428662850e-01 7.096478982069123198e-01
-3.126173481975887292e+00 1.694524497378682160e-01 7.156984521067243366e-01
-1.541917161390606375e-02 -1.694524497378682160e-01 -2.425894201483068890e+00
3.119862127693561415e+00 -6.133086444620591271e-01 -6.466918500320065766e-01
3.123381305595950064e+00 -2.206852829003290162e-01 -6.552138877108097947e-01
3.123557017367783128e+00 1.719509533175487825e-01 -6.622870509372219550e-01
-3.124515552509133265e+00 -1.637648487022645427e-01 -2.172154652903138139e+00
-3.135961520232922073e+00 -2.307884292967284645e-01 5.926651609669054688e-01
-3.136038181790850032e+00 1.619046676332984158e-01 5.948486482812834764e-01
-3.039636839859296558e+00 -7.557208952577328942e-01 -9.719909747879813822e-02
3.039636839859296558e+00 7.557208952577328942e-01 3.044393556110994936e+00
2.961322575370024968e+00 1.144905559653586202e+00 2.949975411485582732e+00
1.920342220566386926e+00 1.491874176738049229e+00 1.894198597914220850e+00
2.048362575960705756e-01 1.198065572721321415e+00 1.639755515585568646e-01
1.075899083067552719e-01 8.095806795179270043e-01 5.089009256297395700e-02
8.115985683931219163e-02 4.185515488378248605e-01 5.899047966262643827e-03
7.416763759635840170e-02 2.700379488194339095e-02 -2.514169871559755048e-02
7.936664968715574642e-02 -3.645693897914717430e-01 -5.549785201054982520e-02
1.019558137304966000e-01 -7.557208952577327832e-01 -9.719909747879809658e-02
1.802700782197681484e-01 -1.144905559653585980e+00 -1.916172421042102447e-01
1.221250433023406412e+00 -1.491874176738049229e+00 -1.247394055675572488e+00
2.936756395993722624e+00 -1.198065572721321859e+00 -2.977617102031236307e+00
3.034002745283038038e+00 -8.095806795179271154e-01 -3.090702561026819062e+00
3.132248484225932827e+00 -3.218297537676519937e-01 1.806334115582535205e-01
3.132705945314740337e+00 7.085343920862130496e-02 1.770486026486471076e-01
3.131682463591975107e+00 4.635356697339286236e-01 1.732466507592820004e-01
2.728063654170401531e+00 -5.258396389206473343e-01 1.094247909451611322e+00
-2.728063654170401531e+00 5.258396389206473343e-01 -2.047344744138182016e+00
-2.716043706628609833e+00 -5.699946835562971215e-01 -2.504024566976574828e+00
-2.778566449363580215e+00 -2.065689042719315860e-01 -2.341904099118708782e+00
-2.781747931303873766e+00 1.613458442239784629e-01 -2.203784425873151154e+00
3.131358081747974254e+00 6.934472099020559666e-02 1.741770929344914898e-01
-3.085202649901623850e+00 -1.411384128815704520e+00 -7.287649250363009701e-01
3.085202649901623850e+00 1.411384128815704520e+00 2.412827728553492257e+00
3.864156352378836368e-02 1.337092137359706445e+00 -6.354963123460649621e-01
1.526390346658033394e-02 9.445059139010613114e-01 -6.607211596779369867e-01
1.050615770043556059e-02 5.518375164537019373e-01 -6.675803872903003366e-01
9.061130160440841741e-03 1.591566499307436044e-01 -6.716523209014408913e-01
9.196231872965140303e-03 -2.335264876822655544e-01 -6.752165718490326096e-01
1.104176890469480560e-02 -6.262061401541444416e-01 -6.795598947927200539e-01
1.706355635556739206e-02 -1.018869171134752394e+00 -6.876186904114011123e-01
5.639000368816945996e-02 -1.411384128815704520e+00 -7.287649250363007480e-01
3.102951090066004891e+00 -1.337092137359706223e+00 2.506096341243728709e+00
3.126328750123212874e+00 -9.445059139010610894e-01 2.480871493911855907e+00
3.124529097234225894e+00 1.018869171134751950e+00 2.453973963178392115e+00
-6.960811709642881692e-03 -7.589446055177526684e-01 6.600959492289104613e-02
6.960811709642881692e-03 7.589446055177526684e-01 -3.075583058666902403e+00
5.409253138925082527e-03 3.662527283529832256e-01 -3.078436050279167446e+00
5.052251970199615749e-03 -2.644112419436663031e-02 -3.080506797043007339e+00
5.529079805776593130e-03 -4.191348609048575202e-01 -3.082623414935752315e+00
7.338994754432027860e-03 -8.118261783790513553e-01 -3.085698041304161698e+00
1.410181151681115172e-02 -1.204505457582750294e+00 -3.093539664680606815e+00
2.952836597480162251e+00 -1.543876959234910418e+00 2.499087103011212174e-01
3.129183382924202839e+00 -1.151627159438486370e+00 7.255449362904986543e-02
3.134631841880150205e+00 -7.589446055177526684e-01 6.600959492289103225e-02
3.134253658835361112e+00 8.118261783790511332e-01 5.589461228563168821e-02
3.127490842072981891e+00 1.204505457582750294e+00 4.805298890918655724e-02
1.887560561096318645e-01 1.543876959234910418e+00 -2.891683943288671177e+00
1.240927066559060696e-02 1.151627159438487036e+00 -3.069038159960743251e+00
-3.124345059667225755e+00 -1.087837003803229924e-01 -5.844942611696923862e-01
-3.123732221655817209e+00 2.838564397684932850e-01 -5.776190390856660306e-01
3.135090102785679456e+00 -6.170736307107468899e-02 -3.006300946248764205e+00
-3.132931882408288793e+00 -7.236708892266995319e-01 1.291559773369123088e-01
3.132931882408288793e+00 7.236708892266995319e-01 -3.012436676252880918e+00
3.126807177521971681e+00 1.116345469050210593e+00 -3.019986922149029418e+00
3.036735949015356706e+00 1.508747731792511981e+00 -3.111358342848083769e+00
1.996863154624085521e-02 1.239744625196057326e+00 1.537753215145278574e-01
9.801432895787052721e-03 8.470829929793163293e-01 1.422355278740136675e-01
7.223149565490599548e-03 4.543974576871908644e-01 1.380611375497706461e-01
6.502550804113708949e-03 6.170736307107454327e-02 1.352917073410291882e-01
6.862662450449827020e-03 -3.309831800640930521e-01 1.326604897190857557e-01
8.660771181504560781e-03 -7.236708892266994209e-01 1.291559773369122532e-01
1.478547606782154231e-02 -1.116345469050210371e+00 1.216057314407639062e-01
1.048567045744361464e-01 -1.508747731792511981e+00 3.023431074170986055e-02
3.121624022043552049e+00 -1.239744625196057770e+00 -2.987817332075265231e+00
3.131791220694006395e+00 -8.470829929793165514e-01 -2.999357125715779393e+00
3.138742703024181235e+00 -3.406134072757135978e-01 3.045366287568762598e+00
3.138902785630937942e+00 5.208420759991117671e-02 3.044274178981872137e+00
