3.117172573591173723e+00 6.874509627524627575e-02 -1.471515264799937439e+00
3.065186974150191368e+00 1.245980130643847827e+00 -1.542262213971013596e+00
3.407948935934662638e-01 1.497849162195717732e+00 2.011712035165656776e+00
5.467126308040134303e-02 1.108735318352887189e+00 1.720703041610961881e+00
3.230507392514726794e-02 7.163741522896036606e-01 1.692972626924585278e+00
2.569840013170448384e-02 3.238339124219803411e-01 1.679934099258913349e+00
2.442007999861961487e-02 -6.874509627524623412e-02 1.670077388789855677e+00
2.720701405274679116e-02 -4.613170563729301898e-01 1.659642162623613748e+00
3.708010219904362553e-02 -8.538231160675280318e-01 1.643798717161156553e+00
7.640567943960188679e-02 -1.245980130643847605e+00 1.599330439618779742e+00
2.800797759996326519e+00 -1.497849162195717732e+00 -1.129880618424136118e+00
3.086921390509391738e+00 -1.108735318352887633e+00 -1.420889611978831235e+00
-2.956457073697633220e+00 3.137688744548344875e-03 -1.350752217184260084e+00
-4.758269866484370753e-02 -9.932594303296466975e-01 -2.505748650881550188e-01
4.758269866484370753e-02 9.932594303296466975e-01 2.891017788501638375e+00
3.148767889331242215e-02 6.008470085087015411e-01 2.868948852645365921e+00
2.654544525301548441e-02 2.083078523651432645e-01 2.856634518098385200e+00
2.641876350133362875e-02 -1.842570478525918654e-01 2.846302128216864791e+00
3.098582330157162446e-02 -5.767995038298427968e-01 2.834241827968931204e+00
4.590200614697950710e-02 -9.692264578609850467e-01 2.813291224207719488e+00
1.249165918980107981e-01 -1.360828234720269370e+00 2.728942911508464242e+00
3.000793366747523283e+00 -1.384676220910212585e+00 -1.520502665190883729e-01
3.094009954924949568e+00 -9.932594303296466975e-01 -2.505748650881550188e-01
3.095690647442813859e+00 9.692264578609857129e-01 -3.283014293820737395e-01
3.016676061691782706e+00 1.360828234720269370e+00 -4.126497420813286521e-01
1.407992868422705546e-01 1.384676220910213029e+00 2.989542387070705409e+00
-1.385860004770704014e-02 -6.183749601510650784e-01 9.225043666984864554e-01
1.385860004770704014e-02 6.183749601510650784e-01 -2.219088286891306883e+00
1.158604355450933501e-02 2.257066011881231904e-01 -2.224529612538285406e+00
1.145142277690474816e-02 -1.669670941429175770e-01 -2.229025842708067806e+00
1.332501898949807993e-02 -5.596369792056086201e-01 -2.234196890502349042e+00
1.947605184049375215e-02 -9.522864048114096924e-01 -2.242991280546953625e+00
5.041378125912335251e-02 -1.344797612338162862e+00 -2.276256510792320054e+00
3.073752022707506359e+00 -1.403440643492422923e+00 9.813656847245607606e-01
3.120325601677381488e+00 -1.011017648216895326e+00 9.324919153460204946e-01
3.122116601749299392e+00 9.522864048114093594e-01 8.986013730428396018e-01
3.091178872330669680e+00 1.344797612338163306e+00 8.653361427974730624e-01
6.784063088228645122e-02 1.403440643492422923e+00 -2.160226968865232688e+00
2.126705191241166915e-02 1.011017648216895992e+00 -2.209100738243772621e+00
-3.102167694797152375e+00 -8.212565972966486827e-01 -1.221657220225124962e-01
3.102167694797152375e+00 8.212565972966486827e-01 3.019426931567280814e+00
3.064762249888992596e+00 1.213376143475363600e+00 2.976300805707709163e+00
6.379040047429018756e-01 1.525688237666580349e+00 5.441175879261568316e-01
6.449869734475520422e-02 1.141063318156984918e+00 -3.465122006229331281e-02
3.666832364302874403e-02 7.488167313037884520e-01 -6.833082100033539830e-02
2.865704403155364816e-02 3.563187000723032627e-01 -8.330086968419002369e-02
2.687421346815763168e-02 -3.623302983336809668e-02 -9.427336647541742498e-02
2.953054061325794538e-02 -4.287802684829176147e-01 -1.055802346607224856e-01
3.942495879264080322e-02 -8.212565972966485717e-01 -1.221657220225124546e-01
7.683040370080077008e-02 -1.213376143475363378e+00 -1.652918478820841475e-01
2.503688648846889908e+00 -1.525688237666580349e+00 -2.597475065663635174e+00
3.077093956245037898e+00 -1.141063318156985140e+00 3.106941433527500074e+00
3.104924329946764594e+00 -7.488167313037884520e-01 3.073261832589457843e+00
3.062890270796077452e+00 1.415441317079299877e+00 2.716770678964194552e+00
5.159657647573637901e-02 1.332673955135246890e+00 -2.969204633548064298e-01
2.063276410501138289e-02 9.401785743292241371e-01 -3.303984413210354631e-01
1.424852190089760488e-02 5.475357436187754390e-01 -3.396456621300871226e-01
1.231279071448650002e-02 1.548702303642169598e-01 -3.451642272095525321e-01
1.251770019197852996e-02 -2.377993605445845038e-01 -3.500124631892371219e-01
1.506097518577812107e-02 -6.304623692424076165e-01 -3.559427506350908987e-01
2.336392581941918942e-02 -1.023094122083722635e+00 -3.670109040090719366e-01
7.870238279371566392e-02 -1.415441317079299655e+00 -4.248219746255985640e-01
3.089996077114056661e+00 -1.332673955135246890e+00 2.844672190234986964e+00
-3.091491071991782746e+00 -6.847451998687451580e-01 1.235364559486705094e+00
-3.101070187952149393e+00 -2.924345399530619005e-01 1.255380649860854181e+00
-3.102596689088057413e+00 9.996221181612466311e-02 1.270962093312944408e+00
-3.097558876662541927e+00 4.923327686635088352e-01 1.287892969966665691e+00
3.018723467080246081e+00 1.442104861641709146e+00 -2.913219560181845580e+00
5.999757919495131431e-02 1.305373552963640549e+00 4.081376480316682986e-01
2.572904502049058045e-02 9.129698413091748010e-01 3.705979694157711113e-01
1.812942845570728045e-02 5.203600092576338154e-01 3.592508652051814022e-01
1.585878281910342580e-02 1.277159393501973161e-01 3.522563895623174735e-01
1.629830650344756687e-02 -2.649336868270018575e-01 3.459683188898403094e-01
1.987417203253950132e-02 -6.575707912321949733e-01 3.380882891939746004e-01
3.162500451681396485e-02 -1.050149614163011336e+00 3.227994248639755037e-01
1.228691865095470070e-01 -1.442104861641709368e+00 2.283730934079478692e-01
3.081595074394841927e+00 -1.305373552963640993e+00 -2.733455005558125261e+00
-7.310580041855185666e-03 -6.521319998606356361e-01 4.102748645629333835e-01
7.310580041855185666e-03 6.521319998606356361e-01 -2.731317789026859622e+00
6.011557917559483960e-03 2.594413272203528464e-01 -2.734212274309485657e+00
5.862338490673567673e-03 -1.332510112695634852e-01 -2.736533362086551513e+00
6.718359143965527136e-03 -5.259425569368983977e-01 -2.739127345477613051e+00
9.573783086218961430e-03 -9.186293315573296203e-01 -2.743363546381719864e+00
2.264492739800023913e-02 -1.311286930814500318e+00 -2.757641431101565566e+00
3.097886749035315912e+00 -1.437417185358441207e+00 4.491563573917420893e-01
3.130019448919259428e+00 -1.044814892805131734e+00 4.158471391055759692e-01
3.134282073547938197e+00 -6.521319998606358581e-01 4.102748645629333835e-01
3.134874294445827658e+00 5.259425569368978426e-01 4.024653081121800646e-01
3.132018870503574526e+00 9.186293315573292873e-01 3.982291072080736405e-01
3.118947726191792391e+00 1.311286930814500540e+00 3.839512224882271618e-01
4.370590455447669748e-02 1.437417185358441207e+00 -2.692436296198051693e+00
1.157320467053387335e-02 1.044814892805132178e+00 -2.725745514484217313e+00
-3.133192618389928352e+00 -8.960651992086791084e-01 -1.949444836767226796e-01
3.133192618389928352e+00 8.960651992086791084e-01 2.946648169913070436e+00
3.122739093098358509e+00 1.288733978043057782e+00 2.935098908005931317e+00
4.747004425981766335e-02 1.459988274303403388e+00 -1.412056996800987452e-01
1.087746119125164966e-02 1.067388000326946251e+00 -1.788569183771143711e-01
6.719712783945344485e-03 6.747029044021063404e-01 -1.841874362562723189e-01
5.463167615812490954e-03 2.820108470176377335e-01 -1.868647005951872553e-01
5.279665379875077801e-03 -1.106827156888364333e-01 -1.889682271213753151e-01
5.990422851814155257e-03 -5.033757457532344048e-01 -1.912747649132595928e-01
8.400035199865055202e-03 -8.960651992086789974e-01 -1.949444836767226519e-01
1.885356049143476972e-02 -1.288733978043057782e+00 -2.064937455838619651e-01
3.094122609329975404e+00 -1.459988274303403388e+00 3.000386953909694565e+00
3.130715192398541458e+00 -1.067388000326946917e+00 2.962735735212679078e+00
3.136312988209918107e+00 1.106827156888362529e-01 2.952624426468418051e+00
3.103632525701762734e+00 -3.902559217040069695e-01 2.651331857758418842e+00
3.106487818692963199e+00 2.188202758136992623e-03 2.636808088864469823e+00
3.103563674182679755e+00 3.946318648138479324e-01 2.622257987805361790e+00
-6.326451109930740502e-02 -1.182248592169903301e+00 2.131582547653581461e+00
6.326451109930740502e-02 1.182248592169903301e+00 -1.010010105936211877e+00
3.403466540630756265e-02 7.899614771478270514e-01 -1.044389761595127641e+00
2.597899153035964845e-02 3.974315684656248293e-01 -1.058512971874385089e+00
2.395401906558806623e-02 4.851554233424899311e-03 -1.068453863986201569e+00
2.587480318836016951e-02 -3.877289375020292472e-01 -1.078354895915033085e+00
3.370617153375771863e-02 -7.802611508365139281e-01 -1.092285750039045267e+00
6.180301879811324339e-02 -1.172561667526678120e+00 -1.125547750759262389e+00
1.370943243858051108e+00 -1.546356030033605888e+00 -2.439455217848143231e+00
3.078328142490486030e+00 -1.182248592169903301e+00 2.131582547653581461e+00
3.107557988183485609e+00 -7.899614771478272734e-01 2.097202891994665475e+00
3.107886482056035682e+00 7.802611508365144832e-01 2.049306903550748071e+00
3.079789634791679998e+00 1.172561667526678342e+00 2.016044902830531171e+00
1.770649409731760437e+00 1.546356030033605888e+00 7.021374357416679812e-01
-3.123521464392973179e+00 -8.139045543625901269e-01 -7.914786013472367709e-02
3.123521464392973179e+00 8.139045543625901269e-01 3.062444793455069370e+00
3.106761259158089317e+00 1.206483199084247948e+00 3.043035713304708789e+00
4.095771643031173581e-01 1.539632290177214813e+00 3.433898792619565210e-01
3.033568119202373348e-02 1.149337578306057095e+00 -3.832738200419322921e-02
1.706660610480683141e-02 7.567375575587689251e-01 -5.429217235010086462e-02
1.327896703236556772e-02 3.640818384598987767e-01 -6.128113463149319207e-02
1.241357090933796654e-02 -2.858570291770869826e-02 -6.636472472715590487e-02
1.359727034566440840e-02 -4.212524882648942537e-01 -7.157016462136306378e-02
1.807118919682026634e-02 -8.139045543625899048e-01 -7.914786013472367709e-02
3.483139443170382710e-02 -1.206483199084247948e+00 -9.855694028508431292e-02
2.732015489286675258e+00 -1.539632290177215035e+00 -2.798202774327835929e+00
3.111256972397769438e+00 -1.149337578306057761e+00 3.103265271585600171e+00
3.124526047484986524e+00 -7.567375575587693692e-01 3.087300481239692473e+00
3.128313686557427697e+00 -3.640818384598985546e-01 3.080311518958299910e+00
3.129179082680455082e+00 2.858570291770878499e-02 3.075227928862637405e+00
3.127995383244128735e+00 4.212524882648935320e-01 3.070022488968429997e+00
3.117225335395461538e+00 6.805734087993237091e-02 -1.472567227271166290e+00
-3.104620048670661436e+00 -8.531369785023873442e-01 1.642824155543653797e+00
3.104620048670661436e+00 8.531369785023873442e-01 -1.498768498046139319e+00
3.065503202864694021e+00 1.245297801616402245e+00 -1.543018124105026034e+00
3.432986693676706724e-01 1.498514580908237193e+00 2.013153644326928227e+00
5.463134851426332955e-02 1.109424855959523892e+00 1.719611737897002834e+00
3.225614331005766805e-02 7.170629318395367324e-01 1.691884915081762308e+00
2.565001644958446111e-02 3.245221528054241800e-01 1.678863118986731351e+00
2.436731819433174059e-02 -6.805734087993231540e-02 1.669025426318627048e+00
2.714024092296240392e-02 -4.606298869268807272e-01 1.658616296031287352e+00
3.697260491913180458e-02 -8.531369785023872332e-01 1.642824155543653797e+00
7.608945072509913643e-02 -1.245297801616402023e+00 1.598574529484767304e+00
2.798293984222123054e+00 -1.498514580908237193e+00 -1.128439009262865111e+00
3.086961305075529793e+00 -1.109424855959524336e+00 -1.421980915692790282e+00
3.109336510279735677e+00 -7.170629318395371765e-01 -1.449707738508031030e+00
3.111035772967678525e+00 9.327607224099047911e-02 -1.439095792388009443e+00
3.038767185829108541e+00 1.269920934816564984e+00 -1.534485453399867527e+00
3.156735525900103423e-01 1.472656432069364696e+00 2.019596671588592685e+00
6.506069573893706603e-02 1.083902591901558576e+00 1.762861613754222567e+00
3.950737399435664404e-02 6.916952760547153689e-01 1.730551144095900717e+00
3.183933885291600346e-02 2.992368626422911015e-01 1.714732683979477423e+00
3.055688062211477790e-02 -9.327607224099052075e-02 1.702496861201783895e+00
3.440556356844551300e-02 -4.857740046366479381e-01 1.689275160436073842e+00
4.765474834574946056e-02 -8.781593931526772145e-01 1.668659094520024366e+00
1.028254677606844358e-01 -1.269920934816564984e+00 1.607107200189925811e+00
2.825919100999782163e+00 -1.472656432069364918e+00 -1.121995982001199987e+00
-3.116272427845717008e+00 -8.460771316641565454e-01 1.646286280742736308e+00
3.116272427845717008e+00 8.460771316641565454e-01 -1.495306372847056808e+00
3.090116284034503114e+00 1.238526826537777348e+00 -1.525013118752404750e+00
2.693725854825079202e-01 1.507688157797392847e+00 1.934106799969378176e+00
3.829251407673706087e-02 1.116970271307484719e+00 1.699664587091320733e+00
2.241369720760288259e-02 7.244354081542477841e-01 1.680100187444841575e+00
1.775286162791175210e-02 3.318124609042197859e-01 1.671028614607857676e+00
1.681551509661765101e-02 -6.082950188557131183e-02 1.664222604977028119e+00
1.867168988171170191e-02 -4.534685084400847943e-01 1.657064373299586668e+00
2.532022574407623988e-02 -8.460771316641564344e-01 1.646286280742736308e+00
5.147636955529020369e-02 -1.238526826537777348e+00 1.616579534837388588e+00
2.872220068107285584e+00 -1.507688157797392847e+00 -1.207485853620415384e+00
3.103300139513056166e+00 -1.116970271307485385e+00 -1.441928066498472605e+00
3.119178956382190560e+00 -7.244354081542481172e-01 -1.461492466144951541e+00
3.086775442298967054e+00 1.017399868402957930e+00 -2.233126148454575244e+00
2.962730638770212366e+00 1.408221674282701175e+00 -2.363030344582212283e+00
1.242945614887042000e-01 1.336379069336660619e+00 1.076043429208706437e+00
4.917174780696979136e-02 9.448495166120318700e-01 9.949750784892116284e-01
3.383554824979743969e-02 5.524687524545848216e-01 9.728763175661683249e-01
2.917289998004108167e-02 1.599585288943738415e-01 9.597627034211699826e-01
2.959747642153407257e-02 -2.325753490764886078e-01 9.482911982793663652e-01
3.551822355643546175e-02 -6.250732958478198986e-01 9.343253629787385828e-01
5.481721129082643001e-02 -1.017399868402957930e+00 9.084665051352179832e-01
1.788620148195811388e-01 -1.408221674282701175e+00 7.785623090075806108e-01
3.017298092101088347e+00 -1.336379069336660619e+00 -2.065549224381086013e+00
3.092420905782823137e+00 -9.448495166120318700e-01 -2.146617575100581377e+00
3.125553114125153353e+00 -2.658286852748966145e-01 1.228555840097844243e+00
-1.956742265538323478e-02 -6.584677150573197135e-01 1.236316145606869643e+00
1.956742265538323478e-02 6.584677150573197135e-01 -1.905276507982923473e+00
1.603953946463981817e-02 2.658286852748965035e-01 -1.913036813491948873e+00
1.560141507393673910e-02 -1.268225159357055654e-01 -1.919224348836710670e+00
1.782813996936208345e-02 -5.194683779735280726e-01 -1.926101809279618271e+00
2.528525632796067152e-02 -9.120812070149683093e-01 -1.937247535697997236e+00
5.883936103605871132e-02 -1.304495617095572157e+00 -1.974020747997510927e+00
3.019845274115807943e+00 -1.443022901109965339e+00 1.345106337727216328e+00
3.110428480366113302e+00 -1.051050119357585189e+00 1.251392729522521119e+00
3.116307397261832701e+00 9.120812070149680872e-01 1.204345117891796102e+00
3.082753292553734425e+00 1.304495617095572380e+00 1.167571905592282189e+00
1.217473794739848958e-01 1.443022901109965339e+00 -1.796486315862577454e+00
3.116417322367995638e-02 1.051050119357585855e+00 -1.890199924067271997e+00
-2.973901781631756780e+00 -6.295702172025602339e-01 8.738556681676229454e-01
2.973901781631756780e+00 6.295702172025602339e-01 -2.267736985422170282e+00
2.984000882426681489e+00 -5.362966207267346741e-01 -2.087375096372490635e+00
3.004773888046975650e+00 -1.477175778765888181e-01 -2.148132176563053886e+00
3.002208445310154961e+00 2.413370222242342822e-01 -2.201910967101181171e+00
2.965532887167025677e+00 1.413768082454918362e+00 -2.310903254545721541e+00
1.156777540792871678e-01 1.331195576381286161e+00 1.117028011830052403e+00
4.642831878873739798e-02 9.395241938996160558e-01 1.042116593384495582e+00
3.207792475396831211e-02 5.471100596303327679e-01 1.021318477012824522e+00
2.772495880342585803e-02 1.545811399725966206e-01 1.008896457344795383e+00
2.818888195967320098e-02 -2.379684088776671258e-01 9.979800879849167750e-01
3.391691208392826062e-02 -6.304845633678871630e-01 9.846264293285081903e-01
5.260374795265281012e-02 -1.022842290698549039e+00 9.597132971391887368e-01
1.760597664227664672e-01 -1.413768082454918140e+00 8.306893990440727960e-01
3.025914899510505407e+00 -1.331195576381286605e+00 -2.024564641759739825e+00
