-2.543587865129545156e-01 -6.118766989293860092e-01 1.618163719921561716e+00
2.543587865129545156e-01 6.118766989293860092e-01 -1.523428933668231400e+00
2.131295754005557708e-01 2.295157279721918853e-01 -1.622476589599877617e+00
2.100007473287012483e-01 -1.546440945258532595e-01 -1.704491217471587161e+00
2.421651769575688951e-01 -5.376435793791427553e-01 -1.797503107919370402e+00
3.443024288292769186e-01 -9.144610203509389024e-01 -1.948463928622183650e+00
7.357640449426041673e-01 -1.258868677860021323e+00 -2.382899031396803924e+00
2.212893803657381309e+00 -1.310677190716295959e+00 2.382130106537687197e+00
2.759189617317730825e+00 -9.860560603368394572e-01 1.793509550335398384e+00
2.887233867076838933e+00 -6.118766989293861203e-01 1.618163719921561716e+00
2.928463078189237567e+00 -2.295157279721919963e-01 1.519116063989915499e+00
2.931591906261092007e+00 1.546440945258531763e-01 1.437101436118205955e+00
2.899427476632224554e+00 5.376435793791422002e-01 1.344089545670422936e+00
2.797290224760516697e+00 9.144610203509381252e-01 1.193128724967609910e+00
2.405828608647189171e+00 1.258868677860021323e+00 7.586936221929891921e-01
9.286988499324124735e-01 1.310677190716295959e+00 -7.594625470521052524e-01
3.824030362720627907e-01 9.860560603368397903e-01 -1.348083103254394510e+00
2.846260201804508227e+00 -6.290342578739837043e-01 7.334212898286364135e-01
-2.846260201804508227e+00 6.290342578739837043e-01 -2.408171363761157036e+00
-2.693464191640293048e+00 9.965777298223271741e-01 -2.201648639510417560e+00
-2.078622451600928844e+00 1.298091043263434496e+00 -1.538479866822459297e+00
-7.601597704039338987e-01 1.222218964642341588e+00 -1.729556054517701058e-01
-3.805102539267526951e-01 8.844842657859728341e-01 2.562058116031936117e-01
-2.732909080470617424e-01 5.115680653059572203e-01 4.199294343722296263e-01
-2.396814853604141426e-01 1.313506167144875558e-01 5.243031878211824592e-01
-2.453625688870465782e-01 -2.501385168511878754e-01 6.182057111344330114e-01
-2.953324517852848330e-01 -6.290342578739834822e-01 7.334212898286360804e-01
-4.481284619495002342e-01 -9.965777298223270630e-01 9.399440140793751119e-01
-1.062970201988864716e+00 -1.298091043263434274e+00 1.603112786767334041e+00
-2.381432883185859328e+00 -1.222218964642341810e+00 2.968637048138022649e+00
-2.761082399663040476e+00 -8.844842657859728341e-01 -2.885386841986600004e+00
-2.868301745542731762e+00 -5.115680653059567762e-01 -2.721663219217563601e+00
-2.901911168229379001e+00 -1.313506167144875836e-01 -2.617289465768610768e+00
-2.896230084702746677e+00 2.501385168511873758e-01 -2.523386942455360327e+00
-3.389090166267689774e-01 -5.662248355154873014e-01 9.894395616714222186e-01
3.389090166267689774e-01 5.662248355154873014e-01 -2.152153091918370897e+00
2.898787435968576132e-01 1.922080904545283575e-01 -2.282131927780707503e+00
2.894421595785284795e-01 -1.845237801451373172e-01 -2.393636570553208553e+00
3.372326185665993070e-01 -5.586603529448765926e-01 -2.522803206415063393e+00
4.818910452692506952e-01 -9.205382123801756356e-01 -2.733514574588835178e+00
9.730407797683056081e-01 -1.224486522346207362e+00 2.999872512023448845e+00
2.149938738890036394e+00 -1.228937486008687019e+00 1.766577419798764925e+00
2.654756444966293927e+00 -9.276342475202460358e-01 1.203203593852064879e+00
2.802683636963024139e+00 -5.662248355154873014e-01 9.894395616714222186e-01
2.851713909992935392e+00 -1.922080904545284130e-01 8.594607258090856128e-01
2.852150494011264747e+00 1.845237801451372894e-01 7.479560830365851176e-01
2.804360035023194087e+00 5.586603529448761485e-01 6.187894471747297231e-01
2.659701608320542920e+00 9.205382123801753025e-01 4.080780790009581604e-01
2.168551873821485731e+00 1.224486522346207584e+00 -1.417201415663461583e-01
9.916539146997570553e-01 1.228937486008687241e+00 -1.375015233791028191e+00
4.868362086234996333e-01 9.276342475202464799e-01 -1.938389059737728015e+00
1.909848055331748062e+00 -8.310325831251679229e-01 6.939740521211933411e-01
-1.909848055331748062e+00 8.310325831251679229e-01 -2.447618601468600108e+00
-1.452556136653072816e+00 8.760292304138020958e-01 -1.848735459405415504e+00
-1.051088767539236857e+00 7.488896349450936407e-01 -1.303258708726846127e+00
-8.171425382031005658e-01 5.118596442513099198e-01 -9.123979244499198504e-01
-7.106728594240941943e-01 2.261275775308427549e-01 -6.219933233412512363e-01
-6.913233343963762767e-01 -7.559385560998078957e-02 -3.689451879782472132e-01
-7.511636954985924097e-01 -3.722922578699363605e-01 -1.039283214805630934e-01
-9.143388849645714966e-01 -6.392621635372127686e-01 2.275489018251374562e-01
-1.231744598258044832e+00 -8.310325831251680340e-01 6.939740521211930080e-01
-1.689036516936720522e+00 -8.760292304138020958e-01 1.292857194184377390e+00
-2.090503886050556481e+00 -7.488896349450936407e-01 1.838333944862946989e+00
-2.324450115386692772e+00 -5.118596442513101419e-01 2.229194729139873044e+00
-2.430919794165699255e+00 -2.261275775308428937e-01 2.519599330248541769e+00
-2.450269319193417061e+00 7.559385560998123366e-02 2.772647465611546291e+00
-2.390428958091201039e+00 3.722922578699362495e-01 3.037664332109230259e+00
-2.227253768625222285e+00 6.392621635372124356e-01 -2.914043751764656243e+00
-2.418084044353708162e+00 -7.825636090994878558e-01 9.994128712459933173e-01
2.418084044353708162e+00 7.825636090994878558e-01 -2.142179782343800021e+00
2.011106369161778318e+00 1.025186597779952802e+00 -2.652199811217346603e+00
1.314990010807264964e+00 1.064167411646689265e+00 2.836593956848643128e+00
8.087180684273437281e-01 8.646099478165687469e-01 2.229456477720216157e+00
5.873899842390690740e-01 5.603324562608326120e-01 1.896529583596436197e+00
5.022112750410282489e-01 2.230266550472593812e-01 1.677312455526732915e+00
4.927169719297641026e-01 -1.230867656728345111e-01 1.490615082220861920e+00
5.528287475045799981e-01 -4.645753055499993178e-01 1.286727733885542735e+00
7.235086092360850651e-01 -7.825636090994878558e-01 9.994128712459933173e-01
1.130486284428014576e+00 -1.025186597779952802e+00 4.893928423724471233e-01
1.826602642782528152e+00 -1.064167411646689265e+00 -3.049986967411497107e-01
2.332874585162449055e+00 -8.646099478165691909e-01 -9.121361758695765154e-01
2.554202669350724264e+00 -5.603324562608327231e-01 -1.245063069993356919e+00
2.639381378548764978e+00 -2.230266550472592146e-01 -1.464280198063060423e+00
2.648875681660029180e+00 1.230867656728343029e-01 -1.650977571368931418e+00
2.588763906085213229e+00 4.645753055499987627e-01 -1.854864919704250159e+00
2.987191953088221830e+00 -1.483158333013905539e+00 2.449758082330399489e+00
-2.987191953088221830e+00 1.483158333013905539e+00 -6.918345712593938490e-01
-4.464281638874332409e-02 1.264411385042488067e+00 2.253374234931464937e+00
-2.092294412947714663e-02 8.718910254695882989e-01 2.279922149948741872e+00
-1.516999344115643918e-02 4.792526747365573048e-01 2.288945061760599309e+00
-1.351145676834238953e-02 8.659281159474659095e-02 2.294772009609316932e+00
-1.411695245768798332e-02 -3.060697739181278965e-01 2.300194497530327897e+00
-1.758094047994828921e-02 -6.987213673604942832e-01 2.307250046933976950e+00
-2.918266968665712488e-02 -1.091322281649686587e+00 2.321834141685440223e+00
-1.544007005015710365e-01 -1.483158333013905317e+00 2.449758082330399489e+00
-3.096949837201049771e+00 -1.264411385042488289e+00 -8.882184186583285124e-01
-3.120669709460316188e+00 -8.718910254695884099e-01 -8.616705036410511331e-01
-3.126422660148636901e+00 -4.792526747365576933e-01 -8.526475918291941403e-01
-3.128081196821451027e+00 -8.659281159474681300e-02 -8.468206439804765173e-01
-3.127475701132105268e+00 3.060697739181285626e-01 -8.413981560594654407e-01
-3.124011713109844823e+00 6.987213673604942832e-01 -8.343426066558160548e-01
-3.112409983903136279e+00 1.091322281649686143e+00 -8.197585119043531154e-01
-1.158007947923148206e+00 4.704226189284072546e-01 1.255536211381548028e+00
1.158007947923148206e+00 -4.704226189284072546e-01 -1.886056442208245310e+00
1.380934806945969040e+00 -5.890891346082742785e-01 -2.321268358336475490e+00
1.653462468799271834e+00 -6.105999878916766876e-01 -2.797788941651202066e+00
1.903253147888871011e+00 -5.280218873284464598e-01 3.028118199621263607e+00
2.077565733995471398e+00 -3.656851520604653127e-01 2.630373248472907211e+00
2.168290842684028163e+00 -1.575642656057208713e-01 2.284749761735423323e+00
2.183004167167160947e+00 6.770331113055477745e-02 1.962070000391183733e+00
2.123658708017856167e+00 2.857915373962474637e-01 1.629555358824798184e+00
1.983584705666645132e+00 4.704226189284073101e-01 1.255536211381548028e+00
1.760657846643824298e+00 5.890891346082743896e-01 8.203242952533179588e-01
1.488130184790521726e+00 6.105999878916764656e-01 3.438037119385913831e-01
1.238339505700922549e+00 5.280218873284464598e-01 -1.134744539685290238e-01
1.064026919594322163e+00 3.656851520604655903e-01 -5.112194051168859055e-01
9.733018109057648415e-01 1.575642656057207047e-01 -8.568428918543702366e-01
9.585884864226321689e-01 -6.770331113055473582e-02 -1.179522653198609383e+00
1.017933945571936949e+00 -2.857915373962472971e-01 -1.512037294764994488e+00
7.555737618207051254e-01 -4.865971293340060760e-03 -5.836978593130916909e-02
-7.555737618207051254e-01 4.865971293340060760e-03 3.083222867658483857e+00
-7.937598301997660366e-01 -2.775997574091064735e-01 -2.923603623126197260e+00
-9.237128039092723508e-01 -5.366278969123655651e-01 -2.600536500033872045e+00
-1.179325655673513662e+00 -7.350196320012182261e-01 -2.176342158629929635e+00
-1.563700100264965975e+00 -8.152099981408054141e-01 -1.634331281155452897e+00
-1.951011966707877576e+00 -7.400515213450971075e-01 -1.089558759985933767e+00
-2.211460622162743306e+00 -5.446541191484438604e-01 -6.610996448698156502e-01
-2.345064246420567766e+00 -2.869614062243306951e-01 -3.354997891896539519e-01
-2.386018891769088324e+00 -4.865971293340151833e-03 -5.836978593130925236e-02
-2.347832823390027635e+00 2.775997574091064735e-01 2.179890304635958842e-01
-2.217879849680520987e+00 5.366278969123656761e-01 5.410561535559214041e-01
-1.962266997916279898e+00 7.350196320012181150e-01 9.652504949598631478e-01
-1.577892553324827585e+00 8.152099981408054141e-01 1.507261372434339997e+00
-1.190580686881915540e+00 7.400515213450968854e-01 2.052033893603859571e+00
-9.301320314270500322e-01 5.446541191484438604e-01 2.480493008719977244e+00
-7.965284071692260159e-01 2.869614062243310282e-01 2.806092864400138609e+00
-1.198210560851029838e+00 -1.164624274426723005e+00 5.436405092437462949e-01
1.198210560851029838e+00 1.164624274426723005e+00 -2.597952144346046932e+00
6.496412591217188837e-01 9.168236522761378238e-01 3.059246335790247961e+00
4.554682208629006746e-01 5.798244721124383716e-01 2.778875973021246448e+00
3.866789083149996809e-01 2.204528896080840128e-01 2.605497753735508404e+00
3.810054228932837628e-01 -1.443252439644818197e-01 2.459144143701757379e+00
4.341484049470940021e-01 -5.057057886160297722e-01 2.295755800143193692e+00
5.914525024581795964e-01 -8.499932920389030588e-01 2.049370428579649239e+00
1.034625987848033057e+00 -1.128455163265675187e+00 1.527541511968449450e+00
1.943382092738763278e+00 -1.164624274426723005e+00 5.436405092437467390e-01
2.491951394468074454e+00 -9.168236522761379348e-01 -8.234631779954514064e-02
2.686124432726892497e+00 -5.798244721124382606e-01 -3.627166805685469453e-01
2.754913745274793602e+00 -2.204528896080843736e-01 -5.360948998542847121e-01
2.760587230696509575e+00 1.443252439644815421e-01 -6.824485098880354039e-01
2.707444248642699058e+00 5.057057886160302163e-01 -8.458368534465995348e-01
2.550140151131613742e+00 8.499932920389029478e-01 -1.092222225010143877e+00
2.106966665741761613e+00 1.128455163265674965e+00 -1.614051141621342778e+00
-9.972776629682886806e-01 -4.049832235424567078e-02 1.232995391286407560e+00
9.972776629682886806e-01 4.049832235424567078e-02 -1.908597262303385556e+00
1.019250083270420548e+00 -1.708956441000266391e-01 -2.240883233054831170e+00
1.114486256911793705e+00 -3.626214477936632874e-01 -2.596967919575816186e+00
1.286917155596732476e+00 -5.068022679144204012e-01 -3.000771023237611246e+00
1.522594854730416225e+00 -5.729891157738314922e-01 2.829938259031453462e+00
1.770714856504855383e+00 -5.426084782818256791e-01 2.367255168634760931e+00
1.970667542466640221e+00 -4.246304145630379057e-01 1.943027893981073673e+00
2.095117823505713961e+00 -2.473914902666722870e-01 1.570938295370210236e+00
2.144314990621504879e+00 -4.049832235424575405e-02 1.232995391286407783e+00
2.122342570319372790e+00 1.708956441000265558e-01 9.007094205349621685e-01
2.027106396677999189e+00 3.626214477936630098e-01 5.446247340139769300e-01
1.854675497993061084e+00 5.068022679144201792e-01 1.408216303521825086e-01
1.618997798859377335e+00 5.729891157738313812e-01 -3.116543945583390429e-01
1.370877797084937733e+00 5.426084782818257901e-01 -7.743374849550325179e-01
1.170925111123153117e+00 4.246304145630379612e-01 -1.198564759608719221e+00
1.046474830084079377e+00 2.473914902666725923e-01 -1.570654358219582436e+00
-2.902721280197009701e+00 -7.780487480960719404e-01 1.277291317917585323e+00
2.902721280197009701e+00 7.780487480960719404e-01 -1.864301335672207793e+00
2.714974967825033669e+00 1.151320093011936052e+00 -2.088490442592483287e+00
1.529570349082165492e+00 1.401311849987114666e+00 2.975552166356060457e+00
4.139320069202772623e-01 1.138441843994923763e+00 1.826128731342571809e+00
2.356488403101907325e-01 7.643384176682099795e-01 1.611246110098716544e+00
1.824764640343154165e-01 3.798462371642831736e-01 1.514893229660913887e+00
1.693432093852308695e-01 -6.951846660209303266e-03 1.445391780186518815e+00
1.835219743329566944e-01 -3.937161741262234504e-01 1.375495944928323278e+00
2.388713733927834704e-01 -7.780487480960719404e-01 1.277291317917585323e+00
4.266176857647591691e-01 -1.151320093011935830e+00 1.053102210997310273e+00
1.612022304507626957e+00 -1.401311849987114666e+00 -1.660404872337317983e-01
2.727660646669515465e+00 -1.138441843994924207e+00 -1.315463922247220863e+00
2.905943813279602495e+00 -7.643384176682103126e-01 -1.530346543491076794e+00
2.959116189555477838e+00 -3.798462371642828406e-01 -1.626699423928879451e+00
2.972249444204562163e+00 6.951846660209161019e-03 -1.696200873403274301e+00
2.958070679256836755e+00 3.937161741262227288e-01 -1.766096708661469616e+00
1.249097761538407791e+00 6.851956650479703592e-01 3.980331058762970331e-01
-1.249097761538407791e+00 -6.851956650479703592e-01 -2.743559547713496194e+00
-1.592562610423161384e+00 -7.455016059911873105e-01 -2.226740149055550066e+00
-1.928251955535540851e+00 -6.694887650300005433e-01 -1.717041211916532806e+00
-2.159977034082319225e+00 -4.874240214223599654e-01 -1.299245927589672389e+00
-2.281920594597167007e+00 -2.473293607902310454e-01 -9.649044536893794932e-01
-2.316416009140369159e+00 1.599214646724980010e-02 -6.707100317553970070e-01
-2.272277536264831088e+00 2.779280922608295401e-01 -3.740117675485200022e-01
-2.138392733789581168e+00 5.131991735698177015e-01 -3.181899994856822456e-02
-1.892494892051385547e+00 6.851956650479703592e-01 3.980331058762969221e-01
-1.549030043166631732e+00 7.455016059911874216e-01 9.148525045342429385e-01
-1.213340698054252487e+00 6.694887650300005433e-01 1.424551441673260310e+00
-9.816156195074736690e-01 4.874240214223600764e-01 1.842346726000120727e+00
-8.596720589926259981e-01 2.473293607902311286e-01 2.176688199900413512e+00
-8.251766444494238462e-01 -1.599214646725001868e-02 2.470882621834396886e+00
-8.693151173249620278e-01 -2.779280922608295401e-01 2.767580886041273391e+00
-1.003199919800211726e+00 -5.131991735698174795e-01 3.109773653641224822e+00
-2.837961988904538213e+00 -6.057422612062279832e-01 7.459086626279920473e-01
2.837961988904538213e+00 6.057422612062279832e-01 -2.395683990961801069e+00
2.690083537666911440e+00 9.723951464491453756e-01 -2.600218724108790180e+00
2.124940728577963345e+00 1.277565691138946802e+00 3.067093267948482360e+00
8.277064220274035211e-01 1.230483440433451925e+00 1.720672260073508264e+00
4.075213316405314479e-01 9.018499617474091679e-01 1.248972963550409654e+00
2.891453423759269836e-01 5.315516230967037847e-01 1.072104484438723082e+00
2.513217397260729680e-01 1.526935133051856297e-01 9.614787399158307712e-01
2.550653597199660227e-01 -2.277905991269176533e-01 8.636317041734636879e-01
3.036306646852551250e-01 -6.057422612062277611e-01 7.459086626279920473e-01
4.515091159228815099e-01 -9.723951464491451535e-01 5.413739294810033797e-01
1.016651925011830437e+00 -1.277565691138947024e+00 -7.449938564131119989e-02
2.313886231562388929e+00 -1.230483440433451925e+00 -1.420920393516284408e+00
2.734071321949261613e+00 -9.018499617474095009e-01 -1.892619690039383240e+00
2.852447311213866410e+00 -5.315516230967034517e-01 -2.069488169151070700e+00
2.890270913863720370e+00 -1.526935133051855742e-01 -2.180113913673962234e+00
2.886527293869827204e+00 2.277905991269172370e-01 -2.277960949416329317e+00
