-1.598831457604944717e+00 4.053136514572078936e-02 7.644478503491327626e-01
1.598831457604944717e+00 -4.053136514572078936e-02 -2.377144803240660575e+00
1.612205795077730430e+00 -2.672066175054565659e-02 -2.769828975057985865e+00
1.619274321530804084e+00 -8.847316599704198661e-03 3.120996113110261039e+00
1.618971760389356751e+00 1.037017182138892483e-02 2.728761369224577127e+00
1.611343607893178653e+00 2.801209999752219543e-02 2.336380465397732031e+00
1.597539903548130358e+00 4.139467766084511946e-02 1.943666994410435445e+00
1.579654049150412964e+00 4.847609595289827100e-02 1.550629017161349044e+00
1.560414110267632770e+00 4.817284120776142015e-02 1.157465077056488489e+00
1.542761195984848621e+00 4.053136514572079629e-02 7.644478503491327626e-01
1.529386858512062686e+00 2.672066175054566006e-02 3.717636785318075843e-01
1.522318332058989254e+00 8.847316599704202131e-03 -2.059654047953212927e-02
1.522620893200436587e+00 -1.037017182138892483e-02 -4.128312843652159336e-01
1.530249045696614685e+00 -2.801209999752218155e-02 -8.052121881920608626e-01
1.544052750041662980e+00 -4.139467766084512640e-02 -1.197925659179358115e+00
1.561938604439380152e+00 -4.847609595289828488e-02 -1.590963636428444072e+00
1.581178543322160568e+00 -4.817284120776141321e-02 -1.984127576533304183e+00
-1.436684037303232082e-02 -6.292454818808936867e-01 1.050952249964309582e+00
1.436684037303232082e-02 6.292454818808936867e-01 -2.090640403625483756e+00
1.194786489435363010e-02 2.365792442282191044e-01 -2.096295722146910734e+00
1.175800469110476962e-02 -1.560929574450850565e-01 -2.100924151104874404e+00
1.361408313640785107e-02 -5.487614105296640954e-01 -2.106198016937966155e+00
1.973252189939231349e-02 -9.414090908803042224e-01 -2.115048429603337610e+00
4.951516616120809483e-02 -1.333921218340929027e+00 -2.147230842364689085e+00
3.067018762643012320e+00 -1.414264740929730424e+00 1.116161942630025550e+00
3.119330040733920395e+00 -1.021883365134321320e+00 1.061489397988931049e+00
3.127225813216760741e+00 -6.292454818808936867e-01 1.050952249964309582e+00
3.129644788695439495e+00 -2.365792442282192709e-01 1.045296931442882382e+00
3.129834648898688787e+00 1.560929574450850010e-01 1.040668502484918934e+00
3.127978570453385565e+00 5.487614105296637623e-01 1.035394636651827405e+00
3.121860131690401108e+00 9.414090908803041113e-01 1.026544223986455950e+00
3.092077487428584792e+00 1.333921218340929471e+00 9.943618112251036978e-01
7.457389094678044950e-02 1.414264740929730424e+00 -2.025430710959768010e+00
2.226261285587271058e-02 1.021883365134321764e+00 -2.080103255600862067e+00
5.427858194978746331e-02 -7.984983111601595684e-01 -1.039625878658570896e-01
-5.427858194978746331e-02 7.984983111601595684e-01 3.037630065723936124e+00
-4.122149125208502546e-02 4.062272903335261698e-01 3.060232585023693996e+00
-3.786875540119922362e-02 1.382686460690798688e-02 3.076005061284151854e+00
-4.075216483395930483e-02 -3.785769611954698521e-01 3.091598045712209419e+00
-5.279969775438885654e-02 -7.708643845349932855e-01 3.113334977813665638e+00
-9.551117490176361247e-02 -1.162598703698932479e+00 -3.118950677995095955e+00
-1.220612799686581207e+00 -1.530483383181342472e+00 -1.986305607670996620e+00
-3.039523718383921214e+00 -1.190137505711038601e+00 -1.598719694935364088e-01
-3.087314071640005597e+00 -7.984983111601595684e-01 -1.039625878658570479e-01
-3.100371162337708153e+00 -4.062272903335264473e-01 -8.136006856609913351e-02
-3.103723898188594177e+00 -1.382686460690810831e-02 -6.558759230564130405e-02
-3.100840488755833846e+00 3.785769611954693525e-01 -4.999460787758379376e-02
-3.088792955835404364e+00 7.708643845349926194e-01 -2.825767577612755405e-02
-3.046081478688029698e+00 1.162598703698932701e+00 2.264197559469754983e-02
-1.920979853903215684e+00 1.530483383181342472e+00 1.155287045918792721e+00
-1.020689352058720134e-01 1.190137505711039045e+00 2.981720684096256679e+00
2.456650024190528026e+00 -4.390438324518378677e-01 1.074088493265192179e+00
-2.456650024190528026e+00 4.390438324518378677e-01 -2.067504160324601159e+00
-1.899189859442965700e+00 9.210844212965145772e-01 -1.235249965553719464e+00
-1.242402794146827416e+00 -9.210844212965146882e-01 1.906342688036073429e+00
-2.427692422807347317e+00 -5.063347970186737879e-01 -2.799464661963943168e+00
-2.518129522072186433e+00 -1.963721036553191801e-01 -2.541114101676773540e+00
-2.526399790653750976e+00 1.247779257837675210e-01 -2.313985793406966085e+00
-1.241864820066810454e-02 -8.131005650965400511e-01 -3.560423716441129399e-02
1.241864820066810454e-02 8.131005650965400511e-01 3.105988416425382148e+00
9.348738439515927659e-03 4.204236977727366931e-01 3.100782778936696182e+00
8.537877866975941699e-03 2.773988858361398427e-02 3.097203839186623231e+00
9.136290908794305471e-03 -3.649442676677543962e-01 3.093706227912280671e+00
1.174813315224436903e-02 -7.576228119555010743e-01 3.088893552859127034e+00
2.090727070490939338e-02 -1.150274896447751605e+00 3.077880810814603407e+00
2.985066292795355847e-01 -1.541772576548612106e+00 2.798578781703160434e+00
3.117684193570275042e+00 -1.205742835841720373e+00 -2.229208320079404532e-02
3.129174005389125046e+00 -8.131005650965400511e-01 -3.560423716441128705e-02
3.132243915150277225e+00 -4.204236977727369706e-01 -4.080987465309696832e-02
3.133054775722817098e+00 -2.773988858361407447e-02 -4.438881440317007931e-02
3.132456362680998918e+00 3.649442676677540631e-01 -4.788642567751263956e-02
3.129844520437548905e+00 7.576228119555006302e-01 -5.269910073066610967e-02
3.120685382884883730e+00 1.150274896447752049e+00 -6.371184277518983363e-02
2.843086024310257365e+00 1.541772576548612106e+00 -3.430138718866330150e-01
2.390846001951833777e-02 1.205742835841720817e+00 3.119300570388999105e+00
3.111675201862532436e+00 -9.476596006775196424e-01 1.860376971242281074e+00
-3.111675201862532436e+00 9.476596006775196424e-01 -1.281215682347512264e+00
-3.065231088411314975e+00 1.339921539554761898e+00 -1.231169683929294489e+00
-1.075182066122766233e-01 1.407395794622036789e+00 1.729983140471565317e+00
-3.311210053236649659e-02 1.015378077244062149e+00 1.807942431408702255e+00
-2.149381031791595259e-02 6.228151697406271170e-01 1.823540848293860428e+00
-1.793066890438651736e-02 2.301898290829300087e-01 1.831988459705919059e+00
-1.769059903392786529e-02 -1.624485594433535962e-01 1.838941458858979416e+00
-2.054223121272496025e-02 -5.550781083029678875e-01 1.846907033637630091e+00
-2.991745172726075971e-02 -9.476596006775195313e-01 1.860376971242281074e+00
-7.636156517847832170e-02 -1.339921539554761676e+00 1.910422969660498849e+00
-3.034074446977516271e+00 -1.407395794622037011e+00 -1.411609513118228243e+00
-3.108480553057426654e+00 -1.015378077244062593e+00 -1.333650222181091083e+00
-3.120098843271877254e+00 -6.228151697406274501e-01 -1.318051805295932910e+00
-3.123661984685406789e+00 -2.301898290829297034e-01 -1.309604193883874057e+00
-3.123902054555865337e+00 1.624485594433534297e-01 -1.302651194730813700e+00
-3.121050422377068312e+00 5.550781083029671104e-01 -1.294685619952163247e+00
-4.417579250812695979e-01 -6.323952855233480053e-01 2.177697319484268590e+00
4.417579250812695979e-01 6.323952855233480053e-01 -9.638953341055248591e-01
3.659602891243707301e-01 2.703203177095394039e-01 -1.134495301338345863e+00
3.538450873789273365e-01 -9.780856407586238643e-02 -1.272532697376329125e+00
3.958715284647766897e-01 -4.639441168675894067e-01 -1.421357651105743303e+00
5.281442712931299077e-01 -8.171233305619535203e-01 -1.638705422412648050e+00
9.118840118944538942e-01 -1.119472962507869207e+00 -2.096698329685692919e+00
1.846745362103817678e+00 -1.204231221029213206e+00 -3.101777168931997064e+00
2.485003760830598374e+00 -9.704332685301786388e-01 2.471508349453184650e+00
2.699834728508523796e+00 -6.323952855233480053e-01 2.177697319484268590e+00
2.613448382296663208e+00 8.171233305619529652e-01 1.502887231177145289e+00
2.229708641695338667e+00 1.119472962507869429e+00 1.044894323904099531e+00
1.294847291485976104e+00 1.204231221029213206e+00 3.981548465779664175e-02
6.565888927591958524e-01 9.704332685301790828e-01 -6.700843041366078001e-01
2.962924634929540169e-01 -8.162513072715782414e-01 -5.221730425258376274e-01
-2.962924634929540169e-01 8.162513072715782414e-01 2.619419611063955600e+00
-2.678950973462908003e-01 -7.143290356800736651e-01 3.016199807168848945e+00
-4.421732223227001213e-01 -1.084479024204709319e+00 -3.048514612094015863e+00
-1.316637759661450469e+00 -1.362667816093413586e+00 -2.133629757440672403e+00
-2.591910181615649122e+00 -1.177949926895584420e+00 -8.183569750831677370e-01
-2.845300190096839099e+00 -8.162513072715783524e-01 -5.221730425258377384e-01
-2.919118186143944360e+00 -4.361170731903684650e-01 -3.985856976537477392e-01
-2.939967641033517154e+00 -5.197639608450944221e-02 -3.139337298063745174e-01
-2.928400240318563164e+00 3.325205655458941534e-01 -2.327665568585056133e-01
-2.873697556243502316e+00 7.143290356800738872e-01 -1.253928464209443094e-01
-2.699419431267092939e+00 1.084479024204709763e+00 9.307804149577755815e-02
-1.824954893928341759e+00 1.362667816093413586e+00 1.007962896149121823e+00
-5.496824719741447707e-01 1.177949926895584865e+00 2.323235678506625046e+00
3.106868847855767779e+00 -8.180802130796308580e-01 1.680823907109046056e+00
-3.106868847855767779e+00 8.180802130796308580e-01 -1.460768746480747060e+00
-3.074253289205053363e+00 1.210331912079404271e+00 -1.423092632048962747e+00
-6.239541485841203494e-01 1.530163338622183122e+00 1.031913843529238317e+00
-5.742653387700619866e-02 1.144493534547975866e+00 1.603179776598714135e+00
-3.250719700526341627e-02 7.521516205077137807e-01 1.633263043283922133e+00
-2.535782380714040815e-02 3.596102563496159088e-01 1.646551172032733490e+00
-2.374838297911455176e-02 -3.297360240597510539e-02 1.656259580860625302e+00
-2.606024079490376968e-02 -4.255542695619540239e-01 1.666236863370777588e+00
-3.472380573402530229e-02 -8.180802130796307470e-01 1.680823907109046056e+00
-6.733936438473987762e-02 -1.210331912079404049e+00 1.718500021540830591e+00
-2.517638505005669103e+00 -1.530163338622183344e+00 -2.109678810060558352e+00
-3.084166119712786980e+00 -1.144493534547976310e+00 -1.538412876991079203e+00
-3.109085456584529616e+00 -7.521516205077143358e-01 -1.508329610305871205e+00
-3.116234829782652760e+00 -3.596102563496157423e-01 -1.495041481557059626e+00
-3.117844270610678592e+00 3.297360240597487641e-02 -1.485333072729167814e+00
-3.115532412794889350e+00 4.255542695619533577e-01 -1.475355790219015750e+00
3.130251631005372293e+00 -6.154155149174225237e-01 8.156963345849591596e-01
-3.130251631005372293e+00 6.154155149174225237e-01 -2.325896319004834290e+00
-3.124234083955915953e+00 1.008076928697058783e+00 -2.317761226536477093e+00
-3.086895117859844273e+00 1.400594326971774883e+00 -2.278534924990986976e+00
-4.189549522073043181e-02 1.347860364109326969e+00 7.682891435053403884e-01
-1.603909285354905567e-02 9.552898590957322744e-01 7.960530084060071232e-01
-1.094783185777362979e-02 5.626243754119998330e-01 8.033091727047753094e-01
-9.395616761083728022e-03 1.699449753083373260e-01 8.075598910351221571e-01
-9.494822522420693495e-03 -2.227370369485852097e-01 8.112464644451654605e-01
-1.134102258442110621e-02 -6.154155149174223016e-01 8.156963345849592706e-01
-1.735856963387743396e-02 -1.008076928697058561e+00 8.238314270533160233e-01
-5.469753572994845436e-02 -1.400594326971775105e+00 8.630577285988060288e-01
-3.099697158369062677e+00 -1.347860364109327191e+00 -2.373303510084453283e+00
-3.125553560736244130e+00 -9.552898590957322744e-01 -2.345539645183785993e+00
-3.130644821732019523e+00 -5.626243754119995000e-01 -2.338283480885017696e+00
-3.132197036828709535e+00 -1.699449753083372427e-01 -2.334032762554671070e+00
-3.132097831067372606e+00 2.227370369485846269e-01 -2.330346189144627544e+00
-3.140583884714794660e+00 -9.154751745013329778e-01 1.780313311167806667e+00
3.140583884714794660e+00 9.154751745013329778e-01 -1.361279342421986449e+00
3.139224683724072928e+00 1.308173799135536886e+00 -1.362766315924606841e+00
4.739415948813991211e-03 1.440717625356250364e+00 1.785812492422569564e+00
1.231269315811663826e-03 1.048019660232345940e+00 1.782179932344397200e+00
7.753746610171951973e-04 6.553207612065988785e-01 1.781585639861259063e+00
6.365845081821915746e-04 2.626217739525158468e-01 1.781278381784607179e+00
6.199955076911665888e-04 -1.300772322275503823e-01 1.781032695869647409e+00
7.095243624121864209e-04 -5.227762297546890702e-01 1.780758859265870298e+00
1.008768874998757425e-03 -9.154751745013327557e-01 1.780313311167806889e+00
2.367969865720443400e-03 -1.308173799135536663e+00 1.778826337665186497e+00
3.136853237640979231e+00 -1.440717625356250364e+00 -1.355780161167223552e+00
3.140361384273981482e+00 -1.048019660232346384e+00 -1.359412721245395916e+00
3.140817278928775824e+00 -6.553207612065991006e-01 -1.360007013728534275e+00
3.140956069081611179e+00 -2.626217739525155692e-01 -1.360314271805185937e+00
3.140972658082102242e+00 1.300772322275502435e-01 -1.360559957720145707e+00
3.140883129227380888e+00 5.227762297546885151e-01 -1.360833794323923041e+00
-5.270188445228104340e-02 -1.476195110544072042e+00 -6.654103465793456129e-01
5.270188445228104340e-02 1.476195110544072042e+00 2.476182307010447836e+00
1.062917061037154873e-02 1.083603226087423543e+00 2.433108186588906374e+00
6.456735739366439505e-03 6.909172760831332472e-01 2.427830190805201571e+00
5.205730353997516623e-03 2.982246257539384326e-01 2.425245217793524866e+00
4.998232534086209308e-03 -9.446947734672393737e-02 2.423244156121072468e+00
5.631042090342205236e-03 -4.871631736930895351e-01 2.421079607756117635e+00
7.808345219784301391e-03 -8.798538422852844043e-01 2.417698120720481736e+00
1.693345401124434282e-02 -1.272527624390433543e+00 2.407529718844414468e+00
3.088890769137512038e+00 -1.476195110544072042e+00 -6.654103465793455019e-01
3.130963482979421730e+00 -1.083603226087423543e+00 -7.084844670008866307e-01
3.135135917850426779e+00 -6.909172760831330251e-01 -7.137624627845915448e-01
3.136386923235795710e+00 -2.982246257539387657e-01 -7.163474357962685835e-01
3.136594421055706849e+00 9.446947734672379859e-02 -7.183484974687208702e-01
3.135961611499451074e+00 4.871631736930899792e-01 -7.205130458336753696e-01
3.133784308370008986e+00 8.798538422852845153e-01 -7.238945328693116021e-01
3.124659199578549096e+00 1.272527624390433099e+00 -7.340629347453786480e-01
-4.280802918442807442e-02 -9.272172980101687223e-01 1.851492652052793453e+00
4.280802918442807442e-02 9.272172980101687223e-01 -1.290100001536999663e+00
2.985096019278952323e-02 5.347627077131719142e-01 -1.309135459356186137e+00
2.594443305767682451e-02 1.422118065219617478e-01 -1.320673966260404342e+00
2.650908668922517461e-02 -2.503556831976171404e-01 -1.330920988330247079e+00
3.209040747089134116e-02 -6.428920013923091759e-01 -1.343594790556280616e+00
5.034553320581469649e-02 -1.035281973288177060e+00 -1.367658954646671532e+00
1.792388639016781471e-01 -1.426253020272117977e+00 -1.501760851083350889e+00
3.038309456628899508e+00 -1.319070373706477728e+00 1.917290846358395751e+00
3.098784624405364951e+00 -9.272172980101689443e-01 1.851492652052793453e+00
3.111741693397003683e+00 -5.347627077131719142e-01 1.832457194233607201e+00
3.115648220532116319e+00 -1.422118065219619421e-01 1.820918687329388774e+00
3.115083566900568091e+00 2.503556831976166408e-01 1.810671665259546037e+00
3.109502246118902136e+00 6.428920013923087318e-01 1.797997863033512500e+00
3.091247120383978420e+00 1.035281973288177504e+00 1.773933698943121806e+00
2.962353789688115135e+00 1.426253020272117755e+00 1.639831802506442227e+00
1.032831969608941219e-01 1.319070373706478172e+00 -1.224301807231397143e+00
4.656264060401892058e-02 -7.768607999582015644e-01 -5.127224078352545650e-02
-4.656264060401892058e-02 7.768607999582015644e-01 3.090320412806267569e+00
-3.581443988337724982e-02 3.844807714074193750e-01 3.109536742858451497e+00
-3.319980755027845953e-02 -7.990816036534061778e-03 3.123240272237783888e+00
-3.605224312954620480e-02 -4.004608930395468502e-01 3.137034757734172175e+00
-4.731210416223589899e-02 -7.928336340937098825e-01 -3.126495499896454699e+00
-8.826542021596099630e-02 -1.184733771375817479e+00 -3.078411357926917891e+00
-1.807038968999578277e+00 -1.536648751474561481e+00 -1.353038725610467008e+00
-3.056653837601992052e+00 -1.168803229471979899e+00 -9.681427319822030753e-02
-3.095030012985774182e+00 -7.768607999582016754e-01 -5.127224078352545650e-02
-3.105778213706416047e+00 -3.844807714074195415e-01 -3.205591073134157754e-02
-3.108392846039514712e+00 7.990816036533959429e-03 -1.835238135200923174e-02
-3.105540410460247092e+00 4.004608930395464617e-01 -4.557895855620975288e-03
-3.094280549427557148e+00 7.928336340937094384e-01 1.509715369333871661e-02
-3.053327233373832161e+00 1.184733771375817701e+00 6.318129566287557231e-02
-1.334553684590219280e+00 1.536648751474561481e+00 1.788553927979322111e+00
-8.493881598780105013e-02 1.168803229471980565e+00 3.044778380391572892e+00
