-1.336575944166302696e-02 -8.802175014780529994e-01 1.749636465066075397e+00
1.336575944166302696e-02 8.802175014780529994e-01 -1.391956188523717941e+00
9.636419436376877576e-03 4.875430640464011867e-01 -1.397745446229557542e+00
8.552066914883721394e-03 9.485975098596793886e-02 -1.401449749511753495e+00
8.905681490746700582e-03 -2.978247578192425027e-01 -1.404873158889501816e+00
1.104347860692939977e-02 -6.905050212288491585e-01 -1.409293855110888227e+00
1.817153803330248327e-02 -1.083165705380535027e+00 -1.418313750796497352e+00
8.964229106338467146e-02 -1.475553003149663756e+00 -1.491497970949150931e+00
3.112588135025611713e+00 -1.272842406565081186e+00 1.767060078381193833e+00
3.128226894148130377e+00 -8.802175014780531104e-01 1.749636465066075397e+00
3.131956234153416396e+00 -4.875430640464014087e-01 1.743847207360235796e+00
3.133040586674909367e+00 -9.485975098596791111e-02 1.740142904078039843e+00
3.132686972099046674e+00 2.978247578192422251e-01 1.736719494700291300e+00
3.130549174982864002e+00 6.905050212288491585e-01 1.732298798478904889e+00
3.123421115556490602e+00 1.083165705380535249e+00 1.723278902793295986e+00
3.051950362526408611e+00 1.475553003149663756e+00 1.650094682640642185e+00
2.900451856418163193e-02 1.272842406565081630e+00 -1.374532575208599283e+00
3.136758580465428548e+00 -8.743810831025369268e-01 1.729880505256307988e+00
-3.136758580465428548e+00 8.743810831025369268e-01 -1.411712148333485128e+00
-3.131224220534460922e+00 1.267070574423431628e+00 -1.405526713719709830e+00
-3.487816651157172460e-02 1.481753788775893588e+00 1.691431948300680776e+00
-6.693377322322499774e-03 1.089099378609599267e+00 1.720240293321139147e+00
-4.042111903991304697e-03 6.964054737277713958e-01 1.723579171719112235e+00
-3.249638262589400750e-03 3.037089053773227021e-01 1.725200205912509555e+00
-3.113232997410505382e-03 -8.898824054127156546e-02 1.726448726970802872e+00
-3.499054012874249549e-03 -4.816852378852400363e-01 1.727793074009305041e+00
-4.834073124364767979e-03 -8.743810831025368158e-01 1.729880505256307988e+00
-1.036843305533215187e-02 -1.267070574423431406e+00 1.736065939870083286e+00
-3.106714487078221953e+00 -1.481753788775893588e+00 -1.450160705289112117e+00
-3.134899276267470558e+00 -1.089099378609599711e+00 -1.421352360268654191e+00
-3.137550541685802052e+00 -6.964054737277718399e-01 -1.418013481870680881e+00
-3.138343015327203833e+00 -3.037089053773223690e-01 -1.416392447677283783e+00
-3.138479420592382940e+00 8.898824054127144056e-02 -1.415143926618990466e+00
-3.138093599576918802e+00 4.816852378852398142e-01 -1.413799579580488297e+00
-3.117039177600897215e+00 -9.229332835376032884e-01 1.761002049932853364e+00
3.117039177600897215e+00 9.229332835376032884e-01 -1.380590603656939752e+00
3.082920887543195043e+00 1.315356717960350252e+00 -1.417782996276423235e+00
1.075487023323616481e-01 1.432326195405294156e+00 1.887108904503223661e+00
2.928381729155779198e-02 1.040229917975543428e+00 1.805841560686390235e+00
1.857899695571734941e-02 6.476349357591473233e-01 1.791791381530347227e+00
1.531181185454376717e-02 2.549902856420885877e-01 1.784444289528172467e+00
1.495820700941627099e-02 -1.376649723208696607e-01 1.778528943301319165e+00
1.717603030413403578e-02 -5.303148947971819682e-01 1.771893458586910164e+00
2.455347598889616109e-02 -9.229332835376031774e-01 1.761002049932853364e+00
5.867176604659828099e-02 -1.315356717960350030e+00 1.723809657313370103e+00
3.034043951257431537e+00 -1.432326195405294378e+00 -1.254483749086569677e+00
3.112308836298235182e+00 -1.040229917975544094e+00 -1.335751092903402881e+00
3.123013656634075819e+00 -6.476349357591476563e-01 -1.349801272059445889e+00
3.126280841735249449e+00 -2.549902856420882546e-01 -1.357148364061620649e+00
3.126634446580376814e+00 1.376649723208694387e-01 -1.363063710288474173e+00
3.124416623285659167e+00 5.303148947971817462e-01 -1.369699195002882952e+00
6.058256758786451784e-03 -8.972532497159123599e-01 1.748881895677411258e+00
-6.058256758786451784e-03 8.972532497159123599e-01 -1.392710757912381858e+00
-4.316809918494021736e-03 5.045591720442038630e-01 -1.390062350685358883e+00
-3.802646713416765138e-03 1.118632312744903684e-01 -1.388399993403768296e+00
-3.932954013333740152e-03 -2.808329887901805932e-01 -1.386885454240677218e+00
-4.834648114422559519e-03 -6.735284322358593423e-01 -1.384959886259110817e+00
-7.816765979429849548e-03 -1.066220282892129001e+00 -1.381132832293728852e+00
-3.383880028526458500e-02 -1.458868750801532999e+00 -1.354348282623113242e+00
-3.127959050468361646e+00 -1.289936527387815612e+00 1.740517685511398849e+00
-3.135534396831006987e+00 -8.972532497159124709e-01 1.748881895677411258e+00
-3.137275843671299302e+00 -5.045591720442038630e-01 1.751530302904434233e+00
-3.137790006876376214e+00 -1.118632312744902019e-01 1.753192660186025043e+00
-3.137659699576459627e+00 2.808329887901803712e-01 1.754707199349115898e+00
-3.136758005475370759e+00 6.735284322358592313e-01 1.756632767330682521e+00
-3.133775887610363409e+00 1.066220282892129667e+00 1.760459821296064487e+00
-3.107753853304528135e+00 1.458868750801532999e+00 1.787244370966680540e+00
-1.363360312143167830e-02 1.289936527387816501e+00 -1.401074968078394489e+00
-7.057552385713967633e-04 -8.870080816958612058e-01 1.742967573454139663e+00
7.057552385713967633e-04 8.870080816958612058e-01 -1.398625080135653453e+00
5.064765713685044374e-04 4.943090683919439399e-01 -1.398931886709597450e+00
4.481612098000419572e-04 1.016100301245652648e-01 -1.399126711775516840e+00
4.654293876732431764e-04 -2.910890116626888013e-01 -1.399305747325775506e+00
5.751524121606266986e-04 -6.837880421406073994e-01 -1.399535514482030285e+00
9.397710566850631629e-04 -1.076487020416918572e+00 -1.399999448455264472e+00
4.395381971964660954e-03 -1.469185311748878009e+00 -1.403544882195047805e+00
3.140039147915778983e+00 -1.279706953608531261e+00 1.743908635039071786e+00
3.140886898351221923e+00 -8.870080816958614278e-01 1.742967573454139663e+00
3.141086177018424852e+00 -4.943090683919439954e-01 1.742660766880195666e+00
3.141144492379993380e+00 -1.016100301245652787e-01 1.742465941814276276e+00
3.141127224202119983e+00 2.910890116626885238e-01 1.742286906264017610e+00
3.141017501177632454e+00 6.837880421406071774e-01 1.742057139107763053e+00
3.140652882533108148e+00 1.076487020416919238e+00 1.741593205134528644e+00
3.137197271617828687e+00 1.469185311748878231e+00 1.738047771394745533e+00
1.553505674014029649e-03 1.279706953608531705e+00 -1.397684018550721552e+00
3.119310414243016361e+00 -7.169509607003573537e-01 1.938971348882021217e-01
-3.119310414243016361e+00 7.169509607003573537e-01 -2.947695518701590967e+00
-3.103851662956889523e+00 1.109489138355719939e+00 -2.928539160428804244e+00
-2.900341771541256719e+00 1.500441030673566045e+00 -2.721661460142337674e+00
-5.265525358799717781e-02 1.246002255953956084e+00 1.293473909837999924e-01
-2.555450049415461736e-02 8.535606330728598978e-01 1.599939993245670933e-01
-1.875355980301094891e-02 4.609532470949840310e-01 1.709119296367420382e-01
-1.683530790779294919e-02 6.831457496875772972e-02 1.781050256303194079e-01
-1.771994933001568018e-02 -3.243274266068132961e-01 1.849017074842172759e-01
-2.228223934677670340e-02 -7.169509607003572427e-01 1.938971348882021772e-01
-3.774099063290367595e-02 -1.109489138355719939e+00 2.130534931609891491e-01
-2.412508820485365635e-01 -1.500441030673566045e+00 4.199311934474555530e-01
-3.088937400001795730e+00 -1.246002255953956306e+00 -3.012245262605993457e+00
-3.116038153095638474e+00 -8.535606330728600089e-01 -2.981598654265226411e+00
-3.122839093786782261e+00 -4.609532470949835870e-01 -2.970680723953051050e+00
-3.124757345682000143e+00 -6.831457496875770197e-02 -2.963487627959473958e+00
-3.123872704259777588e+00 3.243274266068129630e-01 -2.956690946105576145e+00
-3.138342179319492331e+00 -7.139664648013178683e-01 1.642460005391597477e-01
3.138342179319492331e+00 7.139664648013178683e-01 -2.977346653050633396e+00
3.136104823363238037e+00 1.106662133339250786e+00 -2.980125398756359179e+00
3.107184606087978196e+00 1.499325082758629968e+00 -3.009538392498130932e+00
7.779559930245746012e-03 1.249517262404153284e+00 1.737560470264419565e-01
3.751464612397246122e-03 8.568237649614608431e-01 1.692097712988755998e-01
2.747233091015464229e-03 4.641266552575881166e-01 1.676043139407138449e-01
2.462890797921583105e-03 7.142886820221142075e-02 1.665503068066830905e-01
2.589079843648930002e-03 -3.212689933834209643e-01 1.655569768405977527e-01
3.250474270300775410e-03 -7.139664648013176462e-01 1.642460005391596922e-01
5.487830226555384661e-03 -1.106662133339250786e+00 1.614672548334341873e-01
3.440804750181481603e-02 -1.499325082758629968e+00 1.320542610916624338e-01
3.133813093659547633e+00 -1.249517262404153728e+00 -2.967836606563351243e+00
3.137841188977395834e+00 -8.568237649614610651e-01 -2.972382882290917738e+00
3.138845420498777905e+00 -4.641266552575877280e-01 -2.973988339649079382e+00
3.139129762791871503e+00 -7.142886820221142075e-02 -2.975042346783109970e+00
3.139003573746144138e+00 3.212689933834202982e-01 -2.976035676749195336e+00
1.854056545190693728e-04 -8.841841146872900792e-01 1.737735860813260924e+00
-1.854056545190693728e-04 8.841841146872900792e-01 -1.403856792776532192e+00
-1.333122586517171914e-04 4.914850377179297847e-01 -1.403776315216338055e+00
-1.181083061966929886e-04 9.878595903193547467e-02 -1.403725048881596216e+00
-1.227983769892444809e-04 -2.939131198916624110e-01 -1.403677825747230434e+00
-1.519689448443800280e-04 -6.866121980196556729e-01 -1.403617064145242344e+00
-2.490434409647083861e-04 -1.079311272476694894e+00 -1.403493835494186381e+00
-1.191705865982158096e-03 -1.472010297387772004e+00 -1.402527504545713066e+00
-3.141186949137217965e+00 -1.276883181993309746e+00 1.737490946322084007e+00
-3.141407247935274150e+00 -8.841841146872903012e-01 1.737735860813260924e+00
-3.141459341331141353e+00 -4.914850377179298957e-01 1.737816338373455061e+00
-3.141474545283596598e+00 -9.878595903193554406e-02 1.737867604708197122e+00
-3.141469855212803974e+00 2.939131198916620780e-01 1.737914827842562682e+00
-3.141440684644948966e+00 6.866121980196554508e-01 1.737975589444550995e+00
-3.141343610148828791e+00 1.079311272476695338e+00 1.738098818095606957e+00
-3.140400947723811509e+00 1.472010297387771782e+00 1.739065149044079828e+00
-4.057044525754781284e-04 1.276883181993310190e+00 -1.404101707267709109e+00
3.114047253832585405e+00 -8.620563797312589260e-01 1.741659341497158842e+00
-3.114047253832585405e+00 8.620563797312589260e-01 -1.399933312092634274e+00
-3.083937056218728490e+00 1.254451590834243735e+00 -1.366047005172655648e+00
-2.294330299213194202e-01 1.491891199302030069e+00 1.492001260693425202e+00
-3.960376160076351654e-02 1.100934947648379625e+00 1.685429384051398083e+00
-2.360840151700978329e-02 7.084147599733024991e-01 1.705383113840437170e+00
-1.886015478779641888e-02 3.158008724456057292e-01 1.714886938337013111e+00
-1.798043101381199479e-02 -7.683332406423155903e-02 1.722125397360069199e+00
-2.010248934833366516e-02 -4.694632466089180278e-01 1.729840606806370751e+00
-2.754539975720801323e-02 -8.620563797312588150e-01 1.741659341497158842e+00
-5.765559737106482063e-02 -1.254451590834243735e+00 1.775545648417137690e+00
-2.912159623668473696e+00 -1.491891199302030069e+00 -1.649591392896368136e+00
-3.101988891989029717e+00 -1.100934947648380069e+00 -1.456163269538395255e+00
-3.117984252072783402e+00 -7.084147599733029432e-01 -1.436209539749356168e+00
-3.122732498801996659e+00 -3.158008724456053407e-01 -1.426705715252780005e+00
-3.123612222575981257e+00 7.683332406423165617e-02 -1.419467256229724139e+00
-3.121490164241459642e+00 4.694632466089173062e-01 -1.411752046783422587e+00
-3.141388432933401642e+00 -8.908801056172763744e-01 1.747340940942592402e+00
3.141388432933401642e+00 8.908801056172763744e-01 -1.394251712647200714e+00
3.141139401707709222e+00 1.283579169604761594e+00 -1.394527590317619525e+00
1.219522081105750598e-03 1.465314296522015836e+00 1.748712492007174379e+00
2.687140457530064479e-04 1.072615277526494326e+00 1.747735800816385687e+00
1.651170583499814203e-04 6.799162043174630243e-01 1.747603561808245276e+00
1.338836377017017256e-04 2.872171268486292672e-01 1.747537675265069979e+00
1.291168591974595464e-04 -1.054819515424403886e-01 1.747486153855860147e+00
1.461651272445617779e-04 -4.981810296300905327e-01 1.747429906255641097e+00
2.042206563917826900e-04 -8.908801056172763744e-01 1.747340940942592402e+00
4.532518820839862039e-04 -1.283579169604761372e+00 1.747065063272173813e+00
3.140373131508687354e+00 -1.465314296522015836e+00 -1.392880161582618515e+00
3.141323939544040211e+00 -1.072615277526494548e+00 -1.393856852773407429e+00
3.141427536531443021e+00 -6.799162043174632464e-01 -1.393989091781548062e+00
3.141458769952091501e+00 -2.872171268486289897e-01 -1.394054978324723137e+00
3.141463536730595862e+00 1.054819515424403609e-01 -1.394106499733932969e+00
3.141446488462548814e+00 4.981810296300902552e-01 -1.394162747334152241e+00
3.126090334602469767e+00 -8.428187143183472063e-01 1.695282786550680543e+00
-3.126090334602469767e+00 8.428187143183472063e-01 -1.446309867039112573e+00
-3.110248711720319026e+00 1.235424823313605147e+00 -1.428284331344553237e+00
-1.776550584363653096e-01 1.512399001362213724e+00 1.506351024244724224e+00
-2.370077340632115864e-02 1.120506952364231257e+00 1.662370495521878544e+00
-1.381550590996966435e-02 7.278705224388641870e-01 1.674518037403205817e+00
-1.092232216698317895e-02 3.352003134488357183e-01 1.680116444578583446e+00
-1.033147351844015613e-02 -5.747717670211719559e-02 1.684303079052700269e+00
-1.145566483401409298e-02 -4.501536125328707283e-01 1.688694141612280708e+00
-1.550231898732338728e-02 -8.428187143183472063e-01 1.695282786550680543e+00
-3.134394186947436767e-02 -1.235424823313604925e+00 1.713308322245239879e+00
-2.963937595153427473e+00 -1.512399001362213724e+00 -1.635241629345069336e+00
-3.117891880183472075e+00 -1.120506952364231701e+00 -1.479222158067914794e+00
-3.127777147679823511e+00 -7.278705224388646311e-01 -1.467074616186587299e+00
-3.130670331422809927e+00 -3.352003134488353853e-01 -1.461476209011209670e+00
-3.131261180071353234e+00 5.747717670211705682e-02 -1.457289574537093069e+00
-3.130136988755779281e+00 4.501536125328703397e-01 -1.452898511977512408e+00
-3.022462866834850059e-03 -8.835511876781337870e-01 1.740972123438382368e+00
3.022462866834850059e-03 8.835511876781337870e-01 -1.400620530151410970e+00
2.174183367196801716e-03 4.908533633597055301e-01 -1.401932021794457084e+00
1.926753344775518264e-03 9.815508321323733465e-02 -1.402768069373891535e+00
2.003772090679179895e-03 -2.945432597584362600e-01 -1.403538588089479511e+00
2.480572303065579041e-03 -6.872413903931495760e-01 -1.404530581557073221e+00
4.067785814568025855e-03 -1.079938541371221694e+00 -1.406544388722031913e+00
1.956409549240760784e-02 -1.472622395381426141e+00 -1.422426801205652458e+00
3.134987653281726239e+00 -1.276246449552550288e+00 1.744956316819492370e+00
3.138570190722958397e+00 -8.835511876781338980e-01 1.740972123438382368e+00
3.139418470222596458e+00 -4.908533633597056967e-01 1.739660631795336032e+00
3.139665900245017571e+00 -9.815508321323740404e-02 1.738824584215901581e+00
3.139588881499113970e+00 2.945432597584357048e-01 1.738054065500313827e+00
3.139112081286727474e+00 6.872413903931492429e-01 1.737062072032719895e+00
3.137524867775224990e+00 1.079938541371222138e+00 1.735048264867761425e+00
3.122028558097385442e+00 1.472622395381426141e+00 1.719165852384140880e+00
6.605000308066923294e-03 1.276246449552550732e+00 -1.396636336770300968e+00
3.133272691160210233e+00 -7.228875699109040820e-01 1.569314269520264982e-01
-3.133272691160210233e+00 7.228875699109040820e-01 -2.984661226637766784e+00
-3.127401892070914347e+00 1.115564060649874900e+00 -2.977419668002941666e+00
-3.042020675608530400e+00 1.507992636299362976e+00 -2.890788429965234219e+00
-1.924023574495721881e-02 1.240533888330648482e+00 1.332265839506203420e-01
-9.430647023975434820e-03 8.478695250524637128e-01 1.443553852070731947e-01
-6.946382700944386812e-03 4.551829778895494227e-01 1.483734062859644320e-01
-6.251299203209014811e-03 6.249220497469328700e-02 1.510368526794773347e-01
-6.595398916319997022e-03 -3.301989877618844438e-01 1.535657233281886025e-01
-8.319962429583157432e-03 -7.228875699109038599e-01 1.569314269520265537e-01
-1.419076151887893947e-02 -1.115564060649874900e+00 1.641729855868517829e-01
-9.957197798126241062e-02 -1.507992636299362976e+00 2.508042236245585088e-01
-3.122352417844835859e+00 -1.240533888330649148e+00 -3.008366069639172746e+00
-3.132162006565817780e+00 -8.478695250524640459e-01 -2.997237268382719755e+00
-3.134646270888848729e+00 -4.551829778895490897e-01 -2.993219247303828823e+00
-3.135341354386584012e+00 -6.249220497469323843e-02 -2.990555800910315920e+00
-3.134997254673473233e+00 3.301989877618837776e-01 -2.988026930261604708e+00
-3.141074924130647705e+00 -7.118566529441476831e-01 1.744948761250674496e-01
3.141074924130647705e+00 7.118566529441476831e-01 -2.967097777464725805e+00
3.140720636490787143e+00 1.104555648258031653e+00 -2.967538517496381978e+00
3.136257581669735561e+00 1.497253839781464757e+00 -2.972080226845665418e+00
1.249331618088714334e-03 1.251638456759477380e+00 1.760193184931568566e-01
6.000835446955097869e-04 8.589395185102760566e-01 1.752874314993519700e-01
4.388386427003399307e-04 4.662404871994498268e-01 1.750303497618631854e-01
3.930614555203999880e-04 7.354143850536422333e-02 1.748619583342937711e-01
4.128478164320121516e-04 -3.191576121434667734e-01 1.747035401216932848e-01
5.177294591455760273e-04 -7.118566529441476831e-01 1.744948761250674218e-01
8.720170990061408469e-04 -1.104555648258031431e+00 1.740541360934110549e-01
5.335071920057977979e-03 -1.497253839781464757e+00 1.695124267441276145e-01
3.140343321971704516e+00 -1.251638456759477824e+00 -2.965573335096636232e+00
3.140992570045097576e+00 -8.589395185102765007e-01 -2.966305222090441340e+00
3.141153814947093004e+00 -4.662404871994494382e-01 -2.966562303827930069e+00
3.141199592134273022e+00 -7.354143850536445925e-02 -2.966730695255499484e+00
3.141179805773361089e+00 3.191576121434662183e-01 -2.966889113468099914e+00
