-6.703567715289934226e-01 -7.857635734835428931e-02 1.772764230375851957e+00
6.703567715289934226e-01 7.857635734835428931e-02 -1.368828423213941159e+00
6.891260630586324432e-01 -2.284058799005305174e-01 -1.615406882313311865e+00
7.947397872958119613e-01 -5.199935528000956264e-01 -1.899613851703237488e+00
1.030546952108161163e+00 -7.638117777918715934e-01 -2.287429352047305020e+00
1.444729621590588486e+00 -8.965572778207632210e-01 -2.840940230490194729e+00
1.921288043686039559e+00 -8.507227633076454021e-01 2.828772279091979147e+00
2.246909761450540444e+00 -6.533929347839709800e-01 2.359034458263119749e+00
2.411309588077170663e+00 -3.805874069615446387e-01 2.031719491257632626e+00
2.471235882060799582e+00 -7.857635734835441421e-02 1.772764230375852179e+00
2.452466590531160673e+00 2.284058799005304341e-01 1.526185771276481473e+00
2.346852866293981155e+00 5.199935528000958485e-01 1.241978801886555628e+00
7.302830655126225645e-01 3.805874069615450273e-01 -1.109873162332160046e+00
-7.216666095987610552e-01 -6.475109053254153417e-03 1.711146183205460858e+00
7.216666095987610552e-01 6.475109053254153417e-03 -1.430446470384332480e+00
7.593087628489563201e-01 -2.851427615982456976e-01 -1.697045916466286553e+00
8.897206300135851453e-01 -5.541720399573556444e-01 -2.012044418362134657e+00
1.153016212629631276e+00 -7.629673306864823701e-01 -2.435958007314745988e+00
1.560995188002346046e+00 -8.491058959863281297e-01 -2.993885077357702595e+00
1.973345964814208209e+00 -7.698465073048603724e-01 2.727221004200964583e+00
2.243448854646504120e+00 -5.649771998397269401e-01 2.297215450341527632e+00
2.378715311534733701e+00 -2.976337422923764908e-01 1.978770839683426264e+00
2.419926043991032394e+00 -6.475109053254263572e-03 1.711146183205460858e+00
2.382283890740836796e+00 2.851427615982456976e-01 1.444546737123506785e+00
2.251872023576208193e+00 5.541720399573556444e-01 1.129548235227658681e+00
8.981437989432894398e-01 5.649771998397269401e-01 -8.443772032482652623e-01
7.628773420550594153e-01 2.976337422923768794e-01 -1.162821813906366630e+00
-1.758607346557070183e+00 -3.028627250384040570e-01 7.136040150255920089e-01
1.758607346557070183e+00 3.028627250384040570e-01 -2.427988638564201107e+00
1.624608733345709766e+00 3.509063525763505553e-01 -2.839888289714740832e+00
1.480519980180387218e+00 3.436347947568280659e-01 3.025380224352382186e+00
1.353170367055441803e+00 2.825260059999256668e-01 2.617288113706692787e+00
1.262846138575995480e+00 1.791681469964849782e-01 2.227777535358989258e+00
1.219422109484546768e+00 5.053027664804501246e-02 1.853986965508421569e+00
1.225865110105268219e+00 -8.498531341890447344e-02 1.485072491838088204e+00
1.281814976641932224e+00 -2.088675546474366984e-01 1.108060461786150253e+00
1.382985307032723155e+00 -3.028627250384040015e-01 7.136040150255921199e-01
1.516983920244083350e+00 -3.509063525763506664e-01 3.017043638750528944e-01
1.878746515013797636e+00 -1.791681469964850337e-01 -9.138151182308038578e-01
1.922170544105246348e+00 -5.053027664804492225e-02 -1.287605688081371991e+00
1.915727543484525119e+00 8.498531341890440405e-02 -1.656520161751704912e+00
1.859777676947861114e+00 2.088675546474364764e-01 -2.033532191803642419e+00
-5.479202779347901453e-01 5.233272513107104507e-01 -1.781931915043366121e+00
-4.763998667387331909e-01 1.797466543175394726e-01 -1.577910428470934656e+00
-4.755336895141016873e-01 -1.702430462093528496e-01 -1.398889465642583874e+00
-5.447487386886239458e-01 -5.141915983621709874e-01 -1.196289649829399337e+00
-7.343676019274121280e-01 -8.321246282184098231e-01 -8.973277745624268498e-01
-1.193537557238064206e+00 -1.064063047294363074e+00 -3.406177378619205109e-01
-1.930001956577308997e+00 -1.067912000885130164e+00 4.897598567291897576e-01
-2.399259428727044785e+00 -8.400323147188722972e-01 1.056360628670863555e+00
-2.593672375655002860e+00 -5.233272513107106727e-01 1.359660738546426995e+00
-2.665192786851060092e+00 -1.797466543175395559e-01 1.563682225118858460e+00
-2.666058964075691318e+00 1.702430462093524610e-01 1.742703187947209242e+00
-2.596843914901169281e+00 5.141915983621704322e-01 1.945303003760393779e+00
-3.612637267857959356e-01 -5.105416495873296157e-01 1.394063555186936920e+00
3.612637267857959356e-01 5.105416495873296157e-01 -1.747529098402856418e+00
3.166788335910328822e-01 1.395746374863663652e-01 -1.884547746382274402e+00
3.225665085497943507e-01 -2.337078352665914460e-01 -2.007358852196879706e+00
3.837411582480136363e-01 -6.029045245540318732e-01 -2.155174040471941499e+00
2.643482536714810038e+00 -8.691574627926454966e-01 1.605184154952749020e+00
2.780328926803997458e+00 -5.105416495873297267e-01 1.394063555186936920e+00
2.824913819998760456e+00 -1.395746374863664763e-01 1.257044907207518936e+00
2.819026145039998710e+00 2.337078352665913628e-01 1.134233801392913854e+00
2.757851495341779646e+00 6.029045245540313180e-01 9.864186131178519501e-01
2.578623364058072465e+00 9.547376226098284180e-01 7.358505839530564696e-01
-1.231945953028810159e+00 2.467414100151044398e-01 -1.235519434279143125e-01
-1.166543810735840347e+00 1.024800350531207688e-01 2.477474995290485649e-01
-1.157920123348096020e+00 -5.524631968174707058e-02 6.078556900900325966e-01
-1.206247413488673592e+00 -2.057799534773180061e-01 9.740681185083586158e-01
-1.309827280859728438e+00 -3.281958708990710960e-01 1.361373280258681095e+00
-1.459403071797296780e+00 -4.020090661787913966e-01 1.774805946818305502e+00
-1.631099078271813108e+00 -4.122079651163090830e-01 2.202835920018067828e+00
-1.909646700560983179e+00 -2.467414100151044676e-01 3.018040710161879137e+00
-1.975048842853952769e+00 -1.024800350531207133e-01 -2.893845154060744829e+00
-1.983672530241697318e+00 5.524631968174679303e-02 -2.533736963499761075e+00
-1.611309016724577603e+00 -1.317748560638601872e-02 7.572683826515890226e-01
1.611309016724577603e+00 1.317748560638601872e-02 -2.384324270938204204e+00
1.603187091131541564e+00 2.767553868816150300e-02 -2.776842036983919737e+00
1.590130316815270506e+00 3.796321360982407578e-02 3.113562950481696845e+00
1.574123225018699612e+00 4.247078483014872508e-02 2.720567481750613581e+00
1.557608021083589422e+00 4.050917061938250074e-02 2.327530577307251214e+00
1.543106271122228090e+00 3.237835617399210941e-02 1.934650312627737234e+00
1.532826023513269798e+00 1.932005783219200440e-02 1.542032728269115971e+00
1.528325307207532235e+00 3.323898188183163974e-03 1.149629900930582371e+00
1.530283636865215735e+00 -1.317748560638600137e-02 7.572683826515893557e-01
1.538405562458251552e+00 -2.767553868816149606e-02 3.647506166058737120e-01
1.551462336774522610e+00 -3.796321360982407578e-02 -2.802970310809652782e-02
1.567469428571093726e+00 -4.247078483014872508e-02 -4.210251718391796460e-01
1.598486382467565026e+00 -3.237835617399210941e-02 -1.206942340962056548e+00
1.608766630076523318e+00 -1.932005783219199746e-02 -1.599559925320677145e+00
1.613267346382260881e+00 -3.323898188183179586e-03 -1.991962752659210523e+00
-2.915967595200052997e+00 -6.583478014132527756e-01 9.698797299292736263e-01
2.915967595200052997e+00 6.583478014132527756e-01 -2.171712923660519490e+00
2.815559813905500475e-01 8.803403962890509193e-01 1.328799735436897667e+00
2.028726673838811556e-01 4.985361255994020246e-01 1.207437634742046351e+00
1.790463100848634637e-01 1.127713305793347498e-01 1.129762098859288022e+00
1.848477072363118867e-01 -2.736085290446599871e-01 1.058917220634681966e+00
2.256250583897403128e-01 -6.583478014132525535e-01 9.698797299292738483e-01
2.860036672199242958e+00 -8.803403962890512524e-01 -1.812792918152895671e+00
2.938719986205911905e+00 -4.985361255994017471e-01 -1.934155018847746987e+00
2.962546343504929958e+00 -1.127713305793348469e-01 -2.011830554730505316e+00
2.956744946353481396e+00 2.736085290446594320e-01 -2.082675432955110928e+00
-2.683173182163834714e+00 -7.352751030305599844e-01 1.040704937235666039e+00
2.683173182163834714e+00 7.352751030305599844e-01 -2.100887716354127299e+00
4.550312400386018474e-01 7.275922801022340902e-01 1.674972399080783214e+00
3.591322444187023954e-01 3.658542524295467224e-01 1.493878871079779680e+00
3.344020187494116114e-01 -4.043019622290865665e-03 1.358970240168294596e+00
3.603005041096398742e-01 -3.738665900300527922e-01 1.223639297126722481e+00
4.584194714259585135e-01 -7.352751030305597624e-01 1.040704937235666039e+00
2.686561413551191269e+00 -7.275922801022345343e-01 -1.466620254509009680e+00
2.782460409171090721e+00 -3.658542524295466114e-01 -1.647713782510013658e+00
2.807190634840381449e+00 4.043019622290810154e-03 -1.782622413421498520e+00
2.781292149480153686e+00 3.738665900300522371e-01 -1.917953356463070413e+00
-1.561588478803778601e+00 4.261304388796824383e-02 7.922956805249899981e-01
1.561588478803778601e+00 -4.261304388796824383e-02 -2.349296973064803229e+00
1.578606860717854943e+00 -4.289099697555855822e-02 -2.742359800385314461e+00
1.594432310885284254e+00 -3.663597793781514511e-02 -3.135324387038587624e+00
1.606651999012616905e+00 -2.480401394892945213e-02 2.755150117984880520e+00
1.613411175022449129e+00 -9.199488885783552866e-03 2.362699740562818285e+00
1.613688630470319740e+00 7.803350602367680605e-03 1.970364085679854105e+00
1.607442531477957903e+00 2.362012086487769516e-02 1.577930488080038218e+00
1.595616287123293286e+00 3.584463815051969898e-02 1.185243445644635019e+00
1.580004174786014737e+00 4.261304388796825077e-02 7.922956805249901091e-01
1.562985792871938173e+00 4.289099697555855822e-02 3.992328532044787659e-01
1.527904023119473376e+00 -7.803350602367715300e-03 -1.171228567909939677e+00
1.534150122111835213e+00 -2.362012086487769516e-02 -1.563662165509755120e+00
1.545976366466500052e+00 -3.584463815051969898e-02 -1.956349207945158097e+00
-2.698413277593832760e+00 -8.150599893265707552e-01 1.186120820268766307e+00
2.698413277593832760e+00 8.150599893265707552e-01 -1.955471833321026809e+00
2.355874520303071318e+00 1.142001899189706293e+00 -2.361196641663023676e+00
1.316289620392790960e+00 1.262033875268817829e+00 2.822969551038988723e+00
5.941976755387455844e-01 1.017718140546523653e+00 2.040510289706313429e+00
3.840365726386820167e-01 6.681937254504420887e-01 1.764061234236070419e+00
3.127535212747123983e-01 2.983076362538027437e-01 1.613489568502830984e+00
2.994091086608659524e-01 -7.658206613944149033e-02 1.495123304891231797e+00
3.327665489889394257e-01 -4.503380861605980612e-01 1.369418025784564508e+00
4.431793759959602452e-01 -8.150599893265706442e-01 1.186120820268766529e+00
2.757556080951110822e+00 -6.681937254504426438e-01 -1.377531419353722475e+00
2.828839132315080995e+00 -2.983076362538021886e-01 -1.528103085086962354e+00
2.842183544928927219e+00 7.658206613944136543e-02 -1.646469348698561319e+00
2.808826104600854023e+00 4.503380861605976726e-01 -1.772174627805228608e+00
-8.094721116883836221e-01 -2.095812150237564564e-01 1.292690398609183333e+00
8.094721116883836221e-01 2.095812150237564564e-01 -1.848902254980609783e+00
7.889733495273486552e-01 -6.606359625863088281e-02 -2.130237887156900545e+00
8.482298895560211882e-01 -3.363365545547812308e-01 -2.422044151212786822e+00
1.004223388474561940e+00 -5.749614784900717313e-01 -2.771144506193751855e+00
2.006951061166545536e+00 -6.741822481596823069e-01 2.007200580628154984e+00
2.225714043121184371e+00 -4.672607649352638060e-01 1.608194075474344897e+00
2.332120541901409272e+00 -2.095812150237565674e-01 1.292690398609183555e+00
2.352619304062444350e+00 6.606359625863082730e-02 1.011354766432893237e+00
2.293362764033771484e+00 3.363365545547810087e-01 7.195485023770064048e-01
2.137369265115231620e+00 5.749614784900717313e-01 3.704481473960418159e-01
1.856575818352004248e+00 7.406730693982925828e-01 -8.237750785198590109e-02
1.477833585376258752e+00 7.796594358968000904e-01 -6.248931330150689911e-01
9.158786104686088558e-01 4.672607649352641945e-01 -1.533398578115447997e+00
1.316575530044328923e+00 -1.223724894394243867e-01 6.338102706639758832e-01
-1.316575530044328923e+00 1.223724894394243867e-01 -2.507782382925817455e+00
-1.289746361426616916e+00 1.725448007340115233e-02 -2.128300828866473093e+00
-1.303741954602355646e+00 -9.030946374794188158e-02 -1.750181632595616321e+00
-1.357265993930854675e+00 -1.849496273158604542e-01 -1.365221088064058286e+00
-1.444402580720359985e+00 -2.522781362671538963e-01 -9.686937325239509677e-01
-1.552837364969021250e+00 -2.810069925122865020e-01 -5.624854346551635409e-01
-1.759943310400833738e+00 -2.098337804569851972e-01 2.454296099063986158e-01
-1.825017123545464193e+00 -1.223724894394244422e-01 6.338102706639756612e-01
-1.851846292163176200e+00 -1.725448007340121132e-02 1.013291824723319801e+00
-1.837850698987437692e+00 9.030946374794190934e-02 1.391411020994177017e+00
-1.784326659658938663e+00 1.849496273158603987e-01 1.776371565525734608e+00
-1.477186977247752830e+00 2.659396296473693355e-01 2.986876488353747749e+00
-1.381649343188959600e+00 2.098337804569852527e-01 -2.896163043683395166e+00
2.497337479486485101e+00 -3.898590699354647637e-01 1.206754465705556001e+00
-2.497337479486485101e+00 3.898590699354647637e-01 -1.934838187884237337e+00
-2.339987991947680257e+00 6.868982818904773024e-01 -1.633024040590032033e+00
-9.708014227103900495e-01 8.324036527975615662e-01 1.043534589748811303e-01
-7.194202433537780772e-01 5.678426055086003288e-01 4.883595766534326033e-01
-6.118754141901947552e-01 2.570206272765325206e-01 7.521413966301779830e-01
-5.905628240944038598e-01 -6.816657548222128382e-02 9.742905271349454610e-01
-6.442551741033080148e-01 -3.898590699354645417e-01 1.206754465705556001e+00
-1.692796693452348622e+00 -9.767779900050547193e-01 2.646345456092809911e+00
-2.170791230879403066e+00 -8.324036527975621214e-01 -3.037239194614912652e+00
-2.422172410236015150e+00 -5.678426055086001067e-01 -2.653233076936360568e+00
-2.529717239399598139e+00 -2.570206272765327982e-01 -2.389451256959615133e+00
-2.551029829495389034e+00 6.816657548222074259e-02 -2.167302126454848210e+00
-2.579118287140819810e+00 -5.096153503026523701e-01 5.582901359283890530e-01
2.579118287140819810e+00 5.096153503026523701e-01 -2.583302517661404174e+00
7.619869849425657815e-01 8.307638868118008002e-01 1.470490267350605285e+00
5.656354387645794457e-01 5.184643824701679060e-01 1.161431555209323729e+00
4.926970882858918155e-01 1.781453880925341349e-01 9.514946358966910323e-01
4.918295769818669116e-01 -1.689176213360958634e-01 7.668225306104586858e-01
5.624743664489731954e-01 -5.096153503026522591e-01 5.582901359283892750e-01
7.541630361706808117e-01 -8.231601517964758363e-01 2.534346359933778992e-01
2.379605668647227112e+00 -8.307638868118010222e-01 -1.671102386239187387e+00
2.575957214825213892e+00 -5.184643824701675729e-01 -1.980161098380469609e+00
2.648895565303901467e+00 -1.781453880925341904e-01 -2.190098017693102417e+00
2.649763076607926759e+00 1.689176213360954193e-01 -2.374770122979334097e+00
-2.792074324750791092e+00 -6.093211661302484483e-01 7.643549968762921587e-01
2.792074324750791092e+00 6.093211661302484483e-01 -2.377237656713500957e+00
3.286069702297292894e-01 5.152979403053722374e-01 1.136476031867854841e+00
2.875621129875816084e-01 1.405718493051711926e-01 1.011418513312293044e+00
2.930046066784897096e-01 -2.360930037623358846e-01 8.995537366738636242e-01
3.495183288390020793e-01 -6.093211661302483373e-01 7.643549968762922697e-01
5.179537516406681474e-01 -9.677062496805240999e-01 5.312003091190318216e-01
2.685434166432856262e+00 -8.795552988036768882e-01 -1.810154224663970579e+00
2.812985683360063938e+00 -5.152979403053721263e-01 -2.005116621721938497e+00
2.854030540602211286e+00 -1.405718493051713591e-01 -2.130174140277500072e+00
2.848588046911303628e+00 2.360930037623352462e-01 -2.242038916915929825e+00
