1.608649954260350512e+00 -3.170769888543445991e-01 7.990360593935346145e-01
-1.608649954260350512e+00 3.170769888543445991e-01 -2.342556594196258501e+00
-1.480365521152994468e+00 3.065984900553415105e-01 -1.929822857734723840e+00
-1.368191787008561588e+00 2.484433857547520830e-01 -1.525722009429331338e+00
-1.289559260267412188e+00 1.531358368713219009e-01 -1.136688189190171450e+00
-1.253506979428165469e+00 3.596582062184373180e-02 -7.599527706785744741e-01
-1.263017715870642155e+00 -8.620289447402730565e-02 -3.863879451658283615e-01
-1.317382293371126556e+00 -1.963013438350645345e-01 -5.395374687780465049e-03
-1.411501571754882445e+00 -2.778579554694751153e-01 3.900692873144423478e-01
-1.532942699329442826e+00 -3.170769888543445991e-01 7.990360593935345035e-01
-1.661227132436798648e+00 -3.065984900553415105e-01 1.211769795855069276e+00
-1.773400866581231750e+00 -2.484433857547520275e-01 1.615870644160462000e+00
-1.852033393322380928e+00 -1.531358368713219287e-01 2.004904464399621666e+00
-1.888085674161627869e+00 -3.596582062184378731e-02 2.381639882911218642e+00
-1.878574937719150961e+00 8.620289447402743055e-02 2.755204708423965254e+00
-1.824210360218666560e+00 1.963013438350645068e-01 3.136197278902012719e+00
-1.730091081834910893e+00 2.778579554694750042e-01 -2.751523366275351545e+00
-1.530457732193611919e+00 -2.875448238472616547e-01 8.013215486144479316e-01
1.530457732193611919e+00 2.875448238472616547e-01 -2.340271104975345295e+00
1.421363122909819365e+00 2.498018215534119624e-01 -2.745925987911124189e+00
1.337304314009221784e+00 1.740670782588885912e-01 -3.140294078246825382e+00
1.289556886419974235e+00 7.286478639531628054e-02 2.760338828157932412e+00
1.283030104435532115e+00 -3.868157068454709802e-02 2.383563557981819514e+00
1.318296772758966728e+00 -1.447618018298526266e-01 2.003664943554888556e+00
1.391975571371544929e+00 -2.298995834051232035e-01 1.613261237933294678e+00
1.494962960614670822e+00 -2.804729480192739155e-01 1.210571177656934783e+00
1.611134921396181419e+00 -2.875448238472615992e-01 8.013215486144482647e-01
1.720229530679973973e+00 -2.498018215534119901e-01 3.956666656786690939e-01
1.804288339580571554e+00 -1.740670782588886745e-01 1.298575342968019382e-03
1.852035767169819103e+00 -7.286478639531637769e-02 -3.812538254318604825e-01
1.858562549154261001e+00 3.868157068454698699e-02 -7.580290956079733800e-01
1.823295880830826610e+00 1.447618018298528209e-01 -1.137927710034905004e+00
1.749617082218248409e+00 2.298995834051231479e-01 -1.528331415656498660e+00
1.646629692975122516e+00 2.804729480192738600e-01 -1.931021475932857889e+00
-7.168567196336568248e-01 -9.785316999343663946e-01 3.588261026972841550e-01
7.168567196336568248e-01 9.785316999343663946e-01 -2.782766550892509017e+00
4.789527641410922798e-01 6.503601126515456965e-01 -3.104192820409592990e+00
3.931866346009313395e-01 2.932758106196452497e-01 2.993708425875813539e+00
3.765461194766154818e-01 -7.136547514672166026e-02 2.846180736092354557e+00
4.162385541101065733e-01 -4.343755339778083147e-01 2.690429198015179324e+00
5.446481785464696301e-01 -7.842768112738525144e-01 2.470077230703216387e+00
9.032956904072177995e-01 -1.084892073135459212e+00 2.031596891329899623e+00
1.762811751312205466e+00 -1.187864326681412175e+00 1.096971785462582227e+00
2.424735933956136513e+00 -9.785316999343666167e-01 3.588261026972843770e-01
2.662639889448700892e+00 -6.503601126515459185e-01 3.739983318020061870e-02
2.748406018988861721e+00 -2.932758106196453607e-01 -1.478842277139794936e-01
2.765046534113178023e+00 7.136547514672114678e-02 -2.954119174974383366e-01
2.725354099479686987e+00 4.343755339778078706e-01 -4.511634555746134589e-01
2.596944475043323486e+00 7.842768112738527364e-01 -6.715154228865768404e-01
2.238296963182575983e+00 1.084892073135459212e+00 -1.109995762259893493e+00
1.378780902277589204e+00 1.187864326681412397e+00 -2.044620868127209334e+00
-2.760577215994276745e+00 -1.318495161507925895e+00 1.794693681765877846e+00
2.760577215994276745e+00 1.318495161507925895e+00 -1.346898971823915492e+00
5.354405125770053120e-01 1.387837500054570183e+00 2.692817558525085975e+00
1.763708382408958053e-01 1.013293281041837135e+00 2.314831282715773764e+00
1.146746243008952698e-01 6.244603238020257630e-01 2.231972322523100516e+00
9.557227815959486172e-02 2.338568778640488233e-01 2.186943881236306009e+00
9.412600513458009577e-02 -1.571219208151941049e-01 2.149961724498923754e+00
1.089606029052960501e-01 -5.478598557130091029e-01 2.107815271735956841e+00
1.574606165623016751e-01 -9.372790686778206259e-01 2.037459705203966021e+00
3.810154375955163708e-01 -1.318495161507925895e+00 1.794693681765878068e+00
2.606152141012787915e+00 -1.387837500054570183e+00 -4.487750950647069192e-01
2.965221815348897394e+00 -1.013293281041836913e+00 -8.267613708740195744e-01
3.026918029288897749e+00 -6.244603238020259850e-01 -9.096203310666927111e-01
3.046020375430198435e+00 -2.338568778640489065e-01 -9.546487723534871073e-01
3.047466648455213090e+00 1.571219208151946878e-01 -9.916309290908695839e-01
3.032632050684497038e+00 5.478598557130092139e-01 -1.033777381853836275e+00
2.984132037027491524e+00 9.372790686778202929e-01 -1.104132948385827095e+00
1.065469565378172057e+00 -1.140901732100316979e+00 1.105183000578785935e+00
-1.065469565378172057e+00 1.140901732100316979e+00 -2.036409653011007403e+00
-5.989485384014705538e-01 8.673322641840612857e-01 -1.492297725258430852e+00
-4.346915392130392131e-01 5.237170792583875079e-01 -1.240505246024045771e+00
-3.785071006699380902e-01 1.621727671848067764e-01 -1.076468131557532626e+00
-3.815311834348235065e-01 -2.031525190203176956e-01 -9.315781166360088683e-01
-4.460632027689279133e-01 -5.636357033980108344e-01 -7.622068199793583521e-01
-6.300690118560841047e-01 -9.033927660640913571e-01 -4.922015197885416526e-01
-1.153991060886678133e+00 -1.160555732866664247e+00 1.086522027791802236e-01
-2.076123088211621059e+00 -1.140901732100317201e+00 1.105183000578785713e+00
-2.542644115188322562e+00 -8.673322641840612857e-01 1.649294928331362486e+00
-2.706901114376754069e+00 -5.237170792583875079e-01 1.901087407565747345e+00
-2.763085552919855026e+00 -1.621727671848070818e-01 2.065124522032260490e+00
-2.760061470154969943e+00 2.031525190203172238e-01 2.210014536953784248e+00
-2.695529450820865147e+00 5.636357033980112785e-01 2.379385833610434986e+00
-2.511523641733709233e+00 9.033927660640911350e-01 2.649391133801251463e+00
-1.987601592703116093e+00 1.160555732866664025e+00 -3.032940450810614141e+00
9.607157885697951150e-01 7.587675686123462881e-02 2.178628085889661170e-01
-9.607157885697951150e-01 -7.587675686123462881e-02 -2.923729845000827332e+00
-1.022814718342309748e+00 -2.928217822364360123e-01 -2.589975356803545736e+00
-1.165790105933603771e+00 -4.752502673415086032e-01 -2.213804522172647005e+00
-1.390945424697241029e+00 -5.905373342198326769e-01 -1.776568731691683833e+00
-1.663287333746281238e+00 -6.080706324015244801e-01 -1.299993119430067567e+00
-1.910324053074800021e+00 -5.222016754471036082e-01 -8.447932402918716388e-01
-2.081195721718346547e+00 -3.579532934536020505e-01 -4.493080884776058936e-01
-2.168877545914535521e+00 -1.491398288783248871e-01 -1.048799213232167876e-01
-2.180876865019997890e+00 7.587675686123455943e-02 2.178628085889660060e-01
-2.118777935247483590e+00 2.928217822364360123e-01 5.516172967862473797e-01
-1.975802547656189345e+00 4.752502673415087142e-01 9.277881314171463334e-01
-1.750647228892552532e+00 5.905373342198326769e-01 1.365023921898109283e+00
-1.478305319843512100e+00 6.080706324015243691e-01 1.841599534159725327e+00
-1.231268600514992873e+00 5.222016754471033861e-01 2.296799413297922143e+00
-1.060396931871446569e+00 3.579532934536019950e-01 2.692284565112187611e+00
-9.727151076752578174e-01 1.491398288783252202e-01 3.036712732266575898e+00
-7.566747485198510592e-01 -2.254450862998629013e-01 1.342909085064880381e+00
7.566747485198510592e-01 2.254450862998629013e-01 -1.798683568524912735e+00
7.349360499700122729e-01 -6.473745304972969294e-02 -2.065090133689637231e+00
7.928702033084411571e-01 -3.501895804177334592e-01 -2.341792192203200784e+00
9.507576141609545006e-01 -6.055682094610762567e-01 -2.679762741793861647e+00
1.248379905561346481e+00 -7.876861519773723508e-01 -3.136995591954373719e+00
1.667177168995922276e+00 -8.335456571767311251e-01 2.575846306041076783e+00
2.044564448864287343e+00 -7.197669971218809692e-01 2.044663918303096573e+00
2.275693255446535002e+00 -4.980811286084450562e-01 1.646605195646506647e+00
2.384917905069942279e+00 -2.254450862998629568e-01 1.342909085064880603e+00
2.406656603619781176e+00 6.473745304972960968e-02 1.076502519900156107e+00
2.348722450281352181e+00 3.501895804177332927e-01 7.998004613865923318e-01
2.190835039428839170e+00 6.055682094610760346e-01 4.618299117959319133e-01
1.893212748028447079e+00 7.876861519773720177e-01 4.597061635419980898e-03
1.474415484593870618e+00 8.335456571767311251e-01 -5.657463475487171101e-01
1.097028204725505995e+00 7.197669971218809692e-01 -1.096928735286696988e+00
8.658993981432584475e-01 4.980811286084453893e-01 -1.494987457943286024e+00
-2.260750347652873415e+00 -3.380166372896731830e-01 4.927467039241490987e-01
2.260750347652873415e+00 3.380166372896731830e-01 -2.648845949665644017e+00
2.102369827701339400e+00 5.658924785068148999e-01 -3.006057438370413504e+00
1.826366560722383348e+00 7.196150546584764163e-01 2.823052325468295987e+00
1.465939270975450182e+00 7.500560714260259276e-01 2.292450562240842427e+00
1.143172942699011152e+00 6.441072273797249226e-01 1.796414166429891157e+00
9.357522891019750544e-01 4.421364170363404900e-01 1.400911374518585717e+00
8.347814409935069291e-01 1.912828541195014942e-01 1.081717798135794828e+00
8.179928089205095176e-01 -7.665326643617142999e-02 7.932735935114724191e-01
8.808423059369199226e-01 -3.380166372896730720e-01 4.927467039241493207e-01
1.039222825888453716e+00 -5.658924785068150110e-01 1.355352152193801396e-01
1.315226092867409768e+00 -7.196150546584764163e-01 -3.185403281214969629e-01
1.675653382614342934e+00 -7.500560714260260387e-01 -8.491420913489504674e-01
1.998419710890782186e+00 -6.441072273797249226e-01 -1.345178487159901515e+00
2.205840364487818395e+00 -4.421364170363403789e-01 -1.740681279071207843e+00
2.306811212596286076e+00 -1.912828541195015775e-01 -2.059874855453998510e+00
2.323599844669283598e+00 7.665326643617101365e-02 -2.348319060078320586e+00
-2.071036245788731023e+00 -9.397455453525349611e-01 9.908576027902200600e-01
2.071036245788731023e+00 9.397455453525349611e-01 -2.150735050799573056e+00
1.479223471818917224e+00 1.024087797680496292e+00 -2.852943850448821816e+00
9.492188364593759919e-01 8.804449105674222453e-01 2.788711351061743393e+00
6.819436138199532760e-01 6.070208809819757079e-01 2.400239797673612951e+00
5.701553553856086864e-01 2.869019418395917231e-01 2.146024487734498276e+00
5.448456984836667072e-01 -4.755816255981368257e-02 1.937729431766249455e+00
5.913043451984965060e-01 -3.798972703104687709e-01 1.722505494871227061e+00
7.369829035705856013e-01 -6.914504166859092305e-01 1.441908534600045755e+00
1.070556407801061871e+00 -9.397455453525348501e-01 9.908576027902203931e-01
1.662369181770875892e+00 -1.024087797680496292e+00 2.886488031409712995e-01
2.192373817130417013e+00 -8.804449105674221343e-01 -3.528813025280496674e-01
2.459649039769839618e+00 -6.070208809819762630e-01 -7.413528559161797205e-01
2.571437298204184430e+00 -2.869019418395922782e-01 -9.955681658552949509e-01
2.596746955106126631e+00 4.755816255981382135e-02 -1.203863221823543883e+00
2.550288308391297054e+00 3.798972703104687154e-01 -1.419087158718566055e+00
2.404609750019207848e+00 6.914504166859087864e-01 -1.699684118989746917e+00
2.786305996354145442e+00 -5.344225440336031197e-01 1.152102899745183207e+00
-2.786305996354145442e+00 5.344225440336031197e-01 -1.989489753844609909e+00
-2.643520728068710302e+00 8.935935531738710136e-01 -1.775415653314625919e+00
-2.183307983156696164e+00 1.196232269304273510e+00 -1.252173699397525430e+00
-1.075235718078240810e+00 1.223570097585615413e+00 -8.374448797606132144e-02
-5.313453827075210745e-01 9.387462164651529939e-01 5.225377580639802844e-01
-3.667410765005610362e-01 5.829451377842321813e-01 7.569410187534491019e-01
-3.112043722782963373e-01 2.119286085763153193e-01 8.977670865518139198e-01
-3.082090886938523844e-01 -1.625314280027403691e-01 1.016792611395702428e+00
-3.552866572356476182e-01 -5.344225440336031197e-01 1.152102899745183207e+00
-4.980719255210827590e-01 -8.935935531738709026e-01 1.366177000275167197e+00
-9.582846704330972853e-01 -1.196232269304273510e+00 1.889418954192267908e+00
-2.066356935511552084e+00 -1.223570097585615413e+00 3.057848165613731517e+00
-2.610247270882272375e+00 -9.387462164651528829e-01 -2.619054895525812832e+00
-2.774851577089232357e+00 -5.829451377842316262e-01 -2.384651634836343792e+00
-2.830388281311496890e+00 -2.119286085763152916e-01 -2.243825567037979418e+00
-2.833383564895940676e+00 1.625314280027398695e-01 -2.124800042194090910e+00
-2.456691113462857512e+00 -1.566615153674286443e-01 -2.298806262668453421e-02
2.456691113462857512e+00 1.566615153674286443e-01 3.118604590963108603e+00
2.373653307386224487e+00 4.521457278305937022e-01 2.846116489837787977e+00
2.174198182691616132e+00 7.092413546823312931e-01 2.488217495162816650e+00
1.804286240259199925e+00 8.733295834401912927e-01 1.975432629080378089e+00
1.326105316220306918e+00 8.710363247628537531e-01 1.359066475085034753e+00
9.606056608745673353e-01 7.037194644075596139e-01 8.504516662492934698e-01
7.647065599123715751e-01 4.451691605420800002e-01 4.955574755058474445e-01
6.839580315448169356e-01 1.491590153314701628e-01 2.243279135277457259e-01
6.849015401269356040e-01 -1.566615153674285887e-01 -2.298806262668445441e-02
7.679393462035686291e-01 -4.521457278305935912e-01 -2.954761637520051387e-01
9.673944708981769836e-01 -7.092413546823312931e-01 -6.533751584269766877e-01
1.337306413330593191e+00 -8.733295834401912927e-01 -1.166160024509414805e+00
1.815487337369485976e+00 -8.710363247628536421e-01 -1.782526178504757919e+00
2.180986992715225892e+00 -7.037194644075595029e-01 -2.291140987340500423e+00
2.376886093677421652e+00 -4.451691605420801112e-01 -2.646035178083945727e+00
2.457634622044976069e+00 -1.491590153314705236e-01 -2.917264740062047057e+00
5.713499490372011547e-01 -3.105114218367546197e-01 -6.721246045016638915e-01
-5.713499490372011547e-01 3.105114218367546197e-01 2.469468049088129558e+00
-5.410756215838864458e-01 -2.422328732319441527e-02 2.677979388760165502e+00
-5.820530112143664780e-01 -3.578914457499089985e-01 2.890002507500701423e+00
-7.185519109739869625e-01 -6.726349979409156354e-01 -3.120868972813681363e+00
-1.035244287550269870e+00 -9.288714414190540891e-01 -2.686597852932366859e+00
-1.617801067440610918e+00 -1.029232680613501927e+00 -1.994123173545849781e+00
-2.168189675967233665e+00 -8.985212558667432514e-01 -1.333245965367831021e+00
-2.450941746901283302e+00 -6.295680133530614508e-01 -9.310358307974999637e-01
-2.570242704552592183e+00 -3.105114218367547863e-01 -6.721246045016638915e-01
-2.600517032005906781e+00 2.422328732319427649e-02 -4.636132648296278913e-01
-2.559539642375427082e+00 3.578914457499089985e-01 -2.515901460890920815e-01
-2.423040742615806487e+00 6.726349979409155244e-01 2.072368077611180803e-02
-2.106348366039524134e+00 9.288714414190536450e-01 4.549948006574257020e-01
-1.523791586149181754e+00 1.029232680613501927e+00 1.147469480043944223e+00
-9.734029776225596731e-01 8.985212558667431404e-01 1.808346688221962317e+00
-6.906509066885104797e-01 6.295680133530618949e-01 2.210556822792292486e+00
