2.989508349531203368e+00 -6.253030985946862463e-01 1.366951998236598742e+00
-2.989508349531203368e+00 6.253030985946862463e-01 -1.774640655353194374e+00
-2.908077480929305292e+00 1.011218667286590822e+00 -1.665204274993128619e+00
-2.464472495470668711e+00 1.373472051311761088e+00 -1.196543706922210903e+00
-4.832255500745519239e-01 1.303253088209713528e+00 8.090015498202199895e-01
-2.068464830648357178e-01 9.296776875667281947e-01 1.110858690981008756e+00
-1.439368818869369848e-01 5.426663459179462690e-01 1.202766936367506201e+00
-1.246147054619996808e-01 1.533954388456786055e-01 1.258340001128863905e+00
-1.266821312583318038e-01 -2.362861026954185817e-01 1.307283595313047275e+00
-1.520843040585899975e-01 -6.253030985946862463e-01 1.366951998236598742e+00
-2.335151726604879630e-01 -1.011218667286590600e+00 1.476388378596664497e+00
-6.771201581191239605e-01 -1.373472051311761311e+00 1.945048946667582213e+00
-2.997655771702856242e+00 -5.426663459179458249e-01 -1.938825717222287137e+00
-3.016977948127793407e+00 -1.533954388456785500e-01 -1.883252652460929433e+00
-3.014910522331461618e+00 2.362861026954181376e-01 -1.834309058276746063e+00
1.562014655258719520e+00 1.231005872106695140e-02 7.790807519699117778e-01
-1.562014655258719520e+00 -1.231005872106695140e-02 -2.362511901619881449e+00
-1.567394199919416087e+00 -1.473355949762428056e-02 -1.969783830642016120e+00
-1.573291883870137076e+00 -1.491388822015989046e-02 -1.577041076162132738e+00
-1.578809493061880120e+00 -1.282357560678728386e-02 -1.184309224346893119e+00
-1.583106860145306438e+00 -8.781006151000995616e-03 -7.916074718844805513e-01
-1.585529971547144035e+00 -3.401757617668859680e-03 -3.989373800285376248e-01
-1.585710261448685765e+00 2.495279543837869689e-03 -6.281966524048417447e-03
-1.583620314073802104e+00 8.012507402989185734e-03 3.863843456218001848e-01
-1.579577998331073596e+00 1.231005872106695313e-02 7.790807519699117778e-01
-1.574198453670377029e+00 1.473355949762427883e-02 1.171808822947776996e+00
-1.568300769719656262e+00 1.491388822015989567e-02 1.564551577427660378e+00
-1.562783160527912996e+00 1.282357560678728907e-02 1.957283429242899775e+00
-1.558485793444486678e+00 8.781006151001004290e-03 2.349985181705312343e+00
-1.556062682042649303e+00 3.401757617668853175e-03 2.742655273561255935e+00
-1.555882392141107573e+00 -2.495279543837865786e-03 3.135310687065744784e+00
-1.557972339515991234e+00 -8.012507402989178795e-03 -2.755208307967993431e+00
1.393158174139505157e+00 -1.299700561542874444e-01 6.824848990960381556e-01
-1.393158174139505157e+00 1.299700561542874444e-01 -2.459107754493754960e+00
-1.357411490687449929e+00 5.271142309359145434e-02 -2.072352496915673470e+00
-1.353436735562744797e+00 -3.225713232269537128e-02 -1.688819921940851509e+00
-1.381691808241553021e+00 -1.125173537858460554e-01 -1.303282730409820900e+00
-1.438772211763527764e+00 -1.761241570567747272e-01 -9.115751842527779480e-01
-1.516863993491903928e+00 -2.130838885252960835e-01 -5.129720877400801848e-01
-1.603830191738805810e+00 -2.172447036701840029e-01 -1.109010082284585669e-01
-1.685338279938514150e+00 -1.878944136710805068e-01 2.889997323095547799e-01
-1.748434479450288181e+00 -1.299700561542874999e-01 6.824848990960380446e-01
-1.784181162902343409e+00 -5.271142309359146128e-02 1.069240156674119646e+00
-1.702820441826265574e+00 1.761241570567747272e-01 2.230017469337014724e+00
-1.624728660097889188e+00 2.130838885252960835e-01 2.628620565849713042e+00
-1.537762461850987306e+00 2.172447036701839751e-01 3.030691645361334619e+00
-1.456254373651279188e+00 1.878944136710805624e-01 -2.852592921280239224e+00
3.057171718715307573e+00 -6.372730368655679101e-01 1.257944088901719271e+00
-3.057171718715307573e+00 6.372730368655679101e-01 -1.883648564688073845e+00
-3.010044066977465516e+00 1.027848306958854874e+00 -1.821152912439894411e+00
-2.705855528385403996e+00 1.409535046070706565e+00 -1.503195578364840523e+00
-2.717257911379766244e-01 1.315530230864081940e+00 9.443074686164170117e-01
-1.134098586088124333e-01 9.287282303239703385e-01 1.116670968086040938e+00
-7.898876662730740239e-02 5.377423891631736286e-01 1.167115870275287737e+00
-6.855358537534575469e-02 1.460790643409406731e-01 1.197641950379706444e+00
-6.992570828623111134e-02 -2.457030732608090073e-01 1.224670686325936675e+00
-8.442093487448558420e-02 -6.372730368655679101e-01 1.257944088901719271e+00
-1.315485866123277392e-01 -1.027848306958854874e+00 1.320439741149898927e+00
-4.357371252043892862e-01 -1.409535046070706343e+00 1.638397075224952815e+00
-2.869866862451816214e+00 -1.315530230864082162e+00 -2.197285184973376992e+00
-3.028182794980980752e+00 -9.287282303239705605e-01 -2.024921685503752400e+00
-3.062603886962485866e+00 -5.377423891631731845e-01 -1.974476783314505379e+00
-3.073039068214447500e+00 -1.460790643409407008e-01 -1.943950703210087116e+00
-3.071666945303562102e+00 2.457030732608085355e-01 -1.916921967263856219e+00
4.403228005723408556e-02 2.911865985557136605e-01 -1.935054441522391089e-01
4.239441063057895059e-02 -1.011553440431859907e-01 -2.104377840688559653e-01
4.789526734400502417e-02 -4.934659577415473897e-01 -2.288546826499697207e-01
6.667554253867030711e-02 -8.855541081272561010e-01 -2.578093682463611369e-01
1.458284209268576048e-01 -1.276392930534614223e+00 -3.457913758298289397e-01
2.746052100622353720e+00 -1.461144356558533586e+00 -2.954343523198412758e+00
3.052810952109016096e+00 -1.075202453761538557e+00 3.013584963593574528e+00
3.087188266354977895e+00 -6.834273782635814642e-01 2.969812797987881670e+00
3.097560373532559197e+00 -2.911865985557135494e-01 2.948087209437554090e+00
3.099198242959214422e+00 1.011553440431857409e-01 2.931154869520937289e+00
3.093697386245788383e+00 4.934659577415468346e-01 2.912737970939823562e+00
-3.060001480114430628e+00 -9.698397748362895809e-01 -3.808412650419957801e-01
3.060001480114430628e+00 9.698397748362895809e-01 2.760751388547797447e+00
4.690725535603263580e-02 -1.857948203869053405e-01 -3.221687362575447744e-01
5.504860446218046155e-02 -5.779999028540532269e-01 -3.435946437319133406e-01
8.159117347536279374e-02 -9.698397748362893589e-01 -3.808412650419956691e-01
2.211014748833945165e-01 -1.359085470029207654e+00 -5.298166493437178604e-01
2.897117779644002411e+00 -1.379237912885257211e+00 3.068269726909867767e+00
3.057444656424007867e+00 -9.904783570164801265e-01 2.898517047559410198e+00
3.085778547705270380e+00 -5.986777281177682042e-01 2.859571511577750247e+00
3.094492048331772160e+00 -2.064815786187906566e-01 2.837758426103309084e+00
3.094685398233760765e+00 1.857948203869054793e-01 2.819423917332248397e+00
3.086544049127613043e+00 5.779999028540527828e-01 2.797998009857880053e+00
-9.826326180327778215e-02 6.573476193790931399e-01 2.665194753807393013e+00
-8.058329069826450364e-02 2.661629212168033498e-01 2.704118068185028978e+00
-3.043329391786515181e+00 -6.573476193790933619e-01 -4.763978997823999917e-01
-3.061009362891528696e+00 -2.661629212168034608e-01 -4.374745854047640270e-01
-3.052151832809565590e+00 5.166871997975815978e-01 -3.719626059601728874e-01
-3.015168796833356701e+00 9.072240214788704904e-01 -3.164381233354233158e-01
-2.854493767717138475e+00 1.292979427091869749e+00 -1.395820584028695521e-01
-5.559267856138270236e-01 1.423098474475941844e+00 2.174325273560977489e+00
-1.349085493287606463e-01 -6.225259477296257726e-01 1.299522102100534759e+00
1.349085493287606463e-01 6.225259477296257726e-01 -1.842070551489258579e+00
1.125334524238099376e-01 2.327290464816958449e-01 -1.894992122049304228e+00
1.108665427889898719e-01 -1.575847344460434840e-01 -1.938518877718144129e+00
1.283318762197151741e-01 -5.475638846185876263e-01 -1.988129481729843606e+00
1.852476187304029631e-01 -9.357199013782984132e-01 -2.070780140733578190e+00
4.424487221876537979e-01 -1.312732515602840655e+00 -2.350608881671404582e+00
2.533371499586560827e+00 -1.378384416796677225e+00 1.820057410539363651e+00
2.934709376536779324e+00 -1.009891915044127897e+00 1.396432035760876822e+00
3.006684104261032608e+00 -6.225259477296259947e-01 1.299522102100534759e+00
3.029059201165983151e+00 -2.327290464816958726e-01 1.246600531540489110e+00
3.030726110800803230e+00 1.575847344460436228e-01 1.203073775871649209e+00
3.013260777370078358e+00 5.475638846185875153e-01 1.153463171859949732e+00
2.956345034859390264e+00 9.357199013782983021e-01 1.070812512856215148e+00
2.699143931402139263e+00 1.312732515602841099e+00 7.909837719183882010e-01
6.082211540032327335e-01 1.378384416796677225e+00 -1.321535243050429687e+00
2.068832770530142362e-01 1.009891915044128341e+00 -1.745160617828916294e+00
-1.534747140530159371e+00 -4.595715914064346652e-02 8.092187793220517733e-01
1.534747140530159371e+00 4.595715914064346652e-02 -2.332373874267741343e+00
1.519909877324798098e+00 2.866998590269081298e-02 -2.724974025647930898e+00
1.512819045119719652e+00 7.027043685697082626e-03 -3.117147205419453559e+00
1.514537930544727296e+00 -1.568252443980243729e-02 2.773984044684949968e+00
1.524809331897393427e+00 -3.601110746352425424e-02 2.381671957450802513e+00
1.542089201728170877e+00 -5.086551932600397868e-02 1.988874928018220301e+00
1.563757456705811677e+00 -5.797584863507191516e-02 1.595649637574999558e+00
1.586503697572221316e+00 -5.625147094632246964e-02 1.202304548667186390e+00
1.606845513059633745e+00 -4.595715914064346652e-02 8.092187793220518843e-01
1.621682776264995018e+00 -2.866998590269081645e-02 4.166186279418624405e-01
1.628773608470073686e+00 -7.027043685697095636e-03 2.444544817033973694e-02
1.627054723045065820e+00 1.568252443980241301e-02 -3.676086089048425376e-01
1.555088956017572022e+00 5.625147094632249045e-02 -1.939288104922606504e+00
-1.518120826790195332e+00 -8.853337732218942435e-02 8.178802486148976092e-01
1.518120826790195332e+00 8.853337732218942435e-02 -2.323712404974895396e+00
1.488257163672664030e+00 6.165661461607290644e-02 -2.716624447606804882e+00
1.470993516962191272e+00 2.543937721218301681e-02 -3.108047319327762015e+00
1.468851794993873972e+00 -1.461730762464261493e-02 2.784455226420943674e+00
1.482140623050860695e+00 -5.246900544084454748e-02 2.393338304158779017e+00
1.508929626031504156e+00 -8.238196881309427233e-02 2.000861931286541218e+00
1.545229781178605544e+00 -9.977040969155916150e-02 1.606888765571244937e+00
1.585489910333437225e+00 -1.019336030912501023e-01 1.212163615620873269e+00
1.623471826799597784e+00 -8.853337732218939660e-02 8.178802486148978312e-01
1.653335489917129308e+00 -6.165661461607289950e-02 4.249682059829886227e-01
1.670599136627601844e+00 -2.543937721218303069e-02 3.354533426203105267e-02
1.672740858595919367e+00 1.461730762464255769e-02 -3.571374271688492752e-01
1.659452030538932421e+00 5.246900544084451973e-02 -7.482543494310136545e-01
1.632663027558289182e+00 8.238196881309431396e-02 -1.140730722303252120e+00
1.596362872411187572e+00 9.977040969155920314e-02 -1.534703888018548179e+00
1.556102743256356113e+00 1.019336030912501162e-01 -1.929429037968919625e+00
-1.300266965965779953e+00 -1.410659823168349501e-02 1.731405500829774846e+00
-1.325238645725507425e+00 -1.155480645131010259e-01 2.111750241172357434e+00
1.559481938601642304e+00 -5.067837457197376522e-02 7.779807034838045476e-01
-1.559481938601642304e+00 5.067837457197376522e-02 -2.363611950105988679e+00
-1.540939986654134675e+00 4.248927973864954216e-02 -1.970565200498391567e+00
-1.526955585824282036e+00 2.783324013777652844e-02 -1.577890296490410682e+00
-1.519647129025706755e+00 8.946104794768624038e-03 -1.185572622383107122e+00
-1.520114713796210992e+00 -1.129986132563191338e-02 -7.933887970998952932e-01
-1.528288125333630898e+00 -2.982938579036539112e-02 -4.010374427017401877e-01
-1.542936331171856912e+00 -4.382374971049064066e-02 -8.314823681869911928e-03
-1.561838507275310484e+00 -5.114714918958345596e-02 3.847657249995639628e-01
-1.582110714988150812e+00 -5.067837457197375828e-02 7.779807034838043256e-01
-1.600652666935658441e+00 -4.248927973864954910e-02 1.171027453091401771e+00
-1.614637067765511302e+00 -2.783324013777652844e-02 1.563702357099382878e+00
-1.621945524564086583e+00 -8.946104794768630977e-03 1.956020031206685994e+00
-1.621477939793582346e+00 1.129986132563191338e-02 2.348203856489897490e+00
-1.613304528256162440e+00 2.982938579036540847e-02 2.740555210888053761e+00
-1.598656322417936204e+00 4.382374971049063372e-02 3.133277829907923362e+00
-1.579754146314482854e+00 5.114714918958344209e-02 -2.756826928590229819e+00
-1.745697060820440072e+00 -9.361653462059220387e-02 6.772060498476785151e-01
1.745697060820440072e+00 9.361653462059220387e-02 -2.464386603742114712e+00
1.696891847627274963e+00 1.532627287730216892e-01 -2.855604769020434031e+00
1.628263653109297326e+00 1.897418384710288508e-01 3.030656738296868102e+00
1.550333895121688732e+00 1.971077073692335535e-01 2.630464494766513894e+00
1.475738089620203475e+00 1.741270205031702212e-01 2.231485404888074342e+00
1.416326371763744207e+00 1.246097148424415713e-01 1.837433773525121827e+00
1.591258758468104384e+00 -1.971077073692334980e-01 -5.111281588232788886e-01
1.665854563969589641e+00 -1.741270205031702767e-01 -9.101072487017183299e-01
1.725266281826048909e+00 -1.246097148424415157e-01 -1.304158880064671733e+00
1.760844413362070426e+00 -5.643485143989100672e-02 -1.692582410100955226e+00
1.767944245905802125e+00 2.006616568851363192e-02 -2.077916710620694829e+00
-1.560341824114157339e+00 -7.843252586252758007e-02 7.919490573510616915e-01
1.560341824114157339e+00 7.843252586252758007e-02 -2.349643596238731647e+00
1.531079998941681453e+00 6.845298851773089222e-02 -2.743292537671598197e+00
1.507909427311020067e+00 4.805222723349578118e-02 -3.136143275616209092e+00
1.494329674998359447e+00 2.035663772673660873e-02 2.755075958129911573e+00
1.492359532090736352e+00 -1.042236171752371383e-02 2.363564546417891155e+00
1.502289483158799621e+00 -3.962326380116195507e-02 1.971814443898270541e+00
1.522649072046454055e+00 -6.281421433070674687e-02 1.579270376693543421e+00
1.550380046135000134e+00 -7.645077779086321967e-02 1.185839167295101415e+00
1.581250829475635777e+00 -7.843252586252758007e-02 7.919490573510618026e-01
1.610512654648111885e+00 -6.845298851773086446e-02 3.983001159181953632e-01
1.633683226278773271e+00 -4.805222723349573954e-02 5.449377973583872416e-03
1.647262978591433891e+00 -2.035663772673660873e-02 -3.865166954598812099e-01
1.649233121499056764e+00 1.042236171752372771e-02 -7.780281071719018504e-01
1.639303170430993495e+00 3.962326380116198976e-02 -1.169778209691523019e+00
1.618943581543339283e+00 6.281421433070674687e-02 -1.562322276896249917e+00
1.591212607454792982e+00 7.645077779086323355e-02 -1.955753486294691257e+00
-1.555748675435696171e+00 -7.062801561366602310e-02 7.949509445308797773e-01
1.555748675435696171e+00 7.062801561366602310e-02 -2.346641709058913339e+00
1.529839708102177287e+00 5.948870995575359505e-02 -2.740027924673679838e+00
1.510199087581137078e+00 3.929678335309844117e-02 -3.132699404464309278e+00
1.499789092204131702e+00 1.313905038563346894e-02 2.758511290304731300e+00
1.500160340784240320e+00 -1.501013291237076296e-02 2.366809253473491470e+00
1.511257805295703527e+00 -4.088412880855932935e-02 1.974797432940450514e+00
1.531427358067084743e+00 -6.055039969996084404e-02 1.582073153397847598e+00
1.557624086787270823e+00 -7.100109520412006825e-02 1.188649475167067537e+00
1.585843978154097167e+00 -7.062801561366602310e-02 7.949509445308798883e-01
1.611752945487615829e+00 -5.948870995575361587e-02 4.015647289161138889e-01
1.631393566008656038e+00 -3.929678335309844811e-02 8.893249125483832299e-03
1.641803561385661414e+00 -1.313905038563352445e-02 -3.830813632850612049e-01
1.641432312805553018e+00 1.501013291237070571e-02 -7.747834001163009798e-01
1.630334848294089589e+00 4.088412880855936404e-02 -1.166795220649343268e+00
1.610165295522708595e+00 6.055039969996082322e-02 -1.559519500191945518e+00
1.583968566802522515e+00 7.100109520412005437e-02 -1.952943178422725135e+00
