-3.131177122395484957e+00 -8.067340280339045933e-01 1.597426587804793963e+00
3.131177122395484957e+00 8.067340280339045933e-01 -1.544166065784999375e+00
3.121735999123932181e+00 1.199393537129685772e+00 -1.555148726029948802e+00
3.253570705251985773e-01 1.548250928228943391e+00 1.930227155148861451e+00
1.790906247512658728e-02 1.156675209107064006e+00 1.621342557908726389e+00
9.979790627933426278e-03 7.640103254494921003e-01 1.611851424354247664e+00
7.733065000955171610e-03 3.713260103600275475e-01 1.607753060840206416e+00
7.207668707037971113e-03 -2.136240649252596491e-02 1.604793094788119712e+00
7.871159509292896886e-03 -4.140506328963423632e-01 1.601780271568139735e+00
1.041553119430823487e-02 -8.067340280339043712e-01 1.597426587804793963e+00
1.985665446586095534e-02 -1.199393537129685772e+00 1.586443927559844314e+00
2.816235583064594650e+00 -1.548250928228943391e+00 -1.211365498440931665e+00
3.123683591114666758e+00 -1.156675209107064450e+00 -1.520250095681066727e+00
3.131612862961859811e+00 -7.640103254494923224e-01 -1.529741229235545452e+00
3.133859588588837841e+00 -3.713260103600270479e-01 -1.533839592749586922e+00
3.134384984882755187e+00 2.136240649252595450e-02 -1.536799558801673626e+00
3.133721494080500491e+00 4.140506328963418081e-01 -1.539812382021653381e+00
1.087037065665135728e-02 -8.032688319060014015e-01 1.590326148161855135e+00
-1.087037065665135728e-02 8.032688319060014015e-01 -1.551266505427938203e+00
-8.232059617783824002e-03 4.105868724353492483e-01 -1.546729583959007615e+00
-7.549062004154658001e-03 1.789968149203235645e-02 -1.543578836763376261e+00
-8.110877328657586233e-03 -3.747876844918656136e-01 -1.540474470130532847e+00
-1.048803925247733006e-02 -7.674704893679619166e-01 -1.536161552835025867e+00
-1.890750083564881820e-02 -1.160131627764486861e+00 -1.526107937134072001e+00
-3.990669059196113588e-01 -1.551370034092018679e+00 -1.144444365816223774e+00
-3.120977444798427758e+00 -1.195925035168923900e+00 1.578964993061358513e+00
-3.130722282933141809e+00 -8.032688319060016235e-01 1.590326148161855135e+00
-3.133360593972009500e+00 -4.105868724353493593e-01 1.594863069630785724e+00
-3.134043591585638389e+00 -1.789968149203228706e-02 1.598013816826416855e+00
-3.133481776261135554e+00 3.747876844918653361e-01 1.601118183459260269e+00
-3.131104614337315795e+00 7.674704893679616946e-01 1.605431100754767471e+00
-3.122685152754144600e+00 1.160131627764487305e+00 1.615484716455721337e+00
-2.742525747670181868e+00 1.551370034092018679e+00 1.997148287773569342e+00
-2.061520879136542750e-02 1.195925035168924566e+00 -1.562627660528434825e+00
-3.023808585839747209e+00 -7.152197741639864104e-01 -3.479603693600418629e-02
3.023808585839747209e+00 7.152197741639864104e-01 3.106796616653789034e+00
2.943376303769266400e+00 1.103455960422482063e+00 3.006810964889465865e+00
2.213470942203830116e+00 1.459742455114922066e+00 2.259086860579616829e+00
2.712830669105922854e-01 1.233361315460320684e+00 2.993148277223255938e-01
1.344654275064075533e-01 8.476365168142343531e-01 1.437263617074042987e-01
9.904596223959497014e-02 4.574838558171355762e-01 8.651206173404309141e-02
8.902943812571875726e-02 6.647108356936155815e-02 4.857790449746411665e-02
9.374189612819089357e-02 -3.246319550464569215e-01 1.266995309709709368e-02
1.177840677500458372e-01 -7.152197741639861883e-01 -3.479603693600415854e-02
1.982163498205267993e-01 -1.103455960422482063e+00 -1.347816887003270847e-01
9.281217113859633328e-01 -1.459742455114922066e+00 -8.825057930101765091e-01
2.870309586679200553e+00 -1.233361315460321128e+00 -2.842277825867467467e+00
3.007127226083385452e+00 -8.476365168142349082e-01 -2.997866291882388623e+00
3.042546691350198174e+00 -4.574838558171352432e-01 -3.055080591855749983e+00
3.052563215464074275e+00 -6.647108356936159979e-02 -3.093014749092329208e+00
3.047850757461602278e+00 3.246319550464565329e-01 -3.128922700492696052e+00
1.667790567776115604e-02 -8.030899906158104340e-01 1.582063642260537417e+00
-1.667790567776115604e-02 8.030899906158104340e-01 -1.559529011329255699e+00
-1.263140880525930737e-02 4.104312175137526664e-01 -1.552568847910453353e+00
-1.158413372424624450e-02 1.776013342579171872e-02 -1.547734364312707278e+00
-1.244690802473717543e-02 -3.749113596065282161e-01 -1.542970492505266966e+00
-1.609584343424660599e-02 -7.675721076907449092e-01 -1.536351334743860875e+00
-2.901919313855608890e-02 -1.160181817335998566e+00 -1.520920447181155044e+00
-5.779003950107159948e-01 -1.549592544491908308e+00 -9.697310975674277023e-01
-3.109974677872723081e+00 -1.195688175236071293e+00 1.564643192917634984e+00
-3.124914747912032276e+00 -8.030899906158104340e-01 1.582063642260537417e+00
-3.128961244784533857e+00 -4.104312175137527219e-01 1.589023805679339763e+00
-3.130008519865547179e+00 -1.776013342579179505e-02 1.593858289277086060e+00
-3.129145745565056203e+00 3.749113596065276610e-01 1.598622161084526372e+00
-3.125496810155546701e+00 7.675721076907443541e-01 1.605241318845932463e+00
-3.112573460451236951e+00 1.160181817335998788e+00 1.620672206408638294e+00
-2.563692258579074679e+00 1.549592544491908530e+00 2.171861556022367967e+00
-3.161797571707008342e-02 1.195688175236071737e+00 -1.576949460672158354e+00
-3.117187993369961330e+00 -7.656998678563898819e-01 5.168592363060190049e-03
3.117187993369961330e+00 7.656998678563898819e-01 -3.136424061226732896e+00
3.097708870487002386e+00 1.158194036177536024e+00 3.123471215095495968e+00
2.408754753335354604e+00 1.544497340293080612e+00 2.431010509486149385e+00
4.822545415303939459e-02 1.197251678176622702e+00 6.698823058865847890e-02
2.537760062734708069e-02 8.047867610891760171e-01 4.037487285703385970e-02
1.920066171182239004e-02 4.121809112168648426e-01 2.977652739606607632e-02
1.759578116233516398e-02 1.954647304917691078e-02 2.242773379415773788e-02
1.889223341199939080e-02 -3.730890034972676461e-01 1.519697486747115765e-02
2.440466021983183839e-02 -7.656998678563895488e-01 5.168592363060203927e-03
4.388378310279084094e-02 -1.158194036177535802e+00 -1.812143849429702011e-02
7.328379002544357368e-01 -1.544497340293080612e+00 -7.105821441036408448e-01
3.093367199436753978e+00 -1.197251678176623146e+00 -3.074604423001134901e+00
3.116215052962445942e+00 -8.047867610891765722e-01 -3.101217780732759444e+00
3.122391991877970785e+00 -4.121809112168645095e-01 -3.111816126193727161e+00
3.123996872427458271e+00 -1.954647304917697670e-02 -3.119164919795635704e+00
3.122700420177793923e+00 3.730890034972670910e-01 -3.126395678722321936e+00
-3.134023684840959056e+00 -8.003300267628290499e-01 1.589311016421069533e+00
3.134023684840959056e+00 8.003300267628290499e-01 -1.552281637168723583e+00
3.127301017841672692e+00 1.193008410530758123e+00 -1.560134154635486547e+00
3.390936550546428951e-01 1.554947816696271579e+00 1.933796712207688451e+00
1.329622743852566444e-02 1.163118891344920858e+00 1.606949089431543465e+00
7.346038043983974496e-03 7.704384988081297569e-01 1.599858648019294893e+00
5.671381810884557929e-03 3.777473888041857908e-01 1.596834234191585100e+00
5.272122019120788899e-03 -1.494597174664173342e-02 1.594663657834993531e+00
5.742045039725271124e-03 -4.076392610142836603e-01 1.592466037186732075e+00
7.568968748833989311e-03 -8.003300267628288278e-01 1.589311016421069533e+00
1.429163574812060758e-02 -1.193008410530757901e+00 1.581458498954306569e+00
2.802498998535150943e+00 -1.554947816696271579e+00 -1.207795941382105331e+00
3.128296426151267351e+00 -1.163118891344921080e+00 -1.534643564158249651e+00
3.134246615545809078e+00 -7.704384988081300900e-01 -1.541734005570498445e+00
3.135921271778908892e+00 -3.777473888041853467e-01 -1.544758419398208238e+00
3.136320531570672365e+00 1.494597174664183403e-02 -1.546928995754799585e+00
3.135850608550068142e+00 4.076392610142829942e-01 -1.549126616403061263e+00
-3.108289115803092972e+00 -7.589146422187925678e-01 6.334000857555512932e-03
3.108289115803092972e+00 7.589146422187925678e-01 -3.135258652732237916e+00
3.082248950316754055e+00 1.151235591405070702e+00 3.116641166544657615e+00
2.396602671375003268e+00 1.535152656730768506e+00 2.426175081272568423e+00
6.733920574146330662e-02 1.203544094669386499e+00 9.211686642085638310e-02
3.509504401419880765e-02 8.112971760162913659e-01 5.471098212347803164e-02
2.644830620646978006e-02 4.187756890593612447e-01 4.001286191514087653e-02
2.417067184588235843e-02 2.619892204123498020e-02 2.988906619683613999e-02
2.588040106729449369e-02 -3.663804712675171049e-01 1.998260946045333358e-02
3.330353778670024079e-02 -7.589146422187925678e-01 6.334000857555512932e-03
5.934370327303895715e-02 -1.151235591405070480e+00 -2.495148704513579924e-02
7.449899822147874051e-01 -1.535152656730768284e+00 -7.154175723172220280e-01
3.074253447848329657e+00 -1.203544094669387166e+00 -3.049475787168936858e+00
3.106497609575594510e+00 -8.112971760162915880e-01 -3.086881671466314980e+00
3.115144347383323353e+00 -4.187756890593609116e-01 -3.101579791674652586e+00
3.117421981743910830e+00 -2.619892204123511550e-02 -3.111703587392957271e+00
3.115712252522498726e+00 3.663804712675163833e-01 -3.121610044129339734e+00
-2.027925874733542758e-02 -8.057445493308782458e-01 1.638402238354138563e+00
2.027925874733542758e-02 8.057445493308782458e-01 -1.503190415235654775e+00
1.533443420602903853e-02 4.131049682805330581e-01 -1.511663258846095648e+00
1.404733005395866589e-02 2.044710252590720839e-02 -1.517532523353899432e+00
1.507684526009614619e-02 -3.722114555697442206e-01 -1.523303201958408515e+00
1.946659170746739900e-02 -7.648543804411678249e-01 -1.531299925690995378e+00
3.496831759184935301e-02 -1.157423216255546006e+00 -1.549844828412725306e+00
6.018730163845891212e-01 -1.545989392635260806e+00 -2.119549160702615342e+00
3.102995265535146707e+00 -1.198293866163737453e+00 1.659725628278087450e+00
3.121313394842457623e+00 -8.057445493308784679e-01 1.638402238354138563e+00
3.126258219383764025e+00 -4.131049682805330581e-01 1.629929394743697468e+00
3.127545323535834587e+00 -2.044710252590726043e-02 1.624060130235893906e+00
3.126515808329696888e+00 3.722114555697439431e-01 1.618289451631384823e+00
3.122126061882325665e+00 7.648543804411678249e-01 1.610292727898797960e+00
3.106624335997943742e+00 1.157423216255546450e+00 1.591747825177067810e+00
2.539719637205204883e+00 1.545989392635260806e+00 1.022043492887178662e+00
3.859738805464645733e-02 1.198293866163738119e+00 -1.481867025311705666e+00
5.001788369791783373e-02 -7.612663265840111659e-01 -2.456128086723486856e-02
-5.001788369791783373e-02 7.612663265840111659e-01 3.117031372722558480e+00
-3.881707048402438520e-02 3.689387014559069589e-01 3.137546179078358310e+00
-3.621390633399134557e-02 -2.349143195793568575e-02 -3.130783563400076019e+00
-3.957976772395194187e-02 -4.159162813243195145e-01 -3.115636237991597834e+00
-5.242216103110506481e-02 -8.082184038500921375e-01 -3.093713758124537083e+00
-1.000349624374727159e-01 -1.199914229133620891e+00 -3.038360384875451459e+00
-2.146430646384542396e+00 -1.527633227764552348e+00 -9.847783413240247530e-01
-3.052243386396636726e+00 -1.153110426002143862e+00 -7.174557078263914256e-02
-3.091574769891875185e+00 -7.612663265840112770e-01 -2.456128086723489284e-02
-3.102775583105768842e+00 -3.689387014559071254e-01 -4.046474511434728326e-03
-3.105378747255802097e+00 2.349143195793550881e-02 1.080909018971717289e-02
-3.102012885865841341e+00 4.159162813243189594e-01 2.595641559819552788e-02
-3.089170492558688252e+00 8.082184038500918044e-01 4.787889546525590789e-02
-3.041557691152320331e+00 1.199914229133621113e+00 1.032322687143417822e-01
-9.951620072052532739e-01 1.527633227764552348e+00 2.156814312265765921e+00
-8.934926719315669508e-02 1.153110426002144306e+00 3.069847082807153793e+00
1.109835235879342435e-02 -8.010686860156502886e-01 1.585856670496591292e+00
-1.109835235879342435e-02 8.010686860156502886e-01 -1.555735983093201824e+00
-8.415812698643014914e-03 4.083874758532127780e-01 -1.551108332672686663e+00
-7.724654183831522122e-03 1.570083308306477465e-02 -1.547887376030363082e+00
-8.307048490821320255e-03 -3.769859704446797966e-01 -1.544708045537191099e+00
-1.075522190800743544e-02 -7.696679569701037060e-01 -1.540281421503137516e+00
-1.944615872129174319e-02 -1.162327020265286670e+00 -1.529919418957089272e+00
-4.571826784201242777e-01 -1.553298282949016063e+00 -1.090644054309929611e+00
-3.120614447790392987e+00 -1.193723219167115213e+00 1.574321761382585727e+00
-3.130494301230999810e+00 -8.010686860156505107e-01 1.585856670496591292e+00
-3.133176840891150228e+00 -4.083874758532128890e-01 1.590484320917106453e+00
-3.133867999405961502e+00 -1.570083308306497935e-02 1.593705277559430034e+00
-3.133285605098972137e+00 3.769859704446793525e-01 1.596884608052602017e+00
-3.130837431681785965e+00 7.696679569701035950e-01 1.601311232086655822e+00
-3.122146494868501598e+00 1.162327020265286892e+00 1.611673234632704066e+00
-2.684409975169671725e+00 1.553298282949015841e+00 2.050948599279860840e+00
-2.097820579940039981e-02 1.193723219167115879e+00 -1.567270892207207611e+00
-3.141387464070581004e+00 -7.991049027172836272e-01 1.597201535021646412e+00
3.141387464070581004e+00 7.991049027172836272e-01 -1.544391118568146926e+00
3.141205911427852104e+00 1.191803969232002158e+00 -1.544603350770915373e+00
1.043922848263414103e-02 1.557088830149363945e+00 1.607786848782139844e+00
3.619651237850823444e-04 1.164390471467400046e+00 1.597681083136723190e+00
1.996402711724622311e-04 7.716914035955670936e-01 1.597487819803129705e+00
1.540180494686148479e-04 3.789923277802573764e-01 1.597405585244884962e+00
1.431020522646365880e-04 -1.370674970123794169e-02 1.597346639552143177e+00
1.557770278659380552e-04 -4.064058271345704076e-01 1.597287020664280410e+00
2.051895192121321271e-04 -7.991049027172835162e-01 1.597201535021646412e+00
3.867421619413126594e-04 -1.191803969232001936e+00 1.596989302818877743e+00
3.131153425107159549e+00 -1.557088830149363945e+00 -1.533805804807653717e+00
3.141230688466007948e+00 -1.164390471467400490e+00 -1.543911570453070148e+00
3.141393013318620753e+00 -7.716914035955675377e-01 -1.544104833786663633e+00
3.141438635540324764e+00 -3.789923277802569879e-01 -1.544187068344908154e+00
3.141449551537528695e+00 1.370674970123796424e-02 -1.544246014037650161e+00
3.141436876561927161e+00 4.064058271345697415e-01 -1.544305632925512928e+00
-3.139810858444505470e+00 -7.995033945332011838e-01 1.595760926496487153e+00
3.139810858444505470e+00 7.995033945332011838e-01 -1.545831727093305963e+00
3.138232335922173100e+00 1.192201330593175790e+00 -1.547676519392858996e+00
8.782556648354108986e-02 1.556635731953029067e+00 1.684855298450124161e+00
3.138971536716688403e-03 1.163989430325158558e+00 1.599921290359364701e+00
1.732223131324217309e-03 7.712913890275181483e-01 1.598245959240947256e+00
1.336678935703509898e-03 3.785927503663514826e-01 1.597532546601437620e+00
1.242146472339717648e-03 -1.410601363799175029e-02 1.597020970952644836e+00
1.352391949174518377e-03 -4.068047739077542135e-01 1.596503381600270943e+00
1.781795145287648962e-03 -7.995033945332009617e-01 1.595760926496487153e+00
3.360317667620058880e-03 -1.192201330593175568e+00 1.593916134196934120e+00
3.053767087106252109e+00 -1.556635731953029067e+00 -1.456737355139668733e+00
3.138453682053076399e+00 -1.163989430325159002e+00 -1.541671363230428415e+00
3.139860430458468965e+00 -7.712913890275185924e-01 -1.543346694348846082e+00
3.140255974654089677e+00 -3.785927503663509830e-01 -1.544060106988355718e+00
3.140350507117453560e+00 1.410601363799171559e-02 -1.544571682637148502e+00
3.140240261640618868e+00 4.068047739077538805e-01 -1.545089271989522395e+00
2.878272469213037296e-02 -7.620863663228946150e-01 6.330676058060161204e-03
-2.878272469213037296e-02 7.620863663228946150e-01 -3.135261977531733191e+00
-2.232718230565301776e-02 3.695102432632681455e-01 -3.123451408188293144e+00
-2.082552552129687817e-02 -2.309987190609573762e-02 -3.114905491338942234e+00
-2.275859985272565833e-02 -4.157082680586348666e-01 -3.106194469898038157e+00
-3.014366672907183714e-02 -8.082760892438618505e-01 -3.093586625873395946e+00
-5.757980561252149659e-02 -1.200643081778580035e+00 -3.061698788600385246e+00
-2.408050191197883105e+00 -1.539696014119120049e+00 -7.070958530163287126e-01
-3.090086720519447550e+00 -1.154501802383095521e+00 -2.090773866082312055e-02
-3.112809928897662726e+00 -7.620863663228946150e-01 6.330676058060161204e-03
-3.119265471284140112e+00 -3.695102432632683676e-01 1.814124540149991693e-02
-3.120767128068496543e+00 2.309987190609576538e-02 2.668716225085118049e-02
-3.118834053737067791e+00 4.157082680586343670e-01 3.539818369175516677e-02
-3.111448986860721355e+00 8.082760892438612954e-01 4.800602771639736477e-02
-3.084012847977271488e+00 1.200643081778580257e+00 7.989386498940811987e-02
-7.335424623919136744e-01 1.539696014119120049e+00 2.434496800573461073e+00
-5.150593307034583013e-02 1.154501802383096187e+00 3.120684914928970155e+00
