5.108247977270898854e-01 -3.059544824400292629e-01 -2.068356671560909188e+00
2.478289534448945286e+00 -7.118624729319408262e-01 1.712441549244367200e+00
2.614599106626313230e+00 -3.846228500138786921e-01 1.455422425535372044e+00
2.630767855862703453e+00 3.059544824400290408e-01 1.073235982028884372e+00
2.521760030326401836e+00 6.392618998240419126e-01 8.379441047011491062e-01
1.817349693164136415e+00 -3.411165133150839135e-01 2.250844801472145829e+00
1.927463623704786411e+00 -2.228979356642602216e-01 1.860481219435821565e+00
1.982624353686004870e+00 -7.398769204883669237e-02 1.492659975216594326e+00
1.980694412910172453e+00 8.457083401411426282e-02 1.133011356283389448e+00
1.921709410760799042e+00 2.320782203616016115e-01 7.640451876480979232e-01
1.808125025682403075e+00 3.474651006626638394e-01 3.718657464941789170e-01
1.651506424840336162e+00 4.106333058463956243e-01 -4.585875475733201118e-02
2.288713655591685381e+00 -1.625588849940388381e-01 1.292782766034237252e+00
-2.288713655591685381e+00 1.625588849940388381e-01 -1.848809887555556086e+00
-8.434013011402782256e-01 9.905471361977692679e-02 9.989233645391387695e-01
-8.528789979981079572e-01 -1.625588849940387270e-01 1.292782766034237030e+00
-2.298191352449514557e+00 -9.905471361977730149e-02 -2.142669289050654680e+00
1.574606886012700491e+00 -2.528866601863871341e-02 -2.744511470573825385e+00
1.583995762193796564e+00 -2.190517445667018032e-02 -3.137306943514039048e+00
1.566985767577092847e+00 2.528866601863870994e-02 3.970811830159680089e-01
1.557596891395996774e+00 2.190517445667018379e-02 4.285710075754340168e-03
-7.047143720542987655e-01 3.015502110274530523e-01 -1.514963255201505987e+00
-1.496638637225806034e+00 3.380881339865883777e-03 -1.604703744655856301e+00
1.884274390951839573e+00 -1.139252707224155392e-01 1.409041711073198089e+00
1.903475502458161106e+00 1.221735978818152928e-02 1.036417064109365516e+00
1.875295688022535989e+00 1.366783173569202647e-01 6.626702311862479045e-01
1.801778628162169493e+00 2.418981782141966241e-01 2.771654413945892625e-01
-1.981191868694656133e+00 1.488107829383921235e-02 4.662301026903572509e-01
1.981191868694656133e+00 -1.488107829383921235e-02 -2.675362550899436087e+00
1.958345029222943845e+00 1.393659850002506029e-01 -3.037573067939093097e+00
1.879718501420088561e+00 2.750161576376781714e-01 2.868607460793775932e+00
1.750342373947744390e+00 3.713425191655879698e-01 2.466635369346406925e+00
1.554567897745121607e+00 -4.103473674382124847e-01 -1.098091773353597089e+00
1.721164403836431989e+00 -3.835941612699797498e-01 -1.523420230297452438e+00
1.858751308897368837e+00 -2.969517496973887449e-01 -1.930231822081915016e+00
1.947651289222229076e+00 -1.671886975949511134e-01 -2.311519163278705769e+00
2.233787114659098627e+00 -1.442202930509306480e-02 1.359009322378500473e+00
-2.233787114659098627e+00 1.442202930509306480e-02 -1.782583331211292643e+00
-2.191162677570991590e+00 2.514741765651377081e-01 -1.465908239917622868e+00
-2.065345408731043442e+00 4.615764361918203162e-01 -1.110716747547779715e+00
-1.845597459118695882e+00 6.114876425691869732e-01 -6.867551280959807158e-01
-1.552498631997167422e+00 6.629095793600592312e-01 -2.005255880563484028e-01
-1.264955683802897246e+00 5.980698587819113232e-01 2.808309229579980526e-01
-2.200374092796085534e+00 -2.240544298202721274e-01 -2.097088635632451403e+00
-9.451848685118245941e-01 -1.656036127161839011e-01 -1.414892770007281753e+00
-2.107847454823387423e+00 1.188970559818658540e-01 7.344010806043375084e-01
-2.031959375569686088e+00 3.088762728449545580e-01 1.086792553988558119e+00
2.271668913370876286e+00 -5.538523726113410151e-01 8.500157374914188990e-01
-2.271668913370876286e+00 5.538523726113410151e-01 -2.291576916098374106e+00
-2.251092709948920856e+00 -5.805423677815221284e-01 2.838499388958790615e+00
-2.390212326263704057e+00 -3.104089632163429258e-01 -3.126942215155277260e+00
-2.433868959130732534e+00 -1.591760491668497632e-02 -2.862603293722106201e+00
-2.398864825422654778e+00 2.796688953988648585e-01 -2.600780632462273090e+00
-2.716723358800408050e+00 -4.613982704732140228e-01 6.236614671504142615e-02
2.716723358800408050e+00 4.613982704732140228e-01 -3.079226506874751745e+00
2.577459177359727960e+00 8.088774012982723471e-01 2.973412220440128095e+00
3.800042372777729383e-01 -9.927373078373799564e-02 2.215609728111772314e-01
4.248692947893853988e-01 -4.613982704732138007e-01 6.236614671504151636e-02
5.641334762300650452e-01 -8.088774012982723471e-01 -1.681804331496650484e-01
2.669860109548972460e+00 -6.228457779107600123e-01 -2.591217816264614893e+00
2.749129449161799688e+00 -2.651642805162844341e-01 -2.772408675993712990e+00
2.761588416312020122e+00 9.927373078373764870e-02 -2.920031680778615968e+00
2.070976883763128829e+00 5.045513817104674281e-01 2.221565904497965871e+00
1.860915378469995884e+00 -2.738978764052415471e-01 9.088060676883449318e-01
-1.860915378469995884e+00 2.738978764052415471e-01 -2.232786585901448184e+00
-1.967092354131593668e+00 -3.476712642758696820e-03 -2.977227545252609797e+00
-1.940936846722327358e+00 1.450121191585155289e-01 -2.612420616200795909e+00
-2.621096551787516771e-01 -2.758841342704480559e-01 1.781023693768154503e+00
-3.192114868766507962e-01 -6.526561009302208616e-01 1.906162815752038053e+00
-1.175108013695640885e+00 4.057418964866808531e-01 -4.767640725765442400e-01
-1.057206365575384721e+00 2.311824896350586911e-01 -1.055307676346453893e-01
-9.245143246814505611e-01 -1.573443571177381706e-01 1.218314994377628357e+00
9.245143246814505611e-01 1.573443571177381706e-01 -1.923277659212164981e+00
9.127463413529097735e-01 -8.294053123435868313e-02 -2.234855486357050225e+00
9.777780551344888993e-01 -3.149557460808487530e-01 -2.558936552880435755e+00
1.129564616810305289e+00 -5.115655516449031381e-01 -2.931424979889978744e+00
2.228846312236883342e+00 8.294053123435871089e-02 9.067371672327430021e-01
1.015165313881190690e+00 3.815740633781608548e-01 -1.587840573358552110e+00
2.752959770324974187e+00 -5.909276907215182950e-01 1.975378215320732656e+00
-2.752959770324974187e+00 5.909276907215182950e-01 -1.166214438269060683e+00
-3.710293860847544423e-01 5.199010969961196382e-01 1.560171717739620600e+00
-3.238743001399388421e-01 1.500205169010487005e-01 1.700963988494446077e+00
-3.284935398427012432e-01 -2.224615265641359529e-01 1.826153561181089291e+00
-3.886328832648189291e-01 -5.909276907215181840e-01 1.975378215320732656e+00
-2.770563267505038674e+00 -5.199010969961189721e-01 -1.581420935850172516e+00
-2.817718353449854440e+00 -1.500205169010485340e-01 -1.440628665095347261e+00
-2.813099113747091984e+00 2.224615265641356476e-01 -1.315439092408704047e+00
-1.889878776748924682e+00 -8.562521857091713595e-02 5.788332264947914085e-01
1.889878776748924682e+00 8.562521857091713595e-02 -2.562759427095001818e+00
1.835094829286444407e+00 1.999466163395706431e-01 -2.942579554416465015e+00
1.738882044244683955e+00 2.853316993738104212e-01 2.945441607588770161e+00
1.613680764914823040e+00 3.272945410758080764e-01 2.535624883630399840e+00
1.777735437342365943e+00 -2.589107014353444480e-01 -1.425483179604249306e+00
1.859984551453540247e+00 -1.612289345541665919e-01 -1.814673816442214260e+00
-2.107837999671579698e+00 1.264834393361454201e-01 7.271384576577161196e-01
-1.286388878233104549e+00 -2.532582278504164064e-01 9.132130639432596286e-01
1.286388878233104549e+00 2.532582278504164064e-01 -2.228379589646533709e+00
1.213543619016371533e+00 1.278836757154837023e-01 -2.607748633767928759e+00
1.192550688901096612e+00 -1.490546168848199023e-02 -2.974474621776170835e+00
1.224362157218900959e+00 -1.557044538910684894e-01 2.940455665514407624e+00
1.307412834582007077e+00 -2.750949348394897132e-01 2.557125477668978242e+00
1.434397246722207031e+00 -3.542063237054004499e-01 2.152209511509357132e+00
1.586835349591836808e+00 -3.782014955972377579e-01 1.731991516206125903e+00
1.736162393433705153e+00 -3.420704941981009273e-01 1.313736369531664172e+00
9.080819288810654255e-01 -3.302443266293429019e-02 -2.876065636898574418e+00
-1.978812931287787125e+00 -1.969080166441959379e-01 1.058970192984347136e+00
-2.020378878941585743e+00 -3.184079967543019390e-02 1.418086385485964218e+00
-2.001392734460294864e+00 1.372443009943133951e-01 1.773445731457952812e+00
-1.921842935892339232e+00 2.886250868904590150e-01 2.144669287039207894e+00
-1.784802328196160692e+00 3.996783251871392495e-01 2.545397807967399562e+00
-1.606147519331200035e+00 4.493379787445162532e-01 2.973522047104304900e+00
2.681317991216792151e+00 -4.251171992615235262e-01 1.710223023331037595e+00
-2.681317991216792151e+00 4.251171992615235262e-01 -1.431369630258755521e+00
-5.282775565835898801e-01 6.387926615090571136e-01 1.173668248272895287e+00
-4.359042870879857867e-01 2.895270607589990330e-01 1.376319637299874055e+00
-4.176513306790073932e-01 -6.874737577129728938e-02 1.538999358054113253e+00
-4.602746623730011311e-01 -4.251171992615233597e-01 1.710223023331037595e+00
-5.962844819453153589e-01 -7.661602437231816998e-01 1.948369520183434567e+00
-2.705688366501807440e+00 -2.895270607589990886e-01 -1.765273016289919283e+00
-2.723941322910785612e+00 6.874737577129681754e-02 -1.602593295535680307e+00
1.172952471976417277e+00 -9.856599179329152138e-02 -2.433832160263575517e+00
1.236603910261467876e+00 -2.407795004943153183e-01 -2.805612687982224074e+00
1.352989796211359286e+00 -3.492675001843141280e-01 3.082645492586772118e+00
1.509149238703325624e+00 -4.048286044356073088e-01 2.664026092151552838e+00
1.677651674596458475e+00 -3.958049419993646678e-01 2.237224663465639196e+00
1.825092408088748508e+00 -3.241932584643741344e-01 1.824167711111716050e+00
1.927822484907726119e+00 -2.044634956875581999e-01 1.436256538933707638e+00
1.976313732781477706e+00 -5.665857422451024694e-02 1.068923350701836084e+00
