-3.120477631631614290e+00 1.551508387652031085e-01 1.010630526005912522e+00
-1.153501317855360614e-02 -7.045457986999632549e-01 2.145209681170282268e-01
1.153501317855360614e-02 7.045457986999632549e-01 -2.927071685472764973e+00
9.233947630588447072e-03 3.118670973862524565e-01 -2.931709583194388458e+00
8.817291031668754095e-03 -8.081640565672919274e-02 -2.935254790243539080e+00
9.875006922091927528e-03 -4.734988271689709594e-01 -2.939046113804161031e+00
1.356804754631088863e-02 -8.661722722231266491e-01 -2.944880118256103518e+00
2.863415900351166249e-02 -1.258797016273367264e+00 -2.961795419491695114e+00
3.033155984706896735e+00 -1.489501390223191057e+00 3.151310194660681407e-01
3.122322359828850313e+00 -1.097202348766159519e+00 2.241994359505539713e-01
3.130057640411239461e+00 -7.045457986999633659e-01 2.145209681170282823e-01
3.128024606043482425e+00 8.661722722231263161e-01 1.967125353336898752e-01
3.112958494586281599e+00 1.258797016273367930e+00 1.797972340980983907e-01
1.084366688828963254e-01 1.489501390223191057e+00 -2.826461634123725197e+00
1.927029376094298654e-02 1.097202348766159963e+00 -2.917393217639239200e+00
-3.136872168366174218e+00 -3.054756391763464030e-01 -4.122499615040555732e-01
-3.137073531204309429e+00 8.721936074028441288e-02 -4.104366228762761359e-01
-3.081077652266463573e+00 1.706058475157564147e-01 7.916756672423925778e-01
-4.120512717361548611e-05 2.799567772163460977e-01 -2.834788492783101521e+00
-3.985392369777820433e-05 -1.127423041681593630e-01 -2.834772623514627998e+00
-3.141240656881014282e+00 -1.458054015612512577e+00 3.064657843720725583e-01
-3.519967087790492146e-04 1.458054015612512577e+00 -2.835126869217720724e+00
3.109081339379045961e+00 1.039850817657221649e+00 -2.043112119885310385e+00
3.022507331082925575e+00 1.431808818406247186e+00 -2.133021775925934893e+00
6.524606734593511870e-02 1.315593088763714613e+00 1.189657088895688775e+00
2.728783985326975123e-02 9.232346783936324908e-01 1.148284081266932821e+00
1.908456748169163122e-02 5.306352402091224496e-01 1.136177721002337604e+00
1.661790360908936559e-02 1.379968404683983574e-01 1.128804658627666768e+00
1.700845091027764974e-02 -2.546481604719111336e-01 1.122233605757845032e+00
2.063404967864649123e-02 -6.472800916209368038e-01 1.114074659707841697e+00
3.251131421074725247e-02 -1.039850817657221427e+00 1.098480533704482953e+00
1.190853225068676524e-01 -1.431808818406246964e+00 1.008570877663858223e+00
3.076346586243858372e+00 -1.315593088763715057e+00 -1.951935564694104785e+00
3.114304813736523680e+00 -9.232346783936330459e-01 -1.993308572322860517e+00
3.124974749980703681e+00 -1.379968404683984684e-01 -2.012787994962126348e+00
-3.112574522606435412e+00 -4.843172575873821994e-01 -2.894028957040156058e+00
-3.115804071500780648e+00 -9.176135710377751609e-02 -2.882878616571689090e+00
-3.114705017993064651e+00 3.008050552999158023e-01 -2.872546753201481007e+00
-3.107660992722126814e+00 -1.000949934782240147e+00 1.846096389891118905e+00
3.107660992722126814e+00 1.000949934782240147e+00 -1.295496263698674211e+00
3.037934628488728972e+00 1.392975891878341921e+00 -1.368958072550580107e+00
8.527700119841538640e-02 1.354220273881067138e+00 1.957963642215587940e+00
3.201190187389023334e-02 9.620435637220098313e-01 1.900933769386252248e+00
2.173417997582332076e-02 5.694776037042267314e-01 1.886389700479180975e+00
1.859379650163860490e-02 1.768558452499185418e-01 1.877941163142989200e+00
1.873831548334910571e-02 -2.157765713456497036e-01 1.870657056997323986e+00
2.230683216774258584e-02 -6.083956757148740735e-01 1.861918559100417259e+00
3.393166086766638556e-02 -1.000949934782239703e+00 1.846096389891118905e+00
1.036580251010642550e-01 -1.392975891878341921e+00 1.772634581039213009e+00
3.056315652391377924e+00 -1.354220273881067138e+00 -1.183629011374205398e+00
3.109580751715903091e+00 -9.620435637220100533e-01 -1.240658884203541312e+00
-3.123455911294466425e+00 1.213996070672797301e-02 -1.528857783099013101e+00
-3.117090419701094905e+00 -2.999026357276660670e-01 -1.005837477183426421e+00
-3.118083347725311150e+00 9.268623137816341118e-02 -9.964212606861657662e-01
-3.115128403369495036e+00 4.852662733269483275e-01 -9.862511851481038372e-01
-3.098838018756607138e+00 -6.154563237773317264e-01 7.847256384728662493e-01
3.098838018756607138e+00 6.154563237773317264e-01 -2.356867015116927089e+00
3.076176782934063159e+00 1.007620328264535736e+00 -2.387509177829332696e+00
2.937479503915626733e+00 1.397762664425463264e+00 -2.533320671348084030e+00
1.564776323746759346e-01 1.344939862450665213e+00 9.619849322365242594e-01
6.037529707636485332e-02 9.540487524046602497e-01 8.586912616286951350e-01
4.124958986354773649e-02 5.618261370791802767e-01 8.314031805500909922e-01
3.541319126435277242e-02 1.694065379955624617e-01 8.153922513558408136e-01
3.579310027938416294e-02 -2.230500286781238184e-01 8.014984185649420834e-01
4.275463483318612395e-02 -6.154563237773316153e-01 7.847256384728662493e-01
6.541587065573024884e-02 -1.007620328264535514e+00 7.540834757604605310e-01
2.041131496741666329e-01 -1.397762664425463264e+00 6.082719822417087530e-01
2.985115021215117181e+00 -1.344939862450665657e+00 -2.179607721353268968e+00
3.081217356513428651e+00 -9.540487524046606937e-01 -2.282901391961098092e+00
3.100343063726245685e+00 -5.618261370791799436e-01 -2.310189473039701902e+00
3.106179462325440621e+00 -1.694065379955625172e-01 -2.326200402233952413e+00
3.083643950310841042e+00 -4.969818346321415725e-01 2.188406037872463017e+00
3.090379253056741327e+00 -1.048505011044917196e-01 2.166118203545453813e+00
3.088481504351671791e+00 2.873282215215754998e-01 2.145689397015793087e+00
-3.015439302583702741e+00 -7.118365090339612289e-01 1.229434974846167261e+00
-3.041010692913564295e+00 -3.215634648238530069e-01 1.280206963078977189e+00
-3.045952169864591941e+00 6.929610092429927537e-02 1.318735121780179265e+00
-3.035071907475320963e+00 4.600471098606825904e-01 1.359531000203695772e+00
-3.121108677377565588e+00 2.902645286107303352e-02 1.488434411976168770e+00
3.058826891966150985e+00 1.165163287174726836e+00 3.054943727471580939e+00
1.914768368325902470e+00 1.536137429492291817e+00 1.904386776205302834e+00
8.755035644696575192e-02 1.188462899823858887e+00 7.068542866239570233e-02
4.667461658345369024e-02 7.965456163184924110e-01 2.280928160295711896e-02
3.548821085247093332e-02 4.041634423216320382e-01 3.388327946441382302e-03
3.263015502632601872e-02 1.168591526858338628e-02 -1.019091641961547036e-02
3.514639327557463055e-02 -3.807937456445991131e-01 -2.363941356810428038e-02
4.559724217832410165e-02 -7.731862160138480711e-01 -4.242964930419811792e-02
8.276576162364206180e-02 -1.165163287174726614e+00 -8.664892611821245483e-02
1.226824285263885983e+00 -1.536137429492291817e+00 -1.237205877384485619e+00
3.054042297142827600e+00 -1.188462899823859331e+00 -3.070907224927397650e+00
3.108962498563467403e+00 -1.168591526858346087e-02 3.131401737170177668e+00
-3.119576309601213460e+00 -3.370211748846966282e-01 9.503431415763446966e-02
-3.120782896955396346e+00 5.559024526797769206e-02 1.034720576945219045e-01
-3.118537539922867197e+00 4.481975294955195532e-01 1.123078499289488219e-01
-3.137400754456507901e+00 -3.801229922131719174e-01 1.539462137821776766e+00
-3.137699670245601702e+00 1.257296698458188269e-02 1.541066430961529177e+00
-3.137356861814367015e+00 4.052688934872013538e-01 1.542687522288652469e+00
3.124974749980703681e+00 -1.379968404683984684e-01 -2.012787994962126348e+00
3.109081339379045961e+00 1.039850817657221649e+00 -2.043112119885310385e+00
3.022507331082925575e+00 1.431808818406247186e+00 -2.133021775925934893e+00
6.524606734593511870e-02 1.315593088763714613e+00 1.189657088895688775e+00
2.728783985326975123e-02 9.232346783936324908e-01 1.148284081266932821e+00
1.908456748169163122e-02 5.306352402091224496e-01 1.136177721002337604e+00
1.661790360908936559e-02 1.379968404683983574e-01 1.128804658627666768e+00
1.700845091027764974e-02 -2.546481604719111336e-01 1.122233605757845032e+00
2.063404967864649123e-02 -6.472800916209368038e-01 1.114074659707841697e+00
3.251131421074725247e-02 -1.039850817657221427e+00 1.098480533704482953e+00
1.190853225068676524e-01 -1.431808818406246964e+00 1.008570877663858223e+00
3.076346586243858372e+00 -1.315593088763715057e+00 -1.951935564694104785e+00
3.114304813736523680e+00 -9.232346783936330459e-01 -1.993308572322860517e+00
-3.117961384608705533e+00 9.545816858978882491e-02 2.164520195481857701e-01
-3.123862122634873284e+00 -1.798315798639325280e-01 -1.250475268855085531e+00
-3.123745437259040525e+00 2.128069547751777202e-01 -1.243533803330914012e+00
-3.063557622037714978e+00 -1.357769291542484824e+00 2.123298859559981544e+00
3.063557622037714978e+00 1.357769291542484824e+00 -1.018293794029811572e+00
9.166246662118382460e-02 1.389751710676472296e+00 2.289749377131685470e+00
3.039451393169944823e-02 9.975857851845467694e-01 2.225115547840848418e+00
2.003949473100765516e-02 6.050032444226015604e-01 2.210975645028532277e+00
1.686095936148223132e-02 2.123688128897041338e-01 2.203131063541372558e+00
1.675366381712287134e-02 -1.802762190384775698e-01 2.196572628548914441e+00
1.961434929983708886e-02 -5.729124247979749951e-01 2.188943311347557596e+00
2.896940373478395711e-02 -9.655027862511068593e-01 2.175752139335414004e+00
7.803503155207815178e-02 -1.357769291542484602e+00 2.123298859559981988e+00
3.049930186968609291e+00 -1.389751710676472518e+00 -8.518432764581077565e-01
3.111198139658093886e+00 -9.975857851845469915e-01 -9.164771057489450312e-01
3.112623249855009266e+00 9.655027862511064152e-01 -9.658405142543791122e-01
3.123780457191815518e+00 -1.627308286679338689e-01 -2.201554924730967144e+00
3.108269793314805352e+00 1.015092213490601525e+00 -2.232752698115892720e+00
3.033530864507513858e+00 1.407102126198037650e+00 -2.311069255469455630e+00
7.697340572679703397e-02 1.340194477647220772e+00 1.012095181613807293e+00
3.013346563392232599e-02 9.479392233139999346e-01 9.616289898855761020e-01
2.068608659464204677e-02 5.553594093325946446e-01 9.480594505255388604e-01
1.781219639797787177e-02 1.627308286679338967e-01 9.400377288588260827e-01
1.805188372454340218e-02 -2.299067295795669263e-01 9.330374062661893619e-01
2.163614038887829577e-02 -6.225310801498061819e-01 9.245344266731256866e-01
3.332286027498809755e-02 -1.015092213490601525e+00 9.088399554739001740e-01
1.080617890822793692e-01 -1.407102126198037428e+00 8.305233981203382632e-01
3.064619247862997220e+00 -1.340194477647221216e+00 -2.129497471975986933e+00
3.111459187955870842e+00 -9.479392233140000457e-01 -2.179963663704217236e+00
6.263554218814230967e-02 1.437279855109947491e+00 -5.367350112297958331e-01
1.659651173883123360e-02 1.044779700996483207e+00 -5.844613019020516997e-01
1.048405264349346055e-02 6.521139122393082577e-01 -5.924519466504256648e-01
8.621205671590146183e-03 2.594321248994003182e-01 -5.966028650382028120e-01
8.407229587590856618e-03 -1.332530883291819512e-01 -5.999315316806304033e-01
9.634838772990646921e-03 -5.259366709872866918e-01 -6.036515545501233149e-01
1.372963897618516976e-02 -9.186104416368872094e-01 -6.097265360710939497e-01
3.247033982845861505e-02 -1.311224221990968219e+00 -6.301978353897973451e-01
3.078957111401651403e+00 -1.437279855109947491e+00 2.604857642359997172e+00
3.132971447918202923e+00 -2.594321248994004292e-01 2.544989788551590415e+00
3.133185424002202346e+00 1.332530883291825896e-01 2.541661121909162713e+00
4.787781046455395588e-03 -1.589677596538233706e-01 2.185159023075300411e+00
-3.120437934981228789e+00 -1.637842718277569276e-01 2.473321890108159504e+00
-3.120162375971033075e+00 2.288280673466096260e-01 2.481633602053941789e+00
-3.110638364276615775e+00 9.498926463148593680e-02 2.288773121237639430e+00
-3.125431094433857915e+00 1.353839032826075622e-02 1.526852378959997036e+00
-3.125158584215779634e+00 -5.718088632531383997e-01 2.828611461269510574e+00
-3.127548243113936088e+00 -1.791539438922669647e-01 2.835002557787662969e+00
-3.127451938470076964e+00 2.135071382081139557e-01 2.840501839162711928e+00
-3.124776970514488550e+00 6.061607222354260527e-01 2.847086170835051444e+00
3.121405892535867199e+00 -5.721497879018975219e-01 -1.258198090095731025e+00
3.124343982390271446e+00 -1.795173289507189240e-01 -1.266048947141973580e+00
3.124228285425183493e+00 2.131244446585987273e-01 -1.272802245292344869e+00
3.120947455923072322e+00 6.057549336296479403e-01 -1.280885224042793924e+00
-3.140399124967898636e+00 -6.862943915098539405e-01 1.312648410136026289e+00
3.140399124967898636e+00 6.862943915098539405e-01 -1.828944243453767049e+00
3.139637376714052408e+00 1.078993026678495060e+00 -1.829911477446309886e+00
3.132260992436875835e+00 1.471688617148116718e+00 -1.837473806055963665e+00
3.190474341706839474e-03 1.277199257950621059e+00 1.316458671365006605e+00
1.457075646091905187e-03 8.845010657540414156e-01 1.314531911928327856e+00
1.047453918239962638e-03 4.918022760847693964e-01 1.313899343399001829e+00
9.278658046202764879e-04 9.910338035041127425e-02 1.313496523676353611e+00
9.645882149990899846e-04 -2.935955300958757452e-01 1.313125571637633549e+00
1.193528621894562229e-03 -6.862943915098539405e-01 1.312648410136026289e+00
1.955276875740686281e-03 -1.078993026678494838e+00 1.311681176143483230e+00
9.331661152917537783e-03 -1.471688617148116496e+00 1.304118847533829451e+00
3.138402179248086288e+00 -1.277199257950621503e+00 -1.825133982224786733e+00
3.140135577943701239e+00 -8.845010657540418597e-01 -1.827060741661465260e+00
-8.942908520965506258e-03 -6.264822144495856282e-01 1.015993325128955904e+00
8.942908520965506258e-03 6.264822144495856282e-01 -2.125599328460837434e+00
7.447183805275552418e-03 2.337958759581349188e-01 -2.129117302813263279e+00
7.336997361798769379e-03 -1.588927508720760495e-01 -2.132003552129987600e+00
8.506065519548635170e-03 -5.515798911759712819e-01 -2.135300176424069551e+00
1.235571690940909934e-02 -9.442588632512186608e-01 -2.140851714612014955e+00
3.126038300533146019e-02 -1.336884039909890465e+00 -2.161252237471102067e+00
3.095838489147095363e+00 -1.411735696790196615e+00 1.055927395821322001e+00
3.127769018762498465e+00 -1.019157641956418558e+00 1.022523355812806845e+00
3.132649745068827762e+00 -6.264822144495857392e-01 1.015993325128955904e+00
3.133086588070244538e+00 5.515798911759708378e-01 1.006292477165723565e+00
3.129236936680384051e+00 9.442588632512185498e-01 1.000740938977778383e+00
3.110332270584461600e+00 1.336884039909890909e+00 9.803404161186910493e-01
4.575416444269781585e-02 1.411735696790196615e+00 -2.085665257768471559e+00
1.382363482729488495e-02 1.019157641956419003e+00 -2.119069297776986271e+00
-1.311067662217817176e-02 -6.587358332690717022e-01 1.226372257613018490e+00
1.311067662217817176e-02 6.587358332690717022e-01 -1.915220395976774848e+00
1.074548631189391028e-02 2.660637076737633056e-01 -1.920420487326297998e+00
1.045103680169023712e-02 -1.266138862234243434e-01 -1.924565721470724133e+00
1.194168123125881331e-02 -5.192890880987285351e-01 -1.929172388192489596e+00
1.693497586250128709e-02 -9.119494747863545747e-01 -1.936636904005891946e+00
3.940819779094905523e-02 -1.304520859553604417e+00 -1.961266683595952687e+00
3.059676839620752098e+00 -1.443754144565819741e+00 1.299605260583271304e+00
3.120705180492472586e+00 -1.051382516906933962e+00 1.236479973282506473e+00
3.102184455798844276e+00 1.304520859553605083e+00 1.180325969993840429e+00
8.191581396904097645e-02 1.443754144565819741e+00 -1.841987393006522034e+00
2.088747309732038801e-02 1.051382516906934406e+00 -1.905112680307286865e+00
-9.789364490005213540e-03 -1.075199642387892229e+00 1.975106361829546353e+00
9.789364490005213540e-03 1.075199642387892229e+00 -1.166486291760246985e+00
5.999233960040362829e-03 6.825117979081141151e-01 -1.171313903118124111e+00
4.857937445742858962e-03 2.898182926440184271e-01 -1.173709609978049295e+00
4.680083972217555406e-03 -1.028764388009081876e-01 -1.175578537157636383e+00
5.291983833335710437e-03 -4.955707815603860311e-01 -1.177614447735591208e+00
7.380549386931854750e-03 -8.882623898986236055e-01 -1.180825089366594360e+00
1.628855083016390870e-02 -1.280938468817784059e+00 -1.190707090885910535e+00
3.096292153523138690e+00 -1.467813864596635653e+00 2.011555564668206841e+00
3.131803289099788223e+00 -1.075199642387892229e+00 1.975106361829546353e+00
3.135593419629752798e+00 -6.825117979081143371e-01 1.970278750471669005e+00
3.134212104202861671e+00 8.882623898986238276e-01 1.960767564223198756e+00
3.125304102759629554e+00 1.280938468817783837e+00 1.950885562703882581e+00
4.530050006665498757e-02 1.467813864596636320e+00 -1.130037088921585831e+00
-3.124057161428586138e+00 -1.653436651743048769e-01 2.821181884728726441e+00
