-3.131306063613739976e+00 -9.310673931789187341e-01 -2.441755966226133168e-01
3.131306063613739976e+00 9.310673931789187341e-01 2.897417056967179771e+00
3.116481928276273905e+00 1.323717050513461446e+00 2.881321214842309519e+00
4.227325197940077356e-02 1.424973319088825408e+00 -1.940978807002492479e-01
1.197560489047957283e-02 1.032371107962810397e+00 -2.256416049744751351e-01
7.152628251466968193e-03 -5.383823896127009068e-01 -2.395905388998606778e-01
1.028658997605318322e-02 -9.310673931789186231e-01 -2.441755966226133445e-01
2.511072531351943304e-02 -1.323717050513461224e+00 -2.602714387474835966e-01
3.099319401610392433e+00 -1.424973319088825408e+00 2.947494772889544201e+00
3.129617048699313564e+00 -1.032371107962810841e+00 2.915951048615318175e+00
3.133938454227217729e+00 -6.396895652714166269e-01 2.910238860068254496e+00
3.135259648336073734e+00 -2.469997586597016404e-01 2.907218068920437659e+00
3.135386100540169529e+00 1.456918021550628328e-01 2.904768596081099830e+00
3.134440025338326219e+00 5.383823896127003517e-01 2.902002114689932633e+00
-8.750349095216660225e-03 -6.069838438871709430e-02 -1.719611295681675367e+00
-9.715839677439531974e-03 -4.533811988785423908e-01 -1.715886394995984388e+00
-1.317518907968946544e-02 -8.460557874792999922e-01 -1.710277976343040685e+00
-2.679191173901811912e-02 -1.238687328241578012e+00 -1.694813554161215263e+00
-2.998593189324102681e+00 -1.509471222479031427e+00 1.278716244357170906e+00
-3.121654722971221041e+00 -1.117318267077100247e+00 1.403527302143129596e+00
-3.129927019886983963e+00 -7.246636888675507260e-01 1.413717383632040248e+00
-1.414159811259400358e-02 -6.927675726158351033e-01 1.359061194493928815e+00
1.414159811259400358e-02 6.927675726158351033e-01 -1.782531459095864301e+00
1.703586299422882311e-02 -8.779082920943217516e-01 -1.804671605390161027e+00
3.679251930174021190e-02 -1.270487443208150991e+00 -1.826710882595993013e+00
3.024424202373939607e+00 -1.477579407086282215e+00 1.466693405923046312e+00
3.118267854082297230e+00 -1.085403541155985918e+00 1.370660441892889603e+00
3.124556790595564237e+00 8.779082920943213075e-01 1.336921048199632089e+00
3.104800134288053126e+00 1.270487443208151435e+00 1.314881770993800325e+00
1.171684512158534391e-01 1.477579407086282215e+00 -1.674899247666747248e+00
2.332479950749587888e-02 1.085403541155986362e+00 -1.770932211696903735e+00
6.750039571677724469e-03 5.285106981515669267e-01 2.930972370802309435e+00
5.883226983391344998e-03 1.358192149990075093e-01 2.928365249523067870e+00
6.026792843832406293e-03 -2.568730823138020702e-01 2.926037470509121885e+00
7.319748479609628107e-03 -6.495637230705384457e-01 2.923141319890184331e+00
1.155930389853073587e-02 -1.042246615181429581e+00 2.917586613017488784e+00
4.302310977283139992e-02 -1.434850534545840439e+00 2.884941995661904901e+00
3.118652999392593106e+00 -1.313854114968493025e+00 -1.918371815802214220e-01
3.131955655310810105e+00 -9.211973330921624514e-01 -2.063497307079318333e-01
3.134842614018115370e+00 -5.285106981515669267e-01 -2.106202827874837646e-01
9.200369871856657958e-03 -6.529877463847665320e-01 2.927685661177568566e+00
1.457673282074542151e-02 -1.045661167150269577e+00 2.920662724798812171e+00
5.530332350022088006e-02 -1.438205986972357575e+00 2.878456667873597219e+00
3.113207588727756381e+00 -1.310387013142903401e+00 -1.808885546399751909e-01
3.129565668148204693e+00 -9.177532529957016516e-01 -1.987646311964935963e-01
3.133147385700751908e+00 -5.250736059820764190e-01 -2.040836046286028105e-01
3.086289330089572402e+00 1.438205986972357575e+00 -2.631359857161960081e-01
2.838506486203686008e-02 1.310387013142903845e+00 2.960704098949817897e+00
1.725664752573590616e-02 -9.442167052382520742e-01 -2.694792241672558930e-01
-1.725664752573590616e-02 9.442167052382520742e-01 2.872113429422537223e+00
-1.930703043517398992e-02 -1.019124783142935309e+00 2.902535831302044400e+00
-6.386717623169917146e-02 -1.411587903806903910e+00 2.949154051577684399e+00
-3.097945094521120435e+00 -1.336771664954798267e+00 -2.979594277478234687e-01
-3.124336006064057258e+00 -9.442167052382521852e-01 -2.694792241672558930e-01
-3.122285623154619216e+00 1.019124783142935753e+00 -2.390568222877488269e-01
-3.077725477358093986e+00 1.411587903806903910e+00 -1.924386020121086061e-01
-4.364755906867307661e-02 1.336771664954798933e+00 2.843633225841969647e+00
5.478943939748301753e-03 2.465279135116747455e-01 -2.345724999060440352e-01
5.370557456001630314e-03 -1.461655379709074776e-01 -2.366917904293510122e-01
6.190526358726860731e-03 -5.388582582256807862e-01 -2.390863227608027164e-01
8.906125304142883600e-03 -9.315467905970187257e-01 -2.430572068671107422e-01
2.176881582115169564e-02 -1.324208775718185738e+00 -2.570201150801229573e-01
3.105128056278978921e+00 -1.424532860129945178e+00 2.941758656901517721e+00
3.131238938611576650e+00 -1.031906020707838323e+00 2.914569525308381426e+00
3.134972220282157274e+00 -6.392200546910257186e-01 2.909632655662286460e+00
-5.645822847484238162e-03 -6.236801847450861302e-01 2.889925370927134196e+00
-8.705277396669429055e-03 -1.016369862316655936e+00 2.894029338618821168e+00
-2.845658534063934958e-02 -1.409021543587074099e+00 2.914713261607155825e+00
-3.121577274060934659e+00 -1.339763020590712506e+00 -2.744483289830890183e-01
-3.133745763108851445e+00 -9.470939908005311381e-01 -2.613341514221932393e-01
-3.136202359992826594e+00 -5.544030022727607365e-01 -2.578022790619033389e-01
-3.136949170859375524e+00 -1.617087097990450861e-01 -2.557122440904947558e-01
-3.136884713318852214e+00 2.309861889385033951e-01 -2.538867833370248017e-01
-3.135946830742308844e+00 6.236801847450860192e-01 -2.516672826626591974e-01
-3.132887376193123963e+00 1.016369862316656381e+00 -2.475633149709723091e-01
-3.113136068249154231e+00 1.409021543587074099e+00 -2.268793919826377903e-01
-2.001537952885876909e-02 1.339763020590712950e+00 2.867144324606703876e+00
-2.492696376256517236e-03 -8.825217791511615895e-01 -1.615386536789837624e-01
2.492696376256517236e-03 8.825217791511615895e-01 2.980053999910809548e+00
3.139542566793007694e+00 6.882719925195521782e-01 -1.647660957611422061e-01
3.138227154964966736e+00 1.080969754044199371e+00 -1.664336394855463475e-01
3.125266025906416001e+00 1.473658321933106752e+00 -1.797135468172669226e-01
5.435699367553799462e-03 1.275218268256483878e+00 2.983328759981169753e+00
1.661391713967863559e-02 -9.128514958460077766e-01 -2.284014065073278199e-01
-1.661391713967863559e-02 9.128514958460077766e-01 2.913191247082465463e+00
-1.170767546484697587e-02 5.201896317006245996e-01 2.920518033422098370e+00
-3.102848098170114088e+00 -1.305427411176572239e+00 -2.526448022491883383e-01
-3.124978736450114702e+00 -9.128514958460078876e-01 -2.284014065073278199e-01
-3.129884978124946038e+00 -5.201896317006248216e-01 -2.210746201676948297e-01
-3.131350511800443659e+00 -1.275134939342273677e-01 -2.165577017342232846e-01
-3.131065732626170384e+00 2.651649577846890149e-01 -2.124963130681546686e-01
-3.128754430773601936e+00 6.578381804459599858e-01 -2.074055249421779545e-01
-3.121157075418249160e+00 1.050487063006027011e+00 -1.975233263899597580e-01
-3.061877119877232101e+00 1.442874384082292405e+00 -1.361882704393757582e-01
-3.874455541967938843e-02 1.305427411176572905e+00 2.888947851340605055e+00
3.110805943579827204e+00 -7.044069628377072068e-01 1.422635728632230423e+00
-3.110805943579827204e+00 7.044069628377072068e-01 -1.718956924957562915e+00
-3.090182112082995314e+00 1.096803216338866793e+00 -1.693146438039418777e+00
-2.858558755490259617e+00 1.486708202401997969e+00 -1.456811357861014233e+00
-7.629843434271441072e-02 1.258002502879181250e+00 1.330085572603477928e+00
-3.620450335531759378e-02 8.658319502875101437e-01 1.375115486734742820e+00
-2.635586595916311961e-02 4.733154373254001568e-01 1.390678894930029497e+00
-2.353445998131386760e-02 8.073503470305816443e-02 1.400796809732005821e+00
-2.464680901700397331e-02 -3.118530634877920149e-01 1.410258741407913075e+00
-3.078671000996602986e-02 -7.044069628377069847e-01 1.422635728632230423e+00
-5.141054150679769119e-02 -1.096803216338866571e+00 1.448446215550374339e+00
-3.198141339546582088e-03 -9.072437501102135204e-01 -1.955930936797327102e-01
3.198141339546582088e-03 9.072437501102135204e-01 2.945999559910060572e+00
2.262790572893682347e-03 5.145460530981497138e-01 2.944593642366465591e+00
1.984509182676902003e-03 1.218478306246453258e-01 2.943721242325712861e+00
2.044324073925812228e-03 -2.708504748047849131e-01 2.942933070117073502e+00
2.500339344270450116e-03 -6.635485784598824655e-01 2.941940029943443946e+00
4.002488650816122574e-03 -1.056245745291975568e+00 2.939995804914487643e+00
1.620467125695925631e-02 -1.448932416653655020e+00 2.927395517149875559e+00
3.134230473675696960e+00 -1.299938326612682715e+00 -1.910188453867235070e-01
3.139092314245522708e+00 6.635485784598820214e-01 -1.996526236463491699e-01
3.137590164938977022e+00 1.056245745291976013e+00 -2.015968486753055844e-01
3.125387982332834103e+00 1.448932416653655020e+00 -2.141971364399174738e-01
7.362179914096424367e-03 1.299938326612683159e+00 2.950573808203069692e+00
-9.828556194781245398e-03 -6.619883566704487521e-01 2.939810960551330510e+00
-1.570877891985980254e-02 -1.054657896446483667e+00 2.947432052101435662e+00
-6.290843434022756753e-02 -1.447167868357413623e+00 2.996198910994400944e+00
-3.112463360123333800e+00 -1.301374784937251228e+00 -2.359023117496943378e-01
-3.128981426739847471e+00 -9.087459937282595934e-01 -2.177703902409901526e-01
-3.132679378447557728e+00 -5.160684201109310143e-01 -2.122217662869782528e-01
-3.133780828389089557e+00 -1.233826612761889374e-01 -2.087847135729964942e-01
-3.133550333309035985e+00 2.693043993894115307e-01 -2.056835037231188046e-01
-3.131764097395012048e+00 6.619883566704481970e-01 -2.017816930384628005e-01
-3.125883874669933338e+00 1.054657896446484111e+00 -1.941606014883574538e-01
-3.078684219249566034e+00 1.447167868357413623e+00 -1.453937425953924778e-01
-2.912929346645933351e-02 1.301374784937251672e+00 2.905690341840098778e+00
3.064357343463644003e-03 -8.678603221601728368e-01 -1.772662343669578311e+00
6.488946564406040778e-03 -1.260555599135052773e+00 -1.776503569964819951e+00
3.117547735474600401e+00 -1.488308115818044675e+00 1.395231448013658948e+00
3.137262502540932196e+00 -1.095628956772406015e+00 1.375118701996613346e+00
3.138996172868531165e+00 -7.029320263569931448e-01 1.372946773160691469e+00
3.139512360640968502e+00 -3.102339781788350792e-01 1.371903332338387793e+00
3.139604914599276153e+00 8.246431230690880188e-02 1.371104524629677579e+00
3.139364871815064628e+00 4.751625466971647338e-01 1.370249083046166438e+00
3.138528296246329674e+00 8.678603221601725037e-01 1.368930309920215027e+00
3.135103707025387099e+00 1.260555599135053217e+00 1.365089083624973387e+00
2.404491811519229166e-02 1.488308115818044897e+00 -1.746361205576134612e+00
4.330151048861287377e-03 1.095628956772406681e+00 -1.766473951593179992e+00
3.125588166037703175e+00 -6.835063026507599560e-01 1.330587270064220284e+00
-3.125588166037703175e+00 6.835063026507599560e-01 -1.811005383525573054e+00
-3.115451778125424731e+00 1.076125333932124173e+00 -1.798104567421197286e+00
-3.020114858430897442e+00 1.468216466680342558e+00 -1.700267547665828216e+00
-4.324475898987664713e-02 1.279669314779899203e+00 1.279052478870746690e+00
-1.964664883239591528e-02 8.871327984578470938e-01 1.305247548787610290e+00
-1.409792881622815193e-02 4.944867132165498003e-01 1.313788731086469763e+00
-3.129118965702689437e+00 -1.018212791909086506e-01 -1.822380943697381239e+00
-3.128639532128222989e+00 2.908468871361477026e-01 -1.817398310220395441e+00
3.129086383026605134e+00 1.332925689203611430e+00 2.884246522932367718e+00
1.910464642861963921e-02 1.415922161307683558e+00 -2.263159407987143934e-01
3.451401759780535136e-03 -5.475427867403902527e-01 -2.469887506547766010e-01
4.998063474576065583e-03 -9.402385677353136684e-01 -2.492289188518974075e-01
1.250627056318816092e-02 -1.332925689203611208e+00 -2.573461306574253982e-01
3.122488007161173584e+00 -1.415922161307683558e+00 2.915276712791079028e+00
3.135932178718784158e+00 -1.023243771732262664e+00 2.901233610518799910e+00
3.137944251845470323e+00 -6.305486415587401305e-01 2.898551736268751178e+00
5.406820724314583687e-03 5.012574025226278485e-01 2.966804615045497417e+00
4.769743768098008707e-03 1.085632553560031410e-01 2.964723269613501078e+00
4.939720089035802043e-03 -2.841313181092671725e-01 2.962821732384678164e+00
6.082458726107227952e-03 -6.768246508334705425e-01 2.960396864472272238e+00
9.867240182163816362e-03 -1.069512248791498532e+00 2.955553162232888553e+00
4.373434509630490935e-02 -1.462128753803428660e+00 2.920729759980084772e+00
3.124679373996807286e+00 -1.286623234171368368e+00 -1.611511160300462264e-01
3.134022164477459516e+00 -8.939486521867012758e-01 -1.714845635115971045e-01
3.136185832865478584e+00 -5.012574025226278485e-01 -1.747880385442957540e-01
3.603689036384047448e-03 -4.768642508506719668e-01 -1.775775496287337329e+00
4.962564962634645645e-03 -8.695599106853882931e-01 -1.777913049834127790e+00
1.054321160759995497e-02 -1.262248981130601688e+00 -1.784166763771784403e+00
3.103527025354988922e+00 -1.486567781723083348e+00 1.405402050431424188e+00
3.134617427439090775e+00 -1.093919507606662345e+00 1.373668281037834227e+00
3.137402284737211389e+00 -7.012260185841319160e-01 1.370174686355983384e+00
3.131049441982193482e+00 1.262248981130602132e+00 1.357425889818008713e+00
3.806562823480495045e-02 1.486567781723083570e+00 -1.736190603158368928e+00
6.975226150702587731e-03 1.093919507606663011e+00 -1.767924372551958889e+00
4.474166461536296935e-03 -9.072215282618093513e-01 -2.053068012244420038e-01
-4.474166461536296935e-03 9.072215282618093513e-01 2.936285852365351445e+00
-5.599768353349176067e-03 -1.056262306578993115e+00 2.944685323797042731e+00
-2.267259009378220710e-02 -1.448937094902013722e+00 2.962315104144427114e+00
-3.131293659606346313e+00 -1.299911793047676234e+00 -2.117055264880635390e-01
-3.137118487128256916e+00 -9.072215282618094623e-01 -2.053068012244420038e-01
-3.135992885236444039e+00 1.056262306578993337e+00 -1.969073297927503852e-01
-3.118920063496010808e+00 1.448937094902013722e+00 -1.792775494453660023e-01
-1.029899398344702108e-02 1.299911793047676678e+00 2.929887127101729494e+00
-3.135766064129075659e+00 1.088371763399697656e+00 -1.787123857010875616e+00
-3.111432499900925297e+00 1.481037219179856423e+00 -1.762246673349100012e+00
-9.059469905804411194e-03 1.267804063835290762e+00 1.340660354003057053e+00
-4.217612760907423798e-03 8.751122931727883802e-01 1.346069654730774889e+00
-3.051337490144976575e-03 4.824156739177219988e-01 1.347891585934638536e+00
-2.714024041992422771e-03 8.971817679609062068e-02 1.349063996100522189e+00
-2.832106020078886937e-03 -3.029794341736591345e-01 1.350152171534390044e+00
-3.521416503489030719e-03 -6.956766076178356739e-01 1.351564066261125685e+00
-5.826589460717529305e-03 -1.088371763399697434e+00 1.354468796578917722e+00
-3.016015368886820411e-02 -1.481037219179856201e+00 1.379345980240693548e+00
-3.132533183683988476e+00 -1.267804063835291428e+00 -1.800932299586736285e+00
-3.137375040828886075e+00 -8.751122931727888243e-01 -1.795522998859018227e+00
-4.946765073099560796e-03 -3.020452317414546450e-01 1.350210373562334309e+00
-6.147755740740234315e-03 -6.947384944616109559e-01 1.352674558852539510e+00
-1.016185340388201831e-02 -1.087425622579222040e+00 1.357736542202949037e+00
-5.212388337290192047e-02 -1.480023343882868492e+00 1.400648504636740954e+00
-3.125717592881235518e+00 -1.268711829050807482e+00 -1.808010147644415921e+00
-3.134215530274368611e+00 -8.760351557829172409e-01 -1.798521019470402660e+00
-3.136258811917139511e+00 -4.833436030596326427e-01 -1.795332702880268805e+00
1.827523113760080517e-02 -9.198503678345890666e-01 -2.397613897355435897e-01
-1.827523113760080517e-02 9.198503678345890666e-01 2.901831263854249610e+00
-1.281311563671364527e-02 5.271960906558917914e-01 2.909923307471311560e+00
-8.237463127771675608e-02 -1.435811419801400479e+00 2.997998643277090647e+00
-3.098245796765254578e+00 -1.312397873415112270e+00 -2.671321234952735435e-01
-3.127674118229892386e+00 6.508187711419229915e-01 -2.167899263113836905e-01
-3.119587071653607602e+00 1.043459248487978108e+00 -2.062057433287851627e-01
-3.059218022312076624e+00 1.435811419801400479e+00 -1.435940103127026080e-01
-4.334685682453891936e-02 1.312397873415112715e+00 2.874460530094519850e+00
3.123121044107237676e+00 -6.851251111678323680e-01 1.340351032855873648e+00
-3.123121044107237676e+00 6.851251111678323680e-01 -1.801241620733919691e+00
-1.493738163292468793e-02 -2.924788231115371118e-01 1.332969096428251010e+00
-1.847160948255574878e-02 -6.851251111678322570e-01 1.340351032855873648e+00
-3.022068422184782596e-02 -1.077717383804302154e+00 1.355284558668517159e+00
-1.420450719422038377e-01 -1.469594463071107526e+00 1.469989913329135423e+00
-3.092028119368156691e+00 -1.277947238818964770e+00 -1.860388271754376932e+00
-3.118993513221169245e+00 -8.854624795613049715e-01 -1.830428319980302421e+00
-3.125357480026567103e+00 -4.928335999037338211e-01 -1.820612473173461643e+00
-3.127217597604699417e+00 -1.001791731699880894e-01 -1.814368467983900723e+00
-3.126655271956868543e+00 2.924788231115365011e-01 -1.808623557161542328e+00
