1.629598915592888470e-02 -6.786542035775480208e-01 1.261629231388728734e+00
-1.629598915592888470e-02 6.786542035775480208e-01 -1.879963422201064382e+00
-1.322196581425356607e-02 2.859963487851560626e-01 -1.873463426193418435e+00
-1.275738960508986629e-02 -1.066704581692152348e-01 -1.868374801283847031e+00
-1.444920035710837297e-02 -4.993342694786855329e-01 -1.862813887923726819e+00
-2.020372545130734790e-02 -8.919774941291237491e-01 -1.854007427707801359e+00
-4.493226208575334252e-02 -1.284502877281135769e+00 -1.826627426255734044e+00
-3.023012504602181849e+00 -1.463368584251196092e+00 1.153956629892226804e+00
-3.115108783658322444e+00 -1.071270707431925207e+00 1.248610472007891881e+00
-3.125296664433864446e+00 -6.786542035775481319e-01 1.261629231388728956e+00
-3.128370687775539505e+00 -2.859963487851561736e-01 1.268129227396374903e+00
-3.128835263984703463e+00 1.066704581692151654e-01 1.273217852305946307e+00
-3.127143453232684944e+00 4.993342694786853664e-01 1.278778765666066519e+00
-3.121388928138485674e+00 8.919774941291235271e-01 1.287585225881991979e+00
-3.096660391504039378e+00 1.284502877281135991e+00 1.314965227334059517e+00
-1.185801489876118636e-01 1.463368584251196092e+00 -1.987636023697566978e+00
-2.648386993147088669e-02 1.071270707431925651e+00 -1.892982181581901235e+00
3.069559348512551633e+00 -7.480039274483690770e-01 1.802572410806554393e-01
-3.069559348512551633e+00 7.480039274483690770e-01 -2.961335412509138010e+00
-3.015202778877307921e+00 1.138961571991681243e+00 -2.895482257899922196e+00
-2.170117847308460579e+00 1.506859065558805666e+00 -2.039854599814468372e+00
-1.502017148323279427e-01 1.210476735417434613e+00 -9.471127700461753895e-03
-7.741044082384947178e-02 8.200017363244492818e-01 7.456522977000475116e-02
-5.802579770341857041e-02 4.281619024464770051e-01 1.071016120557187062e-01
-5.281707070619112016e-02 3.604912152318401342e-02 1.293109185566597430e-01
-5.631899609521995309e-02 -3.560809025669935957e-01 1.508675474224172586e-01
-7.203330507724170495e-02 -7.480039274483689660e-01 1.802572410806554115e-01
-1.263898747124852506e-01 -1.138961571991681021e+00 2.461103956898709477e-01
-9.714748062813310936e-01 -1.506859065558805666e+00 1.101738053775323412e+00
-2.991390938757465090e+00 -1.210476735417435057e+00 3.132121525889331348e+00
-3.064182212765943714e+00 -8.200017363244496149e-01 -3.067027423819788545e+00
-3.083566855886374469e+00 -4.281619024464766721e-01 -3.034491041534074451e+00
-3.088775582883602322e+00 -3.604912152318414525e-02 -3.012281735033133678e+00
-3.085273657494573385e+00 3.560809025669929295e-01 -2.990725106167376079e+00
-3.132782691578038570e+00 -1.164641152074208375e+00 2.037621558674415745e+00
3.132782691578038570e+00 1.164641152074208375e+00 -1.103971094915377593e+00
2.888214314947217254e+00 1.556911030365644377e+00 -1.349232765492096142e+00
9.400943054583152381e-03 1.191524055302690677e+00 2.054447727112787003e+00
4.989817988701460670e-03 7.988339492390090779e-01 2.049290267839777524e+00
3.788812771386115049e-03 4.061384849444819589e-01 2.047211666154022947e+00
3.480918214123437243e-03 1.344192676292848242e-02 2.045761622240015676e+00
3.746853092898880071e-03 -3.792546593656113685e-01 2.044327636953265248e+00
4.857445162807875853e-03 -7.719502586232878105e-01 2.042326586252693144e+00
8.809962011754780484e-03 -1.164641152074208152e+00 2.037621558674415745e+00
2.533783386425748629e-01 -1.556911030365644155e+00 1.792359888097698084e+00
3.132191710535209950e+00 -1.191524055302690677e+00 -1.087144926477006335e+00
3.136602835601091765e+00 -7.988339492390094110e-01 -1.092302385750015592e+00
3.137803840818407242e+00 -4.061384849444821810e-01 -1.094380987435770169e+00
3.138111735375670008e+00 -1.344192676292800537e-02 -1.095831031349777662e+00
3.137845800496894544e+00 3.792546593656114795e-01 -1.097265016636527868e+00
3.136735208426985277e+00 7.719502586232872554e-01 -1.099266067337099972e+00
3.129941188346958114e+00 -6.209356355702920771e-01 9.584347019047184668e-01
-3.129941188346958114e+00 6.209356355702920771e-01 -2.183157951685074760e+00
-3.123671708505724620e+00 1.013594764516126290e+00 -2.174726287642338551e+00
-3.083762872970482238e+00 1.406095533380329332e+00 -2.132888030060993589e+00
-4.185405610208008109e-02 1.342334456925619479e+00 9.108879815940444935e-01
-1.628660116924119522e-02 9.497658066701593071e-01 9.384097670402204994e-01
-1.116472563579836742e-02 5.571015173446021151e-01 9.457524362680863605e-01
-9.606026302733992536e-03 1.644229566488989991e-01 9.500833272379568539e-01
-9.728819430617064237e-03 -2.282582432606663769e-01 9.538572341457975945e-01
-1.165146524283524297e-02 -6.209356355702918551e-01 9.584347019047185778e-01
-1.792094508406845768e-02 -1.013594764516126068e+00 9.668663659474547867e-01
-5.782978061931108582e-02 -1.406095533380329332e+00 1.008704623528799971e+00
-3.099738597487712966e+00 -1.342334456925620145e+00 -2.230704671995749067e+00
-3.125306052420552039e+00 -9.497658066701597512e-01 -2.203182886549572839e+00
-3.130427927953995049e+00 -5.571015173446017821e-01 -2.195840217321706866e+00
-3.131986627287059122e+00 -1.644229566488989991e-01 -2.191509326351836595e+00
-3.131863834159176019e+00 2.282582432606659051e-01 -2.187735419443995522e+00
6.962646927900983940e-02 -1.369770736840947745e+00 2.140913104830457048e+00
-6.962646927900983940e-02 1.369770736840947745e+00 -1.000679548759336290e+00
-2.484508873288539949e-02 9.774026710454992717e-01 -9.530498953497212877e-01
-1.666047097639609606e-02 5.847827899256353712e-01 -9.416482801866237207e-01
-1.415225710306208806e-02 1.921288227418194439e-01 -9.351533368960154302e-01
-1.417593131585086902e-02 -2.005318722044295565e-01 -9.296269104733755340e-01
-1.675427099483318277e-02 -5.931855094995048816e-01 -9.230844774581170586e-01
-2.515942076027733593e-02 -9.858039370658967515e-01 -9.114736356091314162e-01
-7.262129639252010160e-02 -1.378153391892634971e+00 -8.611682921324507189e-01
-3.071966184310783277e+00 -1.369770736840947967e+00 2.140913104830457048e+00
-3.116747564856907626e+00 -9.774026710454993827e-01 2.188542758240072050e+00
-3.124932182613397114e+00 -5.847827899256354822e-01 2.199944373403169173e+00
-3.127440396486731000e+00 -1.921288227418198047e-01 2.206439316693777908e+00
-3.127416722273942185e+00 2.005318722044291402e-01 2.211965743116417915e+00
-3.124838382594959718e+00 5.931855094995053257e-01 2.218508176131676279e+00
-3.116433232829515898e+00 9.858039370658967515e-01 2.230119017980662033e+00
-3.068971357197272987e+00 1.378153391892634527e+00 2.280424361457342286e+00
-1.067946568938928434e-02 -8.153370129605034267e-01 -4.200985421954477744e-02
1.067946568938928434e-02 8.153370129605034267e-01 3.099582799370248498e+00
8.028509472503525535e-03 4.226543368563134284e-01 3.095101686013408848e+00
7.325303475328857027e-03 2.996650816451179589e-02 3.092027956631455687e+00
7.831589475944044504e-03 -3.627215965356405114e-01 3.089029617094613211e+00
1.005788155986755972e-02 -7.554056064706898832e-01 3.084912825853183715e+00
1.784856454213713112e-02 -1.148070338966836301e+00 3.075530754107183906e+00
2.396769406707489336e-01 -1.539947734939473900e+00 2.852241250372645975e+00
3.120959913181759582e+00 -1.207993933403673559e+00 -3.049416550654293970e-02
3.130913187900403738e+00 -8.153370129605035377e-01 -4.200985421954478438e-02
3.133564144117289896e+00 -4.226543368563135950e-01 -4.649096757638419841e-02
3.134267350114464445e+00 -2.996650816451198324e-02 -4.956469695833765066e-02
3.133761064113849137e+00 3.627215965356401783e-01 -5.256303649518006410e-02
3.131534772029925584e+00 7.554056064706894391e-01 -5.667982773660951157e-02
3.123744089047656214e+00 1.148070338966836523e+00 -6.606189948260918210e-02
2.901915712919044932e+00 1.539947734939473900e+00 -2.893514032171466965e-01
2.063274040803346129e-02 1.207993933403674447e+00 3.111098488083250402e+00
3.114174706342381693e+00 -6.153008255969873996e-01 7.942026403530372258e-01
-3.114174706342381693e+00 6.153008255969873996e-01 -2.347390013236756001e+00
-3.099637253881122323e+00 1.007779813406204594e+00 -2.327732943438145963e+00
-3.009940965821094938e+00 1.399421685858867503e+00 -2.233473526999800729e+00
-1.010049016976258540e-01 1.346913802969476492e+00 6.798736579393208634e-01
-3.876526082255647709e-02 9.549639694133152945e-01 7.467251439844259098e-01
-2.646660838123470610e-02 5.624611909629635420e-01 7.642580383274578670e-01
-2.271559031631656747e-02 1.698771404780482497e-01 7.745332730656259157e-01
-2.295566269450141292e-02 -2.227221691544797044e-01 7.834456585569915532e-01
-2.741794724741139153e-02 -6.153008255969871776e-01 7.942026403530372258e-01
-4.195539970867077917e-02 -1.007779813406204372e+00 8.138597101516471533e-01
-1.316516877686983167e-01 -1.399421685858867281e+00 9.081191265899926091e-01
-3.040587751892167123e+00 -1.346913802969476937e+00 -2.461718995650472586e+00
-3.102827392767236514e+00 -9.549639694133156276e-01 -2.394867509605367317e+00
-3.115126045208558736e+00 -5.624611909629629869e-01 -2.377334615262335138e+00
-3.118877063273476580e+00 -1.698771404780483607e-01 -2.367059380524167533e+00
-3.118636990895292005e+00 2.227221691544790938e-01 -2.358146995032801563e+00
2.825413610433978651e+00 -6.960949045618809450e-01 5.401357837142977125e-01
-2.825413610433978651e+00 6.960949045618809450e-01 -2.601456869875495403e+00
-2.633439769234285244e+00 1.058277807103226387e+00 -2.356357441896730354e+00
-1.826155730058944160e+00 1.321631351204682003e+00 -1.500573207952207611e+00
-6.508327582961536129e-01 1.166007428339002283e+00 -2.773563277176872011e-01
-5.081528843555077612e-01 -1.058277807103226165e+00 7.852352116930626513e-01
-1.315436923530849178e+00 -1.321631351204682003e+00 1.641019445637585727e+00
-2.490759895293638504e+00 -1.166007428339002949e+00 2.864236325872104860e+00
-2.785369365722478729e+00 -8.173198763816110768e-01 -3.073231973223875091e+00
-2.874365559803810921e+00 -4.427350619272084065e-01 -2.924993347463152649e+00
-2.900192327231853717e+00 -6.232851330755971586e-02 -2.823572352984898615e+00
-2.887621927647239239e+00 3.186858999362216505e-01 -2.727086714351364627e+00
-3.122046862350488450e+00 -9.395377949069164680e-01 1.788905033589176519e+00
3.122046862350488450e+00 9.395377949069164680e-01 -1.352687620000616819e+00
3.092797869495066632e+00 1.332054385942899488e+00 -1.384320772464661120e+00
7.494857470077193051e-02 1.416138371237219751e+00 1.878742061747986636e+00
2.217657252882555483e-02 1.023757358909855641e+00 1.823625917148335107e+00
1.428695300065633590e-02 6.311189001673621624e-01 1.813115134512426341e+00
1.187058608369043720e-02 2.384522686342678000e-01 1.807488710147314270e+00
1.167323814021269286e-02 -1.542202994275917727e-01 1.802891563432049038e+00
1.350445855697841348e-02 -5.468892181699577248e-01 1.797661694223519291e+00
1.954579123930458989e-02 -9.395377949069163570e-01 1.788905033589176519e+00
4.879478409472640804e-02 -1.332054385942899488e+00 1.757271881125131996e+00
3.066644078889021685e+00 -1.416138371237219751e+00 -1.262850591841806702e+00
3.119416081060967905e+00 -1.023757358909856086e+00 -1.317966736441458009e+00
3.127305700589136706e+00 -6.311189001673624954e-01 -1.328477519077366997e+00
3.129722067506102601e+00 -2.384522686342673836e-01 -1.334103943442478846e+00
3.129919415449580633e+00 1.542202994275918004e-01 -1.338701090157744078e+00
3.128088195032814767e+00 5.468892181699571697e-01 -1.343930959366273825e+00
4.345747254374563578e-02 -7.599016301071829238e-01 -1.144072636340180693e-02
-4.345747254374563578e-02 7.599016301071829238e-01 3.130151927226391351e+00
-3.375202155694193018e-02 3.674831798721311382e-01 -3.135217814912456546e+00
-3.150763784735864659e-02 -2.501243398359649997e-02 -3.122299527733609636e+00
-3.445866788309850937e-02 -4.175037881860504396e-01 -3.109110868378441861e+00
-4.568578274896693131e-02 -8.099016734604168599e-01 -3.089990312179450971e+00
-8.743416605761218652e-02 -1.201836526350919421e+00 -3.041510677002959628e+00
-2.241960014082348795e+00 -1.530570140679616387e+00 -8.807336081497035840e-01
-3.064080859989094296e+00 -1.151956260964777767e+00 -5.233035307962680127e-02
-3.098135181046047570e+00 -7.599016301071830348e-01 -1.144072636340179999e-02
-3.107840632032851325e+00 -3.674831798721310272e-01 6.374838677336587718e-03
-3.110085015742434678e+00 2.501243398359652426e-02 1.929312585618367382e-02
-3.107133985706694634e+00 4.175037881860501066e-01 3.248178521135133834e-02
-3.095906870840826386e+00 8.099016734604167489e-01 5.160234141034242966e-02
-3.054158487532180999e+00 1.201836526350919865e+00 1.000819765868337652e-01
-8.996326395074407678e-01 1.530570140679616387e+00 2.260859045440092974e+00
-7.751179360069923585e-02 1.151956260964778211e+00 3.089262300510166259e+00
3.301123463329048296e-02 -6.335799338681475934e-01 1.009645510071710772e+00
-3.301123463329048296e-02 6.335799338681475934e-01 -2.131947143518082566e+00
-2.739475307419873482e-02 2.410538794999251277e-01 -2.118940157125112300e+00
-2.691082865119700032e-02 -1.515041488031825534e-01 -2.108336288379981216e+00
-3.109272073903878580e-02 -5.440431373605369991e-01 -2.096301391642759970e+00
-4.489860089236831497e-02 -9.364751219996829690e-01 -2.076225571769477529e+00
-1.109643587572239493e-01 -1.328220870325580005e+00 -2.004657706531468353e+00
-2.967142171520564364e+00 -1.416938762409251984e+00 8.567633011905357865e-01
-3.090247984854323171e+00 -1.025954727018452139e+00 9.852730768660760141e-01
-3.108581418956502862e+00 -6.335799338681475934e-01 1.009645510071710550e+00
-3.114197900515594419e+00 -2.410538794999252665e-01 1.022652496464681038e+00
-3.114681824938596133e+00 1.515041488031825812e-01 1.033256365209812344e+00
-3.110499932850754323e+00 5.440431373605368881e-01 1.045291261947033590e+00
-3.096694052697424482e+00 9.364751219996827469e-01 1.065367081820316031e+00
-3.030628294832569125e+00 1.328220870325580449e+00 1.136934947058325429e+00
-1.744504820692294456e-01 1.416938762409251984e+00 -2.284829352399257996e+00
-5.134466873547009758e-02 1.025954727018452806e+00 -2.156319576723717546e+00
1.915579431255504464e-02 -6.790281493537100310e-01 1.258713590053126108e+00
-1.915579431255504464e-02 6.790281493537100310e-01 -1.882879063536667230e+00
-1.553931019767098784e-02 2.863860229002730962e-01 -1.875237606811906765e+00
-1.499093528627955772e-02 -1.062684866430700092e-01 -1.869257438899075252e+00
-1.697587981987586439e-02 -4.989188756569159500e-01 -1.862724463033333278e+00
-2.372951190966049798e-02 -8.915408810015875707e-01 -1.852383730898271130e+00
-5.271741331469423364e-02 -1.284000604650690436e+00 -1.820279694815701621e+00
-3.001977010869846918e+00 -1.463479632879320924e+00 1.131922274628663905e+00
-3.110450075567170458e+00 -1.071613087093701067e+00 1.243400635117548170e+00
-3.122436859277238241e+00 -6.790281493537101420e-01 1.258713590053126108e+00
-3.126053343392122486e+00 -2.863860229002733182e-01 1.266355046777886573e+00
-3.126601718303513522e+00 1.062684866430700092e-01 1.272335214690717864e+00
-3.124616773769917089e+00 4.989188756569153949e-01 1.278868190556460060e+00
-3.117863141680132344e+00 8.915408810015871266e-01 1.289208922691522208e+00
-3.088875240275098744e+00 1.284000604650690436e+00 1.321312958774091717e+00
-1.396156427199461980e-01 1.463479632879321146e+00 -2.009670378961129433e+00
-3.114257802262284519e-02 1.071613087093701733e+00 -1.898192018472244946e+00
3.130019925750824772e+00 -1.108984671806932720e+00 -4.128683949900233130e-01
-3.130019925750824772e+00 1.108984671806932720e+00 2.728724258599769747e+00
-3.067033836159002380e+00 1.501518609075519706e+00 2.792744349634020740e+00
-1.621403359030672633e-02 1.247143473021185223e+00 -4.386012713312634204e-01
-1.157272783896843953e-02 -1.108984671806932720e+00 -4.128683949900233130e-01
-7.455881743079023627e-02 -1.501518609075519484e+00 -3.488483039557736531e-01
-3.125378619999486851e+00 -1.247143473021185001e+00 2.702991382258530084e+00
-3.133739691174619146e+00 -8.544687544605287233e-01 2.712440788771601330e+00
-3.135833016343326562e+00 -4.617783271667209588e-01 2.715797543244394152e+00
-3.136423947593478534e+00 -6.908494167557502341e-02 2.718006920885802202e+00
-3.136153974823203683e+00 3.236087612389519363e-01 2.720093180990458492e+00
-3.134756109643463518e+00 7.163007285305342808e-01 2.722852627756538357e+00
2.201879056807152235e+00 -1.561004327950050952e+00 2.996951900645190570e+00
3.133055675974293575e+00 -3.869087593931809232e-01 2.060482446014111790e+00
3.133686611999969340e+00 5.777408000758947962e-03 2.057215465466097015e+00
3.133014718870863025e+00 3.984635134370925202e-01 2.053932811541430148e+00
9.397135967826809599e-01 1.561004327950051174e+00 -1.446407529445626339e-01
3.127942684585719668e+00 -8.283079677317144451e-01 1.668747144609886268e+00
-3.127942684585719668e+00 8.283079677317144451e-01 -1.472845508979906848e+00
-3.114664970268818944e+00 1.220936720107450135e+00 -1.457605788127856128e+00
-2.116965594873495282e-01 1.526860501825502592e+00 1.447191412068556726e+00
-2.186634771589731838e-02 1.135049551732350448e+00 1.638866108511579656e+00
-1.252502642012396153e-02 7.424028735071673823e-01 1.650221805280623899e+00
-9.823584401084606288e-03 3.497273344464190137e-01 1.655323655357190837e+00
-9.237428653329269809e-03 -4.295438411414227026e-02 1.659086397505552979e+00
-1.017969909560277955e-02 -4.356354732466843904e-01 1.662985538845057620e+00
-1.364996900407354670e-02 -8.283079677317142231e-01 1.668747144609886268e+00
-2.692768332097438336e-02 -1.220936720107449691e+00 1.683986865461936988e+00
-2.929896094102443005e+00 -1.526860501825502592e+00 -1.694401241521237056e+00
-3.119726305873895988e+00 -1.135049551732350892e+00 -1.502726545078213460e+00
-3.129067627169669130e+00 -7.424028735071677154e-01 -1.491370848309169217e+00
-3.131769069188708787e+00 -3.497273344464186806e-01 -1.486268998232602501e+00
-3.132355224936464122e+00 4.295438411414206903e-02 -1.482506256084240359e+00
-3.131412954494190437e+00 4.356354732466838908e-01 -1.478607114744735718e+00
1.617687741475752616e-02 -6.251563513688072060e-01 5.543093110407669721e-01
-1.617687741475752616e-02 6.251563513688072060e-01 -2.587283342549026255e+00
-1.347989085724592834e-02 2.324989935713163147e-01 -2.580921781374403423e+00
-1.328725028254496357e-02 -1.601658171764348826e-01 -2.575696504125761344e+00
-1.541320517416783220e-02 -5.528257127623634748e-01 -2.569721853883762730e+00
-2.240954180156020867e-02 -9.454587056823365865e-01 -2.559645775391843348e+00
-5.686670249642213765e-02 -1.337913945630091250e+00 -2.522480927548682139e+00
-3.059531040411092473e+00 -1.410085008858156019e+00 4.827681584483387023e-01
-3.116617947405671440e+00 -1.017778130082335197e+00 5.425236797982094794e-01
-3.125415776175035631e+00 -6.251563513688073170e-01 5.543093110407669721e-01
-3.128112762732547125e+00 -2.324989935713164257e-01 5.606708722153899149e-01
-3.128305403307248156e+00 1.601658171764347993e-01 5.658961494640316614e-01
-3.126179448415625561e+00 5.528257127623631417e-01 5.718707997060304971e-01
-3.119183111788233376e+00 9.454587056823364755e-01 5.819468781979494354e-01
-3.084725951093371332e+00 1.337913945630091472e+00 6.191117260411108658e-01
-8.206161317870039329e-02 1.410085008858156241e+00 -2.658824495141453692e+00
-2.497470618412165819e-02 1.017778130082335641e+00 -2.599068973791583748e+00
