-3.097810445002906921e+00 -1.839056116070749911e-02 2.687460198825083246e+00
3.096383535317321023e+00 1.056321707902519558e+00 -2.868267708047545383e+00
2.959844397255131376e+00 1.447446981420147383e+00 -3.009301584356073089e+00
8.279806708610698562e-02 1.298547491885058580e+00 3.924499605814809056e-01
3.607652306950791254e-02 9.064199547687303848e-01 3.410960807156031005e-01
2.554011140077461911e-02 5.138971662094204973e-01 3.252452419883993806e-01
2.240532642502287772e-02 1.213075729088871763e-01 3.154000191156121069e-01
2.308512071343500616e-02 -2.712925444659345375e-01 3.065009972925927251e-01
2.823937750375264677e-02 -6.638668936468924420e-01 2.952852529534090720e-01
4.520911827247215548e-02 -1.056321707902519336e+00 2.733249455422475660e-01
1.817482563346619062e-01 -1.447446981420147383e+00 1.322910692337196659e-01
3.058794586503685853e+00 -1.298547491885059024e+00 -2.749142693008312044e+00
3.105516130520284968e+00 -9.064199547687310510e-01 -2.800496572874189738e+00
2.824870540708819711e+00 9.913136038272357675e-01 -2.527219304910241604e+00
2.325961243545670687e+00 1.334380378032168801e+00 -3.061094051798395999e+00
6.513424371820994985e-01 1.285631069024066431e+00 1.513621029296052800e+00
2.888535096266746649e-01 9.288868538230943273e-01 1.115707805364887228e+00
2.010700041840149666e-01 5.472663538812644335e-01 9.877062767640166774e-01
1.736618083764527309e-01 1.612339673559189390e-01 9.101956476271549912e-01
1.758900018243044205e-01 -2.256320037721466498e-01 8.422998991095989041e-01
2.097991686194858596e-01 -6.112863833999232499e-01 7.604368390853998294e-01
3.167221128809733499e-01 -9.913136038272356565e-01 6.143733486795512899e-01
8.156314100441223180e-01 -1.334380378032168801e+00 8.049860179139758931e-02
2.490250216407693173e+00 -1.285631069024066653e+00 -1.627971624293739428e+00
2.852739143963118451e+00 -9.288868538230946603e-01 -2.025884848224905888e+00
3.761079116466667926e-01 1.537561104001764711e+00 3.059974622842602798e-01
1.305015754425899697e-02 3.617572355967385023e-01 -6.530285560718927795e-02
1.221129416309570115e-02 -3.091135432829014359e-02 -7.029920055722635452e-02
1.338877268536005707e-02 -4.235791530834888685e-01 -7.542518017713045753e-02
2.765484741943125435e+00 -1.537561104001764711e+00 -2.835595191305531504e+00
3.129381359426697706e+00 3.091135432829015400e-02 3.071293453032566845e+00
-2.834744346781632451e+00 -1.464760103353769827e+00 1.975950277814080502e+00
2.834744346781632451e+00 1.464760103353769827e+00 -1.165642375775712614e+00
1.108098353046277212e-01 1.277516848278890116e+00 2.387295062242069665e+00
5.055713023348846341e-02 8.858896444024333405e-01 2.320349223589724730e+00
3.630897638019121854e-02 4.935417688925018975e-01 2.298387650167399432e+00
3.213835529106853772e-02 1.010659494743764292e-01 2.284424154672160867e+00
3.338237479446630462e-02 -2.914278645160757741e-01 2.271585782715159763e+00
4.125451384660937942e-02 -6.838634574228947827e-01 2.255107305648047511e+00
6.737857634988587974e-02 -1.076030737048933927e+00 2.221861716635715744e+00
3.068483068081601650e-01 -1.464760103353769605e+00 1.975950277814080724e+00
3.030782818285165270e+00 -1.277516848278890116e+00 -7.542975913477234506e-01
3.074214077239907361e+00 1.076030737048933483e+00 -9.197309369540771495e-01
-5.526993870081443189e-02 -9.451343165809288349e-01 -1.824206667120264469e-01
5.526993870081443189e-02 9.451343165809288349e-01 2.959171986877766614e+00
3.802329988106391279e-02 5.528373038166944919e-01 2.934329035185494927e+00
3.277790494870316818e-02 1.603766773456505867e-01 2.919592010387529690e+00
3.324910499307710821e-02 -2.321138878726400623e-01 2.906704741149316540e+00
3.989056324997707070e-02 -6.245592088819200693e-01 2.891022134695424128e+00
6.153188636049843063e-02 -1.016788690186178457e+00 2.862009472896870133e+00
1.998839139996516356e-01 -1.407132519423218708e+00 2.717073808082886455e+00
3.001871953523109759e+00 -1.336355645332443887e+00 -9.129065177090504857e-02
3.086322714888978691e+00 -9.451343165809290570e-01 -1.824206667120263636e-01
3.101702090339816031e+00 6.245592088819196253e-01 -2.505705188943692652e-01
3.080060767229294783e+00 1.016788690186178679e+00 -2.795831806929229835e-01
2.941708739590141342e+00 1.407132519423218708e+00 -4.245188455069071054e-01
1.397207000666836618e-01 1.336355645332444553e+00 3.050302001818888442e+00
2.542189712619197461e+00 -1.513441796878145285e+00 2.922852961056026100e+00
-2.542189712619197461e+00 1.513441796878145285e+00 -2.187396925337669884e-01
-9.529496903718914780e-02 1.224018838135391141e+00 2.234562721444799394e+00
-4.805208492238168677e-02 8.321958383903236278e-01 2.288673688000799622e+00
-3.574796304210665215e-02 4.398254044711794597e-01 2.308990218763976365e+00
-3.238073922829511758e-02 4.734779323131424467e-02 2.322683231607496346e+00
-3.437213801872990304e-02 -3.451383412204704348e-01 2.335849424744541825e+00
-4.370800562942817741e-02 -7.375499887485347239e-01 2.353619217814213460e+00
-7.580608692202613075e-02 -1.129615172318449767e+00 2.392787776323468840e+00
-5.994029409705944333e-01 -1.513441796878145285e+00 2.922852961056025212e+00
-3.046297684552603968e+00 -1.224018838135391141e+00 -9.070299321449938335e-01
-3.093540568667411783e+00 -8.321958383903236278e-01 -8.529189655889934940e-01
-3.065786566667767055e+00 1.129615172318449101e+00 -7.488048772663243868e-01
-3.131646099067576294e+00 1.443590763581757530e+00 -2.761244786422250463e+00
-1.272104353116410491e-03 1.271992366324734558e-01 3.703202980213492479e-01
-1.307644995594002806e-03 -2.654995267768230915e-01 3.708247877076352728e-01
-9.946554522217621389e-03 -1.443590763581757530e+00 3.803478671675433742e-01
-3.138979843777469636e+00 -1.128203737840988818e+00 2.011556698770988749e+00
3.138979843777469636e+00 1.128203737840988818e+00 -1.130035954818804367e+00
3.119158282986181252e+00 1.520891603386429258e+00 -1.150081352603111728e+00
3.329106222236128017e-03 1.227987677021012747e+00 2.017053151703850578e+00
1.667786689285892130e-03 8.352896576971010623e-01 2.015154399706067245e+00
1.238343350135612166e-03 4.425909711749525521e-01 2.014448111207600256e+00
1.120416959701566427e-03 4.989215495535315875e-02 2.013973627400770461e+00
1.188155671742569322e-03 -3.428066720236045972e-01 2.013518373503750514e+00
1.509150942503459727e-03 -7.355054106263378966e-01 2.012905167193286271e+00
2.612809812323685973e-03 -1.128203737840988818e+00 2.011556698770988749e+00
2.243437060361165927e-02 -1.520891603386429036e+00 1.991511300986681610e+00
3.138263547367556860e+00 -1.227987677021012747e+00 -1.124539501885942316e+00
3.129270682683182425e+00 1.839393738579667495e-02 1.545296221031382977e+00
3.079571439198488303e+00 9.046450445199190338e-02 2.927007011705420325e+00
-3.122394434862411305e+00 1.063795611338121533e-01 -1.375032548656276887e+00
3.098909293761408890e+00 1.034797625656549203e+00 -2.757777380341455586e+00
2.989717597349297318e+00 1.426255611303666182e+00 -2.871389363179223775e+00
8.794447569969846001e-02 1.320067767778625889e+00 5.057266129786132103e-01
3.636085682019364607e-02 9.279805563173230132e-01 4.496267283324431596e-01
2.534094485472726879e-02 5.354577717470044851e-01 4.334503681813708376e-01
2.201784771017414183e-02 1.428654460130150683e-01 4.236538853956801076e-01
2.249135777786561916e-02 -2.497388841231766021e-01 4.149588482440642601e-01
2.721900180018133053e-02 -6.423208322882957289e-01 4.042102179353169178e-01
4.268335982838438597e-02 -1.034797625656548981e+00 3.838152732483379181e-01
1.518750562404954652e-01 -1.426255611303666182e+00 2.702032904105697853e-01
3.053648177890094129e+00 -1.320067767778626333e+00 -2.635866040611179351e+00
3.105231796769599484e+00 -9.279805563173234573e-01 -2.691965925257350012e+00
9.121623091771630804e-03 -7.099990027994164121e-01 1.665580082946553908e-01
-9.121623091771630804e-03 7.099990027994164121e-01 -2.975034645295137725e+00
-7.280946489087294915e-03 3.173126288282434593e-01 -2.971360572343913375e+00
-6.937154633581825956e-03 -7.537678841314490730e-02 -2.968566361622477778e+00
-7.751164907581147880e-03 -4.680655815057995772e-01 -2.965591698044935498e+00
-1.061183061466910646e-02 -8.607489246461248467e-01 -2.961041367139016778e+00
-2.216649754231518957e-02 -1.253402997764586857e+00 -2.948029110491307225e+00
-3.049991783074466056e+00 -1.495101590059541685e+00 8.116384632632114848e-02
-3.126261402211667928e+00 -1.102671326298930055e+00 1.588218077518446791e-01
-3.119426156047477861e+00 1.253402997764587301e+00 1.935635430984860850e-01
-9.160087051532751767e-02 1.495101590059541685e+00 -3.060428807263471995e+00
-1.533125137812512730e-02 1.102671326298930499e+00 -2.982770845837948492e+00
3.139460749304067377e+00 -1.224853371636211302e-01 -2.796569382826903372e+00
3.032657183259761968e+00 1.770982108201584471e-01 9.225205843730700517e-01
-3.022318929058327441e+00 -1.143036097152188013e+00 -5.910272882850876597e-01
3.022318929058327441e+00 1.143036097152188013e+00 2.550565365304705345e+00
2.150667601632853199e+00 1.511754748391868297e+00 1.669055204122852354e+00
1.392658902786738651e-01 1.207251732283157519e+00 -3.521420876806696243e-01
7.214484462875039861e-02 8.164746002576530604e-01 -4.297946717460177091e-01
5.419646649333035443e-02 4.245234957798727504e-01 -4.600710600799228778e-01
4.940746773718310975e-02 3.233668448771347126e-02 -4.808133285309854066e-01
5.276428619964357303e-02 -3.598636621300267957e-01 -5.010079079598654950e-01
6.763251928437925831e-02 -7.518800694379430549e-01 -5.286435216080068722e-01
1.192737245314659245e-01 -1.143036097152187791e+00 -5.910272882850875487e-01
9.909250519569390292e-01 -1.511754748391868297e+00 -1.472537449466939652e+00
3.002326763311119251e+00 -1.207251732283157519e+00 2.789450565909123547e+00
3.123201496202927085e+00 1.033600017924784842e+00 -2.059668144078420138e+00
3.076294488297906859e+00 1.426069291273200479e+00 -2.108484375731404015e+00
3.827962356746975742e-02 1.322345499950057235e+00 1.134831005154886885e+00
1.573705205604357740e-02 9.297616845300399335e-01 1.110338944432504249e+00
1.095317583009852540e-02 5.370955842338599462e-01 1.103329957512841020e+00
9.509901537030511498e-03 1.444164332516124083e-01 1.099094337310720260e+00
9.708572775649643855e-03 -2.482649824360202984e-01 1.095339994505245551e+00
1.174122837306559343e-02 -6.409422531357922281e-01 1.090704793812722118e+00
1.839115738686612073e-02 -1.033600017924784620e+00 1.081924509511372978e+00
6.529816529188645080e-02 -1.426069291273200701e+00 1.033108277858389101e+00
3.103313030022323726e+00 -1.322345499950057457e+00 -2.006761648434906231e+00
3.125855601533749528e+00 -9.297616845300401556e-01 -2.031253709157289311e+00
-8.182414669865268123e-03 -7.904001193367274913e-01 1.543688568518620076e-03
8.182414669865268123e-03 7.904001193367274913e-01 -3.140048965021274618e+00
6.244157597187861841e-03 3.977108136947709038e-01 3.139740013176547606e+00
5.756868176785256627e-03 5.018610101187856443e-03 3.137350460676679997e+00
6.218251060385615071e-03 -3.876736220290809554e-01 3.134970822139801605e+00
8.100697648753128061e-03 -7.803630654583890713e-01 3.131622361624947448e+00
1.486240269974701579e-02 -1.173039110502841043e+00 3.123619292124191649e+00
8.537971595899126465e-01 -1.563159069413322833e+00 2.283538855278159474e+00
3.126365734671848973e+00 -1.183075361296167749e+00 9.825743372019871136e-03
3.133410238919927870e+00 -7.904001193367276024e-01 1.543688568518623979e-03
3.133491955941039908e+00 7.803630654583886272e-01 -9.970291964845601901e-03
3.126730250890046303e+00 1.173039110502841265e+00 -1.797336146560150547e-02
2.287795493999876140e+00 1.563159069413322833e+00 -8.580537983116379719e-01
1.522691891794436189e-02 1.183075361296168193e+00 -3.131766910217773425e+00
1.897832924015563014e-02 2.333710015436280816e-01 -2.539774638130088746e+00
1.870049615457080802e-02 -1.592601737309084220e-01 -2.547130043348982298e+00
-3.115342775957973043e+00 -1.119431460128093248e+00 -4.648670341447759258e-01
3.115342775957973043e+00 1.119431460128093248e+00 2.676725619445017301e+00
2.948308970107268667e+00 1.511157790575839543e+00 2.507399145478879099e+00
3.489449803629355445e-02 1.236439079612635661e+00 -4.082814502677047375e-01
1.722767557593937390e-02 8.438550217406722842e-01 -4.283717160656252965e-01
1.272220553659963310e-02 4.511978766568023880e-01 -4.356972996296992195e-01
1.146861486541083872e-02 5.852671261869500652e-02 -4.405741149566415049e-01
1.211931724362738487e-02 -3.341457743907038092e-01 -4.452198344247987327e-01
1.532075504281148193e-02 -7.268093287100715338e-01 -4.514258939601435983e-01
2.624987763182006634e-02 -1.119431460128093248e+00 -4.648670341447759258e-01
1.932836834825235328e-01 -1.511157790575839543e+00 -6.341935081109134620e-01
3.106698155553499596e+00 -1.236439079612635883e+00 2.733311203322088545e+00
3.124364978013853822e+00 -8.438550217406728393e-01 2.713220937524167820e+00
3.126271898546981731e+00 7.268093287100707567e-01 2.690166759629649906e+00
3.130124038724382274e+00 -5.852671261869469427e-02 2.701018538633151778e+00
-3.106316230255445898e+00 -7.134902809277273716e-01 1.146660682523552716e-01
3.106316230255445898e+00 7.134902809277273716e-01 -3.026926585337438080e+00
3.082091598243102304e+00 1.105787773919868711e+00 -3.057029228420476752e+00
2.784676251195991714e+00 1.494398724038418225e+00 2.923390623720816262e+00
8.432115314184308874e-02 1.248629716456993277e+00 2.177610940983166765e-01
4.072200294698275630e-02 8.565876088121906484e-01 1.685364642467535867e-01
2.982536044817178308e-02 4.641209050402481107e-01 1.511132382440278366e-01
2.673797983459573133e-02 7.157440489430012820e-02 1.396717156930312453e-01
2.810529281038099195e-02 -3.209808944963684629e-01 1.288898880247167089e-01
3.527642333434721778e-02 -7.134902809277272606e-01 1.146660682523552854e-01
5.950105534669083290e-02 -1.105787773919868711e+00 8.456342516931665554e-02
3.569164023938016794e-01 -1.494398724038418225e+00 -2.182020298689772708e-01
3.057271500447949819e+00 -1.248629716456993499e+00 -2.923831559491476551e+00
3.100870650642810311e+00 -8.565876088121907594e-01 -2.973056189343039613e+00
2.780999970625977369e+00 -1.140429087832865729e-01 1.289738214488861390e+00
2.698053293760938498e+00 6.148886304146713444e-01 9.793470271018325235e-01
-3.103015449008359017e+00 -1.024512686100272463e+00 -3.866149526626370680e-01
3.103015449008359017e+00 1.024512686100272463e+00 2.754977700927156103e+00
3.011059441584483132e+00 1.416247878976172325e+00 2.658950127249543272e+00
8.430056994024222317e-02 1.330530533758097045e+00 -2.717578320568475037e-01
3.390361244277750874e-02 9.383783398783935858e-01 -3.262974828357940726e-01
2.344496095489528517e-02 5.458313433655946900e-01 -3.414752340188425550e-01
2.027539281635118429e-02 1.532232143559416615e-01 -3.505528847402862302e-01
2.062612790227316001e-02 -2.393958498437065707e-01 -3.585392525121264273e-01
2.483553715481656710e-02 -6.319969177341180355e-01 -3.683215531429227529e-01
3.857720458143423792e-02 -1.024512686100272463e+00 -3.866149526626371791e-01
1.305332120053099565e-01 -1.416247878976172103e+00 -4.826425263402499555e-01
3.057292083649551184e+00 -1.330530533758097267e+00 2.869834821532945668e+00
3.107689041147015718e+00 -9.383783398783942520e-01 2.815295170753999265e+00
3.116757116434976549e+00 6.319969177341175914e-01 2.773271100446870641e+00
-3.256644945390449464e-02 -1.387342848952145102e+00 -6.207732587408639757e-01
3.256644945390449464e-02 1.387342848952145102e+00 2.520819394848929029e+00
1.090426580276309190e-02 9.947117163320879918e-01 2.497943494571774892e+00
7.207053584953592232e-03 6.020276716661053795e-01 2.492880557612218162e+00
6.072529337343042510e-03 2.093369640234038209e-01 2.490061003917605653e+00
6.041225133030947263e-03 -1.833550982221249792e-01 2.487697542125622885e+00
7.083007055941787332e-03 -5.760459924229009987e-01 2.484940802034659058e+00
1.048834482606935022e-02 -9.687308595871338968e-01 2.480154792647896844e+00
2.857546087406982391e-02 -1.361372593938296127e+00 2.460847607347974364e+00
3.109026204135888705e+00 -1.387342848952145324e+00 -6.207732587408639757e-01
3.130688387787030180e+00 -9.947117163320881028e-01 -6.436491590180182243e-01
3.134385600004840011e+00 -6.020276716661052685e-01 -6.487120959775749540e-01
3.134509646533851779e+00 5.760459924229015538e-01 -6.566518515551343915e-01
3.131104308763724031e+00 9.687308595871341188e-01 -6.614378609418960497e-01
3.113017192715723525e+00 1.361372593938295683e+00 -6.807450462418187520e-01
-3.107798806632615651e+00 -1.047576064030996790e+00 1.897382476246247451e+00
3.107798806632615651e+00 1.047576064030996790e+00 -1.244210177343545887e+00
3.012338262061388772e+00 1.439438964222562900e+00 -1.343087742897620451e+00
6.499513072155382876e-02 1.307841219648520514e+00 1.989424940943244957e+00
2.770702213167142158e-02 9.154867102521848654e-01 1.948627839259839956e+00
1.948765765417246471e-02 5.228909395435675789e-01 1.936390787027036264e+00
1.702769230120647348e-02 1.302553494127691447e-01 1.928869873556609882e+00
1.748183027093334896e-02 -2.623867756865009282e-01 1.922123002377706280e+00
2.129013335025559464e-02 -6.550146434350201385e-01 1.913687420609504253e+00
3.379384695717742998e-02 -1.047576064030996790e+00 1.897382476246247229e+00
1.292543915284039557e-01 -1.439438964222562678e+00 1.798504910692173109e+00
3.076597522868239398e+00 -1.307841219648520514e+00 -1.152167712646548381e+00
3.113885631458121583e+00 -9.154867102521850875e-01 -1.192964814329953160e+00
3.120302520239537802e+00 6.550146434350196945e-01 -1.227905232980289085e+00
-3.136456543539757558e+00 1.146252178134853639e-01 3.084827852317301722e-01
