7.113061658576128599e-01 -1.054606219099803344e+00 1.286303069392074727e+00
-7.113061658576128599e-01 1.054606219099803344e+00 -1.855289584197718389e+00
-4.435054496686340331e-01 7.213835264997731089e-01 -1.516120356866647478e+00
-3.512299028714098159e-01 3.582104496562402152e-01 -1.339866804764936692e+00
-3.280947248383172532e-01 -1.260234060546493000e-02 -1.207809517034822200e+00
-3.548078434896150823e-01 -3.831935483544867682e-01 -1.074455947009759660e+00
-4.539127921945400601e-01 -7.453732203012942703e-01 -8.925316400070972822e-01
-7.432354479953791060e-01 -1.074497733668042132e+00 -5.324030622311175520e-01
-2.430286487732180589e+00 -1.054606219099803344e+00 1.286303069392074727e+00
-2.698087203921159194e+00 -7.213835264997733310e-01 1.625472296723145638e+00
-2.790362750718383467e+00 -3.582104496562400486e-01 1.801725848824856424e+00
-2.813497928751476085e+00 1.260234060546450152e-02 1.933783136554970916e+00
-2.786784810100177978e+00 3.831935483544863796e-01 2.067136706580033678e+00
-2.687679861395253056e+00 7.453732203012944924e-01 2.249061013582696056e+00
2.150631547164401081e+00 -3.607000521139141491e-01 9.940861548510758761e-01
-2.150631547164401081e+00 3.607000521139141491e-01 -2.147506498738717351e+00
-1.406348995625673615e+00 6.543809835435024924e-01 -8.048060551488834813e-01
-1.147193639967619028e+00 5.382446463204937359e-01 -3.495545382840863358e-01
-9.824177248413852315e-01 3.453731406185792108e-01 3.026494328750927235e-02
-9.071634642389430070e-01 1.131665545487354624e-01 3.563969685354195782e-01
-9.098443794194620571e-01 -1.302573497393638702e-01 6.653256702853916904e-01
-9.909611064253923685e-01 -3.607000521139139271e-01 9.940861548510757650e-01
-1.162567609187320494e+00 -5.494743652152427327e-01 1.378907055622978106e+00
-1.427512394628469128e+00 -6.586408868312751963e-01 1.839120743634810262e+00
-2.231748274170331392e+00 1.302573497393635094e-01 -2.476266983304401759e+00
-1.702465423843535275e+00 -9.212781041253617631e-02 -2.628137014285154560e+00
-1.642142408698509470e+00 3.458339841168599910e-02 7.324008791185468992e-01
1.642142408698509470e+00 -3.458339841168599910e-02 -2.409191774471246550e+00
1.649931516239568019e+00 -4.681048157996955082e-03 -2.800841829600151378e+00
1.645717209503755107e+00 2.592999319118176674e-02 3.090801568736046168e+00
1.630121178918974234e+00 5.261231105892423543e-02 2.698692055584554605e+00
1.605467860998689877e+00 7.130334832263689193e-02 2.305668293311591732e+00
-1.813603730068944930e+00 1.234862866212776411e-01 -1.784115233221577279e+00
-1.547453877452377613e+00 2.708720480578036272e-01 -5.877522946619687660e-01
-1.443617862173015132e+00 2.409217130395120143e-01 -1.828191963525957753e-01
-1.361005586685085200e+00 1.741788750732970736e-01 2.128486950142428336e-01
-1.311224549363318337e+00 8.170878225311863086e-02 5.978343572710583809e-01
-1.299854026181578526e+00 -2.249118899808090141e-02 9.767971978175178371e-01
-1.327988923520848186e+00 -1.234862866212776272e-01 1.357477420368215615e+00
-1.392793972875913333e+00 -2.065701269881696500e-01 1.746762187712477488e+00
-1.486268669272250875e+00 -2.586858819387691799e-01 2.146959379173745130e+00
-1.594138776137415503e+00 -2.708720480578036272e-01 2.553840358927824461e+00
-1.830368104226474557e+00 -8.170878225311878351e-02 -2.543758296318735290e+00
-3.555224277764539864e-01 4.650087777932209177e-01 -8.530403711032462644e-01
-3.178164992275563372e-01 9.377419871816984609e-02 -7.188456237184841502e-01
-3.295702628693956693e-01 -2.790186225154507871e-01 -5.941256827785433847e-01
-4.004457217000321201e-01 -6.466705107523326168e-01 -4.383134540910705867e-01
-2.664947442578783132e+00 -8.256002736548975207e-01 2.090833314912847740e+00
-2.786070225813339185e+00 -4.650087777932213062e-01 2.288552282486546741e+00
-2.823776154362236834e+00 -9.377419871817038732e-02 2.422747029871309188e+00
-2.812022390720397613e+00 2.790186225154510646e-01 2.547466970811250064e+00
-2.741146931889761440e+00 6.466705107523322837e-01 2.703279199498722640e+00
1.843807390323405127e+00 -1.282710907583985149e-01 4.956642021154545885e-01
1.855543905456125353e+00 9.880022992683944183e-02 -2.579172543707808352e-01
1.797716195799680339e+00 1.994277059320190004e-01 -6.419907351693532327e-01
2.486829689083026818e+00 -4.161561222458458609e-01 1.141869888896448249e+00
-2.486829689083026818e+00 4.161561222458458609e-01 -1.999722764693344867e+00
-5.938683733929310815e-01 -9.598931610034851236e-02 9.055555803897800127e-01
-6.547629645067665205e-01 -4.161561222458457499e-01 1.141869888896448249e+00
-2.547724280196862257e+00 9.598931610034806827e-02 -2.236037073200013658e+00
1.624386867077540764e+00 -1.055929543645368895e-01 -2.684206482198928795e-02
1.660729578797779160e+00 -7.706601869091832258e-02 -4.201778970533942559e-01
1.683301773454476180e+00 -3.687003459700541330e-02 -8.114839933076574141e-01
1.688833080056667546e+00 8.878366851404145485e-03 -1.201582010754994601e+00
1.525805095685811796e+00 3.225916606287410060e-01 3.019799993604593169e+00
1.402753153362190197e+00 2.802227282341713255e-01 2.610667746465179739e+00
1.308541121682666120e+00 1.952467118927224132e-01 2.215892858220495309e+00
1.255330001594853195e+00 8.200326387830839114e-02 1.835974331994689956e+00
1.247900128072944925e+00 -4.266899971686503173e-02 1.463275701450059252e+00
1.286780454963423193e+00 -1.614297165228026631e-01 1.086755153517692030e+00
1.368820748167001833e+00 -2.571583074638989497e-01 6.971287555770089295e-01
1.484556843516310121e+00 -3.143698082706553598e-01 2.919046796962602719e-01
1.893692525516848413e+00 4.266899971686494847e-02 -1.678316952139733642e+00
1.854812198626370146e+00 1.614297165228025799e-01 -2.054837500072100642e+00
3.967028268388943235e-02 -8.994424412644705935e-01 -2.403961064951713189e-01
-3.967028268388943235e-02 8.994424412644705935e-01 2.901196547094621714e+00
-2.822333951202790972e-02 5.069575779959112349e-01 2.918558128629759274e+00
-2.483514477562692377e-02 1.143926076677668074e-01 2.929428557820442869e+00
-2.565946442448677547e-02 -2.781845452657556450e-01 2.939311685261268181e+00
-3.149777506758320161e-02 -6.707289891186948294e-01 2.951845541510044413e+00
-2.128602078683264898e-01 -1.453750351642949079e+00 -3.139474439126943128e+00
-3.051995755917297881e+00 -1.291461444736988762e+00 -2.954702882801696906e-01
-3.101922370905903836e+00 -8.994424412644707045e-01 -2.403961064951713189e-01
-3.113369314077765182e+00 -5.069575779959115680e-01 -2.230345249600339530e-01
-3.116757508814166133e+00 -1.143926076677668768e-01 -2.121640957693504137e-01
-3.115933189165306594e+00 2.781845452657552009e-01 -2.022809683285251847e-01
-3.110094878522210227e+00 6.707289891186944963e-01 -1.897471120797487587e-01
1.373325202070332152e+00 4.384433730262417006e-01 1.544547284236919671e+00
1.218319877484822511e+00 3.302058872828018132e-01 1.136653801374497119e+00
1.123604408110643993e+00 1.754819889996818705e-01 7.632808336570434671e-01
1.092583673553432444e+00 -1.650951227000661868e-03 4.109858841790356987e-01
1.124762148540701556e+00 -1.785809837107831533e-01 5.848704680991950733e-02
1.220638245459077176e+00 -3.326750707671906615e-01 -3.154364434578779131e-01
1.376631140253575136e+00 -4.398394166673393890e-01 -7.239810781590165778e-01
9.555855577957153568e-02 -6.116293380078591246e-01 5.146146921095058335e-01
-9.555855577957153568e-02 6.116293380078591246e-01 -2.626977961480287505e+00
-8.013819159751105203e-02 2.203948373132159355e-01 -2.589551077136859281e+00
-7.935671820046054370e-02 -1.710879036968558642e-01 -2.558457433469289111e+00
-9.246896433379911406e-02 -5.623835561124277405e-01 -2.522590266325964503e+00
-1.352127181334486228e-01 -9.526918566839155389e-01 -2.461574918712289062e+00
-2.996124385235120702e+00 -1.001670455992474729e+00 4.468074557292807669e-01
-3.046034097810221830e+00 -6.116293380078592357e-01 5.146146921095058335e-01
-3.061454461992282106e+00 -2.203948373132159910e-01 5.520415764529335023e-01
-3.062235935389332475e+00 1.710879036968558642e-01 5.831352201205038943e-01
-3.049123689255994307e+00 5.623835561124275184e-01 6.190023872638288349e-01
-3.006379935456344299e+00 9.526918566839155389e-01 6.800177348775041652e-01
-1.454682683546725530e-01 1.001670455992475173e+00 -2.694785197860512405e+00
3.140592696905570413e+00 -1.013930945779798254e+00 -3.283562231325950487e-01
-3.140592696905570413e+00 1.013930945779798254e+00 2.813236430457198178e+00
-3.138358828274166790e+00 1.406629408739510367e+00 2.815577897479446534e+00
-9.080252167475935275e-04 9.495640432789348440e-01 -3.299434739760255808e-01
-6.225642032175767024e-04 5.568650697464441190e-01 -3.295341447888459618e-01
-5.357074055467271265e-04 1.641660518625257803e-01 -3.292926529354404108e-01
-5.426128599353742532e-04 -2.285329742166588018e-01 -3.290821741024484437e-01
-6.499379204842991968e-04 -6.212319884359204236e-01 -3.288268142343689360e-01
-3.233825315626776085e-03 -1.406629408739510145e+00 -3.260147561103466374e-01
-3.139259806839340694e+00 -1.342262719661611925e+00 2.810115359001283064e+00
-3.140684628373045406e+00 -9.495640432789352881e-01 2.811649179613767480e+00
-3.140970089386575737e+00 -5.568650697464445631e-01 2.812058508800947099e+00
-3.141056946184246357e+00 -1.641660518625254472e-01 2.812300000654353038e+00
-3.141050040729858051e+00 2.285329742166584965e-01 2.812510479487345005e+00
-3.140942715669309049e+00 6.212319884359198685e-01 2.812765839355424458e+00
9.013383274005286605e-01 -1.871833248643299252e-01 3.564861190925358025e-01
-9.013383274005286605e-01 1.871833248643299252e-01 -2.785106534497257424e+00
-8.818515428371065390e-01 -6.144214554820950219e-02 -2.479730697369143311e+00
-9.399740927946690361e-01 -3.042220355368376317e-01 -2.164939959546187787e+00
-1.086571151362571097e+00 -5.144942419262894528e-01 -1.802037012801738225e+00
-1.333801750717014345e+00 -6.557089042506842880e-01 -1.360527396953132184e+00
-2.201618560795124413e+00 3.042220355368376317e-01 9.766526940436052184e-01
-1.199986860695223756e+00 5.976786797080804181e-01 2.762839671386837281e+00
-1.002404644881397910e+00 4.172599043204802127e-01 -3.119553672644297837e+00
-1.645250068826856094e+00 -8.939848566716430966e-03 7.332983865430995341e-01
1.645250068826856094e+00 8.939848566716430966e-03 -2.408294267046693804e+00
1.636185915219308118e+00 3.673225233974011794e-02 -2.800124790883024684e+00
1.617168143763450416e+00 5.895150044868747996e-02 3.090527403031105624e+00
3.379337029629537748e-01 -6.989795225669986900e-01 1.025748106844293073e+00
-3.379337029629537748e-01 6.989795225669986900e-01 -2.115844546745500043e+00
-2.710006207449830451e-01 3.237064332602646588e-01 -1.981617149863420524e+00
-2.570069205753905406e-01 -5.572554821164565908e-02 -1.878834309511063561e+00
-2.835816154567763481e-01 -4.345439432141080527e-01 -1.771387930798175026e+00
-3.756975491272082079e-01 -8.069833299734199272e-01 -1.615961173232002945e+00
-2.599089865214337713e+00 -1.056895542807109845e+00 7.646973032646438018e-01
-2.803658950626839452e+00 -6.989795225669988010e-01 1.025748106844292851e+00
-2.870592032844810237e+00 -3.237064332602646588e-01 1.159975503726372592e+00
-2.884585733014402464e+00 5.572554821164549255e-02 1.262758344078729777e+00
-2.858011038133017045e+00 4.345439432141076086e-01 1.370204722791618313e+00
-2.765895104462585241e+00 8.069833299734195942e-01 1.525631480357790171e+00
3.149014340534380674e-01 6.247997861033320888e-01 2.298885198398400220e+00
2.621172380175447181e-01 2.478137556108189477e-01 2.176317835597548545e+00
2.562115670002089729e-01 -1.320909317076656153e-01 2.076115557647172594e+00
2.920604944559359040e-01 -5.105396623998896821e-01 1.964732567640322225e+00
4.056478168784344862e-01 -8.807192134110241044e-01 1.790772745561511448e+00
2.666735272958866698e+00 -9.891033586458789495e-01 -6.252769632317598525e-01
2.826691219536355160e+00 -6.247997861033323108e-01 -8.427074551913931177e-01
2.879475415572248398e+00 -2.478137556108190309e-01 -9.652748179922447935e-01
2.885381086589584143e+00 1.320909317076661149e-01 -1.065477095942620966e+00
2.849532159133857601e+00 5.105396623998896821e-01 -1.176860085949471113e+00
2.735944836711359240e+00 8.807192134110236603e-01 -1.350819908028281668e+00
2.560925750602331075e+00 -9.824610967062835654e-01 2.644592672218458951e+00
-2.560925750602331075e+00 9.824610967062835654e-01 -4.969999813713344983e-01
-4.757079170077740948e-01 8.435903932854423859e-01 1.777599013295855901e+00
-3.508435448844259286e-01 4.825218082475510317e-01 1.976758173446321765e+00
-3.113258358013788474e-01 1.105775036495859343e-01 2.109480203376265628e+00
-3.207761585519045555e-01 -2.631362064124165290e-01 2.231183200241297904e+00
-3.869935755538566613e-01 -6.322645395055520590e-01 2.381322211547267642e+00
-2.665884736582019077e+00 -8.435903932854424969e-01 -1.363993640293937437e+00
-2.790749108705367298e+00 -4.825218082475511983e-01 -1.164834480143471573e+00
-2.830266817788414269e+00 -1.105775036495856289e-01 -1.032112450213527266e+00
-2.820816495037888672e+00 2.631362064124165845e-01 -9.104094533484955454e-01
-2.754599078035937065e+00 6.322645395055516149e-01 -7.602704420425256959e-01
4.631437624798547675e-02 -9.839077929864591399e-01 -3.522317978953947160e-01
-4.631437624798547675e-02 9.839077929864591399e-01 2.789360855694398733e+00
-3.089036563833285134e-02 5.914824380025361927e-01 2.810705795098744186e+00
-2.615730165277098396e-02 1.989379543137142214e-01 2.822763241493185582e+00
-2.612970380057986347e-02 -1.936303544099031437e-01 2.832962848392749144e+00
-3.078104082514661333e-02 -5.861755477481229715e-01 2.844964959250280145e+00
-1.290102426754867748e-01 -1.370168652513754859e+00 2.954384086609514348e+00
-3.009132407643377416e+00 -1.375432765914282873e+00 -4.436278797667648766e-01
-3.095278277341807716e+00 -9.839077929864592509e-01 -3.522317978953946604e-01
-3.110702287951460310e+00 -5.914824380025363038e-01 -3.308868584910491517e-01
-3.115435351937022368e+00 -1.989379543137143602e-01 -3.188294120966077005e-01
-3.115462949789213454e+00 1.936303544099027552e-01 -3.086298051970443046e-01
-3.110811612764646572e+00 5.861755477481225274e-01 -2.966276943395128596e-01
-3.095644322719662611e+00 9.786040271183376049e-01 -2.755262937046020766e-01
-3.012582410914306230e+00 1.370168652513754859e+00 -1.872085669802789065e-01
-1.324602459464163107e-01 1.375432765914283317e+00 2.697964773823028128e+00
5.658237146169860059e-03 6.539150681190852854e-01 2.783355850798256981e+00
4.648687380836792095e-03 2.612210193453082807e-01 2.781114510250231486e+00
4.530077291466331514e-03 -1.314740329102865868e-01 2.779320053415798686e+00
5.187451794155421153e-03 -5.241686181699679592e-01 2.777317627662867050e+00
7.382698935517311226e-03 -9.168603719945414010e-01 2.774054275151704108e+00
3.107348859605303382e+00 -1.439244722654861253e+00 -3.277305822159308213e-01
3.132619817044417054e+00 -1.046604435338074346e+00 -3.539106287133889639e-01
3.135934416443623363e+00 -6.539150681190855074e-01 -3.582368027915365793e-01
3.136943966208956436e+00 -2.612210193453082807e-01 -3.604781433395618517e-01
3.137062576298327077e+00 1.314740329102863092e-01 -3.622726001739945412e-01
3.136405201795637865e+00 5.241686181699676261e-01 -3.642750259269261215e-01
3.134209954654275876e+00 9.168603719945418451e-01 -3.675383784380893415e-01
3.124205107577067597e+00 1.309534891725711248e+00 -3.784763341617609078e-01
3.424379398448990086e-02 1.439244722654861697e+00 2.813862071373862683e+00
