-1.569115043382927732e+00 -3.638861647128685539e-02 7.865250585538624550e-01
1.569115043382927732e+00 3.638861647128685539e-02 -2.355067595035930772e+00
1.555312769547076757e+00 3.297428130698728393e-02 -2.747991391381439552e+00
1.543871949904091379e+00 2.453936282861554630e-02 -3.140765555323274505e+00
1.536532749679390797e+00 1.237028885819045285e-02 2.749839111608419984e+00
1.534407658938833352e+00 -1.680170413655818077e-03 2.357382551482833932e+00
1.537818095322268652e+00 -1.547513967747877681e-02 1.964908096411244642e+00
1.546248070289361731e+00 -2.691626867406421778e-02 1.572284225393879797e+00
1.558418773810289926e+00 -3.426095454707352161e-02 1.179466790263982601e+00
1.572477610206865384e+00 -3.638861647128686233e-02 7.865250585538624550e-01
1.586279884042716581e+00 -3.297428130698727700e-02 3.936012622083537860e-01
1.597720703685701737e+00 -2.453936282861554630e-02 8.270982665188874325e-04
1.605059903910402319e+00 -1.237028885819045805e-02 -3.917535419813730213e-01
1.607184994650959986e+00 1.680170413655793791e-03 -7.842101021069589617e-01
1.603774558267524686e+00 1.547513967747879242e-02 -1.176684557178549140e+00
1.595344583300431385e+00 2.691626867406421431e-02 -1.569308428195913319e+00
1.583173879779503190e+00 3.426095454707351468e-02 -1.962125863325810293e+00
-1.602628473499821737e+00 3.211274761810896383e-02 7.618691643709520900e-01
1.602628473499821737e+00 -3.211274761810896383e-02 -2.379723489218841248e+00
1.612490628823513239e+00 -1.749080459911371913e-02 -2.772276070559942074e+00
1.616008291267494457e+00 -2.099162684335179952e-04 3.118570104320228520e+00
1.612651175630106737e+00 1.710287188210915174e-02 2.726233748834547832e+00
1.602925339780629788e+00 3.181572946474833102e-02 2.333687878168726915e+00
1.588302342444193771e+00 4.168792076153221560e-02 1.940842562263574544e+00
1.571006457793412414e+00 4.521196347578965158e-02 1.547783274724157998e+00
1.553678466249210688e+00 4.184872396441204068e-02 1.154721200661189773e+00
1.538964180089971601e+00 3.211274761810894995e-02 7.618691643709520900e-01
1.529102024766279877e+00 1.749080459911371566e-02 3.693165830298511532e-01
1.525584362322298659e+00 2.099162684335066924e-04 -2.302254926956476266e-02
1.528941477959686601e+00 -1.710287188210915174e-02 -4.153589047552448399e-01
1.538667313809163328e+00 -3.181572946474833102e-02 -8.079047754210664234e-01
1.553290311145599567e+00 -4.168792076153221560e-02 -1.200750091326219016e+00
1.570586195796380702e+00 -4.521196347578965852e-02 -1.593809378865635118e+00
1.587914187340582428e+00 -4.184872396441204068e-02 -1.986871452928602899e+00
-3.106596696285367276e+00 -7.618587979296107537e-01 -2.626655670758160695e-03
3.106596696285367276e+00 7.618587979296107537e-01 3.138965997919035189e+00
3.078997020660589445e+00 1.154138760037606515e+00 3.105875123300600560e+00
2.313115040180561355e+00 1.536434568508967979e+00 2.334944275804413216e+00
7.001336382063867714e-02 1.200503929145963822e+00 8.681700880666741449e-02
3.665964049735145891e-02 8.082959219464237455e-01 4.804974446534755056e-02
2.767776086540555194e-02 4.157909750514129366e-01 3.271689722378938459e-02
2.532584055649057114e-02 2.322601074776138239e-02 2.212337368809952354e-02
2.715028630463337325e-02 -3.693415094365696816e-01 1.173169562839750622e-02
3.499595730442593006e-02 -7.618587979296107537e-01 -2.626655670758146818e-03
6.259563292920369837e-02 -1.154138760037606515e+00 -3.571753028919286838e-02
8.284776134092362021e-01 -1.536434568508967979e+00 -8.066483777853844517e-01
3.071579289769154286e+00 -1.200503929145964266e+00 -3.054775644783125799e+00
3.104933013092441740e+00 -8.082959219464237455e-01 -3.093542909124445739e+00
3.113914892724387595e+00 -4.157909750514124925e-01 -3.108875756366003884e+00
3.116266813033302441e+00 -2.322601074776126096e-02 -3.119469279901693870e+00
3.114442367285159996e+00 3.693415094365692930e-01 -3.129860957961395851e+00
1.565232548968122694e+00 -2.353268694015095072e-02 7.815959368841565169e-01
-1.565232548968122694e+00 2.353268694015095072e-02 -2.359996716705636821e+00
-1.556649585519126022e+00 1.961205330874941227e-02 -1.967224373435885187e+00
-1.550221552412192061e+00 1.270585313809534551e-02 -1.574533305418846174e+00
-1.546925955360789251e+00 3.865937163620927416e-03 -1.181918797194053461e+00
-1.547263275750009104e+00 -5.562237307077018585e-03 -7.893313098184120413e-01
-1.551182311342843567e+00 -1.414402053233599493e-02 -3.967054940012058051e-01
-1.558087784142546228e+00 -2.057311338823564553e-02 -3.998428539304424087e-03
-1.566929287985586727e+00 -2.387019302348093730e-02 3.887852309438405984e-01
-1.576360104621670644e+00 -2.353268694015094378e-02 7.815959368841561838e-01
-1.584943068070667316e+00 -1.961205330874941574e-02 1.174368280153907707e+00
-1.591371101177601277e+00 -1.270585313809535245e-02 1.567059348170946942e+00
-1.594666698229004087e+00 -3.865937163620941294e-03 1.959673856395739433e+00
-1.594329377839784234e+00 5.562237307077018585e-03 2.352261343771381075e+00
-1.590410342246949549e+00 1.414402053233600361e-02 2.744887159588587977e+00
-1.583504869447247110e+00 2.057311338823563512e-02 3.137594225050488905e+00
-1.574663365604206611e+00 2.387019302348093730e-02 -2.752807422645953128e+00
2.920467530644036636e+00 -6.449744050417647312e-01 1.637360552811625292e+00
-2.920467530644036636e+00 6.449744050417647312e-01 -1.504232100778167824e+00
-2.798244928571760326e+00 1.023199437976146431e+00 -1.342313385325885289e+00
-2.194861987816759008e+00 1.353103303378329070e+00 -7.032010923710239059e-01
-5.984291767531647599e-01 1.254425175241289825e+00 9.280649926863279164e-01
-2.543163476836627357e+00 -1.254425175241290047e+00 -2.213527660903466199e+00
-2.857914532179083977e+00 -8.941190639075425883e-01 -1.862068183521861542e+00
-2.939120480606916885e+00 -5.123753829625812273e-01 -1.738866768514660821e+00
-2.963979675283752613e+00 -1.265416863761925914e-01 -1.661214056581835852e+00
-2.959221182335590505e+00 2.599724600516055140e-01 -1.591193123460168835e+00
-3.096702564127712609e+00 -7.957538828337887837e-01 1.530186161383166876e+00
3.096702564127712609e+00 7.957538828337887837e-01 -1.611406492206626462e+00
3.057480653727009834e+00 1.187730580232592814e+00 -1.657368358220228099e+00
1.237996731415678564e+00 1.537566124113945332e+00 2.800091988292522149e+00
7.983285794009585545e-02 1.166084344032553011e+00 1.635673583906478212e+00
4.392680702727320974e-02 7.740561807002616090e-01 1.592982563074169855e+00
3.384189605489746483e-02 3.816415163934255284e-01 1.574874171798548605e+00
3.140814318306203723e-02 -1.085419986905985200e-02 1.561924786057982351e+00
3.414750072094062394e-02 -4.033480797671143425e-01 1.548858501269435806e+00
4.489008946208069423e-02 -7.957538828337885617e-01 1.530186161383166876e+00
8.411199986278347640e-02 -1.187730580232592814e+00 1.484224295369565239e+00
1.903595922174116328e+00 -1.537566124113945332e+00 -3.415006652972726320e-01
3.061759795649697136e+00 -1.166084344032553455e+00 -1.505919069683314904e+00
3.097665846562520198e+00 -7.740561807002620531e-01 -1.548610090515623261e+00
3.107750757534895936e+00 -3.816415163934251953e-01 -1.566718481791244733e+00
3.110184510406731384e+00 1.085419986905983812e-02 -1.579667867531810987e+00
3.107445152868852478e+00 4.033480797671138984e-01 -1.592734152320357310e+00
-5.152926502419157700e-02 -7.517062343141482916e-01 1.577009114652460742e+00
5.152926502419157700e-02 7.517062343141482916e-01 -1.564583538937332596e+00
4.020576254580600362e-02 3.594035207108557950e-01 -1.585641101615199444e+00
3.765615084608629065e-02 -3.300589877584342302e-02 -1.601032025777751056e+00
4.132030598871669347e-02 -4.254072891717615157e-01 -1.616849397075639461e+00
5.504392849363128060e-02 -8.176712339803519081e-01 -1.639965343974322920e+00
1.065751609470309558e-01 -1.209248019970949883e+00 -1.699521050468282946e+00
2.290776704517484497e+00 -1.520727773274433758e+00 2.391998144287209360e+00
3.050670070406729550e+00 -1.143509001027218863e+00 1.624591019640721834e+00
3.090063388565601699e+00 -7.517062343141484027e-01 1.577009114652460742e+00
3.101386891043987237e+00 -3.594035207108559615e-01 1.555951551974593894e+00
3.103936502743707138e+00 3.300589877584328424e-02 1.540560627812042283e+00
3.100272347601076728e+00 4.254072891717610716e-01 1.524743256514153655e+00
3.086548725096161849e+00 8.176712339803515750e-01 1.501627309615470196e+00
3.035017492642762438e+00 1.209248019970950105e+00 1.442071603121510392e+00
8.508159490723112839e-01 1.520727773274433758e+00 -7.495945093025812023e-01
9.092258318306366272e-02 1.143509001027219751e+00 -1.517001633949071282e+00
4.007292666409782017e-02 -7.877617565491794593e-01 -6.279323889129224956e-02
-4.007292666409782017e-02 7.877617565491794593e-01 3.078799414698500936e+00
-3.062757427846568223e-02 3.952974987406684404e-01 3.095412422252742157e+00
-2.826509083461369726e-02 2.764050731770854950e-03 3.107131568175746761e+00
-3.055753854270088637e-02 -3.897697760133067568e-01 3.118823923186037295e+00
-3.985215606279233352e-02 -7.822358614410892530e-01 3.135307675022805274e+00
-7.325865091170753740e-02 -1.174376371032574529e+00 -3.108380193709199268e+00
-1.473302860131121772e+00 -1.542396444723618254e+00 -1.702711813174466515e+00
-3.067352915103861655e+00 -1.179891649494426265e+00 -1.030406788307958593e-01
-3.101519726925695331e+00 -7.877617565491795704e-01 -6.279323889129224956e-02
-3.110965079311327486e+00 -3.952974987406686069e-01 -4.618023133705114608e-02
-3.113327562755179745e+00 -2.764050731770983753e-03 -3.446108541404627884e-02
-3.111035115047092514e+00 3.897697760133063127e-01 -2.276873040375575891e-02
-3.101740497527000873e+00 7.822358614410889199e-01 -6.284978566988137956e-03
-3.068334002678085870e+00 1.174376371032574751e+00 3.321245988059422227e-02
-1.668289793458672232e+00 1.542396444723618254e+00 1.438880840415325935e+00
-7.423973848593173885e-02 1.179891649494426931e+00 3.038551974758997520e+00
-3.059811026152094549e+00 -7.913323761329701389e-01 1.474200495462354432e+00
3.059811026152094549e+00 7.913323761329701389e-01 -1.667392158127438906e+00
2.989661984651140081e+00 1.181654936720053062e+00 -1.749884426405165172e+00
1.439282829745572201e+00 1.512843620910405251e+00 2.971499321687358641e+00
1.465296535843889081e-01 1.166608019736457003e+00 1.667306457064579917e+00
8.055198895712865903e-02 7.761664970278472353e-01 1.588927907151876484e+00
6.198052234602478144e-02 3.844224390630759380e-01 1.555704879113873229e+00
5.745336393926604029e-02 -7.595431676368486103e-03 1.531998239304543041e+00
6.237139468863069774e-02 -3.996090072244350422e-01 1.508142261627301028e+00
8.178162743769858134e-02 -7.913323761329701389e-01 1.474200495462354432e+00
1.519306689386530629e-01 -1.181654936720052840e+00 1.391708227184628166e+00
1.702309823844221581e+00 -1.512843620910405251e+00 -1.700933319024352797e-01
2.995063000005404152e+00 -1.166608019736457447e+00 -1.474286196525213199e+00
3.061040664632664665e+00 -7.761664970278474573e-01 -1.552664746437916854e+00
3.079612131243768314e+00 -3.844224390630755495e-01 -1.585887774475920109e+00
3.084139289650527083e+00 7.595431676368462684e-03 -1.609594414285250297e+00
3.079221258901162717e+00 3.996090072244344316e-01 -1.633450391962492088e+00
9.720856296194783919e-02 -7.492326805187795591e-01 -7.572832340401924878e-02
-9.720856296194783919e-02 7.492326805187795591e-01 3.065864330185774200e+00
-7.594720715397387800e-02 3.579456032558830936e-01 3.105529664491316399e+00
-7.116567611562853168e-02 -3.371966571072584906e-02 3.134586073962474906e+00
-7.809651329105840589e-02 -4.253556860095917824e-01 -3.118721935727064132e+00
-1.039661542653448206e-01 -8.165019137361270163e-01 -3.075108553062703809e+00
-2.001249601211417539e-01 -1.205222162271137876e+00 -2.963784794634897413e+00
-2.013754370558117568e+00 -1.492058476771345843e+00 -1.136045324311679039e+00
-2.971046792321901275e+00 -1.138761563429046664e+00 -1.645477578312272704e-01
-3.044384090627845207e+00 -7.492326805187796701e-01 -7.572832340401922102e-02
-3.065645446435819377e+00 -3.579456032558831491e-01 -3.606298909847670264e-02
-3.070426977474164598e+00 3.371966571072583518e-02 -7.006579627318541489e-03
-3.063496140298735071e+00 4.253556860095913938e-01 2.287071786272908483e-02
-3.037626499324448393e+00 8.165019137361267942e-01 6.648410052708925155e-02
-2.941467693468651223e+00 1.205222162271138320e+00 1.778078589548961197e-01
-1.127838283031675548e+00 1.492058476771345843e+00 2.005547329278114521e+00
-1.705458612678923680e-01 1.138761563429047330e+00 2.977044895758565790e+00
-1.557640186303115959e+00 -3.004958980099606616e-02 7.943021296598476999e-01
1.557640186303115959e+00 3.004958980099606616e-02 -2.347290523929945305e+00
1.547141411386499632e+00 2.272776076264089451e-02 -2.740060755325028019e+00
1.540245995711638116e+00 1.194702715411861092e-02 -3.132673510471455369e+00
1.538000199008051627e+00 -6.511015945727135048e-04 2.758005901955295158e+00
1.540744137819776149e+00 -1.315020074455701925e-02 2.365493756372246015e+00
1.548062208023986974e+00 -2.364880504568806635e-02 1.972865902272737060e+00
1.558843722786913411e+00 -3.054815018408077454e-02 1.580080560439107495e+00
1.571447778704245124e+00 -3.279612083266678080e-02 1.187188213891636535e+00
1.583952467286677379e+00 -3.004958980099606616e-02 7.943021296598480330e-01
1.594451242203293484e+00 -2.272776076264089451e-02 4.015318982647652080e-01
1.601346657878155000e+00 -1.194702715411861786e-02 8.919143118337734613e-03
1.603592454581741711e+00 6.511015945727049396e-04 -3.835867516344975137e-01
1.600848515770017189e+00 1.315020074455700710e-02 -7.760988972175469902e-01
1.593530445565806364e+00 2.364880504568808370e-02 -1.168726751317056500e+00
1.582748930802879928e+00 3.054815018408077801e-02 -1.561512093150685843e+00
1.570144874885548214e+00 3.279612083266677386e-02 -1.954404439698156137e+00
-1.615916119421278552e+00 -7.962024088648145259e-02 7.571590334826922009e-01
1.615916119421278552e+00 7.962024088648145259e-02 -2.384433620107100804e+00
1.581944425323400738e+00 9.081264163288575719e-02 -2.778423632627485151e+00
1.546250675176821687e+00 8.814729968021492446e-02 3.110473473594937310e+00
1.514344249812975329e+00 7.203855206187514959e-02 2.716822181157552141e+00
1.491095314728587029e+00 4.497675572862600696e-02 2.324364284164640804e+00
1.479978072746523043e+00 1.110215939340018429e-02 1.932954308883968686e+00
1.482622603988033916e+00 -2.445033511573294072e-02 1.541838409610762461e+00
1.498643232746824427e+00 -5.630550466816755528e-02 1.150093363086224674e+00
1.525676534168514786e+00 -7.962024088648146647e-02 7.571590334826923119e-01
1.559648228266392378e+00 -9.081264163288578495e-02 3.631690209623081311e-01
1.595341978412971651e+00 -8.814729968021493833e-02 -3.111917999485564607e-02
1.627248403776817787e+00 -7.203855206187519122e-02 -4.247704724322406422e-01
1.658970049601759200e+00 2.445033511573291990e-02 -1.599754243979030655e+00
1.642949420842968911e+00 5.630550466816749977e-02 -1.991499290503567998e+00
-3.061228371723590858e+00 -7.784135078029039700e-01 1.449103638521509918e+00
3.061228371723590858e+00 7.784135078029039700e-01 -1.692489015068283198e+00
2.994953861450442290e+00 1.168858603550995134e+00 -1.771099606160553508e+00
1.664288265739974237e+00 1.513353941871730113e+00 -3.113150383192926807e+00
1.504326644502345656e-01 1.179477267887321768e+00 1.644806282360804728e+00
8.122801746498448106e-02 7.891153517149369634e-01 1.563306055587337484e+00
6.203026709317321225e-02 3.973800807112672362e-01 1.529625267282405998e+00
5.719207104935552372e-02 5.359656875863066938e-03 1.505899965342079483e+00
6.175570670225748876e-02 -3.866637703198334552e-01 1.482279562828916264e+00
8.036428186620253600e-02 -7.784135078029039700e-01 1.449103638521509918e+00
1.466387921393509930e-01 -1.168858603550994912e+00 1.370493047429239830e+00
1.477304387849818657e+00 -1.513353941871730113e+00 2.844227039686673605e-02
3.084400582540437696e+00 -5.359656875863191838e-03 -1.635692688247713855e+00
3.079836946887535731e+00 3.866637703198329001e-01 -1.659313090760876852e+00
-1.548035280444534978e+00 7.228639391505220502e-02 8.030982271686378793e-01
1.548035280444534978e+00 -7.228639391505220502e-02 -2.338494426421155570e+00
1.577482398421286236e+00 -7.548421465172598654e-02 -2.732269026255822464e+00
1.605901310312413788e+00 -6.717127050238427821e-02 -3.125895228382629121e+00
1.628936766483037202e+00 -4.862962268959299811e-02 2.764356234106456256e+00
1.643101384087386263e+00 -2.270159510702703803e-02 2.372250390052990543e+00
1.646282222282357210e+00 6.667032214359093663e-03 1.980624175323224989e+00
1.638008883584199049e+00 3.502578437976863052e-02 1.588850989540014913e+00
1.619508126995020891e+00 5.807162939705905885e-02 1.196389321994522970e+00
1.593557373145258360e+00 7.228639391505219114e-02 8.030982271686379903e-01
1.564110255168506880e+00 7.548421465172597267e-02 4.093236273339708742e-01
1.535691343277379550e+00 6.717127050238429209e-02 1.569742520716408546e-02
1.512655887106756136e+00 4.862962268959301892e-02 -3.772364194833366935e-01
1.498491269502406853e+00 2.270159510702709355e-02 -7.693422635368021290e-01
1.495310431307436128e+00 -6.667032214359143102e-03 -1.160968478266568571e+00
1.503583770005594289e+00 -3.502578437976861664e-02 -1.552741664049778425e+00
1.522084526594772225e+00 -5.807162939705903804e-02 -1.945203331595269702e+00
