-1.603720871993651542e+00 -8.457725063078038591e-03 7.623858703990061825e-01
1.603720871993651542e+00 8.457725063078038591e-03 -2.379206783190786823e+00
1.597980474693826425e+00 2.041219450251075332e-02 -2.771767640897674134e+00
1.588100284377117699e+00 2.926074937625523092e-02 3.118694301570748451e+00
1.575582180327733450e+00 3.365467566282910605e-02 2.725822573038146679e+00
1.562334015683649380e+00 3.292336718248999733e-02 2.332903633105758434e+00
1.550376589985751119e+00 2.717848345857379680e-02 1.940066353247691167e+00
1.541531198644528589e+00 1.729654962152107553e-02 1.547391669767298472e+00
1.537141265999382167e+00 4.783143450112988665e-03 1.154865209069970700e+00
1.537871781596141796e+00 -8.457725063078031652e-03 7.623858703990064045e-01
1.543612178895966691e+00 -2.041219450251074638e-02 3.698250126921193703e-01
1.553492369212675417e+00 -2.926074937625523092e-02 -2.289835201904499157e-02
1.566010473262059666e+00 -3.365467566282911299e-02 -4.157700805516464371e-01
1.579258637906143958e+00 -3.292336718248999733e-02 -8.086890204840346819e-01
1.591216063604042219e+00 -2.717848345857377945e-02 -1.201526300342102616e+00
1.600061454945264749e+00 -1.729654962152108594e-02 -1.594200983822494866e+00
1.604451387590411171e+00 -4.783143450113006880e-03 -1.986727444519821972e+00
-3.133704583381412334e+00 -6.287187647790778433e-01 1.007721545142266972e+00
3.133704583381412334e+00 6.287187647790778433e-01 -2.133871108447526144e+00
3.129374826748935856e+00 1.021399405990851994e+00 -2.139651988204129829e+00
3.100725756991641102e+00 1.414002946410475969e+00 -2.169598133819707009e+00
2.727491126852313666e-02 1.334677250306975260e+00 1.038879131741422546e+00
1.084732636751746179e-02 9.420347791385087488e-01 1.021133618079745009e+00
7.480353386292928550e-03 5.493512231913154631e-01 1.016266453154289762e+00
6.458801388330625594e-03 1.566613859707062517e-01 1.013368377783097518e+00
6.561633513606947646e-03 -2.360295866331390269e-01 1.010826232746829145e+00
7.888070208380972698e-03 -6.287187647790778433e-01 1.007721545142266972e+00
1.221782684085735010e-02 -1.021399405990851772e+00 1.001940665385663287e+00
4.086689659815240933e-02 -1.414002946410475969e+00 9.719945197700857742e-01
3.114317742321270011e+00 -1.334677250306975704e+00 -2.102713521848370348e+00
3.130745327222275609e+00 -9.420347791385095260e-01 -2.120459035510048107e+00
3.134112300203500290e+00 -5.493512231913151300e-01 -2.125326200435504020e+00
3.135133852201462457e+00 -1.566613859707063072e-01 -2.128224275806696042e+00
3.135031020076186170e+00 2.360295866331385273e-01 -2.130766420842964415e+00
1.515265120139263066e+00 -1.578550697865208768e-02 7.469634996089310475e-01
-1.515265120139263066e+00 1.578550697865208768e-02 -2.394629153980862402e+00
-1.513451640406979548e+00 -6.654054219434516089e-03 -2.002559328499228464e+00
-1.520352052681437360e+00 -2.808354104869570031e-02 -1.610377930170846295e+00
-1.534931333392963948e+00 -4.524622826982210855e-02 -1.217781928016797854e+00
-1.554986453560224025e+00 -5.552428098526675931e-02 -8.247102809311613880e-01
-1.577461336340170828e+00 -5.734341549004985661e-02 -4.313810110801163389e-01
-1.598915617964501212e+00 -5.042436621373623529e-02 -3.816393400756045579e-02
-1.616071630970632889e+00 -3.582827215567994938e-02 3.546372953013806062e-01
-1.626327533450530272e+00 -1.578550697865210156e-02 7.469634996089308254e-01
-1.628141013182813568e+00 6.654054219434505681e-03 1.139033325090564430e+00
-1.621240600908355978e+00 2.808354104869571419e-02 1.531214723418946821e+00
-1.606661320196829390e+00 4.524622826982208079e-02 1.923810725572994818e+00
-1.586606200029569314e+00 5.552428098526674544e-02 2.316882372658631617e+00
-1.564131317249622288e+00 5.734341549004987049e-02 2.710211642509677166e+00
-1.542677035625292126e+00 5.042436621373622835e-02 3.103428719582232542e+00
-1.525521022619160227e+00 3.582827215567999796e-02 -2.786955358288413453e+00
3.043287674979515245e+00 -1.246914272114614475e+00 -4.433847973245925722e-01
-3.043287674979515245e+00 1.246914272114614475e+00 2.698207856265200544e+00
-4.187356750573096864e-01 1.493901400068479379e+00 -9.542464213305961174e-01
-6.985842641544663667e-02 1.106846311446445963e+00 -5.991031478011158429e-01
-4.136693118534625485e-02 7.147001091702509523e-01 -5.637293160377740975e-01
-3.293626846752648052e-02 3.222617039718729259e-01 -5.470437074415681611e-01
-3.131744135040974431e-02 -7.024002568753209830e-02 -5.344103350801460151e-01
-3.491300715538302873e-02 -4.627299115068496671e-01 -5.210189999290053553e-01
-4.762271401133283399e-02 -8.551108882223793506e-01 -5.006591019765939121e-01
-9.830497861027803763e-02 -1.246914272114614475e+00 -4.433847973245927387e-01
-2.722856978532482763e+00 -1.493901400068479379e+00 2.187346232259196555e+00
-3.071734227174346632e+00 -1.106846311446445741e+00 2.542489505788677384e+00
-3.100225722404446937e+00 -7.147001091702512854e-01 2.577863337552019019e+00
-3.108656385122266386e+00 -3.222617039718730370e-01 2.594548946148224733e+00
-3.110275212239383524e+00 7.024002568753240361e-02 2.607182318509646990e+00
-3.106679646434410191e+00 4.627299115068496671e-01 2.620573653660787983e+00
-3.093969939578460338e+00 8.551108882223789065e-01 2.640933551613199093e+00
-3.093646687225040548e+00 -6.353389971063784225e-01 1.002812958022211376e+00
3.093646687225040548e+00 6.353389971063784225e-01 -2.138779695567581740e+00
3.066921570232617800e+00 1.027353158513037767e+00 -2.174257236806499627e+00
2.888002339233685767e+00 1.416423750136814874e+00 -2.361012159715591530e+00
1.589644788677879172e-01 1.324624956296203138e+00 1.185529544618039388e+00
6.491076630751413390e-02 9.339003804152917754e-01 1.083491290030784704e+00
4.503788502901043267e-02 5.417605886747420829e-01 1.054515746451820890e+00
3.901995114092479677e-02 1.493977293424102737e-01 1.037091356250074536e+00
3.975366236835811001e-02 -2.430045753662103958e-01 1.021710364888491318e+00
4.794596636475279006e-02 -6.353389971063784225e-01 1.002812958022211376e+00
7.467108335717555223e-02 -1.027353158513037545e+00 9.673354167832937112e-01
2.535903143561079598e-01 -1.416423750136814652e+00 7.805804938742014754e-01
2.982628174722005365e+00 -1.324624956296203582e+00 -1.956063108971753728e+00
3.076681887282278982e+00 -9.339003804152919974e-01 -2.058101363559008412e+00
3.096554768560782822e+00 -5.417605886747416388e-01 -2.087076907137972004e+00
3.102572702448868291e+00 -1.493977293424104125e-01 -2.104501297339719024e+00
3.101838991221435027e+00 2.430045753662098684e-01 -2.119882288701302020e+00
-3.079130719581998576e+00 -6.312985133293821383e-01 9.571525235447635449e-01
3.079130719581998576e+00 6.312985133293821383e-01 -2.184440130045029793e+00
3.044712213778213439e+00 1.022840057724266893e+00 -2.230310694305423613e+00
2.822218853066762900e+00 1.409606120456525336e+00 -2.463048893022903307e+00
2.095455619977872608e-01 1.326118923125934490e+00 1.197526128165177672e+00
8.517281823293516851e-02 9.368353106150785203e-01 1.062729324055476043e+00
5.896493864584889666e-02 5.450969317761962252e-01 1.024647723684311673e+00
5.100786033753985926e-02 1.529732355592011428e-01 1.001827448469315041e+00
5.189065321669337344e-02 -2.392194830923625726e-01 9.817427903139134271e-01
6.246193400779475463e-02 -6.312985133293819162e-01 9.571525235447635449e-01
9.688043981157971885e-02 -1.022840057724266671e+00 9.112819592843696137e-01
3.193738005230309374e-01 -1.409606120456525336e+00 6.785437605668892536e-01
2.932047091592005383e+00 -1.326118923125934934e+00 -1.944066525424615000e+00
3.056419835356857906e+00 -9.368353106150786314e-01 -2.078863329534317295e+00
3.082627714943944053e+00 -5.450969317761957811e-01 -2.116944929905481665e+00
3.090584793252253437e+00 -1.529732355592011983e-01 -2.139765205120478075e+00
3.089702000373099722e+00 2.392194830923621285e-01 -2.159849863275880022e+00
1.592962070373531880e+00 4.336714400273130807e-03 8.011709149629430149e-01
-1.592962070373531880e+00 -4.336714400273130807e-03 -2.340421738626850434e+00
-1.592934547673198864e+00 4.475114314106501748e-03 -1.947820259861549275e+00
-1.589537540183100228e+00 1.260594011297885321e-02 -1.555189770850969655e+00
-1.583287140715678776e+00 1.881813447091710070e-02 -1.162490090728004466e+00
-1.575134106757612784e+00 2.216553510823236414e-02 -7.697215537757260417e-01
-1.566320115642848343e+00 2.213799916527112166e-02 -3.769248461404551276e-01
-1.558188172780924585e+00 1.873972415303956987e-02 1.584282795894034410e-02
-1.551976724568409738e+00 1.248860223389492569e-02 4.085412882303003368e-01
-1.548630583216261458e+00 4.336714400273130807e-03 8.011709149629430149e-01
-1.548658105916594474e+00 -4.475114314106499146e-03 1.193772393728243619e+00
-1.552055113406693110e+00 -1.260594011297885494e-02 1.586402882738823461e+00
-1.558305512874114562e+00 -1.881813447091710070e-02 1.979102562861788206e+00
-1.566458546832180332e+00 -2.216553510823236414e-02 2.371871099814066408e+00
-1.575272537946944995e+00 -2.213799916527112166e-02 2.764667807449338266e+00
-1.583404480808868753e+00 -1.873972415303956640e-02 -3.125749825630852907e+00
-1.589615929021383600e+00 -1.248860223389493609e-02 -2.733051365359493445e+00
3.088978727147173142e+00 -1.284726050162608546e+00 -5.213628921078337086e-01
-3.088978727147173142e+00 1.284726050162608546e+00 2.620229761481959407e+00
-1.380828775416662324e-01 1.462772529282587941e+00 -7.091304163866636312e-01
-3.096404584501123367e-02 1.070892107088209588e+00 -5.990192293985442396e-01
-1.906007825512267412e-02 6.783059479435089578e-01 -5.838029039030241396e-01
-1.546738828902265855e-02 2.856632746168583648e-01 -5.762012414182678954e-01
-1.492587937652582047e-02 -1.069916337514512650e-01 -5.702482893767215621e-01
-1.690757108577384607e-02 -4.996424291523278716e-01 -5.637410955558097569e-01
-2.364590946005315150e-02 -8.922650150869043673e-01 -5.534327227199078436e-01
-5.261392644262028601e-02 -1.284726050162608324e+00 -5.213628921078337086e-01
-3.003509776048126856e+00 -1.462772529282588163e+00 2.432462237203129707e+00
-3.110628607744781782e+00 -1.070892107088209588e+00 2.542573424191249210e+00
-3.122532575334670657e+00 -6.783059479435094019e-01 2.557789749686769198e+00
-3.126125265300770728e+00 -2.856632746168588088e-01 2.565391412171525332e+00
-3.126666774213267441e+00 1.069916337514514038e-01 2.571344364213071554e+00
-3.124685082504019551e+00 4.996424291523275940e-01 2.577851558033983359e+00
-3.117946744129739933e+00 8.922650150869037011e-01 2.588159930869885272e+00
-1.570240212365864974e+00 -3.318501791558413610e-03 7.857895481032465268e-01
1.570240212365864974e+00 3.318501791558413610e-03 -2.355803105486546922e+00
1.569012605380951220e+00 2.853079531649779874e-03 -2.748503809002964537e+00
1.568056557228925119e+00 1.953301957050897035e-03 -3.141203021950912166e+00
1.567517615130876507e+00 7.561535138780405658e-04 2.749284639725260160e+00
1.567477824490196570e+00 -5.561113669418863564e-04 2.356587720361675409e+00
1.567943242724497921e+00 -1.783714154140526344e-03 1.963890260479274508e+00
1.568843017506769799e+00 -2.739764339317279571e-03 1.571191310041020417e+00
1.570040169216695647e+00 -3.278710726685352735e-03 1.178490792148356725e+00
1.571352441223928365e+00 -3.318501791558413610e-03 7.857895481032466378e-01
1.572580048208842118e+00 -2.853079531649779874e-03 3.930888445868287451e-01
1.573536096360867997e+00 -1.953301957050897469e-03 3.896316388813358934e-04
1.574075038458916609e+00 -7.561535138780424090e-04 -3.923080138645326231e-01
1.574114829099596768e+00 5.561113669418849470e-04 -7.850049332281175962e-01
1.573649410865295195e+00 1.783714154140526344e-03 -1.177702393110518830e+00
1.572749636083023539e+00 2.739764339317278270e-03 -1.570401343548772921e+00
1.571552484373097691e+00 3.278710726685351434e-03 -1.963101861441435947e+00
-3.103566891769077962e+00 -1.286989079295753902e+00 -6.174316270015330899e-01
3.103566891769077962e+00 1.286989079295753902e+00 2.524161026588260359e+00
9.747403860473878578e-02 1.461194023464783331e+00 -4.840328286524595569e-01
2.212927460763986290e-02 1.068907809625088579e+00 -5.615247284350436408e-01
1.364951218484659889e-02 6.762665226432242882e-01 -5.723823004731170005e-01
1.108826208381906604e-02 2.835964001263853729e-01 -5.778229303315012277e-01
1.070897746008906380e-02 -1.090799610746179260e-01 -5.820915200643033138e-01
1.214201013302998108e-02 -5.017541630983141099e-01 -5.867657493779907529e-01
1.700646385256884829e-02 -8.944137345845014631e-01 -5.941885159551284490e-01
3.802576182071520233e-02 -1.286989079295753680e+00 -6.174316270015329788e-01
3.044118614985054538e+00 -1.461194023464783331e+00 2.657559824937333559e+00
3.119463378982153312e+00 -1.068907809625088356e+00 2.580067925154749808e+00
3.127943141404946559e+00 -6.762665226432247323e-01 2.569210353116676337e+00
3.130504391505974038e+00 -2.835964001263855394e-01 2.563769723258292110e+00
3.130883676129704529e+00 1.090799610746183840e-01 2.559501133525489802e+00
3.129450643456763270e+00 5.017541630983138878e-01 2.554826904211802141e+00
3.124586189737224462e+00 8.944137345845011300e-01 2.547404137634664778e+00
1.590375251080046626e+00 2.699509655556875387e-02 7.997682563146708556e-01
-1.590375251080046626e+00 -2.699509655556875387e-02 -2.341824397275122482e+00
-1.599214620402817921e+00 -1.744875198073313899e-02 -1.949141652687589765e+00
-1.603727291144260381e+00 -5.247659778845724030e-03 -1.556604112588077404e+00
-1.603229496588699954e+00 7.751577793936469465e-03 -1.164117159914488386e+00
-1.597796595735466063e+00 1.957178988119778751e-02 -7.715566087285474772e-01
-1.588252125516869562e+00 2.841396645115882094e-02 -3.788412979703820738e-01
-1.576046833215873244e+00 3.293051076108397673e-02 1.401934200974038619e-02
-1.563040670393736509e+00 3.243219505163284083e-02 4.069306607853612201e-01
-1.551217402509746490e+00 2.699509655556875387e-02 7.997682563146707446e-01
-1.542378033186975195e+00 1.744875198073314246e-02 1.192451000902203351e+00
-1.537865362445532957e+00 5.247659778845720560e-03 1.584988541001715934e+00
-1.538363157001093384e+00 -7.751577793936463394e-03 1.977475493675304508e+00
-1.543796057854327275e+00 -1.957178988119778057e-02 2.370036044861245195e+00
-1.553340528072923776e+00 -2.841396645115882788e-02 2.762751355619411431e+00
-1.565545820373920094e+00 -3.293051076108397673e-02 -3.127573311580052806e+00
-1.578551983196056607e+00 -3.243219505163286165e-02 -2.734661992804432451e+00
3.090713739890965428e+00 -1.274872256345446209e+00 -5.152380744089133380e-01
-3.090713739890965428e+00 1.274872256345446209e+00 2.626354579180879778e+00
-1.517650566423885683e-01 1.472538030879354087e+00 -7.149531407472955458e-01
-3.151635176327242244e-02 1.080754974609659191e+00 -5.917183466903083167e-01
-1.920229596729481486e-02 6.881716872557223086e-01 -5.761057805075758820e-01
-1.550382057888998084e-02 2.955295686730931570e-01 -5.684247725725308786e-01
-1.490188628268543543e-02 -9.712530682355664802e-02 -5.624638261692775920e-01
-1.680775657991422783e-02 -4.897764644409827728e-01 -5.560015779726900087e-01
-2.334719349224805007e-02 -8.824004626091295211e-01 -5.458774392788291463e-01
-5.087891369882776432e-02 -1.274872256345445987e+00 -5.152380744089132270e-01
-2.989827596947404409e+00 -1.472538030879354309e+00 2.426639512842497570e+00
-3.110076301826520950e+00 -1.080754974609659191e+00 2.549874306899484910e+00
-3.122390357622498502e+00 -6.881716872557226417e-01 2.565486873082217567e+00
-3.126088833010903123e+00 -2.955295686730932680e-01 2.573167881017262459e+00
-3.126690767307107599e+00 9.712530682355703660e-02 2.579128827420515524e+00
-3.124784897009878826e+00 4.897764644409828283e-01 2.585591075617103218e+00
-3.118245460097545330e+00 8.824004626091289660e-01 2.595715214310964303e+00
-3.082394285900046604e+00 -1.249348164073701639e+00 -6.105589690231115751e-01
3.082394285900046604e+00 1.249348164073701639e+00 2.531033684566681430e+00
2.550179013240840287e-01 1.496629962118413371e+00 -3.000395364111994034e-01
4.171120180529371696e-02 1.105972556504223991e+00 -5.170962503088668560e-01
2.472462905578852801e-02 7.134707960258620529e-01 -5.382030478351251812e-01
1.969884094185350362e-02 3.208649039244543810e-01 -5.481727713479986885e-01
1.874159536818737967e-02 -7.176353843663083043e-02 -5.557302277584866834e-01
2.090784904068872241e-02 -4.643876454236556262e-01 -5.637514639105676295e-01
2.855350356331882652e-02 -8.569725014118937390e-01 -5.759713374233645933e-01
5.919836768974654634e-02 -1.249348164073701639e+00 -6.105589690231115751e-01
2.886574752265709254e+00 -1.496629962118413593e+00 2.841553117178593713e+00
3.099881451784499475e+00 -1.105972556504223991e+00 2.624496403280926593e+00
3.116868024534004800e+00 -7.134707960258624970e-01 2.603389605754668157e+00
3.121893812647939637e+00 -3.208649039244545476e-01 2.593419882241794650e+00
3.122851058221606024e+00 7.176353843663135779e-02 2.585862425831306322e+00
3.120684804549104463e+00 4.643876454236555706e-01 2.577841189679225486e+00
3.113039150026474466e+00 8.569725014118931838e-01 2.565621316166428745e+00
