-1.575125116517819057e+00 -8.698745444382685044e-01 7.867323844622812201e-01
1.575125116517819057e+00 8.698745444382685044e-01 -2.354860269127512229e+00
1.148363533580637474e+00 7.854472123331058819e-01 -2.926744679218176159e+00
8.751431025995580759e-01 5.732662386785793984e-01 2.927990449875836454e+00
7.409150160163530119e-01 2.995018595601057210e-01 2.615480739285199530e+00
7.009171644429429415e-01 2.791728501043969600e-03 2.354220433627475906e+00
7.394081213408209008e-01 -2.941075572610677424e-01 2.093400845294964618e+00
8.715465527005908930e-01 -5.685739644311575969e-01 1.782394022991173443e+00
1.141729303005476481e+00 -7.824298709185104617e-01 1.356684510427293988e+00
1.993229120009155420e+00 -7.854472123331057709e-01 2.148479743716172341e-01
2.266449550990234929e+00 -5.732662386785793984e-01 -2.136022037139564123e-01
2.400677637573440215e+00 -2.995018595601060540e-01 -5.261119143045933644e-01
2.440675489146850285e+00 -2.791728501044247156e-03 -7.873722199623169882e-01
2.402184532248972104e+00 2.941075572610680200e-01 -1.048191808294829164e+00
2.270046100889202556e+00 5.685739644311574859e-01 -1.359198630598619673e+00
1.999863350584317523e+00 7.824298709185102396e-01 -1.784908143162498462e+00
2.558300750682745761e+00 -5.617323800556368596e-01 2.464487201682891371e+00
-2.558300750682745761e+00 5.617323800556368596e-01 -6.771054519069019673e-01
-5.487475418318713549e-01 4.654076041611796555e-01 1.858695859151970886e+00
-4.889476420085214770e-01 1.231657654834014820e-01 2.061216063094835071e+00
-4.984264232472804257e-01 -2.236409740627818832e-01 2.246612227069042955e+00
-5.832919029070473549e-01 -5.617323800556367486e-01 2.464487201682891371e+00
-8.043612501883323773e-01 -8.670653891460101681e-01 2.796276201764818392e+00
-1.313098575416222547e+00 -1.067795491470566738e+00 -2.878108809952972358e+00
-2.422690917143601741e+00 -7.843932053069336829e-01 -1.568790438240888374e+00
-2.592845111757922094e+00 -4.654076041611792114e-01 -1.282896794437822008e+00
-2.652645011581271639e+00 -1.231657654834013849e-01 -1.080376590494958045e+00
-2.643166230342512968e+00 2.236409740627814668e-01 -8.949804265207503828e-01
7.297106786227245401e-01 3.636305496928548542e-01 2.570727728227200970e+00
6.741889655357911071e-01 6.204740015695088540e-02 2.312249820084756102e+00
6.971048127968298980e-01 -2.434935922595516111e-01 2.063536897735115616e+00
8.082781043091427087e-01 -5.322720543929226888e-01 1.774396102468860370e+00
1.052093238636825578e+00 -7.706880280246944936e-01 1.378422733421375668e+00
1.940003080604003394e+00 -8.391680629563907923e-01 2.123979363832582956e-01
2.254323987126293893e+00 -6.374950518343049932e-01 -2.478020468769510654e-01
2.411881974967068576e+00 -3.636305496928552428e-01 -5.708649253625919240e-01
2.467403688054002231e+00 -6.204740015695111438e-02 -8.293428335050366806e-01
2.444487840792963329e+00 2.434935922595519442e-01 -1.078055755854677944e+00
-1.616078648086807235e+00 3.446182488109087588e-02 7.518091435506696341e-01
1.616078648086807235e+00 -3.446182488109087588e-02 -2.389783510039123371e+00
1.625811513350436277e+00 -1.452019604452365643e-02 -2.782101648902024049e+00
1.627180693918833132e+00 7.626196869525410024e-03 3.108999157174275663e+00
1.619981142486411674e+00 2.861482847811477187e-02 2.716788915745896649e+00
1.605293485643416673e+00 4.525541654178575485e-02 2.324166738908079566e+00
1.585338521412111401e+00 5.500938120672183018e-02 1.931086941418010738e+00
1.563157991727418317e+00 5.638272576640690481e-02 1.537772380031067643e+00
1.542146870613185783e+00 4.916466435281889591e-02 1.144584231018276776e+00
1.515781140239356839e+00 1.452019604452367378e-02 3.594910046877692333e-01
1.514411959670959984e+00 -7.626196869525414361e-03 -3.259349641551748111e-02
1.521611511103381664e+00 -2.861482847811475105e-02 -4.248037378438963563e-01
1.536299167946376665e+00 -4.525541654178574097e-02 -8.174259146817132171e-01
1.556254132177681715e+00 -5.500938120672182324e-02 -1.210505712171783044e+00
1.578434661862375021e+00 -5.638272576640689093e-02 -1.603820273558725473e+00
1.599445782976607333e+00 -4.916466435281888897e-02 -1.997008422571516117e+00
2.923828075323954057e+00 -1.137286938837269279e+00 -2.226318493393476539e-01
-2.923828075323954057e+00 1.137286938837269279e+00 2.918960804250445573e+00
-2.525402932911183784e-01 1.199088673556490292e+00 -6.567499914308712050e-01
-1.323936469493060542e-01 8.127809651897126564e-01 -5.172116991451334300e-01
-9.092319412240824905e-02 3.163883842631989157e-02 -4.236854731119138462e-01
-9.709812035615815462e-02 -3.593719424617933256e-01 -3.865588863927109098e-01
-3.050669459467385103e+00 -3.163883842631969728e-02 2.717907180477879159e+00
-3.044494533233635281e+00 3.593719424617931035e-01 2.755033767197082373e+00
-1.697093483365001765e+00 6.656872206200911135e-01 6.366836492501555256e-01
1.697093483365001765e+00 -6.656872206200911135e-01 -2.504909004339637590e+00
1.968616231214998846e+00 -5.617595249628939413e-01 -2.970076357226910435e+00
2.146822092267270943e+00 -3.754136439619628063e-01 2.924168290921209667e+00
2.233160005921788205e+00 -1.453294220332103925e-01 2.593843196313418087e+00
2.240371530150789603e+00 9.923067882075599366e-02 2.285738312353557955e+00
2.169829482076681249e+00 3.340501933933869849e-01 1.962526733569791793e+00
2.010104865159153764e+00 5.314229701343343715e-01 1.587162316059643086e+00
1.754318124201688756e+00 6.541682771506990290e-01 1.135514022113278454e+00
1.444499170224791573e+00 6.656872206200911135e-01 6.366836492501556366e-01
1.172976422374794492e+00 5.617595249628941634e-01 1.715162963628826809e-01
9.947705613225221732e-01 3.754136439619627508e-01 -2.174243626685835318e-01
9.084326476680050222e-01 1.453294220332105591e-01 -5.477494572763748071e-01
9.012211234390035131e-01 -9.923067882075585489e-02 -8.558543412362352720e-01
9.717631715131119785e-01 -3.340501933933872625e-01 -1.179065920020001546e+00
1.131487788430639352e+00 -5.314229701343344825e-01 -1.554430337530150030e+00
1.387274529388103916e+00 -6.541682771506986960e-01 -2.006078631476514218e+00
-1.472801276241886059e+00 8.958608694099977621e-01 9.053259729280942469e-01
1.472801276241886059e+00 -8.958608694099977621e-01 -2.236266680661699091e+00
1.942341780490782766e+00 -8.401022800492702336e-01 -2.843569769321790286e+00
2.256581537921625635e+00 -6.376388735800989638e-01 2.979812692556349951e+00
2.413771381070475730e+00 -3.631916146053643102e-01 2.657421986651751222e+00
2.469002117704956145e+00 -6.117209534640188212e-02 2.399517279092808320e+00
2.445859622954825507e+00 2.447343955114346936e-01 2.151234328642365412e+00
2.334385348086841283e+00 5.338407910791330702e-01 1.862306124044531330e+00
2.089841944086182401e+00 7.724911272818858476e-01 1.466027446301120252e+00
1.199250873099010573e+00 8.401022800492703446e-01 2.980228842680030521e-01
8.850111156681680358e-01 6.376388735800988528e-01 -1.617799610334433869e-01
7.278212725193174970e-01 3.631916146053646433e-01 -4.841706669380417272e-01
6.725905358848373039e-01 6.117209534640215274e-02 -7.420753744969847965e-01
6.957330306349677196e-01 -2.447343955114350822e-01 -9.903583249474281480e-01
8.072073055029518329e-01 -5.338407910791330702e-01 -1.279286529545261786e+00
1.051750709503610270e+00 -7.724911272818856256e-01 -1.675565207288672420e+00
-1.616876086529305923e+00 4.885999497702436800e-02 7.505728554627608684e-01
1.616876086529305923e+00 -4.885999497702436800e-02 -2.391019798127032470e+00
1.632054578937713885e+00 -2.751958048999658332e-02 -2.783435945801276290e+00
1.637915242653458225e+00 -2.002580877842022062e-03 3.107826266440393059e+00
1.633584846698100446e+00 2.381807450704073736e-02 2.715942447443167040e+00
1.619708158277000321e+00 4.602472870555006368e-02 2.323621333828568059e+00
1.598367596586378392e+00 6.123502829255840496e-02 1.930640733207052762e+00
1.572803426905363233e+00 6.711878107163703200e-02 1.537164552814836105e+00
1.546931242709612908e+00 6.277068732980248256e-02 1.143648793312158851e+00
1.509538074652079231e+00 2.751958048999658332e-02 3.581567077885168815e-01
1.503677410936334891e+00 2.002580877842017725e-03 -3.376638714939997343e-02
1.508007806891692670e+00 -2.381807450704071655e-02 -4.256502061466256870e-01
1.521884495312792795e+00 -4.602472870555005674e-02 -8.179713197612247244e-01
1.543225057003414946e+00 -6.123502829255842578e-02 -1.210951920382740798e+00
1.568789226684430105e+00 -6.711878107163703200e-02 -1.604428100774957011e+00
1.594661410880180208e+00 -6.277068732980252419e-02 -1.997943860277633821e+00
-1.550835249097330504e+00 -6.317762044901939489e-02 -1.995337057697311955e+00
-1.576566252647951361e+00 -6.600062412720041072e-02 -1.601816719533601718e+00
-1.601412037979128788e+00 -5.876294327527579325e-02 -1.208408253051044934e+00
-1.621570798286789739e+00 -4.257742870554567099e-02 -8.155277164111506272e-01
-1.633986502244954897e+00 -1.992124923218567545e-02 -4.232803095285204709e-01
-1.636798046397311301e+00 5.757363139204782834e-03 -3.140093923147281585e-02
-1.629586757299232413e+00 3.056285061544171053e-02 3.605894796047822148e-01
-1.613428631317148643e+00 5.072841598208479436e-02 7.531055613008926786e-01
-1.590757404492462612e+00 6.317762044901939489e-02 1.146255595892481161e+00
-1.565026400941841977e+00 6.600062412720039684e-02 1.539775934056191620e+00
-1.540180615610664550e+00 5.876294327527581407e-02 1.933184400538747960e+00
-1.520021855303003600e+00 4.257742870554567099e-02 2.326064937178642378e+00
-1.507606151344838219e+00 1.992124923218563035e-02 2.718312344061273311e+00
-1.504794607192481815e+00 -5.757363139204799314e-03 3.110191714358320425e+00
-1.512005896290560925e+00 -3.056285061544168624e-02 -2.781003173985011401e+00
5.909034516121700574e-03 8.825303240908551894e-01 -3.962658372347515057e-01
4.253580086854468791e-03 4.898360516736854353e-01 -3.988284542870470517e-01
3.771177988236333600e-03 9.714003928577753799e-02 -4.004639350170038914e-01
3.923522780814676404e-03 -2.955562112656741069e-01 -4.019725109060781620e-01
4.859671808882648665e-03 -6.882516446497789486e-01 -4.039165119849121299e-01
3.137339073502938724e+00 -4.898360516736856574e-01 2.742764199302746508e+00
3.137821475601556998e+00 -9.714003928577706615e-02 2.741128718572789502e+00
3.137669130808978579e+00 2.955562112656739959e-01 2.739620142683715009e+00
3.136732981780910645e+00 6.882516446497782825e-01 2.737676141604881153e+00
-1.600643173630914351e+00 -1.233547116333681748e+00 8.065817903313661219e-01
1.600643173630914351e+00 1.233547116333681748e+00 -2.335010863258426994e+00
7.542720498097428283e-01 1.066707254337747601e+00 3.034201409296779062e+00
4.643732899943824877e-01 7.399578432861219079e-01 2.671462245574665939e+00
3.640360130957208118e-01 3.792773271718179462e-01 2.485897454447352217e+00
3.371101312460695332e-01 9.874792406183363278e-03 2.349211673804571188e+00
3.611610965787623306e-01 -3.597105372649486710e-01 2.213564201073529691e+00
4.560452936746321462e-01 -7.212074264641850085e-01 2.032518666732288981e+00
7.291033159026391042e-01 -1.051275373142883662e+00 1.686166530013428755e+00
2.387320603780050288e+00 -1.066707254337748045e+00 -1.073912442930139294e-01
2.677219363595410684e+00 -7.399578432861221300e-01 -4.701304080151270659e-01
2.777556640494072582e+00 -3.792773271718184458e-01 -6.556951991424407877e-01
2.804482522343723971e+00 -9.874792406183783081e-03 -7.923809797852219283e-01
2.780431557011030730e+00 3.597105372649488930e-01 -9.280284525162636466e-01
2.685547359915160914e+00 7.212074264641847865e-01 -1.109073986857504135e+00
2.412489337687155011e+00 1.051275373142883218e+00 -1.455426123576363473e+00
-6.786380049271631965e-01 5.005325235859982014e-01 -9.009332135132996910e-01
-5.944863160997939655e-01 1.830349973454910018e-01 -6.541312617482436531e-01
-5.901588276842961722e-01 -1.440713659240923095e-01 -4.358229311247635018e-01
-6.633542043282066869e-01 -4.637485794649454096e-01 -1.954042717201708024e-01
-8.540204354421039312e-01 -7.517749061075980066e-01 1.330566362100369660e-01
-1.251599152802856496e+00 -9.520357068197543571e-01 6.536770882248988945e-01
-1.825817926712435924e+00 -9.653433734191811944e-01 1.346135205338872431e+00
-2.252935430960219421e+00 -7.820165367112151822e-01 1.895248008192446765e+00
-2.462954648662630142e+00 -5.005325235859984234e-01 2.240659440076493425e+00
-2.547106337489999373e+00 -1.830349973454913626e-01 2.487461391841549574e+00
-2.551433825905497166e+00 1.440713659240925870e-01 2.705769722465029670e+00
-2.478238449261586762e+00 4.637485794649452986e-01 2.946188381869622397e+00
-1.248251211085625201e+00 6.195900369583584588e-01 -1.865083609857125291e+00
-1.032894048414114030e+00 4.530867945152698972e-01 -1.449547584992546323e+00
-9.157970994894969463e-01 2.301689870063007015e-01 -1.105240313562984689e+00
-8.823518720294362128e-01 -1.619210578413584137e-02 -7.968489621725654004e-01
-9.259695622097545709e-01 -2.610135043371677455e-01 -4.859840670025706300e-01
-1.055050938181296694e+00 -4.787173000467755957e-01 -1.341956819514922017e-01
-1.283501111487545643e+00 -6.348960343388474481e-01 2.920763846679543807e-01
-1.591762927600689048e+00 -6.883366092122780167e-01 7.872676336321604573e-01
-1.893341442504167915e+00 -6.195900369583582368e-01 1.276509043732667825e+00
-2.108698605175679308e+00 -4.530867945152696752e-01 1.692045068597246793e+00
-2.225795554100296059e+00 -2.301689870063008680e-01 2.036352340026808427e+00
-2.259240781560357014e+00 1.619210578413575810e-02 2.344743691417227716e+00
-2.215623091380038545e+00 2.610135043371679120e-01 2.655608586587222764e+00
-2.086541715408496867e+00 4.787173000467755402e-01 3.007396971638300887e+00
-1.858091542102247695e+00 6.348960343388473371e-01 -2.849516268921839401e+00
-1.523271485984639906e+00 -1.069912982339551233e+00 7.598401298473578258e-01
1.523271485984639906e+00 1.069912982339551233e+00 -2.381752523742435290e+00
9.313011408061360186e-01 9.300651433893786235e-01 -3.075534771774585785e+00
6.458867201425608773e-01 6.486532714982812253e-01 2.812091456983639937e+00
5.297478136712600039e-01 3.200328796810065213e-01 2.566983724744876127e+00
5.004076331144953205e-01 -2.281484450557924246e-02 2.372330521341150966e+00
5.391923151690238836e-01 -3.647871409213778726e-01 2.174505434380913815e+00
6.710636132941610876e-01 -6.897910442304867606e-01 1.916946630519127170e+00
9.902994539262852669e-01 -9.598736461579167045e-01 1.489183543946242194e+00
2.210291512783657097e+00 -9.300651433893787345e-01 6.605788181520792779e-02
2.495705933447232461e+00 -6.486532714982811143e-01 -3.295011966061532904e-01
2.611844839918533445e+00 -3.200328796810067433e-01 -5.746089288449168775e-01
2.641185020475298018e+00 2.281484450557891286e-02 -7.692621322486421498e-01
2.602400338420769454e+00 3.647871409213782612e-01 -9.670872192088795227e-01
2.470529040295632139e+00 6.897910442304867606e-01 -1.224646023070666168e+00
2.151293199663508737e+00 9.598736461579165935e-01 -1.652409109643550478e+00
-2.288829645142022251e+00 -4.053584794654503942e-01 -1.723602638384163388e+00
1.462330505287600557e+00 1.598634138683316108e-01 -2.734415025486264028e+00
1.409536302717777412e+00 1.063682159264259103e-01 -3.127020428943825703e+00
1.381407136189230833e+00 3.699750038310895689e-02 2.768554591093149497e+00
1.381569753020659874e+00 -3.782990143788284021e-02 2.382960233626780333e+00
1.410004055737233308e+00 -1.070774326941147381e-01 1.995306203944267720e+00
1.463040652009790721e+00 -1.603407052784461551e-01 1.602637414844312991e+00
1.533125876566526324e+00 -1.892580155297694244e-01 1.204848449421950463e+00
1.609313090378498678e+00 -1.890895511256614481e-01 8.049206572814679994e-01
1.679262148302192559e+00 -1.598634138683316108e-01 4.071776281035293099e-01
1.732056350872015704e+00 -1.063682159264259242e-01 1.457222464596740624e-02
1.760185517400562505e+00 -3.699750038310898465e-02 -3.730380624966433967e-01
1.760022900569133464e+00 3.782990143788280551e-02 -7.586324199630126719e-01
1.731588597852559808e+00 1.070774326941148075e-01 -1.146286449645525840e+00
1.678552001580002395e+00 1.603407052784461551e-01 -1.538955238745480125e+00
1.608466777023267014e+00 1.892580155297693967e-01 -1.936744204167842209e+00
-8.890584529989017382e-01 -2.402608143773927452e-01 -9.595128932721110893e-01
-1.009310447572667080e+00 -4.713184750218584740e-01 -6.194909404277819664e-01
-2.252534200590891267e+00 2.402608143773925786e-01 2.182079760317681583e+00
-2.132282206017126036e+00 4.713184750218586960e-01 2.522101713162011816e+00
