-3.114656420201152631e+00 -7.864342215484116938e-01 -4.083323608144542871e-02
3.114656420201152631e+00 7.864342215484116938e-01 3.100759417508347937e+00
3.091764254911115284e+00 1.178876497379906629e+00 3.073772393447772977e+00
1.506901018642358148e+00 1.551731521733423325e+00 1.485125018171734590e+00
4.953682145164779033e-02 1.176444562297278784e+00 2.397576554361421572e-02
2.687075657647659127e-02 7.840001631037554208e-01 -2.788215593142219072e-03
2.058269419374046325e-02 3.914069038438185433e-01 -1.391139327476083147e-02
1.902591061152803312e-02 -1.217249449588648971e-03 -2.178758046098055665e-02
2.060345820031964093e-02 -3.938413271560471940e-01 -2.967171225626133446e-02
2.693623338864069988e-02 -7.864342215484115828e-01 -4.083323608144543565e-02
4.982839867867811662e-02 -1.178876497379906407e+00 -6.782026014202038877e-02
1.634691634947428085e+00 -1.551731521733423325e+00 -1.656467635418051421e+00
3.092055832138145277e+00 -1.176444562297279450e+00 -3.117616888046178758e+00
3.114721897013316809e+00 -7.840001631037555319e-01 3.138804437996650876e+00
2.459280840757515074e-01 1.796355477977364945e-01 -2.112094422335523358e+00
2.469885364313836318e-01 -2.014866915643526435e-01 -2.207328783653881743e+00
9.299276486149294918e-01 -1.267324781644214138e+00 -3.064281763281689219e+00
2.266790418302567556e+00 -1.253354811416290460e+00 1.834159463740223428e+00
2.211665004974862292e+00 1.267324781644214360e+00 7.731089030810238405e-02
8.748022352872257823e-01 1.253354811416290460e+00 -1.307433189849569688e+00
-3.112765187477071205e+00 1.314027979972019200e-01 1.150611497850381193e+00
-3.273899571491523108e-02 -1.104194602144151327e+00 -3.848357627361865818e-01
3.273899571491523108e-02 1.104194602144151327e+00 2.756756890853606645e+00
1.944530844602672739e-02 7.116173291910226073e-01 2.740215369085250874e+00
1.550799256084727483e-02 3.189759470155453802e-01 2.732379078930516680e+00
1.476572936829139045e-02 -7.367932059497660224e-02 2.726428485445064442e+00
1.648613102802654051e-02 -4.663318247453646648e-01 2.720102597219725471e+00
2.254410226206578910e-02 -8.589597929027326106e-01 2.710444703902213259e+00
4.692152924338574560e-02 -1.251456476360780501e+00 2.682962976136739286e+00
2.944163153883858186e+00 -1.495654631520177524e+00 -2.171904478942979499e-01
3.108853657874877996e+00 -1.104194602144151549e+00 -3.848357627361865818e-01
3.122147345143766461e+00 -7.116173291910226073e-01 -4.013772845045426307e-01
3.119048551327727292e+00 8.589597929027329437e-01 -4.311479496875803563e-01
3.094671124346407343e+00 1.251456476360780501e+00 -4.586296774530539966e-01
1.974294997059363732e-01 1.495654631520177968e+00 2.924402205695496804e+00
-3.108840382042029837e+00 -7.596052716981124275e-01 1.470039518295282344e+00
3.108840382042029837e+00 7.596052716981124275e-01 -1.671553135294510994e+00
3.083178161467795775e+00 1.151938301978973289e+00 -1.702369354765344900e+00
2.392118456245908575e+00 1.535934884375710796e+00 -2.398165621229210398e+00
6.606735923155404588e-02 1.202889905402217297e+00 1.554256013301591466e+00
3.446712950475239179e-02 8.106265103670020622e-01 1.517581809533885995e+00
2.598569987971254339e-02 4.180987955082333674e-01 1.503150923760930180e+00
2.375465169874249605e-02 2.551782082383766831e-02 1.493204343876067375e+00
2.544208528371184885e-02 -3.670656245554081987e-01 1.483465805320443476e+00
3.275227154776347988e-02 -7.596052716981124275e-01 1.470039518295282344e+00
5.841449212199739671e-02 -1.151938301978973067e+00 1.439223298824448216e+00
7.494741973438842075e-01 -1.535934884375710796e+00 7.434270323605829400e-01
3.075525294358238959e+00 -1.202889905402217741e+00 -1.587336640288201872e+00
3.107125524085041057e+00 -8.106265103670022842e-01 -1.624010844055907343e+00
-1.121166283519427376e+00 -1.365076635278491102e+00 4.071244550681383245e-01
1.121166283519427376e+00 1.365076635278491102e+00 -2.734468198521654791e+00
3.829828307387213582e-01 1.056060878356649857e+00 2.773221395581215276e+00
2.390168728283222077e-01 6.808036918800960402e-01 2.588135331552682494e+00
1.935950209315215886e-01 2.969335811866813390e-01 2.493247395049371207e+00
1.857646898800715540e-01 -8.890016091465481607e-02 2.419264331181186556e+00
2.082901508778079447e-01 -4.742138084137426102e-01 2.339732695744809909e+00
2.843629599939414554e-01 -8.556175565059315202e-01 2.218761093930870398e+00
5.612992017781536225e-01 -1.217897138819557634e+00 1.902903965480184922e+00
2.020426370070365518e+00 -1.365076635278491102e+00 4.071244550681387131e-01
2.758609822851072035e+00 -1.056060878356649635e+00 -3.683712580085782839e-01
2.580293451811640271e+00 1.217897138819557190e+00 -1.238688688109607527e+00
3.079833754591371875e+00 1.079763293701281990e+00 -2.982391660409070777e+00
2.851082339730714565e+00 1.469018331609787120e+00 3.066181374148589267e+00
9.975821477988028319e-02 1.274248088152608593e+00 3.091090759392877141e-01
4.582741048395042038e-02 8.824237106626847682e-01 2.490798695003066665e-01
3.299049720212612197e-02 4.900138884306048381e-01 2.292092092373807233e-01
2.924615231938810719e-02 9.749941061150549371e-02 2.165260077115533921e-01
3.042202036195756909e-02 -2.950294389089223590e-01 2.048299868874978724e-01
3.766678657914606515e-02 -6.875092773812419011e-01 1.897676034214118290e-01
6.175889899842109537e-02 -1.079763293701281990e+00 1.592009931807224776e-01
2.905103138590784395e-01 -1.469018331609787120e+00 -7.541127944120350202e-02
3.041834438809912999e+00 -1.274248088152608815e+00 -2.832483577650505513e+00
3.095765243105842668e+00 -8.824237106626848792e-01 -2.892512784089486644e+00
-3.106762045362087665e+00 1.805955427805790853e-02 3.139799685110191696e+00
-3.117483836367134220e+00 -6.627614874219516228e-01 1.185113326924168486e+00
3.117483836367134220e+00 6.627614874219516228e-01 -1.956479326665624630e+00
3.103035944558008907e+00 1.055282713693957986e+00 -1.975193384880938430e+00
2.987280193975860865e+00 1.446842517403046591e+00 -2.094790481452022846e+00
7.108468545392214455e-02 1.299941761838142806e+00 1.268450548427904057e+00
3.087457942038504891e-02 9.076626169848395209e-01 1.224283341194393859e+00
2.183811406781989428e-02 5.150925413041674839e-01 1.210708259691152922e+00
1.914763243709814711e-02 1.224734666929804122e-01 1.202288673799367880e+00
1.971950428642177053e-02 -2.701533696045254618e-01 1.194685813319992684e+00
2.410881722265884389e-02 -6.627614874219516228e-01 1.185113326924168486e+00
3.855670903178420872e-02 -1.055282713693957986e+00 1.166399268708854908e+00
1.543124596139325844e-01 -1.446842517403046369e+00 1.046802172137770270e+00
3.070507968135871124e+00 -1.299941761838143472e+00 -1.873142105161889059e+00
3.110718074169408265e+00 -9.076626169848400760e-01 -1.917309312395399257e+00
-3.117340618519670592e+00 -7.958987321517050351e-01 1.557985604989058581e+00
3.117340618519670592e+00 7.958987321517050351e-01 -1.583607048600734535e+00
3.096110593764766161e+00 1.188386764760689607e+00 -1.608478342584279464e+00
1.010416993630252724e+00 1.550765437694576754e+00 2.585641831890774789e+00
4.320520362282279092e-02 1.167112501761585541e+00 1.615051361509462602e+00
2.374119958037532521e-02 7.746096808080947804e-01 1.591922240789497511e+00
1.828496664639716121e-02 3.819936597832448433e-01 1.582131932262492491e+00
1.696787686022110248e-02 -1.064605797249353926e-02 1.575134514740056835e+00
1.844693786675708283e-02 -4.032852498810558517e-01 1.568075118925682965e+00
2.425203507012266627e-02 -7.958987321517050351e-01 1.557985604989058581e+00
4.548205982502726702e-02 -1.188386764760689385e+00 1.533114311005513875e+00
2.131175659959547275e+00 -1.550765437694576532e+00 -5.559508216990250995e-01
3.098387449966970575e+00 -1.167112501761585763e+00 -1.526541292080330514e+00
3.117851454009417989e+00 -7.746096808080951135e-01 -1.549670412800295827e+00
-3.119913470851167769e+00 5.718620802745421478e-02 1.066151555042895299e-01
3.121109771753871165e+00 -2.677057711016562341e-02 -1.648024919482005135e+00
3.113069683331088022e+00 1.038993912789759833e+00 -2.042300708567069023e+00
3.037526766514779819e+00 1.431124879175792231e+00 -2.120774870513178811e+00
5.754528839494851833e-02 1.316619900030783219e+00 1.179577734254439125e+00
2.400569367053207587e-02 9.241851418633916238e-01 1.143038452489825385e+00
1.677737619229177288e-02 5.315631218691281301e-01 1.132382182933644899e+00
1.460286277708140561e-02 1.389109177349848734e-01 1.125899570737572741e+00
1.494064111633958310e-02 -2.537464183534923756e-01 1.120126607119725337e+00
1.811747591427178075e-02 -6.463937072513995519e-01 1.112964323977826853e+00
2.852297025870530536e-02 -1.038993912789759833e+00 1.099291945022724315e+00
1.040658870750131165e-01 -1.431124879175792008e+00 1.020817783076614749e+00
3.084047365194844126e+00 -1.316619900030783441e+00 -1.962014919335353547e+00
3.117586959919260714e+00 -9.241851418633915127e-01 -1.998554201099967509e+00
3.114051704841863888e+00 1.032940095595716729e-01 -1.421704462235863220e+00
-3.116976215626479974e+00 4.760529704947893959e-02 -4.562796642599045716e-01
2.988718624867340523e+00 1.415982043632628473e+00 -2.807463862657799236e+00
9.862571002356608496e-02 1.330008497536962819e+00 5.810003603136979500e-01
3.971750327325651586e-02 9.380589612274763400e-01 5.172368824735882331e-01
2.747193634329601897e-02 5.455686436346048884e-01 4.994602565492035073e-01
2.376070084660269338e-02 1.529944556127100230e-01 4.888240863825977778e-01
2.417377592407400980e-02 -2.395947261680180795e-01 4.794646223511421779e-01
2.910958672175095394e-02 -6.321591686967330537e-01 4.679986608910463031e-01
4.522016949561952215e-02 -1.024606395428995231e+00 4.465541463621250373e-01
1.528740287224523153e-01 -1.415982043632628029e+00 3.341287909319943794e-01
3.042966943566227211e+00 -1.330008497536963041e+00 -2.560592293276095610e+00
3.116799534721704124e+00 1.113950386420105299e-01 2.933601780913399182e+00
2.272772301192170996e+00 1.260955878332853386e+00 2.574911955504279426e+00
9.058005349977598097e-01 1.270442037860590956e+00 1.161441809215331578e+00
2.816840304989248200e-01 5.780126330441504034e-01 4.348026364999484916e-01
2.397553583697270840e-01 1.981814514136299721e-01 3.260889446905244626e-01
2.390671360571054449e-01 -1.835909084935944402e-01 2.335296332769573879e-01
2.790156946559432805e-01 -5.635800575231079135e-01 1.261271084152127686e-01
8.688203523976220088e-01 -1.260955878332853386e+00 -5.666806980855132458e-01
2.235792118592032196e+00 -1.270442037860591178e+00 -1.980150844374460650e+00
-3.038454082111076371e+00 -1.379368087732781856e+00 -7.537335175257751096e-01
3.038454082111076371e+00 1.379368087732781856e+00 2.387859136064018006e+00
9.722112761654666535e-02 1.367599168444387336e+00 -5.572328192706437200e-01
2.346676269865530587e-02 5.830079719991282383e-01 -6.395449687802738925e-01
1.995032394836155146e-02 1.903984680548602426e-01 -6.486898694165600388e-01
1.999730577879527127e-02 -2.022242793024901231e-01 -6.564829031251019353e-01
2.365289710636633499e-02 -5.948328601281307471e-01 -6.657220323603497691e-01
1.031385714787167451e-01 -1.379368087732781634e+00 -7.537335175257749986e-01
3.044371525973246673e+00 -1.367599168444387336e+00 2.584359834319149840e+00
-3.103622742443362448e+00 9.187340705589648604e-02 2.592347699848759568e+00
-3.136440605790071778e+00 -2.699077101654322880e-02 -1.622625780392908945e+00
3.118489593843980945e+00 3.511962483535944774e-03 -1.586313319290431734e+00
2.310305974581230298e-02 -3.511962483535970795e-03 1.555279334299361604e+00
-3.115158449039786781e+00 -6.197506729307532963e-02 -1.126940486488833937e+00
-3.108950596095695573e+00 -9.360047664326474059e-01 1.768411823573305508e+00
3.108950596095695573e+00 9.360047664326474059e-01 -1.373180830016487608e+00
3.060940236306783913e+00 1.328200098809610319e+00 -1.425194819558380788e+00
1.280945536049830358e-01 1.418708169096092986e+00 1.921330126847386799e+00
3.741053336075373520e-02 1.026926359361292285e+00 1.826715000657631371e+00
2.403130386571497926e-02 6.343992910584830280e-01 1.808943321814759475e+00
1.993479460206507708e-02 2.417918706557713460e-01 1.799472176583738481e+00
1.957712787477281641e-02 -1.508325387455426714e-01 1.791756286804589759e+00
2.261310724560816957e-02 -5.434469158717519788e-01 1.783003880321195167e+00
3.264205749409763990e-02 -9.360047664326472949e-01 1.768411823573305508e+00
8.065241728300912016e-02 -1.328200098809610097e+00 1.716397834031412550e+00
3.013498099984809997e+00 -1.418708169096093208e+00 -1.220262526742406317e+00
3.104182120229039388e+00 -1.026926359361292729e+00 -1.314877652932161967e+00
2.880724451449284018e+00 9.777724398879428236e-01 -2.734828949732463155e+00
2.470459585928956425e+00 1.336879517299490505e+00 3.108483935985296487e+00
6.138410176319000211e-01 1.317863470480850285e+00 1.223321960974463884e+00
2.521479478324041290e-01 9.548070817543440336e-01 8.318805500907969774e-01
1.721037021983640170e-01 5.703925937964368087e-01 7.182049135677887053e-01
1.471088088773993829e-01 1.825302515702075523e-01 6.515117829948195993e-01
1.477951408892812235e-01 -2.060145069029322706e-01 5.941753252144711395e-01
1.748005848933836259e-01 -5.937782592934378600e-01 5.261319425616690637e-01
2.608682021405092644e-01 -9.777724398879426015e-01 4.067637038573302943e-01
6.711330676608366907e-01 -1.336879517299490505e+00 -3.310871760449655282e-02
2.527751635957893317e+00 -1.317863470480850507e+00 -1.918270692615329454e+00
2.889444705757389098e+00 -9.548070817543442557e-01 -2.309712103498996250e+00
-3.136926609092578033e+00 -1.388174514192404840e-01 -2.265268341374261085e-01
2.897470597262355341e+00 -2.157311708759889271e-02 -1.191348770067286456e+00
2.880536683663080577e+00 3.589816807429292989e-01 -1.290304110564927775e+00
-3.107823422362808063e+00 1.683690515951473121e-01 -1.281033694349365426e+00
3.138710328497792190e+00 9.033049722747535371e-02 2.298941810507055539e-01
-3.816456406791974860e-03 -6.316857158180860798e-01 1.051942492698885179e+00
3.816456406791974860e-03 6.316857158180860798e-01 -2.089650160890907937e+00
3.170106190773185669e-03 2.389889490791869409e-01 -2.091153377236619537e+00
3.116750743109028034e-03 -1.537082420821470341e-01 -2.092380996096522949e+00
3.604884855133248973e-03 -5.464051739572579613e-01 -2.093776981758460831e+00
5.215817627599011151e-03 -9.391006579718653713e-01 -2.096113129322425550e+00
1.301039306182786258e-02 -1.331786755243746789e+00 -2.104544394145194453e+00
3.121478284739521492e+00 -1.417056737893461316e+00 1.069566034401680632e+00
3.135665305817862514e+00 -1.024380469091682455e+00 1.054753142136783062e+00
3.136376835962194409e+00 9.391006579718645941e-01 1.045479524267367566e+00
3.128582260527965619e+00 1.331786755243747011e+00 1.037048259444598886e+00
2.011436885027135385e-02 1.417056737893461538e+00 -2.072026619188112928e+00
5.927347771931000368e-03 1.024380469091682899e+00 -2.086839511453009610e+00
-2.711893047455999489e-02 -6.571394351065393824e-01 1.243585180434863435e+00
2.711893047455999489e-02 6.571394351065393824e-01 -1.898007473154929903e+00
2.224426408457704646e-02 2.645557742603318885e-01 -1.908758404761452532e+00
2.164750042341135119e-02 -1.280511729923587694e-01 -1.917340583935541298e+00
2.475025984190259987e-02 -5.206477408350392855e-01 -1.926889455272639218e+00
3.513071338243781844e-02 -9.131804598136478157e-01 -1.942384278162376132e+00
8.192021862329891546e-02 -1.305328877632662588e+00 -1.993638450124858963e+00
2.975034756239467004e+00 -1.440938123396764858e+00 1.392197911861485782e+00
3.098461460830514103e+00 -1.049614721844931653e+00 1.264427389919575262e+00
3.114473723115233295e+00 -6.571394351065396044e-01 1.243585180434863435e+00
3.106461940207355443e+00 9.131804598136473716e-01 1.199208375427416984e+00
3.059672434966493881e+00 1.305328877632663032e+00 1.147954203464933931e+00
1.665578973503263338e-01 1.440938123396764858e+00 -1.749394741728307334e+00
4.313119275927937424e-02 1.049614721844932097e+00 -1.877165263670218076e+00
2.500479761218323688e-02 2.384089200664571417e-01 -1.209595739875485965e+00
2.458910502820398081e-02 -1.541725206707353357e-01 -1.219278663804925333e+00
-3.124835141993531629e+00 -7.757990692100909247e-02 -1.739245601524843643e+00
