-3.106400047684098276e+00 -1.448319173261340131e-01 -2.641116590224221738e+00
-3.105672543695952026e+00 2.476253046998799223e-01 -2.627227658578099589e+00
-3.113531148682673777e+00 -1.559816618679233935e-01 -8.968276058005020257e-01
-3.113077533483990411e+00 2.365643204310524106e-01 -8.857825056993383628e-01
-2.813228374180882785e+00 -8.136132797369919345e-01 1.267938787148539026e+00
2.813228374180882785e+00 8.136132797369919345e-01 -1.873653866441254312e+00
2.905378734624235459e+00 -3.284345974242933730e-01 -1.553437757463919322e+00
2.917891492919953311e+00 5.418804342070784874e-02 -1.643246949033130289e+00
3.131096490827309786e+00 -4.234452051351954016e-01 2.381976008520637400e+00
3.132019024640926741e+00 -3.076535054763927801e-02 2.377957462229404850e+00
-3.135289437535195844e+00 1.873087235455497476e-02 -1.528439410744641513e+00
-1.095276156720547192e-02 -6.154052126993834193e-01 7.977466561916085608e-01
1.095276156720547192e-02 6.154052126993834193e-01 -2.343845997398184444e+00
9.169812816843099512e-03 2.227253482435448961e-01 -2.348143519666777479e+00
9.074047092678188056e-03 -1.699578125102211568e-01 -2.351703911819801984e+00
1.057320424269323975e-02 -5.626385366590481718e-01 -2.355809187089550338e+00
1.549044316312487950e-02 -9.553062799858693666e-01 -2.362817218231731520e+00
4.046523026032560616e-02 -1.347885422637973507e+00 -2.389634174361830343e+00
3.088767633986891692e+00 -1.400598788535072137e+00 8.434867307632332167e-01
3.124828473098511417e+00 -1.008069161682437542e+00 8.056031517292365773e-01
3.130639892022587745e+00 -6.154052126993835303e-01 7.977466561916086718e-01
3.126102210426668471e+00 9.553062799858689225e-01 7.787754353580619293e-01
3.101127423329467891e+00 1.347885422637973729e+00 7.519584792279629948e-01
5.282501960290193754e-02 1.400598788535072359e+00 -2.298105922826559677e+00
1.676418049128178267e-02 1.008069161682437986e+00 -2.335989501860556761e+00
-3.066964434845056875e+00 -6.076598880925898616e-01 1.806314414959523829e+00
-3.078885404856329888e+00 -2.158559751031668694e-01 1.835528924021233355e+00
-3.079379122194907392e+00 1.760968240367922211e-01 1.859889331654539957e+00
-3.068918073236623023e+00 5.679310280328024874e-01 1.888116437628198696e+00
2.856387401745866597e-02 -1.293327454712702940e+00 2.123803829065803672e+00
-2.856387401745866597e-02 1.293327454712702940e+00 -1.017788824523989666e+00
-1.259681246015438225e-02 9.006972202668602767e-01 -1.000189985958782168e+00
-8.954143175265421445e-03 5.080197205683874007e-01 -9.946727193269874201e-01
-7.875619051270186383e-03 1.153341321167416084e-01 -9.912232390687680805e-01
-8.134159636009136163e-03 -2.773526919869065965e-01 -9.880896417680502530e-01
-9.981313974317448240e-03 -6.700362388046798845e-01 -9.841182392228026155e-01
-1.608093990048573702e-02 -1.062704608674841733e+00 -9.762671115730883198e-01
-6.787705819567065035e-02 -1.455194803701545636e+00 -9.228915105769964766e-01
-3.113028779572334592e+00 -1.293327454712703162e+00 2.123803829065803672e+00
-3.128995841129639022e+00 -9.006972202668603877e-01 2.141402667631011170e+00
-3.131611339615475664e+00 6.700362388046802176e-01 2.157474414366990612e+00
-3.125511713689307580e+00 1.062704608674841289e+00 2.165325542016705018e+00
-3.073715595394122868e+00 1.455194803701545192e+00 2.218701143012796528e+00
3.077898926969111049e+00 -5.387834024671984690e-01 -2.718137602968083044e+00
3.086337367707344015e+00 -1.467575832585816253e-01 -2.742762832267642725e+00
3.085242735968177996e+00 2.453458502186280643e-01 -2.764551526552918137e+00
-4.728243974970418664e-03 -1.232731716428951962e+00 2.109984290520545258e+00
4.728243974970418664e-03 1.232731716428951962e+00 -1.031608363069247858e+00
2.349546071378636174e-03 8.400347603882819536e-01 -1.034319354918342704e+00
1.739317792555542669e-03 4.473364606278282807e-01 -1.035316614488967613e+00
1.570516694135876265e-03 5.463790160333204665e-02 -1.035983217062409256e+00
1.662257512575896542e-03 -3.380606805781840030e-01 -1.036620285907244865e+00
2.105869486427815792e-03 -7.307590924858728965e-01 -1.037474516542575165e+00
3.625266240453574838e-03 -1.123456713417783304e+00 -1.039337530857731062e+00
2.870757921731972862e-02 -1.516135880772421007e+00 -1.064733711833691032e+00
3.136864409614822602e+00 -1.232731716428951962e+00 2.109984290520545258e+00
3.139243107518414622e+00 -8.400347603882820646e-01 2.107273298671450412e+00
3.139853335797237577e+00 -4.473364606278281141e-01 2.106276039100825948e+00
3.140022136895657123e+00 -5.463790160333244217e-02 2.105609436527383860e+00
3.139486784103365125e+00 7.307590924858733406e-01 2.104118137047218173e+00
3.137967387349339443e+00 1.123456713417783304e+00 2.102255122732062276e+00
3.112885074372473415e+00 1.516135880772420563e+00 2.076858941756102528e+00
2.909705748239982182e+00 -6.318000827819416632e-01 1.623365143541685374e+00
-2.909705748239982182e+00 6.318000827819416632e-01 -1.518227510048107964e+00
-2.786138123348941509e+00 1.008791697065962945e+00 -1.352430779538611905e+00
-2.209562936238917974e+00 1.337693334484783891e+00 -7.379391680141350607e-01
-6.477468785868331080e-01 1.258389349925484568e+00 8.607550272309809625e-01
-9.320297173508756972e-01 -1.337693334484783891e+00 2.403653485575658610e+00
-2.493845775002959453e+00 -1.258389349925484790e+00 -2.280837626358812820e+00
-2.925841914157417900e+00 -5.231048178384785086e-01 -1.765847279463746755e+00
-2.953244542392855720e+00 -1.381612735242496448e-01 -1.683039306261493673e+00
-2.949119771406499613e+00 2.476174945201455313e-01 -1.609065347073108443e+00
-3.110105818888321494e+00 -6.484217692378863029e-01 1.104360406767496583e+00
3.110105818888321494e+00 6.484217692378863029e-01 -2.037232246822296755e+00
3.091935281438051408e+00 1.040821699783206267e+00 -2.061066800569653523e+00
2.959496372756971638e+00 1.431789063258200878e+00 -2.198590251003891272e+00
9.881761433497554536e-02 1.313634616879781225e+00 1.218968382312646925e+00
4.152412170269947911e-02 9.217206780294450175e-01 1.156467062000443802e+00
2.907325725924880810e-02 5.292525770368219362e-01 1.138062050194143637e+00
2.533103002216404581e-02 1.366944034983884060e-01 1.126832781614840462e+00
2.593942539621035132e-02 -2.558789581550738323e-01 1.116813680774999318e+00
3.148683470147160129e-02 -6.484217692378863029e-01 1.104360406767496583e+00
4.965737215174195751e-02 -1.040821699783206267e+00 1.080525853020139815e+00
1.820962808328207838e-01 -1.431789063258200878e+00 9.430024025859028436e-01
3.042775039254817404e+00 -1.313634616879781447e+00 -1.922624271277145969e+00
3.100068531887093748e+00 -9.217206780294453505e-01 -1.985125591589349314e+00
1.170066586853068949e-03 -6.190037671913749540e-01 9.054461541896862142e-01
-1.170066586853068949e-03 6.190037671913749540e-01 -2.236146499400107235e+00
-9.779031718991884788e-04 2.263049044280900646e-01 -2.235687018614401111e+00
-9.663150630839021770e-04 -1.663939964598862287e-01 -2.235307550269045151e+00
-1.124133095045562166e-03 -5.590928703104817155e-01 -2.234871338464817558e+00
-1.642413328622813976e-03 -9.517915987367171482e-01 -2.234129924053464222e+00
-4.247127931351210410e-03 -1.344489345723581808e+00 -2.231328763857166830e+00
-3.135839022113126706e+00 -1.404399550416743692e+00 9.004508913202683429e-01
-3.139796016555311819e+00 -1.011702446654461962e+00 9.046019806800676966e-01
-3.140422587002940080e+00 -6.190037671913751760e-01 9.054461541896861032e-01
-3.139950240261170755e+00 9.517915987367169262e-01 9.074627295363288937e-01
-3.137345525658441492e+00 1.344489345723582030e+00 9.102638897326267298e-01
-5.753631476666629281e-03 1.404399550416743914e+00 -2.241141762269524662e+00
-1.796637034481618749e-03 1.011702446654462406e+00 -2.236990672909725308e+00
-3.086987028699933688e+00 -1.335831151374439751e-01 2.802976700382380226e+00
-3.353915909146594487e-02 -6.156861971655146482e-01 9.085637091318723435e-01
3.353915909146594487e-02 6.156861971655146482e-01 -2.233028944457920772e+00
2.807530265139527442e-02 2.231672765827819593e-01 -2.246188118801948796e+00
2.777650589849996535e-02 -1.693825978581227631e-01 -2.257086844585897367e+00
3.235521995117789096e-02 -5.619097275321861540e-01 -2.269646558118939339e+00
4.736642010483441828e-02 -9.543155916980957665e-01 -2.291060069803469545e+00
1.230670445830265580e-01 -1.345899181034410752e+00 -2.372401178775477071e+00
2.980603441960541833e+00 -1.399172885362595098e+00 1.047853240065856673e+00
3.090257709704959943e+00 -1.008055867711225684e+00 9.326191282553093487e-01
3.094226233484958843e+00 9.543155916980955444e-01 8.505325837863237926e-01
3.018525609006765809e+00 1.345899181034411418e+00 7.691914748143153790e-01
1.609892116292517272e-01 1.399172885362595320e+00 -2.093739413523936221e+00
5.133494388483320070e-02 1.008055867711226350e+00 -2.208973525334483767e+00
-2.777117979607701443e-04 -1.159106985884597929e+00 2.042616978306635911e+00
2.777117979607701443e-04 1.159106985884597929e+00 -1.098975675283157427e+00
1.542581916871478705e-04 7.664079123828225759e-01 -1.099123197115124517e+00
1.193673860436645620e-04 3.737088342073496272e-01 -1.099186605640538605e+00
1.111486620737820428e-04 -1.899024495274354019e-02 -1.099232293799448756e+00
1.212603958268672154e-04 -4.116893240725772452e-01 -1.099278706512479831e+00
1.602311390759609438e-04 -8.043884020535909674e-01 -1.099345614757025080e+00
3.044029322394272048e-04 -1.197087474419655573e+00 -1.099513576155366490e+00
3.135740489390506536e+00 -1.551805756611114084e+00 2.048213579391509498e+00
3.141314941791832460e+00 -1.159106985884598151e+00 2.042616978306635911e+00
3.141438395398106209e+00 -7.664079123828229090e-01 2.042469456474668821e+00
3.141432422450717521e+00 8.043884020535913004e-01 2.042247038832768258e+00
3.141288250657553682e+00 1.197087474419655573e+00 2.042079077434426626e+00
5.852164199286546444e-03 1.551805756611114750e+00 -1.093379074198284284e+00
3.141481504927719381e+00 1.899024495274323487e-02 2.042360359790344582e+00
-3.094211664329615363e+00 5.088482231829967450e-02 -1.431164787914840364e+00
-3.119674487200419399e+00 -2.366853193552414733e-02 2.070284389135877756e+00
6.068271630459696336e-02 -1.201151237286487872e+00 2.014210192595384363e+00
-6.068271630459696336e-02 1.201151237286487872e+00 -1.127382460994408975e+00
-3.174315405098499659e-02 8.088207097022014347e-01 -1.093758467914146992e+00
-2.395829532439143483e-02 4.162671392661309588e-01 -1.080478527011493384e+00
-2.191816638937378256e-02 2.366853193552367549e-02 -1.071308264453915138e+00
-2.349306632815739704e-02 -3.689320263841564529e-01 -1.062316044424368888e+00
-3.027557556623926630e-02 -7.614950189087448251e-01 -1.049895836916113989e+00
-5.413357387808610116e-02 -1.153880524042354638e+00 -1.021284921671474777e+00
-7.468875870016326024e-01 -1.538539301080950272e+00 -3.241612695483424567e-01
-3.080909937285196243e+00 -1.201151237286488094e+00 2.014210192595383919e+00
-3.109849499538808182e+00 -8.088207097022014347e-01 2.047834185675645902e+00
-3.111317078023553950e+00 7.614950189087450472e-01 2.091696816673679127e+00
-3.087459079711706966e+00 1.153880524042354638e+00 2.120307731918318339e+00
-2.394705066588171505e+00 1.538539301080949828e+00 2.817431384041440001e+00
-1.272808693340465314e-01 -1.142398693850960045e+00 -3.201377531266831333e-01
1.272808693340465314e-01 1.142398693850960045e+00 2.821454900463109983e+00
7.222919817405144827e-02 7.514580959407466398e-01 2.754925394185084642e+00
5.636340963296259526e-02 3.595377947947888120e-01 2.725417765232640122e+00
5.278410422531278068e-02 -3.259213598962930336e-02 2.703846712903777316e+00
5.790538891810252664e-02 -4.247064984611929050e-01 2.681686079588242677e+00
7.708614210732735172e-02 -8.165517065840571798e-01 2.649336621298547634e+00
1.487657910710755427e-01 -1.207057203054060501e+00 2.566406384621024994e+00
2.124322093365484054e+00 -1.508768734521897414e+00 5.803850687763791871e-01
3.014311784255746751e+00 -1.142398693850960045e+00 -3.201377531266830778e-01
3.069363455415742070e+00 -7.514580959407468619e-01 -3.866672594047086964e-01
3.064506511482465889e+00 8.165517065840578459e-01 -4.922560322912456487e-01
2.992826862518717768e+00 1.207057203054060279e+00 -5.751862689687682328e-01
1.017270560224316167e+00 1.508768734521897636e+00 -2.561207584813407045e+00
-3.124002759595430945e+00 -6.701263415381625288e-01 2.878937493764308631e-01
3.124002759595430945e+00 6.701263415381625288e-01 -2.853698904213362475e+00
3.113252643755137772e+00 1.062730041957318017e+00 -2.867535255860838017e+00
3.022219210018825208e+00 1.454781499635458220e+00 -2.961351912894440108e+00
5.028182528327493350e-02 1.292960372193181717e+00 3.471759046434486629e-01
2.219178643687861816e-02 9.004747966288330074e-01 3.162103339503536392e-01
1.577693981258918368e-02 5.078427059221910511e-01 3.064919679318752754e-01
1.387765200391299220e-02 1.151855173180833802e-01 3.004143341888315111e-01
1.433399589463437221e-02 -2.774755027504048344e-01 2.948925209978707773e-01
1.758989399436223372e-02 -6.701263415381621957e-01 2.878937493764308631e-01
2.834000983465531295e-02 -1.062730041957318017e+00 2.740573977289552654e-01
1.193734435709681713e-01 -1.454781499635458220e+00 1.802407406953528968e-01
3.091310828306518488e+00 -1.292960372193182161e+00 -2.794416748946344509e+00
3.119400867152914536e+00 -9.004747966288331185e-01 -2.825382319639439643e+00
3.134302653407180728e+00 -8.504712349015433603e-02 -8.457175446887266190e-01
-3.056290491485614602e+00 -1.485438086866546437e+00 2.210262761666632603e+00
3.056290491485614602e+00 1.485438086866546437e+00 -9.313298919231604023e-01
2.398255563331070164e-02 1.263063603469577023e+00 2.318112175292667221e+00
1.127020494441513011e-02 8.704162389989028581e-01 2.303873171115526031e+00
8.179450553227118198e-03 4.777347958705125408e-01 2.299016573641019523e+00
7.290000182612341520e-03 8.504712349015426665e-02 2.295875108901066497e+00
7.621482883891911655e-03 -3.076413271836758168e-01 2.292947937988774054e+00
9.499600851876136010e-03 -7.003265556025635163e-01 2.289133560707192316e+00
1.579703471618821090e-02 -1.092996923688488442e+00 2.281227696445047748e+00
8.530216210417849998e-02 -1.485438086866546437e+00 2.210262761666633047e+00
3.117610097956482473e+00 -1.263063603469577245e+00 -8.234804782971258952e-01
3.130322448645378230e+00 -8.704162389989025250e-01 -8.377194824742673074e-01
3.132093052737916938e+00 7.003265556025637384e-01 -8.524590928826007996e-01
3.125795618873604909e+00 1.092996923688488220e+00 -8.603649571447453681e-01
-3.110134201391963060e+00 6.249970227104070103e-02 1.394182881829717058e+00
2.690481529440550634e+00 -4.803599673358259214e-01 1.236584752289158429e+00
2.741490317501416474e+00 -1.217995228198784086e-01 1.067700989443325366e+00
2.732229723092619356e+00 2.398926025445285715e-01 9.136378368214032042e-01
2.655853146753969440e+00 5.950172231245615118e-01 7.286571305715079383e-01
3.138269443232132083e+00 -1.272961404091836224e+00 -5.631242198273832544e-01
-3.138269443232132083e+00 1.272961404091836224e+00 2.578468433762409973e+00
-1.029485049399693312e-02 1.475925621509710517e+00 -5.765496831113552378e-01
-2.081638074896834199e-03 1.083230640310594239e+00 -5.681402014200700457e-01
-1.265000886719456390e-03 6.905320624669812890e-01 -5.671068631133949767e-01
-1.020108971501992390e-03 2.978332276830034653e-01 -5.666004743583719083e-01
-9.796028835930498460e-04 -9.486566280763249204e-02 -5.662083323967943560e-01
-1.103819218718775754e-03 -4.875645376077139548e-01 -5.657840112361961493e-01
-1.531048308259542155e-03 -8.802632959388632106e-01 -5.651208281400734723e-01
-3.323210357661094370e-03 -1.272961404091836224e+00 -5.631242198273832544e-01
-3.131297803095796084e+00 -1.475925621509710739e+00 2.565042970478438100e+00
-3.139511015514896197e+00 -1.083230640310594239e+00 2.573452452169723070e+00
-3.140061605281533552e+00 8.802632959388628775e-01 2.576471825449719866e+00
-3.140613050706200227e+00 9.486566280763304715e-02 2.575384321192998982e+00
-3.132754815823565409e+00 -3.459821514972477585e-01 1.455156179648727344e+00
-3.133269457795100355e+00 4.670285535208357208e-02 1.458541927926464865e+00
-3.126659049490529085e+00 -1.301963357833556267e-01 -1.935983673627171164e+00
3.120738033183234172e+00 -9.296309283890739905e-02 -1.398032652191871505e-01
3.131769345668808047e+00 3.910431281530001718e-02 9.527258246563202748e-02
