2.651283410472261348e+00 -2.784479853109920241e-03 3.020544431433235477e+00
-2.432262138826687181e+00 -7.850936282239638908e-01 1.007796605255190547e+00
2.432262138826687181e+00 7.850936282239638908e-01 -2.133796048334602791e+00
2.341877239844946779e+00 -8.731795303742667658e-01 -9.206368645592559741e-01
2.564007323218423284e+00 -5.665385875521027348e-01 -1.251925767386396604e+00
2.649059449180414028e+00 -2.272961586137862977e-01 -1.468067017997255697e+00
2.659008984978223911e+00 1.206254509358729715e-01 -1.651371845945322381e+00
2.600336924029301944e+00 4.641810975237615211e-01 -1.851307738397640623e+00
-2.741062655554618477e+00 -8.288950525147473214e-02 6.212123579469634727e-02
2.748992337465635316e+00 -2.842650386452853506e-01 5.416307117820079453e-01
2.764276226506740208e+00 8.036102618975177192e-02 3.942116092297440200e-01
2.722969877978446362e+00 4.431420221268158044e-01 2.375055878496875328e-01
2.753983533893419100e+00 -2.693003642089658034e-01 2.715343842196216162e+00
2.766849619638970470e+00 9.586656754403156955e-02 2.569515150932814240e+00
2.723092974063270777e+00 4.588576345335234064e-01 2.412636319493717263e+00
-2.747803549534431955e+00 -5.447072875670726511e-01 5.356887727050360093e-01
-2.801690571291325593e+00 -1.774035852777833822e-01 6.854207807818758491e-01
-2.800635670060120042e+00 1.932866696140028984e-01 8.157954025622456973e-01
-2.743798298871809482e+00 5.602547654782608078e-01 9.674350253323613646e-01
-2.759487794325194976e+00 -6.106010592205532994e-01 -4.222013690216678272e-01
2.759487794325194976e+00 6.106010592205532994e-01 2.719391284568125400e+00
2.785219291234171557e+00 -5.040016159434074217e-01 3.123727469885637209e+00
2.828292982589176940e+00 -1.325152524520757102e-01 2.988626244731656278e+00
2.821559035560171402e+00 2.411228835356164224e-01 2.866869161554091328e+00
2.717750648723886719e+00 -4.619677448948268927e-01 1.639180123730306082e+00
2.762591684094716005e+00 -9.969038332051889661e-02 1.480343267065222568e+00
2.750216072053606187e+00 2.648987966588359222e-01 1.333104534597494562e+00
2.719655630631807153e+00 -3.614131804767832801e-01 2.803856421754211681e+00
2.748472911539695751e+00 -1.133474989097462229e-04 2.646487971836426034e+00
2.719693608656294614e+00 3.611892864837032424e-01 2.489132946837252280e+00
-2.745901969854883884e+00 -1.571984291653556187e-01 2.056960401666202642e+00
-2.742176102095540635e+00 2.055695153306928147e-01 2.208212593650785482e+00
2.728340870567631526e+00 -1.332111983850052805e-01 9.909456946957676537e-01
2.720812144173178293e+00 2.265906581719611679e-01 8.325713454170219352e-01
2.694088805732716807e+00 4.254399567615823469e-02 3.096093954315290553e+00
2.676029353734254101e+00 -4.426423456199087697e-02 1.814967325349084171e-01
-2.738533942084625750e+00 -8.738673498647425708e-02 2.680491570778823496e-01
-2.723723735932841450e+00 2.734366391935549312e-01 4.245806192216318165e-01
-2.630194972423759658e+00 2.758111349627064834e-01 6.454520332663288285e-01
-2.824549825383265489e+00 -3.733290374412693846e-01 -4.778948618881505572e-01
-2.847068947008451367e+00 1.610199379444374884e-03 -3.583051812366891409e-01
-2.824136674655483681e+00 3.765264060318918027e-01 -2.385642024151064522e-01
2.687824139247470434e+00 -2.407852905269641242e-01 -2.426740595607799200e+00
2.698772437014855807e+00 1.139669677577791057e-01 -2.596400190527511143e+00
2.713163465804411256e+00 -5.137698230952757461e-01 1.126063857126753831e+00
2.766886718965559044e+00 -1.514756483972073409e-01 9.645379118871852953e-01
2.762286319987094618e+00 2.142784902607809683e-01 8.207025844342240584e-01
2.792268890551609761e+00 -4.276541542324759915e-01 2.527413188760912366e+00
2.824371209529516147e+00 -5.600815977467615836e-02 2.395850095682386272e+00
2.807700265726424060e+00 3.165626736642075945e-01 2.269906310578800213e+00
2.728404938555777814e+00 6.830861696238413883e-01 2.107499744133061625e+00
2.467540812988488597e+00 -1.345226430053628186e-01 -2.033272538414359953e+00
2.195934589146903537e+00 -3.168708861431273616e-01 -3.960434740023090899e-02
2.258519718723321468e+00 -7.514611501014299699e-02 -3.560486755475367748e-01
1.955089485170796060e+00 5.896555741781269733e-01 -1.389203988478316942e+00
-2.516798316382141909e+00 -6.558551521659625738e-01 -2.190957759549972295e+00
-2.630815927457367476e+00 -3.230129949310803217e-01 -1.952657795772782867e+00
-2.800795937024857185e+00 -5.360655703861341159e-01 -3.323705092874340572e-02
2.800795937024857185e+00 5.360655703861341159e-01 3.108355602661049932e+00
2.789432961131622868e+00 -5.861329482459334272e-01 -2.795104866193237392e+00
2.843159497664020208e+00 -2.134113791678529937e-01 -2.930580260559530359e+00
2.846122660731935206e+00 1.625116159469985333e-01 -3.044848820569138415e+00
-2.714981045705843865e+00 1.455882089531971291e-01 1.016956685798733107e+00
-2.689472505892622323e+00 -4.482700306062458173e-01 -2.622894571962503529e-01
-2.735175361529940119e+00 -9.031699645825659595e-02 -9.362236825515198035e-02
-2.624448387487981815e+00 -3.755792148190731372e-01 -4.499974316301378341e-01
-2.663442883083541712e+00 -2.943883014358482028e-02 -2.595679331330215112e-01
-2.636173532822999821e+00 3.177430904381042809e-01 -7.312387058676597662e-02
-2.524583495383064147e+00 6.519250565558681876e-01 1.621277661174136409e-01
-2.754036675932919565e+00 -2.964041024681890457e-01 -5.180957609505720818e-01
-2.770847470790290590e+00 6.905720678049154237e-02 -3.726112296385982181e-01
-2.732046658484878154e+00 4.329855419886269319e-01 -2.192650458226981236e-01
-2.816895026647453726e+00 -5.450590997367372736e-01 9.314668464430064950e-05
2.816895026647453726e+00 5.450590997367372736e-01 -3.141499506905149008e+00
2.808764081467561180e+00 -5.827437622695648134e-01 -2.780725594483763885e+00
2.859048045598763466e+00 -2.079327310776115934e-01 -2.908857810336213046e+00
2.861161785219930032e+00 1.696830642865553573e-01 -3.017317173050777956e+00
-2.700958708318990542e+00 6.758080989146336703e-02 1.199501500288825406e+00
-2.656786895912738977e+00 4.199655149793685704e-01 1.379219875752013325e+00
-2.812149723500361187e+00 -6.169766689112272662e-01 7.907364055390967428e-01
-2.866373351301980676e+00 -2.415290077259746593e-01 9.185896912161323202e-01
-2.871970739021463714e+00 1.370394825225866309e-01 1.023764995950767753e+00
-2.833737951932955301e+00 5.139395414701182219e-01 1.141090187006130741e+00
-2.494819255441563133e+00 -9.186617447190547070e-01 -1.143023832860268429e+00
2.494819255441563133e+00 9.186617447190547070e-01 1.998568820729524909e+00
2.553905931446240452e+00 -8.504846827841346935e-01 3.003337226840022467e+00
2.710335648047009549e+00 -5.055781340351113151e-01 2.758381102189415124e+00
2.763088545712625965e+00 -1.437891107604328533e-01 2.596034176534625537e+00
2.757343950675736899e+00 2.213432270974951543e-01 2.450572126832768483e+00
2.688734540961579711e+00 5.811095307418062683e-01 2.278092856869577076e+00
2.649457915484530357e+00 9.440699603580410271e-02 4.248100366404236050e-01
-2.110430376559892185e+00 -9.163740910399131856e-01 -5.370857850241740339e-01
-2.419239536806226276e+00 -6.602523550422837451e-01 -1.084187908075550655e-01
-2.552924752134017705e+00 -3.467688891618506131e-01 1.639622204047305187e-01
-2.592095191214307981e+00 -1.466521880091370585e-02 3.781043373497063875e-01
-2.559486067011575994e+00 3.181016204505481282e-01 5.901049691111409645e-01
-2.436262584099387229e+00 6.342545179084643214e-01 8.543615832663792320e-01
-2.744925235213243386e+00 2.607540185255869392e-01 1.264218149495544841e-01
2.702769118042081864e+00 -2.668116940940760129e-01 3.098789988806914586e+00
2.717457306466813716e+00 9.070398739607554717e-02 2.934792174196727554e+00
-2.753470488938787319e+00 -5.734950979241787428e-01 -3.671883958730421949e-01
-2.810885338692559188e+00 -2.051584277715478855e-01 -2.187143293028066260e-01
-2.813346858410737283e+00 1.669155944803869529e-01 -9.236513748882346775e-02
-2.762841193135347595e+00 5.360126471173520812e-01 5.162754690059063317e-02
2.680312105411216450e+00 5.770480349898920308e-02 -7.445379866474678421e-01
-2.656914085194406194e+00 -6.675966873484625100e-03 5.644416686743202599e-02
-2.661622003805200531e+00 -4.882070144259608724e-01 4.187126906601011389e-01
-2.717498702523584608e+00 -1.339515063095602365e-01 5.979737560575938415e-01
2.676029353734254101e+00 -4.426423456199087697e-02 1.814967325349084171e-01
2.669950793274394218e+00 5.640460750498930975e-02 -2.792780694089802118e+00
