-3.095734282713421770e+00 -6.573565180039417921e-01 2.914776308326682552e-01
3.095734282713421770e+00 6.573565180039417921e-01 -2.850115022757124805e+00
3.104998521170694747e+00 -1.274483365735427920e-01 -2.817428745536834533e+00
3.103982096903993959e+00 2.649874198910838197e-01 -2.831936459791164040e+00
3.124437090084586366e+00 -7.590769080875076069e-01 1.540411539355033499e+00
-3.124437090084586366e+00 7.590769080875076069e-01 -1.601181114234759839e+00
-3.111006642787557563e+00 1.151675590791535475e+00 -1.585048929746813995e+00
-2.698767309323357733e+00 1.541748044219943825e+00 -1.170327077539929261e+00
-4.428253442664346062e-01 -1.541748044219943825e+00 1.971265576049863189e+00
-3.106870171011769433e+00 -1.204143280307060193e+00 -1.645405313370033706e+00
-3.123512201915451314e+00 -8.115643205101862323e-01 -1.626104677783887675e+00
-3.127968992078132171e+00 -4.189123698082672931e-01 -1.618531019401435067e+00
-3.129142780053484785e+00 -2.624574177558037028e-02 -1.613315811378511100e+00
-3.128262075372156392e+00 3.664215844209253170e-01 -1.608212791420574161e+00
2.991572906416348765e+00 -2.785899798793238236e-01 1.537004337464092929e+00
3.129631323158389211e+00 6.517221686092457278e-02 -1.465876150311532511e+00
-3.138349138866172172e+00 -2.221784682854579807e-01 -6.645975414294043038e-01
3.131684977870710540e+00 -1.099510372383839307e+00 -4.056797223855120316e-01
3.137080386707185031e+00 7.856622108191428644e-02 -4.148615235113398692e-01
3.056949326430833391e+00 -1.087738988174182103e-01 -8.626946613140999975e-01
3.053968935815241981e+00 2.825067227254682289e-01 -8.963893886370828401e-01
3.087512310527781523e+00 -8.578476686810767582e-01 2.446352734322802647e+00
3.102016440077262516e+00 -4.655580655501379561e-01 2.423201346662462452e+00
3.106135548267178859e+00 -7.312746178977820588e-02 2.408018980291434463e+00
3.104346743266706898e+00 3.193189492768345183e-01 2.393730209388150509e+00
3.094887847866155894e+00 7.116852147588415001e-01 2.374911184198156722e+00
3.137089520105756257e+00 6.196829527278428090e-02 1.477794838796698540e-01
3.134982276644438848e+00 9.342020041457814450e-02 2.441411837161290010e-01
-3.077081655163950380e+00 -6.698536817632427809e-01 1.159542464988197352e+00
3.077081655163950380e+00 6.698536817632427809e-01 -1.982050188601595986e+00
2.959363382000200993e+00 -1.288188152483535909e+00 -1.766812634804075799e+00
3.060376547953812310e+00 -8.983206302033075463e-01 -1.878374887928165649e+00
3.083767997184669429e+00 -5.065199148819382602e-01 -1.913886180398116865e+00
3.090702371317662678e+00 -1.143837926500543417e-01 -1.936149701109695975e+00
3.089017740776434096e+00 2.778034322764754149e-01 -1.956393643344638944e+00
3.135261532037896703e+00 -9.248879407057816193e-01 -2.002489459474029232e+00
3.137170162807240814e+00 -5.321942164382614804e-01 -2.005301127452435050e+00
3.137744432993696986e+00 -1.394983911271777399e-01 -2.007010138268901400e+00
3.137656309558912060e+00 2.531977921453247848e-01 -2.008531285227181051e+00
2.111619375826196521e+00 -1.324352658925676440e+00 2.590560403150054647e+00
2.736080580561441877e+00 -1.012013238354946498e+00 1.923324405260765424e+00
2.877867880841312065e+00 -6.396696203304166328e-01 1.734029603196528102e+00
2.923573966614846587e+00 -2.579332223215697328e-01 1.630675462645873708e+00
2.929189351600791191e+00 1.259316478815427354e-01 1.547144899848813537e+00
2.899763116455845502e+00 5.088342219379617948e-01 1.454636721685555134e+00
2.804597344503849676e+00 8.860101410341242323e-01 1.309233690843752962e+00
2.454839218549514257e+00 1.234642224090898743e+00 9.155373443709593495e-01
1.029973277763597483e+00 1.324352658925676662e+00 -5.510322504397375809e-01
-3.137766025989276120e+00 -3.945785318526985330e-01 2.356060906535331068e+00
-3.138060064173556540e+00 -1.882036690726019042e-03 2.357525293062877836e+00
-3.137771987538815921e+00 3.908144625008412865e-01 2.358987398214378750e+00
-1.898326855220164866e+00 -3.968039835629505463e-01 6.944564053285772198e-01
1.898326855220164866e+00 3.968039835629505463e-01 -2.447136248261216007e+00
1.714347367947091527e+00 4.899706447088302275e-01 -2.870308290864184375e+00
1.498240777982258409e+00 5.041721475422440424e-01 2.965535830999884936e+00
1.298857855297550934e+00 4.356729242900626575e-01 2.530983737220522389e+00
1.154148819406452864e+00 3.012451950724669425e-01 2.134688701330420102e+00
1.076520247251010920e+00 1.265648431579046163e-01 1.774162307243356329e+00
1.065509083513219935e+00 -6.351477475090110125e-02 1.429837055359868270e+00
1.120626846852211589e+00 -2.459814231398379514e-01 1.077327495167455629e+00
1.842734798292241960e+00 -4.356729242900627130e-01 -6.106089163692703936e-01
1.987443834183340252e+00 -3.012451950724671090e-01 -1.006903952259373014e+00
2.065072406338782418e+00 -1.265648431579044775e-01 -1.367430346346437231e+00
2.076083570076573626e+00 6.351477475090110125e-02 -1.711755598229925068e+00
2.020965806737581527e+00 2.459814231398377293e-01 -2.064265158422336821e+00
-3.119709591112437064e+00 -3.233887360354052998e-01 1.315263379102130370e-01
-2.723634066035289791e+00 -8.814563949474781834e-01 1.304421563419152941e+00
2.723634066035289791e+00 8.814563949474781834e-01 -1.837171090170640397e+00
2.323331765801507576e+00 1.209309485387793925e+00 -2.291878125595037119e+00
2.051475754894958925e+00 -1.275363154692468193e+00 -4.352685420726169485e-01
2.657093728628905360e+00 -9.833070823538810901e-01 -1.094090678578889309e+00
2.818747381839028066e+00 -6.202988077044658821e-01 -1.314929527790733799e+00
2.872298690386710263e+00 -2.441456033875425702e-01 -1.440381444236709774e+00
2.878018767788623755e+00 1.350344197987041472e-01 -1.543311727772523234e+00
2.840836682250534206e+00 5.126414386449352767e-01 -1.657971324278990410e+00
-3.131426112554184460e+00 -9.236718868881605982e-01 1.779771389986967156e+00
3.131426112554184460e+00 9.236718868881605982e-01 -1.361821263602825960e+00
-1.462343657644457950e+00 -3.596674298562925753e-01 -1.863205969758123803e+00
-1.614924046465667118e+00 -3.724973948893687825e-01 -1.442455328658093450e+00
-1.759012095095918049e+00 -3.262735896493469401e-01 -1.027003127960904871e+00
-1.869381519255938651e+00 -2.303236380331107336e-01 -6.305797331381383097e-01
-1.679248995945335388e+00 3.596674298562925198e-01 1.278386683831669091e+00
-1.526668607124126442e+00 3.724973948893688380e-01 1.699137324931699444e+00
-1.382580558493875289e+00 3.262735896493470511e-01 2.114589525628888023e+00
-1.659115018192056645e+00 -1.555291043389437800e+00 7.034140645505285172e-02
-3.101384600211373854e+00 -1.176442777216365476e+00 1.515683637354588553e+00
-3.119781881123502298e+00 -7.839114914841383008e-01 1.537407654949023872e+00
-3.124884949114095534e+00 -3.912821347435989638e-01 1.546436089277142933e+00
-3.126147793345794401e+00 1.367572389963653658e-03 1.552829603046596674e+00
-3.124866010916561354e+00 3.940172235581446136e-01 1.559230363292875898e+00
-3.119722155658638307e+00 7.866463101217461285e-01 1.568293778427837237e+00
-3.101118475807469022e+00 1.179176022722468797e+00 1.590221406533521176e+00
-1.482477635397741578e+00 1.555291043389437800e+00 -3.071251247134745288e+00
-3.134415574715238240e+00 2.709042122219366688e-01 2.445613409176399244e+00
3.124995581844212555e+00 -1.474597244711357835e-01 -2.682068286286837466e+00
3.124669540000458490e+00 2.451856152596399441e-01 -2.688615269756963411e+00
-1.671116458009640482e+00 -4.070841566940800252e-03 7.145723083261267261e-01
1.671116458009640482e+00 4.070841566940800252e-03 -2.427020345263666723e+00
1.661973002808467159e+00 4.209956363469681551e-02 -2.818002929391314471e+00
1.638973397082562400e+00 7.376291535528899102e-02 3.073079017108919508e+00
1.605522530866624775e+00 9.422476749406488716e-02 2.679500761380265939e+00
1.566704914466729770e+00 1.003192971759692270e-01 2.284958873356780718e+00
1.528521372918225874e+00 9.109566408110592040e-02 1.890538036433052183e+00
1.496862274143949900e+00 6.799139315338841028e-02 1.497250553337450496e+00
1.476515053625315099e+00 3.457210160606586508e-02 1.105435903348518156e+00
1.574887739123063346e+00 -1.003192971759692270e-01 -8.566337802330120654e-01
1.613071280671567465e+00 -9.109566408110593427e-02 -1.251054617156741600e+00
1.644730379445843216e+00 -6.799139315338839640e-02 -1.644342100252342842e+00
1.665077599964478239e+00 -3.457210160606592059e-02 -2.036156750241274516e+00
-1.540853472177900141e+00 1.634547061743139851e-01 8.111702189824950837e-01
-1.480230094645624161e+00 1.394885980379834689e-01 1.207747552214431863e+00
-1.433807899032261357e+00 9.431826919600144743e-02 1.600590742721044402e+00
-1.408338534082672844e+00 3.498959933996656502e-02 1.989663391524526537e+00
-1.407269618098007991e+00 -2.954362923295221141e-02 2.377092591917840725e+00
-1.430741169552786296e+00 -8.968420537009902382e-02 2.765917979137818783e+00
-1.475591459403601924e+00 -1.363757475842297673e-01 -3.124780183583113047e+00
-1.535340251252285571e+00 -1.623574732884058291e-01 -2.728459230623832887e+00
3.095218913693251306e+00 3.851149302617100090e-01 -1.644493188955745921e+00
3.133216214499826346e+00 -6.410814277675310757e-01 4.738824284655377417e-01
3.134666822617288684e+00 -2.483934464896441485e-01 4.705754396588366362e-01
3.134808886253007465e+00 1.442966453851433906e-01 4.678972229826411366e-01
3.065051139649320966e+00 -5.638125780885832050e-01 -2.450364202588505957e+00
3.075945147153257064e+00 -1.720746412814906368e-01 -2.480069785794370318e+00
-3.131478837136746129e+00 8.882160787128950963e-02 2.105207318832860719e-01
3.085237384661427384e+00 -4.089594887353837360e-01 -7.757320891668884055e-01
3.089881730357133094e+00 -1.681790830755811039e-02 -7.972916221201289400e-01
-1.620863114381455583e+00 1.388784560747417240e-01 7.433642179230979252e-01
1.620863114381455583e+00 -1.388784560747417240e-01 -2.398228435666695191e+00
1.670318744176525483e+00 -1.091441482785038691e-01 -2.792885616594630971e+00
1.704390185409084602e+00 -6.288090053687130088e-02 3.098833740323023278e+00
1.718195527701687597e+00 -7.184680696361390138e-03 2.709812077032210720e+00
1.709846791034207003e+00 4.958434103124182563e-02 2.321097098828255767e+00
1.680478903491268161e+00 9.892828259010473524e-02 1.930379604987825681e+00
1.634241049232358467e+00 1.333282527678313900e-01 1.536482481729738447e+00
1.578059766660931729e+00 1.473953687844557492e-01 1.140082493673643338e+00
1.431745862555586113e+00 -4.958434103124181869e-02 -8.204955547615373490e-01
1.461113750098525177e+00 -9.892828259010481851e-02 -1.211213048601967879e+00
1.507351604357434649e+00 -1.333282527678314733e-01 -1.605110171860054891e+00
1.563532886928861609e+00 -1.473953687844557769e-01 -2.001510159916149334e+00
2.763329345681059923e+00 -6.231556054182171289e-01 2.004305343424457764e+00
-2.763329345681059923e+00 6.231556054182171289e-01 -1.137287310165335574e+00
-2.577351202075541803e+00 9.754657172792937647e-01 -8.825215324156016061e-01
-1.954125436529322135e+00 1.241517727839490881e+00 -1.972495889656114554e-01
-8.751148684333299732e-01 1.169426408403697826e+00 9.422930068895180034e-01
-4.746787687231631137e-01 8.550986000136228116e-01 1.406482190169084046e+00
-3.475063118378031723e-01 4.936668974662124509e-01 1.606433603530660337e+00
-3.069053230278711020e-01 1.212368390930290973e-01 1.738101864633591065e+00
-3.149404579684321193e-01 -2.530831168922149654e-01 1.857804026207938275e+00
-3.782633079087332484e-01 -6.231556054182171289e-01 2.004305343424457764e+00
-2.666913884866629836e+00 -8.550986000136230336e-01 -1.735110463420709292e+00
-2.794086341751990332e+00 -4.936668974662118403e-01 -1.535159050059132779e+00
-2.834687330561922014e+00 -1.212368390930292639e-01 -1.403490788956202273e+00
-2.826652195621361052e+00 2.530831168922144103e-01 -1.283788627381855285e+00
3.116151416860057033e+00 -6.246539092918899083e-01 6.278466852252782004e-01
3.120387887373128333e+00 -2.320580483302374375e-01 6.178434993667378805e-01
3.120687449492095311e+00 1.605562159229065311e-01 6.096235830516053555e-01
-1.796402285916170127e+00 -1.147173022535574738e-01 6.497895320485300719e-01
1.796402285916170127e+00 1.147173022535574738e-01 -2.491803121541263266e+00
1.736076728950032955e+00 1.919720933102550264e-01 -2.881562409489861309e+00
1.649331312082342516e+00 2.403860343317831272e-01 3.002464196473900060e+00
1.549410344666113160e+00 2.517662080754008436e-01 2.597568685645135655e+00
1.453123473141973987e+00 2.240976716674879521e-01 2.194320480652751648e+00
1.376237934611513669e+00 1.622170060296621308e-01 1.799012289296282541e+00
1.329695491016713582e+00 7.627234680115461962e-02 1.412934107052092214e+00
1.318974937333193598e+00 -2.071166846097318576e-02 1.032100687009259943e+00
1.592182308923679956e+00 -2.517662080754008436e-01 -5.440239679446571275e-01
1.688469180447819351e+00 -2.240976716674879521e-01 -9.472721729370410237e-01
1.765354718978279669e+00 -1.622170060296620475e-01 -1.342580364293511019e+00
1.811897162573079756e+00 -7.627234680115468901e-02 -1.728658546537700902e+00
1.822617716256599740e+00 2.071166846097299494e-02 -2.109491966580532729e+00
3.135860282378322594e+00 -2.376720626840141126e-01 5.447728072162368873e-01
3.132909044254537534e+00 -2.839369615183056639e-01 3.040370051730265089e-01
3.129331827898610197e+00 2.489812150306576748e-03 2.354433922589457939e+00
-3.085639106675890808e+00 2.444079085932915063e-01 -2.584538594813067025e+00
3.137949046224457028e+00 -2.424552415287331841e-01 5.050307704365327721e-01
3.138015318064163228e+00 1.502413461464537636e-01 5.036205386009505736e-01
2.971965828096289286e+00 -6.790401574388497119e-01 4.879011048572597375e-01
-2.971965828096289286e+00 6.790401574388497119e-01 -2.653691548732533434e+00
-2.868090638564861905e+00 1.062880842599758235e+00 -2.520468356829928869e+00
-2.935397142847079976e+00 -8.741640489648568879e-01 -2.919924773290468512e+00
-2.992363157092570614e+00 -4.873425614157537167e-01 -2.831135245106100484e+00
-3.009200013749484981e+00 -9.841907841372116161e-02 -2.773931447423719110e+00
-3.004034658552278358e+00 2.907994284154579168e-01 -2.721176496388223232e+00
-1.518470762972686572e+00 2.107458157101153029e-01 8.325736228549621698e-01
1.518470762972686572e+00 -2.107458157101153029e-01 -2.309019030734831279e+00
1.604373722619581111e+00 -2.144784417443791891e-01 -2.710868572920034580e+00
1.684740268518721162e+00 -1.851396437322212762e-01 -3.110542001132428958e+00
1.746822298564905562e+00 -1.276510394313320473e-01 2.779254337722944612e+00
1.781822485900544040e+00 -5.116684678704557648e-02 2.392414440515900242e+00
1.785392052689307674e+00 3.280777551161849492e-02 2.008669513355703540e+00
1.757116675114747117e+00 1.119884493112493912e-01 1.622910345889673200e+00
1.700428667033059948e+00 1.745789728760971660e-01 1.231097419422563455e+00
1.359770167689249298e+00 5.116684678704569444e-02 -7.491782130738922074e-01
1.356200600900485664e+00 -3.280777551161852962e-02 -1.132923140234089798e+00
1.384475978475045999e+00 -1.119884493112493634e-01 -1.518682307700119916e+00
1.441163986556733168e+00 -1.745789728760970827e-01 -1.910495234167229217e+00
1.607109643922045583e+00 -2.801453903332483120e-01 2.561067600630950736e+00
1.713557530193573930e+00 -2.445261505213449371e-01 2.155917784260698244e+00
1.796167310251137295e+00 -1.716829622957135870e-01 1.761314292588035180e+00
1.843702060971302181e+00 -7.364260357822045855e-02 1.377974875203347827e+00
1.851116998906929156e+00 3.489706486368523292e-02 1.000315815847052425e+00
1.817735182980174002e+00 1.384865764935175603e-01 6.199061529273725002e-01
-1.575605969051109501e+00 -1.057366537338611523e-01 -1.990487186147830379e+00
-1.615825043834634211e+00 -9.582229026547897655e-02 -1.595883226161676660e+00
-1.649084807673497854e+00 -7.130635196466711401e-02 -1.202549696568029125e+00
-1.670361357047107642e+00 -3.597737337373242000e-02 -8.108517383745956764e-01
-1.676534194430110425e+00 4.782780614024397664e-03 -4.201984716021942012e-01
-1.666715248181011688e+00 4.482201156287767690e-02 -2.939794161612021423e-02
-1.642321014322402073e+00 7.808912665739685399e-02 3.626575285313107799e-01
-1.606952609454296521e+00 9.950038659711685218e-02 7.563514071165989838e-01
-1.565986684538683615e+00 1.057366537338611939e-01 1.151105467441962960e+00
-1.525767609755158905e+00 9.582229026547899042e-02 1.545709427428116456e+00
-1.492507845916295484e+00 7.130635196466714176e-02 1.939042957021763769e+00
-1.471231296542685474e+00 3.597737337373242694e-02 2.330740915215197440e+00
1.813962225331567701e+00 1.374302028874713755e-01 2.258243648681416804e+00
1.743713149717053490e+00 2.196029151336807150e-01 1.867836743074059003e+00
1.645314917617143324e+00 2.687450029801979889e-01 1.466105942559836617e+00
3.112388448162925592e+00 -1.054439895954601081e+00 1.263424002174398764e+00
3.123316550513493883e+00 -6.618429383164123880e-01 1.249258323577376428e+00
3.126636986200272528e+00 -2.691961554301265935e-01 1.242003403744506240e+00
3.127065065646630782e+00 1.234613540774998908e-01 1.236236402695684022e+00
3.125016312731637935e+00 5.161143586618376355e-01 1.229844505934118315e+00
3.118139153076518344e+00 9.087390533921869684e-01 1.219525826496052012e+00
-9.280842975655783089e-01 3.646253166984739225e-01 -2.007962356548524063e+00
-8.523925920797825739e-01 1.154217264441714658e-01 -1.694473113646228546e+00
-8.567258592852101673e-01 -1.443012248155663424e-01 -1.399063374147114569e+00
-9.421273660259615879e-01 -3.907425832713957714e-01 -1.080956176372868338e+00
-1.125852787724490378e+00 -5.943429829844529833e-01 -6.980889775952282550e-01
-1.418000604214501470e+00 -7.126014406914148447e-01 -2.240219009556106144e-01
-1.760764010663978585e+00 -7.050980135367324042e-01 2.957161368737963314e-01
-2.041852111877950460e+00 -5.748917114519818128e-01 7.599960255612032700e-01
-2.213508356024215029e+00 -3.646253166984739780e-01 1.133630297041268831e+00
-2.289200061510010542e+00 -1.154217264441714796e-01 1.447119539943564570e+00
-2.284866794304583060e+00 1.443012248155662036e-01 1.742529279442678325e+00
-2.199465287563831861e+00 3.907425832713956049e-01 2.060636477216924778e+00
-2.015739865865302516e+00 5.943429829844530943e-01 2.443503675994565416e+00
-3.091450761076582676e+00 -1.100386015412588986e-01 -2.794058332331851080e+00
3.119715757937131517e+00 2.322518755700148374e-01 -2.593984167067280744e+00
