-7.843237348160775335e-02 -1.247050738838025641e+00 2.200185072558674015e+00
7.843237348160775335e-02 1.247050738838025641e+00 -9.414075810311191006e-01
3.798897655759354147e-02 8.549217407953404457e-01 -9.871114860146148473e-01
2.785395008692088253e-02 4.624251139611355033e-01 -1.003352077103387696e+00
2.498886276690026262e-02 6.985920760050554068e-02 -1.014036207161126635e+00
2.628507166755716246e-02 -3.227141996349390807e-01 -1.024118673538120694e+00
3.302267693256433212e-02 -7.152472047099905916e-01 -1.037441743861335031e+00
5.581332142031236038e-02 -1.107593650017572484e+00 -1.065723252805293564e+00
3.429716990947778710e-01 -1.496609158425215691e+00 -1.357881157873327860e+00
3.063160280108185418e+00 -1.247050738838025641e+00 2.200185072558674015e+00
3.085779332169480860e+00 1.107593650017572484e+00 2.075869400784499774e+00
2.798620954495017799e+00 1.496609158425215247e+00 1.783711495716467477e+00
-1.244018040054310423e-02 -7.000494481514482059e-01 2.298417563436313815e-01
1.244018040054310423e-02 7.000494481514482059e-01 -2.911750897246161873e+00
9.982140742874555731e-03 3.073741270187831942e-01 -2.916745537316151271e+00
9.549001780344765905e-03 -8.530671619861081301e-02 -2.920579424710458394e+00
1.071524745618565762e-02 -4.779862199554051894e-01 -2.924694870950048653e+00
1.476656614894008776e-02 -8.706550264165151543e-01 -2.931058883043226704e+00
3.143540796009318405e-02 -1.263265289218735710e+00 -2.949727277462809827e+00
3.030389398396845735e+00 -1.484958118710859809e+00 3.326240313354396072e-01
3.120912345768986018e+00 -1.092699304522616544e+00 2.401888816039571828e-01
3.110157245629700196e+00 1.263265289218736154e+00 1.918653761269834834e-01
1.112032551929476448e-01 1.484958118710860031e+00 -2.808968622254353509e+00
2.068030782080733723e-02 1.092699304522616988e+00 -2.901403771985835878e+00
-3.118140504556465853e+00 -8.840863139498675860e-01 -1.976865581576790210e-01
3.118140504556465853e+00 8.840863139498675860e-01 2.943906095432114345e+00
3.090306325944716992e+00 1.276555257634875096e+00 2.912958035481661323e+00
1.495790431801811149e-01 1.470864781676366473e+00 -3.070503677764985576e-02
3.149351485817563495e-02 1.079067842216815620e+00 -1.517846811737781632e-01
1.922241060016711620e-02 6.864845921541341545e-01 -1.673643448950931367e-01
1.553361381937166073e-02 2.938426428164813697e-01 -1.750494619143244668e-01
1.494064669887593295e-02 -9.881203253032491696e-02 -1.810228526908953528e-01
1.686386826590871232e-02 -4.914629050917936892e-01 -1.875077479476230657e-01
2.345214903332754758e-02 -8.840863139498674750e-01 -1.976865581576790210e-01
5.128632764507643632e-02 -1.276555257634874874e+00 -2.286346181081320705e-01
2.992013610409612223e+00 -1.470864781676366473e+00 3.110887616812143541e+00
3.110099138731617696e+00 -1.079067842216816064e+00 2.989807972416015147e+00
3.122370242989626288e+00 -6.864845921541344875e-01 2.974228308694700118e+00
3.126059039770421766e+00 -2.938426428164811477e-01 2.966543191675468982e+00
3.126652006890917157e+00 9.881203253032494471e-02 2.960569800898897874e+00
3.124728785323884317e+00 4.914629050917933561e-01 2.954084905642170078e+00
3.134776109380243092e+00 -8.470766649848654462e-01 1.690385520516878293e+00
-3.134776109380243092e+00 8.470766649848654462e-01 -1.451207133072914823e+00
-3.127704924899172401e+00 1.239757633102897216e+00 -1.443181343326957577e+00
-7.308452664414059885e-02 1.508941595947597802e+00 1.612332267130681007e+00
-1.028359303562172665e-02 1.116386361565382623e+00 1.676037444593497572e+00
-6.023459363760449818e-03 7.236991320799432970e-01 1.681288995042142576e+00
-4.772825999903933594e-03 3.310055512401202660e-01 1.683726372003570892e+00
-4.522338610473408682e-03 -6.168940048055523290e-02 1.685556328444847596e+00
-5.023463102233194713e-03 -4.543841353224795099e-01 1.687482381364604933e+00
-6.816544209550161847e-03 -8.470766649848653351e-01 1.690385520516878293e+00
-1.388772869062096516e-02 -1.239757633102896994e+00 1.698411310262835761e+00
-3.068508126945652670e+00 -1.508941595947598024e+00 -1.529260386459112331e+00
-3.131309060554171353e+00 -1.116386361565383067e+00 -1.465555208996295544e+00
-3.135569194226032863e+00 -7.236991320799437410e-01 -1.460303658547650763e+00
3.040212504945206895e+00 1.424112775446938928e+00 -1.330729271974093075e+00
6.049145473764335618e-02 1.323604335453499647e+00 1.969819154855496635e+00
2.478509520646807185e-02 9.311921326209046113e-01 1.931049486776443391e+00
1.723228621651872600e-02 5.385747718506770365e-01 1.920001468431126401e+00
1.495162103991065812e-02 1.459249886670299090e-01 1.913336398032140062e+00
1.525470661271921373e-02 -2.467304519567844190e-01 1.907436158327228348e+00
1.843436958161644504e-02 -6.393757272070441644e-01 1.900161668195349707e+00
2.883152005813030896e-02 -1.031973115085146775e+00 1.886413882183976654e+00
1.013801486445865263e-01 -1.424112775446938928e+00 1.810863381615700263e+00
3.081101198852149725e+00 -1.323604335453499647e+00 -1.171773498734296481e+00
-3.037317845587807208e-02 -1.090454634144248702e+00 -3.740598853903959187e-01
3.037317845587807208e-02 1.090454634144248702e+00 2.767532768199397530e+00
1.831533159395486859e-02 6.978619923358700960e-01 2.752364795002513187e+00
1.471326436872504549e-02 3.052144722428024037e-01 2.745016531654571157e+00
1.408703706804336625e-02 -8.744495129354279417e-02 2.739364586946362312e+00
1.582204600549254672e-02 -4.801013862511643859e-01 2.733286744749633623e+00
2.183463021238890925e-02 -8.727343666790081667e-01 2.723866564599773721e+00
4.666444680438670833e-02 -1.265238492880975230e+00 2.696089099826826097e+00
2.982274511307404730e+00 -1.482226817113421857e+00 -2.422936012772886338e-01
1.593181422823892746e-01 1.482226817113422301e+00 2.899299052312505509e+00
-2.262091512907450294e-02 -6.568235509310056397e-01 4.107986327904205592e-01
2.262091512907450294e-02 6.568235509310056397e-01 -2.730794020799372834e+00
1.855775795117279442e-02 2.642047911770033508e-01 -2.739761205087763773e+00
1.806251798556122307e-02 -1.284301541908531297e-01 -2.746921576204063520e+00
2.065513796878340122e-02 -5.210578510674453989e-01 -2.754891112617786408e+00
2.932774223657505508e-02 -9.136410277585020889e-01 -2.767830159146841495e+00
6.848682817882892349e-02 -1.305955787896342812e+00 -2.810713987875013142e+00
3.002634932694295156e+00 -1.441109152154047557e+00 5.347903126417018482e-01
3.105624122233152651e+00 -1.049366954980576194e+00 4.281766656521548975e-01
3.073105825410964886e+00 1.305955787896343034e+00 3.308786657147804733e-01
1.389577208954984322e-01 1.441109152154047557e+00 -2.606802340948091157e+00
3.596853135664049295e-02 1.049366954980576638e+00 -2.713415987937638274e+00
-2.806483736776236526e+00 -5.587006532338660847e-01 5.362464898162363491e-01
-2.853972461641226310e+00 -1.843324959825803078e-01 6.646215400195771839e-01
-2.853505767179838060e+00 1.925968906042080098e-01 7.754494275292593830e-01
-2.804691048265623987e+00 5.668376966477985945e-01 9.046935031511229575e-01
-3.080181609499066386e+00 -1.153184375120168914e+00 1.970629981875971604e+00
3.080181609499066386e+00 1.153184375120168914e+00 -1.170962671713821512e+00
2.342193723617319367e+00 1.536070316801149804e+00 -1.913915195290802229e+00
6.901538522983641233e-02 1.201509456082875182e+00 2.091150987553995755e+00
3.608149579908938309e-02 8.092868161395321280e-01 2.052895981223424204e+00
2.722492196364515935e-02 4.167756818077832937e-01 2.037798282955270324e+00
2.490123226857863040e-02 2.420631158760847002e-02 2.027377802054841194e+00
2.668438447801049773e-02 -3.683656339038834382e-01 2.017164172355912832e+00
3.437651568268496050e-02 -7.608892042423768265e-01 2.003065205021225648e+00
6.141104409072685455e-02 -1.153184375120168692e+00 1.970629981875971604e+00
7.993989299724704178e-01 -1.536070316801149804e+00 1.227677458298994662e+00
3.072577268359956815e+00 -1.201509456082875182e+00 -1.050441666035797139e+00
3.105511157790703969e+00 -8.092868161395324611e-01 -1.088696672366369134e+00
3.058582800702863036e+00 -8.022014377139461416e-01 7.649726735371067954e-02
3.078692936851598727e+00 -4.105011059454803379e-01 4.188538298206968130e-02
3.083914772614587907e+00 -1.849603674755059129e-02 1.782413563000752321e-02
3.079648618960012740e+00 3.735195751902044004e-01 -5.871933762338644655e-03
3.061589899629405753e+00 7.652707024953585568e-01 -3.872583040238176261e-02
2.915240725243923858e+00 1.531883923652187507e+00 -1.888656634210625240e+00
2.512840786156770104e-02 1.215915150491123198e+00 1.502685587627495156e+00
9.607867303743187690e-03 4.306023471382385281e-01 1.483132988741082681e+00
8.737065585512298824e-03 3.791932745129742571e-02 1.479453620455758678e+00
9.310584739103825239e-03 -3.547641892175734668e-01 1.475888094774979731e+00
2.263519283458687026e-01 -1.531883923652187507e+00 1.252936019379168764e+00
-3.122357372331741932e+00 -8.168990588249158691e-01 -8.606125281230359025e-02
3.122357372331741932e+00 8.168990588249158691e-01 3.055531400777489637e+00
3.104343379003020154e+00 1.209461046741075130e+00 3.034709307508610454e+00
3.949244637896649479e-01 1.536570418665287319e+00 3.226790608427198004e-01
3.197201033308556817e-02 1.146312211369073131e+00 -4.290118677316783619e-02
1.805697953921096832e-02 7.537235923565330786e-01 -5.967924492188560193e-02
1.407336242206671389e-02 3.610731341469849975e-01 -6.706530526638285195e-02
1.317240569117500947e-02 -3.159047703731740486e-02 -7.245348454945252370e-02
1.444665869724803473e-02 -4.242531473744253767e-01 -7.798457704103529953e-02
1.923528125805148981e-02 -8.168990588249157581e-01 -8.606125281230357638e-02
3.724927458677295550e-02 -1.209461046741075130e+00 -1.068833460811826341e-01
2.746668189800129056e+00 -1.536570418665287319e+00 -2.818913592747073871e+00
3.109620643256707506e+00 -1.146312211369073797e+00 3.098691466816625439e+00
1.974951669747978047e-02 2.305285477664871518e-01 -2.508948933503911682e+00
1.948241901853131966e-02 -1.620969135151022755e-01 -2.516606714470896122e+00
8.394437355595579797e-02 -1.339438334603243241e+00 -2.595179929320526657e+00
1.185690971060010951e-01 1.407543015359091987e+00 -2.396455081084713168e+00
-2.978367383825256454e+00 -1.402430376428280612e+00 2.071843098438672648e+00
2.978367383825256454e+00 1.402430376428280612e+00 -1.069749555151120690e+00
1.206974637850846410e-01 1.342663265372508130e+00 2.350399640645884691e+00
4.689940214726637940e-02 9.510473973392954417e-01 2.270986977273390828e+00
3.211792707404703684e-02 5.586365132112272036e-01 2.249827971049710662e+00
2.761417750773905930e-02 1.661071250287444734e-01 2.237367257023303857e+00
2.794765707666024140e-02 -2.264442957284684976e-01 2.226524087920563222e+00
3.343939655442068615e-02 -6.189645687900862114e-01 2.213394207412554326e+00
5.133046677556735160e-02 -1.011335247611599542e+00 2.189284830679932181e+00
1.632252697645367456e-01 -1.402430376428280612e+00 2.071843098438672648e+00
3.020895189804708281e+00 -1.342663265372508352e+00 -7.911930129439082027e-01
3.094693251442526716e+00 -9.510473973392955527e-01 -8.706056763164023993e-01
3.090262186814225931e+00 1.011335247611598875e+00 -9.523078229098613789e-01
-3.095840332735301015e+00 -7.985322721767773579e-01 1.534505363333996897e+00
3.095840332735301015e+00 7.985322721767773579e-01 -1.607087290255796219e+00
3.055517759686195767e+00 1.190477914822807959e+00 -1.654253984958624191e+00
1.166617858288910181e+00 1.536079700597600572e+00 2.733690259842473047e+00
8.060420585706673524e-02 1.163257759190794660e+00 1.641318200657100546e+00
4.452101675341194054e-02 7.712452387957011712e-01 1.598333353896593145e+00
3.435519291290923399e-02 3.788387933659414508e-01 1.580000689539003966e+00
3.192134430565965464e-02 -1.365046546685037311e-02 1.566854509064717682e+00
3.474581678689266789e-02 -4.061373387149582737e-01 1.553558905541853719e+00
4.575232085449244118e-02 -7.985322721767773579e-01 1.534505363333996897e+00
8.607489390359733539e-02 -1.190477914822807959e+00 1.487338668631169147e+00
1.974974795300883157e+00 -1.536079700597600572e+00 -4.079023937473202910e-01
3.060988447732726492e+00 -1.163257759190794660e+00 -1.500274452932692792e+00
3.097071636836381092e+00 -7.712452387957012823e-01 -1.543259299693199971e+00
3.071041855193552550e+00 1.327784188486811789e+00 2.823258669186168301e+00
1.128416124666241915e-01 1.419581034025417576e+00 -1.382849004224712408e-01
3.282256765682073363e-02 1.027590843974626633e+00 -2.217489074634325652e-01
2.107132616626228652e-02 6.350240927197203789e-01 -2.373489217837439769e-01
1.747407610399501904e-02 2.423954618232285196e-01 -2.456548835238162865e-01
1.715648474891623074e-02 -1.502462579359368777e-01 -2.524178232189048243e-01
1.981196098269292702e-02 -5.428803032785961546e-01 -2.600854928266118082e-01
2.858705206678970739e-02 -9.354710188705063212e-01 -2.728608827743413401e-01
7.055079839624046889e-02 -1.327784188486811789e+00 -3.183339844036248700e-01
3.028751041123169063e+00 -1.419581034025417798e+00 3.003307753167322236e+00
3.108770085932972549e+00 -1.027590843974627299e+00 2.919843746126360440e+00
-2.174331651063337797e-02 -8.652300470972459356e-01 1.738622538695080211e+00
2.174331651063337797e-02 8.652300470972459356e-01 -1.402970114894712905e+00
1.583493834572409845e-02 4.725968438644381764e-01 -1.412314649147595524e+00
1.414430967483409907e-02 7.994061718021387708e-02 -1.418393615267305341e+00
1.481783837404965568e-02 -3.127183621117483048e-01 -1.424082146195796428e+00
1.851843665852190984e-02 -7.053649398975427864e-01 -1.431529706335752161e+00
3.096257192983187245e-02 -1.097954313013418837e+00 -1.447090301524378564e+00
1.747514011504318898e-01 -1.489616665428881159e+00 -1.593710679522154505e+00
2.966841252439361032e+00 1.489616665428881159e+00 1.547881974067638389e+00
4.579548619262303888e-02 1.257738604109992719e+00 -1.375950645376270653e+00
-9.981844947609345292e-03 -6.218783784592996078e-01 9.676241450446068093e-01
9.981844947609345292e-03 6.218783784592996078e-01 -2.173968508545186307e+00
8.330916305623044943e-03 2.291952082572432936e-01 -2.177890914250629084e+00
8.222705439936398367e-03 -1.634907660806066976e-01 -2.181122073667254746e+00
9.552893178233832008e-03 -5.561748178413118415e-01 -2.184827167333079245e+00
1.392543323964328186e-02 -9.488484458776842434e-01 -2.191101765061974849e+00
3.569427352530883668e-02 -1.341452418887034259e+00 -2.214544097616291563e+00
3.091788730411067831e+00 -1.407100755730797292e+00 1.010948176301720070e+00
3.126226693418923563e+00 -1.014548112263249591e+00 9.748586705402251251e-01
3.127667220350150323e+00 9.488484458776839103e-01 9.504908885278186004e-01
3.105898380064484599e+00 1.341452418887034703e+00 9.270485559735016645e-01
4.980392317872522207e-02 1.407100755730797070e+00 -2.130644477288073269e+00
1.536596017086959420e-02 1.014548112263250257e+00 -2.166733983049568657e+00
-8.319906863318075191e-03 -6.264790812821581234e-01 5.843470745124066390e-01
8.319906863318075191e-03 6.264790812821581234e-01 -2.557245579077386477e+00
6.928392316271863964e-03 2.337910291656217221e-01 -2.560518477313169061e+00
6.825896733799394211e-03 -1.588990035343217644e-01 -2.563203668020285431e+00
7.913553794225390570e-03 -5.515877495431200650e-01 -2.566270664825988757e+00
1.149513935658098666e-02 -9.442694254659186326e-01 -2.571435576614163221e+00
2.908463300693558268e-02 -1.336904535249251680e+00 -2.590416720757171110e+00
3.099023414967312373e+00 -1.411752014139245004e+00 6.215016843410227088e-01
3.128732034777407467e+00 -1.019157689685441737e+00 5.904222005916051064e-01
3.130097514233212586e+00 9.442694254659185216e-01 5.701570769756300061e-01
3.112508020582857693e+00 1.336904535249251902e+00 5.511759328326223395e-01
4.256923862248073592e-02 1.411752014139245226e+00 -2.520090969248770296e+00
1.286061881238584337e-02 1.019157689685442403e+00 -2.551170452998188232e+00
