-3.002282514199519969e+00 -6.901886307955341637e-01 1.148780402095813891e+00
3.002282514199519969e+00 6.901886307955341637e-01 -1.992812251493979225e+00
2.913783938381802052e+00 1.076823731951155327e+00 -2.105126590287041743e+00
2.974970018711950992e+00 -8.689559395957309196e-01 -1.776039905231494576e+00
3.020569908887731803e+00 -4.801109481228037490e-01 -1.847660436615623958e+00
3.033871713522206637e+00 -8.990427222064754920e-02 -1.894064861135779987e+00
3.029255210372770346e+00 3.004811638668615781e-01 -1.937151465841540299e+00
2.643445556380145334e+00 1.480825916366382833e+00 -1.672394817139631229e+00
1.383951379161186823e-01 1.254351891197257984e+00 2.097250337033583545e+00
4.820170430173969373e-02 4.713136806351285735e-01 1.987545508880500966e+00
4.307744167935088214e-02 7.901184986043130465e-02 1.969047896681634713e+00
4.514199940930617438e-02 -3.133151947826740558e-01 1.951723756077633487e+00
4.981470972096469496e-01 -1.480825916366382611e+00 1.469197836450162997e+00
3.003197515673674545e+00 -1.254351891197258206e+00 -1.044342316556209571e+00
4.971713834488217937e-02 1.453161136524245833e-01 3.986604440212465073e-01
5.073244611808418875e-02 -2.469004304286336882e-01 3.790463308641679463e-01
6.022121145042378526e-02 8.930069002967755409e-02 1.287517220366587889e+00
7.759223858259896300e-02 2.833585797746810409e-01 -2.749811741651977837e+00
7.493138559873772919e-02 -1.082284385862799098e-01 -2.779654231088086735e+00
5.880206607896314164e-02 2.642514803105955878e-01 -2.689895995804872708e+00
5.722593811374118711e-02 -1.278038750728520412e-01 -2.712572479263419378e+00
6.527001604124507694e-02 5.787597543959062396e-02 1.375359758806513399e+00
5.605127631079293016e-02 -2.231141963195782674e-01 5.875601071157626754e-01
5.340302829177297900e-02 2.268348398391851761e-01 -2.108981262617660057e+00
5.275371402878902688e-02 -1.653252900761731370e-01 -2.129691856344831713e+00
6.310000253245381940e-02 1.070279108036812921e-01 1.223238091527717897e+00
5.904299661515413633e-02 1.092144676678643150e-01 1.218481472063416726e+00
6.112143916771347468e-02 -2.827942614165322999e-01 1.194963596986048593e+00
-2.915692120052673086e+00 -1.359194886047554451e+00 -8.678603398504725064e-01
2.915692120052673086e+00 1.359194886047554451e+00 2.273732313739320610e+00
2.489553887480746019e-01 1.378691400933873767e+00 -4.022763246920411651e-01
5.696349584918763975e-02 5.983218436671002838e-01 -6.147252970856479370e-01
4.807856148718055861e-02 2.061467050635237275e-01 -6.369856152490748213e-01
4.788740813088532972e-02 -1.861119047892568767e-01 -6.557016760363912899e-01
5.620672040459188251e-02 -5.782960584214977828e-01 -6.775792495129533410e-01
2.259005335371198631e-01 -1.359194886047554451e+00 -8.678603398504723954e-01
2.892637264841718459e+00 -1.378691400933873767e+00 2.739316328897752228e+00
5.074884500970332224e-02 1.984930529484377759e-01 2.887631398797941618e+00
5.070064386875743762e-02 -1.937137881490665625e-01 2.867847692522246472e+00
-1.100086365654188159e-01 -1.342097140700532210e+00 -5.081891210442551765e-01
1.100086365654188159e-01 1.342097140700532210e+00 2.633403532545537828e+00
4.282041117601623897e-02 9.502994622127467483e-01 2.561082559724276120e+00
2.934162978685159531e-02 5.578407704133091505e-01 2.541772480680344337e+00
2.523643963805610388e-02 1.652833665497808191e-01 2.530390173075193871e+00
2.554971353724391422e-02 -2.272923462238672365e-01 2.520478546758626592e+00
3.058311848531937438e-02 -6.198419226320069919e-01 2.508467514575984492e+00
4.698458709842349978e-02 -1.012266077928062336e+00 2.486384313919796085e+00
1.501385296545278691e-01 -1.403614812346600349e+00 2.378161190445751583e+00
3.031584017024374411e+00 -1.342097140700532432e+00 -5.081891210442551765e-01
3.098772242413776912e+00 -9.502994622127468594e-01 -5.805100938655169962e-01
2.991454123935266107e+00 1.403614812346599683e+00 -7.634314631440410892e-01
6.270540303013288908e-02 -1.708600897847725175e-01 -2.357345640369888695e+00
4.258942755291416499e-02 2.460936348683950559e-01 -2.609730165002567936e+00
4.175159567370190922e-02 -1.462652463630463862e-01 -2.626200104430826965e+00
4.812197322060440818e-02 -5.385799385575811282e-01 -2.644808234118447565e+00
1.679068623934657223e-01 -1.321118201286369809e+00 -2.782904914116370421e+00
2.865498355990360846e+00 -1.418729671022212369e+00 7.945461477719669707e-01
2.973685791196326811e+00 1.321118201286370475e+00 3.586877394734222513e-01
2.760942975994331583e-01 1.418729671022212369e+00 -2.347046505817825590e+00
6.678953306316241789e-02 3.792681462655236868e-01 -3.031475066063495927e+00
2.862424772347579527e+00 -5.596901218977335946e-01 1.397812868158923694e+00
-2.862424772347579527e+00 5.596901218977335946e-01 -1.743779785430869422e+00
-2.739714720860417785e+00 9.310512001255659698e-01 -1.566211185523456173e+00
-2.727235628910893883e+00 -9.520597096800238468e-01 -2.238847217201423323e+00
-2.858347219330289235e+00 -5.816789757066639366e-01 -2.053391850601459012e+00
-2.900919582788443751e+00 -2.019681731276329051e-01 -1.944005060936404350e+00
-2.901971383470124621e+00 1.797371896006219327e-01 -1.851163246938062112e+00
4.729113058071186121e-02 3.431204062396525090e-01 1.637882861348077590e+00
4.458655945262360309e-02 -4.917527657447187672e-02 1.619769187911872965e+00
4.749540652442203054e-02 -2.294678324301868411e-01 8.984808041015270863e-01
-5.437599605291636856e-02 -6.159419724680494923e-01 7.755148052103237877e-01
5.437599605291636856e-02 6.159419724680494923e-01 -2.366077848379469550e+00
4.551089206169802587e-02 2.237163318720274963e-01 -2.387409558406447196e+00
4.501462297334321572e-02 -1.685908081755868315e-01 -2.405071118454380041e+00
5.241054864942418234e-02 -5.608385350697630001e-01 -2.425408304809788085e+00
1.973541950882587714e-01 -1.342573708825437251e+00 -2.589876728934569883e+00
2.883125016259044493e+00 -1.396354531558744894e+00 9.987933493319879341e-01
2.944238458501534428e+00 1.342573708825437695e+00 5.517159246552234553e-01
2.584676373307489006e-01 1.396354531558745116e+00 -2.142799304257804849e+00
5.775307138858453565e-02 1.714026530979705087e-01 6.673288101718258813e-01
5.832141862095513440e-02 -2.206520831705104102e-01 6.446891639299187071e-01
5.889682913364527317e-02 1.562579835916370341e-01 2.946332019677424974e+00
5.983566828404593418e-02 -2.357669375928398148e-01 2.923163238652043194e+00
5.050143212689703343e-02 3.269260344322136302e-02 1.494175913682864974e-02
4.548472376235285913e-02 1.391256659764315007e-01 3.696621870868354587e-01
4.652913363010843101e-02 -2.531685219291894273e-01 3.516880513950442766e-01
4.440631552629629997e-02 1.930057460257194324e-01 -6.467585215810888188e-01
4.446206706279785120e-02 -1.993155992111353414e-01 -6.640904815720384269e-01
5.340280659975753241e-02 2.416316996743862466e-01 -1.977846003154884125e+00
5.244357292333517995e-02 -1.505316003898140020e-01 -1.998507767340748975e+00
9.516322821181749658e-01 1.517860064312835711e+00 3.020099629344866088e+00
4.608482733949077759e-02 3.616065894397567648e-01 2.085443880966790342e+00
4.312294343176224787e-02 -3.071228462177907556e-02 2.067804990492508654e+00
4.727221656978904812e-02 -4.230213635309960640e-01 2.049711914163366178e+00
2.189960371471616707e+00 -1.517860064312835711e+00 -1.214930242449260012e-01
5.541230117044869397e-02 2.550696174339175393e-01 -5.999597261821599803e-01
5.412577834740579102e-02 -1.370556963124480165e-01 -6.213565098692918065e-01
5.063704471867157275e-02 1.138535400625943772e-01 1.207802781653694035e+00
-1.047047780227478242e+00 -1.493820648612464552e+00 2.901517030846541001e-01
1.047047780227478242e+00 1.493820648612464552e+00 -2.851440950505139238e+00
1.583235714807065264e-01 1.134743431047968043e+00 2.529703854892687787e+00
1.901259487574908369e-01 -1.210696654831639574e+00 2.207785290558016200e+00
2.094544873362313542e+00 -1.493820648612464552e+00 2.901517030846554879e-01
2.983269082109086590e+00 -1.134743431047968265e+00 -6.118887986971054405e-01
2.951466704832302668e+00 1.210696654831639130e+00 -9.338073630317763607e-01
5.603917433050276814e-02 3.497265452556525545e-01 -1.583948644978351306e+00
5.269110208887958779e-02 -4.240765591972890658e-02 -1.605403619923882363e+00
6.200692808709099696e-02 2.548044138624715460e-01 -2.639280133176781451e+00
6.057213615666342393e-02 -1.371761824733460922e-01 -2.663221119295101413e+00
4.958872124823687083e-02 4.102399042567662080e-01 -1.029199548752895543e+00
4.547848825306883419e-02 1.797227826077073612e-02 -1.048172756564755836e+00
4.885620853075141323e-02 -3.743017203789388847e-01 -1.066865888528064632e+00
1.194295655596247618e+00 -1.521897728082462375e+00 -2.242877169633783918e+00
1.947296997993553491e+00 1.521897728082462375e+00 8.987154839560167474e-01
4.483673805488350844e-02 7.469501208452875574e-01 1.642380589553071424e+00
3.507704154250199796e-02 3.545519418932487898e-01 1.624089433827384799e+00
3.291819151085318557e-02 -3.792621905531777526e-02 1.610658722008887267e+00
2.926160105149503643e+00 1.399850257224669159e+00 -2.746027291328497988e+00
4.291723456019856664e-02 5.593531037916552595e-01 6.307356279688056677e-01
3.688657430763137013e-02 1.669568994586804189e-01 6.140846649867135465e-01
3.731849921091939110e-02 -2.254788138076075643e-01 5.996049697213949869e-01
2.154325484402890845e-01 -1.399850257224668937e+00 3.955653622612955167e-01
4.678210752346507323e-02 2.955034715855881511e-01 -8.361285423997034671e-01
4.496358818239738070e-02 -9.679317879073574826e-02 -8.541098819215408033e-01
6.301081189681019545e-02 3.413969303917972486e-01 -1.592734203239372537e+00
5.944604626588225610e-02 -5.058560619365349426e-02 -1.616864649695523237e+00
6.570749978998707830e-02 -4.425374826938364703e-01 -1.642026569422309956e+00
4.396209716083670366e-02 1.083169189497153323e-01 2.361022487743252019e-01
4.552926344559622002e-02 -2.839992296781987391e-01 2.185813999736083424e-01
6.378740273292329843e-02 -1.082496755748075523e-01 -2.788845503411679250e+00
5.949230334037911710e-02 3.004801980221569746e-01 2.784151620077125244e+00
5.706310600252761933e-02 -9.156945533448872243e-02 2.761300612874057592e+00
-2.927484451600996795e+00 -1.363696245388616557e+00 1.992008737363526460e+00
2.927484451600996795e+00 1.363696245388616557e+00 -1.149583916226266878e+00
2.273208157453119327e-01 1.375700718787745025e+00 2.424827410399382543e+00
5.276470299817847404e-02 5.945535405535687934e-01 2.231250423329915300e+00
4.461428709358848665e-02 2.023048229624854477e-01 2.210645980364995822e+00
4.450538543019365995e-02 -1.900143837210676589e-01 2.193264800884330956e+00
2.141082019887964039e-01 -1.363696245388616335e+00 1.992008737363526460e+00
2.914271837844481183e+00 -1.375700718787745025e+00 -7.167652431904105725e-01
5.799198903292046570e-02 1.255741300000180471e-01 1.151392456531620034e+00
5.964209329318056335e-02 -2.664632929979821596e-01 1.128398881403785969e+00
3.014181045897434519e+00 -4.802596632289969358e-01 -1.850576590791836340e+00
3.028195848207372975e+00 -9.032257494236724249e-02 -1.899421536077650075e+00
3.023362961584457054e+00 2.998134213415794558e-01 -1.944761034242252551e+00
6.267655079193600043e-02 3.188392080519016347e-01 -1.098549536195772891e+00
5.967356120496296323e-02 -7.314440178906023160e-02 -1.122585690573291828e+00
-3.026722032991545852e+00 -1.178451184730526347e+00 -6.150340692006179832e-01
3.026722032991545852e+00 1.178451184730526347e+00 2.526558584389175355e+00
1.509674615758888505e+00 1.526875228081256752e+00 1.000792011503047085e+00
4.739336034700936118e-02 3.896195840741850103e-01 -4.908104785321470431e-01
4.383918777645727516e-02 -2.682002238594744393e-03 -5.089414021080834738e-01
4.749872136709057391e-02 -3.949827049654618394e-01 -5.271126070069298564e-01
1.148706205982474027e-01 -1.178451184730526125e+00 -6.150340692006179832e-01
1.631918037830901502e+00 -1.526875228081256752e+00 -2.140800642086742922e+00
3.866219469683547516e-02 1.616366192712062333e-01 5.423072448035393123e-01
3.919763640850645187e-02 -2.307725186905131565e-01 5.271121579281119462e-01
5.243353101543058586e-02 2.606924712601898508e-01 -2.679922741166023581e+00
5.110188494767550077e-02 -1.314940077138033736e-01 -2.700155023208647531e+00
5.850664014240980482e-02 -5.236211234128649306e-01 -2.722728549152713562e+00
2.773026432050372136e+00 -1.429775031421184783e+00 8.133692264457248466e-01
3.685662215394215346e-01 1.429775031421185005e+00 -2.328223427144067603e+00
5.214271838295484601e-02 4.626831413338817339e-02 4.437641214140473217e-02
6.466934971810689436e-02 5.854921684536090049e-02 1.374086716052516532e+00
5.599907947709830552e-02 2.801608072548856798e-01 -2.761405124528047761e+00
5.415294535906583356e-02 -1.119581408020010188e-01 -2.782960457577182023e+00
-1.514765793120389947e+00 -1.144864418331368316e+00 7.507307666957314662e-01
1.514765793120389947e+00 1.144864418331368316e+00 -2.390861886894061872e+00
1.626826860469403169e+00 -1.144864418331368316e+00 7.507307666957317993e-01
2.301733068170629171e+00 -9.835691016937007092e-01 -1.022236127924507770e-02
2.241233808682066897e+00 1.016344572988393979e+00 -1.578759992686456393e+00
6.773766849475322538e-02 -5.587669181444162442e-02 -2.949308571271769264e+00
6.096204826206910732e-02 4.404904057760757885e-01 2.016376149626189385e+00
5.520136022250892588e-02 4.843508734447161956e-02 1.993031936423952155e+00
5.856423439323335534e-02 -3.436455480212899927e-01 1.970605004153115791e+00
4.190613998719559807e-02 1.410537996248952541e-01 3.854891663478797748e-01
4.283598876425835644e-02 -2.513018459184674924e-01 3.689364121008023578e-01
5.949230334037911710e-02 3.004801980221569746e-01 2.784151620077125244e+00
5.706310600252761933e-02 -9.156945533448872243e-02 2.761300612874057592e+00
4.938039884018824432e-02 9.737463125933526475e-02 1.948502631143828712e+00
5.136455143563262854e-02 -2.948392099263254518e-01 1.928760110478560108e+00
-2.295502127819939731e-01 -1.478100912553498292e+00 -4.908537218707318961e-01
2.295502127819939731e-01 1.478100912553498292e+00 2.650738931719061497e+00
2.742411909562185099e-02 6.949359107675353586e-01 2.439703420319733862e+00
2.206425589416289440e-02 3.023526043321785872e-01 2.428711143379663540e+00
2.114933824495092082e-02 -9.025719149718172685e-02 2.420233595009003924e+00
2.378273277664570348e-02 -4.828600334632842106e-01 2.411095874178121878e+00
3.287974449150851686e-02 -8.754094981383596652e-01 2.396891169116396103e+00
7.061450185577454464e-02 -1.267664338789281864e+00 2.354735270385915680e+00
2.912042440807799171e+00 -1.478100912553498292e+00 -4.908537218707315075e-01
3.108712909098284793e+00 8.754094981383594432e-01 -7.447014844733971239e-01
3.070978151734018891e+00 1.267664338789281198e+00 -7.868573832038775473e-01
3.536956057233430623e-02 -2.238666886337255246e-01 6.355660096139632564e-01
5.707053785692617343e-02 6.239900300262568589e-02 -1.402973928131098447e+00
6.196246424837270617e-02 -1.704920135516680701e-01 -2.366329208238170612e+00
5.340302829177297900e-02 2.268348398391851761e-01 -2.108981262617660057e+00
5.275371402878902688e-02 -1.653252900761731370e-01 -2.129691856344831713e+00
4.702865531013433048e-02 8.126712455644966027e-02 1.432643293849390764e-01
4.923693105959953131e-02 -3.109889622683227883e-01 1.243662924077408444e-01
-1.958632069375780160e+00 -1.492282527996884767e+00 1.151169719884335807e+00
1.958632069375780160e+00 1.492282527996884767e+00 -1.990422933705457531e+00
2.022456957100793595e-01 1.200954906530357080e+00 2.521953971731837552e+00
1.757333407562498284e-01 -1.142518037321888391e+00 2.172904465096410220e+00
1.182960584214011845e+00 -1.492282527996884767e+00 1.151169719884337139e+00
2.939346957879713784e+00 -1.200954906530357302e+00 -6.196386818579553424e-01
2.965859312833543537e+00 1.142518037321887725e+00 -9.686881884933830067e-01
-2.558079242909427453e+00 -1.525950485243547927e+00 1.745742040772898740e+00
2.558079242909427453e+00 1.525950485243547927e+00 -1.395850612816894598e+00
7.091211803662360313e-02 1.214708733800540008e+00 2.395270213361736289e+00
5.918270197750811340e-02 -1.139999815439715292e+00 2.275006705472237822e+00
5.835134106803643306e-01 -1.525950485243547927e+00 1.745742040772900072e+00
