1.517311309245033435e+00 -2.399616905424209190e-01 -1.330638397884669422e+00
1.380718526041524674e+00 -1.865803085083735102e-02 6.525416121899159094e-01
-1.380718526041524674e+00 1.865803085083735102e-02 -2.489051041399877207e+00
-1.479863339689984958e+00 -1.681749887049728276e-01 -1.320402092255219095e+00
-1.551796174580498233e+00 -1.900443123952778590e-01 -9.218443056929780388e-01
-1.626810196890311477e+00 -1.826770983152657402e-01 -5.222024493694138458e-01
9.489330330377638845e-01 -2.067700209582753745e-01 4.185748335903928252e-01
-9.489330330377638845e-01 2.067700209582753745e-01 -2.723017819999400402e+00
-9.203352944658145240e-01 -2.851540782335398871e-02 -2.406594489307129159e+00
-9.672921202966556775e-01 -2.609331861800622820e-01 -2.085915207092310819e+00
-1.097027566383686592e+00 -4.647255989011255806e-01 -1.725712602782376148e+00
-1.318225158255653007e+00 -6.066784605620824111e-01 -1.298316774372555660e+00
-1.606622873839063992e+00 -6.501517218956910371e-01 -8.141062161420244969e-01
-1.884403745217253290e+00 -5.803540129979600781e-01 -3.391329943100456212e-01
-2.174300533293137327e+00 2.609331861800621710e-01 1.055677446497482519e+00
-2.044565087206106746e+00 4.647255989011253585e-01 1.415880050807416524e+00
-1.823367495334140553e+00 6.066784605620823001e-01 1.843275879217237234e+00
-1.534969779750728902e+00 6.501517218956911481e-01 2.327486437447769063e+00
-1.257188908372540048e+00 5.803540129979600781e-01 2.802459659279747495e+00
-1.057720184250977802e+00 4.201047615116150213e-01 -3.070642008228152697e+00
3.127469643171203906e+00 -8.068328351584707070e-01 1.631670928943517618e+00
-3.127469643171203906e+00 8.068328351584707070e-01 -1.509921724646275498e+00
-3.130920346145998678e+00 4.141625932099100571e-01 -1.515825348414449270e+00
1.237786804135533325e+00 -3.469903850820951763e-02 -2.102401081990344367e-01
1.274296496917865618e+00 -1.577240182641362065e-01 -5.851680537666377191e-01
2.553799867306645321e+00 -9.900843670379081418e-01 9.817876504665423720e-01
7.686900791662558685e-01 -3.201846608189867216e-01 3.793224736507000983e-01
-7.686900791662558685e-01 3.201846608189867216e-01 -2.762270179939092962e+00
-7.523338071904895896e-01 -2.629139028088176566e-01 -2.228166402160890236e+00
-8.742729247218246069e-01 -5.350764340395960383e-01 -1.919284159142178758e+00
-2.389258846399303415e+00 2.629139028088176566e-01 9.134262514289029911e-01
-2.267319728867968731e+00 5.350764340395958163e-01 1.222308494447614136e+00
-1.615749127044684430e+00 8.492720455183588868e-01 2.185761924043201354e+00
-1.195591688095135163e+00 7.824338682163402003e-01 2.755075280925531889e+00
-9.128954177806031245e-01 5.846222682307532503e-01 -3.086967940987967118e+00
-1.280506937378407928e+00 -3.362891572885247093e-01 8.869041495750294990e-01
-1.435258667380854947e+00 -4.205552931842651554e-01 1.300247361499708321e+00
-1.617504439910952385e+00 -4.382919027247218491e-01 1.732321716436814096e+00
-2.540358530538964654e+00 -3.330053787400876208e-01 1.553829119744621901e-01
2.540358530538964654e+00 3.330053787400876208e-01 -2.986209741615331037e+00
2.409559743525062192e+00 6.438025513148036838e-01 3.022910119805452211e+00
2.110087153764480750e+00 8.982151900889947527e-01 2.599846627955345824e+00
1.563757005761806651e+00 1.006763341462858286e+00 1.938428006647322066e+00
1.021983314229446327e+00 8.936054288997876682e-01 1.281472629472380831e+00
7.320329100647309239e-01 -6.438025513148035728e-01 -1.186825337843406686e-01
1.031505499825312366e+00 -8.982151900889946416e-01 -5.417460256344470704e-01
1.577835647827986021e+00 -1.006763341462858286e+00 -1.203164646942470606e+00
2.119609339360346123e+00 -8.936054288997880013e-01 -1.860120024117411841e+00
2.413985188136203330e+00 -6.371651008241635550e-01 -2.278393349391453881e+00
2.542078136521918719e+00 -3.256569995912374504e-01 -2.550370347417259431e+00
2.577570861914982192e+00 3.763190635235843119e-03 -2.768011973492545241e+00
