-2.417065851445309832e+00 -3.204410720849055760e-01 3.316131906592714729e-01
2.417065851445309832e+00 3.204410720849055760e-01 -2.809979462930521699e+00
2.276554344916557060e+00 5.979870456658347155e-01 -3.121902871136789326e+00
1.989332504139034841e+00 8.114208654246073404e-01 2.724455415735912656e+00
1.540542444790516718e+00 8.901038278227531020e-01 2.135379474800565447e+00
1.106559379465282822e+00 7.904870307391373974e-01 1.560513395203699805e+00
8.407627425779752306e-01 5.657603572585453433e-01 1.143161219652159222e+00
7.144680283789192066e-01 2.835959583835847564e-01 8.415891229423807518e-01
6.804686501530741172e-01 -1.903796179198718672e-02 5.880974030881711556e-01
7.245268021444835060e-01 -3.204410720849053540e-01 3.316131906592714729e-01
8.650383086732362781e-01 -5.979870456658348266e-01 1.968978245300416832e-02
1.152260149450758275e+00 -8.114208654246073404e-01 -4.171372378538807935e-01
1.601050208799276398e+00 -8.901038278227531020e-01 -1.006213178789227669e+00
2.035033274124510072e+00 -7.904870307391373974e-01 -1.581079258386093089e+00
2.300829911011818218e+00 -5.657603572585452323e-01 -1.998431433937634338e+00
2.427124625210874242e+00 -2.835959583835847564e-01 -2.300003530647412475e+00
2.461124003436719221e+00 1.903796179198674610e-02 -2.553495250501621960e+00
2.181961510792619574e+00 9.617415203717791586e-03 1.310435705907530224e+00
-2.181961510792619574e+00 -9.617415203717791586e-03 -1.831156947682262892e+00
-2.148446083862887601e+00 2.122877716140607607e-01 -1.504786456318714549e+00
-2.037432711687437781e+00 4.103543741635083952e-01 -1.147623273147328371e+00
-1.842857564858205066e+00 5.544051199085034964e-01 -7.339443934568323780e-01
-1.582539312029819234e+00 6.111327812036920770e-01 -2.670989015975343550e-01
-1.318978360438327391e+00 5.630860731953403198e-01 2.024913635724470140e-01
-1.117494619867694272e+00 4.252353422397484040e-01 6.214913227478027213e-01
-9.994805809275155717e-01 2.305030072273402675e-01 9.826742595171490402e-01
-9.596311427971736530e-01 9.617415203717859240e-03 1.310435705907530002e+00
-9.931465697269056259e-01 -2.122877716140607052e-01 1.636806197271078567e+00
-1.104159941902355113e+00 -4.103543741635081177e-01 1.993969380442464745e+00
-1.298735088731587606e+00 -5.544051199085034964e-01 2.407648260132960072e+00
-1.559053341559973660e+00 -6.111327812036918550e-01 2.874493751992258428e+00
-1.822614293151465947e+00 -5.630860731953403198e-01 -2.939101290017346102e+00
-2.024098033722098844e+00 -4.252353422397485150e-01 -2.520101330841991061e+00
-2.142112072662277544e+00 -2.305030072273405728e-01 -2.158918394072644631e+00
7.511213361538864319e-01 -6.021704827644928093e-01 -1.248041104173398086e+00
-7.511213361538864319e-01 6.021704827644928093e-01 1.893551549416395252e+00
-6.288297764367037912e-01 2.971560046027157953e-01 2.170203456555810817e+00
-5.975290946976224982e-01 -2.540762374785345695e-02 2.397317483155190221e+00
-6.409903690917234664e-01 -3.466448625151687390e-01 2.628279976634457782e+00
-7.818435273339854330e-01 -6.464549587621761795e-01 2.919047092765106211e+00
-1.090796083907087599e+00 -8.839866401159639508e-01 -2.924909294845812191e+00
-1.615936328565217517e+00 -9.727931151745170535e-01 -2.277756995088242142e+00
-2.114207275775441541e+00 -8.538698035482978899e-01 -1.656798660477895480e+00
-2.390471317435906684e+00 -6.021704827644930313e-01 -1.248041104173398308e+00
-2.512762877153089214e+00 -2.971560046027157398e-01 -9.713891970339826321e-01
-2.544063558892170729e+00 2.540762374785329042e-02 -7.442751704346031172e-01
-2.500602284498069761e+00 3.466448625151682950e-01 -5.133126769553354452e-01
-2.359749126255807905e+00 6.464549587621759574e-01 -2.225455608246875161e-01
-2.050796569682705073e+00 8.839866401159641729e-01 2.166833587439818132e-01
-1.525656325024575821e+00 9.727931151745169425e-01 8.638356585015508626e-01
-1.027385377814352241e+00 8.538698035482983340e-01 1.484793993111896970e+00
1.538596884363514716e+00 -2.417687060470766480e-01 7.709948394696053420e-01
-1.538596884363514716e+00 2.417687060470766480e-01 -2.370597814120187774e+00
-1.447254352378833264e+00 2.107912842582783108e-01 -1.968724870823012063e+00
-1.376062056791517829e+00 1.477300266803525108e-01 -1.574655737494941476e+00
-1.334999808660467080e+00 6.278519707325365407e-02 -1.188973218251494490e+00
-1.328907066080896815e+00 -3.126264501420038949e-02 -8.075131989058991211e-01
-1.358434195542512990e+00 -1.207939220111033940e-01 -4.239041654116910696e-01
-1.420262686197738100e+00 -1.925864044188375090e-01 -3.288273460183961661e-02
-1.506229223697045372e+00 -2.353231384982021057e-01 3.667490085460026195e-01
-1.602995769226278622e+00 -2.417687060470767035e-01 7.709948394696051199e-01
-1.694338301210960074e+00 -2.107912842582782276e-01 1.172867782766781275e+00
-1.765530596798275509e+00 -1.477300266803525108e-01 1.566936916094851417e+00
-1.806592844929326036e+00 -6.278519707325368182e-02 1.952619435338298404e+00
-1.812685587508896523e+00 3.126264501420027847e-02 2.334079454683893662e+00
-1.783158458047280126e+00 1.207939220111035328e-01 2.717688488178102713e+00
-1.721329967392055238e+00 1.925864044188374813e-01 3.108709918987953458e+00
-1.635363429892748188e+00 2.353231384982021057e-01 -2.774843645043790996e+00
-2.519731391486360828e+00 5.777694307606110607e-03 -6.291712550676800131e-01
2.519731391486360828e+00 -5.777694307606110607e-03 2.512421398522113325e+00
2.483221981446056770e+00 3.106739059095804389e-01 2.276086809501536745e+00
2.352982573339847949e+00 6.072828672606940259e-01 1.986960533602198042e+00
2.068325277010469865e+00 8.461013509327072191e-01 1.565045779675045212e+00
1.580714066275431540e+00 9.489117773590812766e-01 9.496861217798443500e-01
1.087528007980857359e+00 8.527973857122431722e-01 3.289130518346379262e-01
7.957179907204613434e-01 6.172675400068704521e-01 -9.962519235248500082e-02
6.612226998945354151e-01 3.219068930071401491e-01 -3.919495479017784390e-01
6.218612621034323995e-01 5.777694307606306631e-03 -6.291712550676799021e-01
6.583706721437362352e-01 -3.106739059095802724e-01 -8.655058440882565929e-01
7.886100802499450557e-01 -6.072828672606939149e-01 -1.154632119987595074e+00
1.073267376579322585e+00 -8.461013509327071080e-01 -1.576546873914746794e+00
1.560878587314360910e+00 -9.489117773590813876e-01 -2.191906531809947989e+00
2.054064645608935979e+00 -8.527973857122429502e-01 -2.812679601755155190e+00
2.345874662869331662e+00 -6.172675400068705631e-01 3.041967461237308434e+00
2.480369953695257479e+00 -3.219068930071405932e-01 2.749643105688015066e+00
-3.374070950528029744e-01 -9.208488112139365800e-01 1.438798026154934906e-01
3.374070950528029744e-01 9.208488112139365800e-01 -2.997712850974299847e+00
2.362216795214805432e-01 5.433347191644455343e-01 3.136929520733989563e+00
2.043336270722317105e-01 1.598433747330404719e-01 3.046088451684467735e+00
2.069724577941951527e-01 -2.247856374117019607e-01 2.966347885767380621e+00
2.465138754898393847e-01 -6.077530007271081391e-01 2.870406553328462174e+00
3.696726221351084307e-01 -9.830958894034707019e-01 2.701172763163773638e+00
8.994088822783625758e-01 -1.312059102744078665e+00 2.130257210278916347e+00
2.409471199891881632e+00 -1.266427828864320926e+00 5.803200297979457245e-01
2.804185558536989920e+00 -9.208488112139365800e-01 1.438798026154936016e-01
2.905370974068312684e+00 -5.433347191644456453e-01 -4.663132855803583769e-03
2.937259026517561544e+00 -1.598433747330405275e-01 -9.550420190532540876e-02
2.934620195795598185e+00 2.247856374117015998e-01 -1.752447678224126892e-01
2.895078778099954064e+00 6.077530007271079171e-01 -2.711861002613307758e-01
2.771920031454684796e+00 9.830958894034712570e-01 -4.404198904260199776e-01
2.242183771311430984e+00 1.312059102744078443e+00 -1.011335443310876769e+00
7.321214536979123721e-01 1.266427828864321370e+00 -2.561272623791846392e+00
1.043728460472940212e+00 -1.086256073120381194e+00 1.089713740601149450e+00
-1.043728460472940212e+00 1.086256073120381194e+00 -2.051878912988644110e+00
-6.274744372586739116e-01 8.152087286998703775e-01 -1.548556023421150618e+00
-4.705912516846945115e-01 4.780367288186527785e-01 -1.292734673904735843e+00
-4.176614174493066267e-01 1.224745200308556825e-01 -1.117008358680941393e+00
-4.269676660110941491e-01 -2.364972336355148363e-01 -9.566519407446117951e-01
-5.052216308930280730e-01 -5.884787417903053486e-01 -7.649574897461177692e-01
-7.188956891132611826e-01 -9.130719750292570769e-01 -4.571354028088181476e-01
-1.276168411879862852e+00 -1.136564010847757711e+00 1.851459246356695343e-01
-2.097864193116853126e+00 -1.086256073120381194e+00 1.089713740601149228e+00
-2.514118216331119093e+00 -8.152087286998705995e-01 1.593036630168642498e+00
-2.671001401905098938e+00 -4.780367288186528341e-01 1.848857979685057495e+00
-2.723931236140486600e+00 -1.224745200308561127e-01 2.024584294908851501e+00
-2.714624987578699411e+00 2.364972336355143645e-01 2.184940712845181210e+00
-2.636371022696764932e+00 5.884787417903054596e-01 2.376635163843675791e+00
-2.422696964476532155e+00 9.130719750292569659e-01 2.684457250780975190e+00
-1.865424241709931596e+00 1.136564010847757489e+00 -2.956446728954124747e+00
3.135531542896234924e+00 -8.006124102883924731e-01 1.608816754824135442e+00
-3.135531542896234924e+00 8.006124102883924731e-01 -1.532775898765657674e+00
-3.130143206248290344e+00 1.193298213594147228e+00 -1.526483132708537527e+00
-2.704343995889384455e-01 1.554998829173450003e+00 1.334063892615162006e+00
-1.063769070808459095e-02 1.162853213519035700e+00 1.594701362280093626e+00
-5.879326593806754458e-03 7.701660987759880728e-01 1.600372637301038736e+00
-4.539742627466029044e-03 3.774721241001283145e-01 1.602792938279521628e+00
-4.220628693203717224e-03 -1.522329138711889934e-02 1.604530418802448288e+00
-4.597362577407278911e-03 -4.079186603416148915e-01 1.606289951884458667e+00
-6.061110693558422260e-03 -8.006124102883923621e-01 1.608816754824135442e+00
-1.144944734150293505e-02 -1.193298213594147228e+00 1.615109520881255811e+00
-2.871158254000851340e+00 -1.554998829173450225e+00 -1.807528760974634885e+00
-3.130954962881708603e+00 -1.162853213519036144e+00 -1.546891291309699490e+00
-3.135713326995986705e+00 -7.701660987759885169e-01 -1.541220016288754380e+00
-3.137052910962327079e+00 -3.774721241001279814e-01 -1.538799715310271710e+00
-3.137372024896589728e+00 1.522329138711876403e-02 -1.537062234787345050e+00
-3.136995291012385945e+00 4.079186603416142809e-01 -1.535302701705334671e+00
-5.958405173323313431e-01 -3.320358761152716887e-01 1.431447490201826378e+00
5.958405173323313431e-01 3.320358761152716887e-01 -1.710145163387966960e+00
5.592525775312913172e-01 1.717240161032560419e-03 -1.926595379713098355e+00
5.950611979622578707e-01 -3.286814426861527361e-01 -2.142792798250195307e+00
7.235560315755261707e-01 -6.412096353395294601e-01 -2.413784071768645401e+00
1.019859617355748149e+00 -8.986225379181094208e-01 -2.832815848550242599e+00
1.567559635031356313e+00 -1.011541393563037516e+00 2.788537187229475300e+00
2.117379723127293722e+00 -9.007360616813642196e-01 2.124626945991841875e+00
2.416025717172840537e+00 -6.442435539692848989e-01 1.703391264142989803e+00
2.545752136257461995e+00 -3.320358761152717442e-01 1.431447490201826600e+00
2.582340076058502021e+00 -1.717240161032726736e-03 1.214997273876694983e+00
2.546531455627535578e+00 3.286814426861528471e-01 9.987998553395979195e-01
2.418036622014267056e+00 6.412096353395291271e-01 7.278085818211480484e-01
2.121733036234045411e+00 8.986225379181091988e-01 3.087768050395513497e-01
1.574033018558436359e+00 1.011541393563037516e+00 -3.530554663603189258e-01
1.024212930462499394e+00 9.007360616813643306e-01 -1.016965707597951463e+00
7.255669364169531343e-01 6.442435539692852320e-01 -1.438201389446802869e+00
-8.063520447758779630e-01 -5.784389391481908893e-01 8.294132678407758474e-01
8.063520447758779630e-01 5.784389391481908893e-01 -2.312179385749017602e+00
6.817711028213816471e-01 2.872560437664248845e-01 -2.604327027668519090e+00
6.491515678991004457e-01 -2.320921038695964930e-02 -2.847950091012257712e+00
6.936121143550537660e-01 -3.322840100301331923e-01 -3.095183717055794759e+00
8.354234458663813978e-01 -6.181608496966425337e-01 2.883086361153789579e+00
1.132414094402665716e+00 -8.399989374200313996e-01 2.443928181336343375e+00
1.609177742083265583e+00 -9.212899419582954996e-01 1.833867114348680216e+00
2.065743881359592748e+00 -8.137685652747597143e-01 1.243318766826784438e+00
2.335240608813915042e+00 -5.784389391481910003e-01 8.294132678407760695e-01
2.459821550768411580e+00 -2.872560437664251620e-01 5.372656259212741370e-01
2.492441085690692670e+00 2.320921038695969094e-02 2.936425625775354042e-01
2.447980539234739350e+00 3.322840100301330812e-01 4.640893653399855157e-02
2.306169207723411940e+00 6.181608496966423116e-01 -2.585062924360029823e-01
2.009178559187127178e+00 8.399989374200311776e-01 -6.976644722534502963e-01
1.532414911506527977e+00 9.212899419582954996e-01 -1.307725539241112900e+00
1.075848772230200812e+00 8.137685652747600473e-01 -1.898273886763008012e+00
1.362758818390822801e+00 -3.266127590932453306e-01 7.114986133891871845e-01
-1.362758818390822801e+00 3.266127590932453306e-01 -2.430094040200605932e+00
-1.254294176044549403e+00 2.234072119077073482e-01 -2.035997102913559509e+00
-1.195411203683760082e+00 8.865676872312740209e-02 -1.662246727103630306e+00
-1.189740788052622955e+00 -5.798409342014225476e-02 -1.297582943762939811e+00
-1.237502309984466198e+00 -1.968909308616702547e-01 -9.269203985775664734e-01
-1.336126519027937887e+00 -3.083736309828383204e-01 -5.376352168329346926e-01
-1.475542702717698385e+00 -3.738379031015326426e-01 -1.263276022649122421e-01
-1.633249611962343195e+00 -3.803823160160264560e-01 2.964267801952903958e-01
-1.778833835198970537e+00 -3.266127590932452196e-01 7.114986133891870734e-01
-1.887298477545243713e+00 -2.234072119077073482e-01 1.105595550676233607e+00
-1.946181449906033256e+00 -8.865676872312744372e-02 1.479345926486162810e+00
-1.951851865537170383e+00 5.798409342014208129e-02 1.844009709826853083e+00
-1.904090343605327140e+00 1.968909308616700327e-01 2.214672255012226199e+00
-1.805466134561855229e+00 3.083736309828383759e-01 2.603957436756858979e+00
-1.666049950872094954e+00 3.738379031015326426e-01 3.015265051324881096e+00
-1.508343041627450143e+00 3.803823160160263450e-01 -2.845165873394503553e+00
-2.583895708620401521e+00 -1.174840245476982403e+00 1.514321634483754009e+00
2.583895708620401521e+00 1.174840245476982403e+00 -1.627271019106039107e+00
1.327175440844479581e+00 1.358882587625109606e+00 -2.924838456201052761e+00
4.514545941621986302e-01 1.083916090597644377e+00 2.441359924074820942e+00
2.736643875634570677e-01 7.147298046821366491e-01 2.218465357023744033e+00
2.177307408205909067e-01 3.333910033708705201e-01 2.108794543696112189e+00
2.058339198232446432e-01 -5.075750097390838156e-02 2.025927966842488104e+00
2.269784762788915056e-01 -4.345437063440975578e-01 1.939592714225382597e+00
3.019166367285665564e-01 -8.141822669403662172e-01 1.813811059894596678e+00
5.576969449693914838e-01 -1.174840245476982181e+00 1.514321634483754453e+00
1.814417212745313090e+00 -1.358882587625109606e+00 2.167541973887408546e-01
2.690138059427594541e+00 -1.083916090597644599e+00 -7.002327295149722852e-01
2.867928266026336104e+00 -7.147298046821372042e-01 -9.231272965660487495e-01
2.923861912769202043e+00 -3.333910033708712417e-01 -1.032798109893680705e+00
2.935758733766548723e+00 5.075750097390852728e-02 -1.115664686747305012e+00
2.914614177310901777e+00 4.345437063440974468e-01 -1.201999939364410519e+00
2.839676016861226948e+00 8.141822669403657731e-01 -1.327781593695196438e+00
-2.540425368641327619e+00 -5.855004637709821935e-01 -9.449731627901647446e-01
2.540425368641327619e+00 5.855004637709821935e-01 2.196619490799628593e+00
2.302746087917753037e+00 8.844632038912392247e-01 1.848043903024604084e+00
1.770162644015095932e+00 1.069090628610957383e+00 1.214603484488495644e+00
1.087275249534098043e+00 1.009325351451056729e+00 4.328717122506691162e-01
7.062476427264162693e-01 7.577851034823228638e-01 -5.240650950764052379e-02
5.472830082983748401e-01 4.373257713854642459e-01 -3.301193489026723049e-01
4.933154370227672003e-01 9.539030082224282669e-02 -5.315242651274857399e-01
5.081208085799026053e-01 -2.501273231770852479e-01 -7.196720760136736672e-01
6.011672849484656078e-01 -5.855004637709820825e-01 -9.449731627901645226e-01
8.388465656720401897e-01 -8.844632038912391137e-01 -1.293548750565189254e+00
1.371430009574697184e+00 -1.069090628610957161e+00 -1.926989169101297472e+00
2.054317404055694851e+00 -1.009325351451056729e+00 -2.708720941339123556e+00
2.435345010863376736e+00 -7.577851034823231968e-01 3.089186144082153085e+00
2.594309645291418498e+00 -4.373257713854638018e-01 2.811473304687120756e+00
2.648277216567025860e+00 -9.539030082224274343e-02 2.610068388462307709e+00
2.633471845009890622e+00 2.501273231770849703e-01 2.421920577576119893e+00
