2.995789096171943999e+00 -1.162804055620612065e+00 -3.201785682785242559e-01
-2.995789096171943999e+00 1.162804055620612065e+00 2.821414085311269027e+00
-1.766090681978774946e+00 1.512000101554646259e+00 -2.220583610601116753e+00
-1.539467127268207558e-01 1.185392945635939554e+00 -5.969764967722103188e-01
-1.458035574178493665e-01 -1.162804055620611843e+00 -3.201785682785243670e-01
-1.375501971611014618e+00 -1.512000101554646259e+00 9.210090429886729213e-01
-2.987645940862972527e+00 -1.185392945635939554e+00 2.544616156817582908e+00
-3.059172271929647469e+00 -7.951207267112728738e-01 2.628519979105527593e+00
-3.061025825141753032e+00 7.723517498367855616e-01 2.743712956605349085e+00
8.360306224886918103e-02 -1.219462572801293998e+00 -6.132982694517299382e-01
-8.360306224886918103e-02 1.219462572801293998e+00 2.528294384138063400e+00
-4.247760661654643305e-02 8.274429354706457351e-01 2.575531387446512888e+00
-3.169511821897522813e-02 4.350014435854780426e-01 2.593451782081864110e+00
-3.901631401815328082e-02 -7.425245017784793955e-01 2.633200304992460161e+00
-6.809040591471859916e-02 -1.134715309103523584e+00 2.668547259969873409e+00
-5.949667006844321371e-01 -1.519499101350586079e+00 -3.082017281909528172e+00
-3.057989591340923852e+00 -1.219462572801293998e+00 -6.132982694517299382e-01
-3.102576339571640140e+00 7.425245017784798396e-01 -5.083923485973331768e-01
-3.073502247675074628e+00 1.134715309103523584e+00 -4.730453936199194298e-01
-2.546625952905367196e+00 1.519499101350585635e+00 5.957537168025909408e-02
-2.435959485193124885e-01 1.079354573611076340e+00 -7.412158447268842876e-01
-2.897996705070481127e+00 -1.079354573611076784e+00 2.400376808862909161e+00
-2.965398234302433877e+00 8.640816101566818341e-01 2.750667505306669813e+00
3.070549633177833471e+00 1.759405995753360319e-02 3.033316485262717244e+00
-3.124910161088162219e+00 -7.092580762541684791e-01 1.362793749913924657e+00
3.124910161088162219e+00 7.092580762541684791e-01 -1.778798903675868459e+00
3.113578409682714820e+00 1.101867736627181182e+00 -1.792925026132642152e+00
2.976526804375775104e+00 1.493680892926050996e+00 -1.932517610775124517e+00
4.063700064959773622e-02 1.253924100366876182e+00 1.412275090237707698e+00
1.943469112415481884e-02 8.613761321340315247e-01 1.388405812194940747e+00
1.418973290046948547e-02 4.687298165141883799e-01 1.380069756451531404e+00
1.269589453033912775e-02 7.606520489147947095e-02 1.374623989367075527e+00
1.332130003138740082e-02 -3.166015163334385818e-01 1.369511494010891228e+00
1.668249250163098690e-02 -7.092580762541683681e-01 1.362793749913924657e+00
2.801424390707830600e-02 -1.101867736627181182e+00 1.348667627457150964e+00
1.650658492140174849e-01 -1.493680892926051218e+00 1.209075042814669487e+00
3.100955652940195595e+00 -1.253924100366876404e+00 -1.729317563352085418e+00
3.122157962465638370e+00 -8.613761321340316357e-01 -1.753186841394852369e+00
3.127402920689323906e+00 -4.687298165141878248e-01 -1.761522897138261934e+00
-7.803828151614092268e-02 -1.002954474106144023e+00 -2.270897069265788715e-01
7.803828151614092268e-02 1.002954474106144023e+00 2.914502946663214189e+00
5.121193239086608423e-02 6.110199371887017339e-01 2.878070774071988414e+00
7.295249320227523149e-02 -9.579071336041973250e-01 2.788963685920741842e+00
1.908609658627837269e-01 -1.347941313478770553e+00 2.662422309734457038e+00
2.903472621051890190e+00 -1.392094601191806724e+00 -5.845302338205290299e-02
3.063554372073652221e+00 -1.002954474106144245e+00 -2.270897069265787604e-01
3.090380721198927372e+00 -6.110199371887019559e-01 -2.635218795178048135e-01
3.098628487482075755e+00 -2.187418032669635748e-01 -2.835908046213516109e-01
3.091901306722173004e+00 5.659015557757663961e-01 -3.195785600927246173e-01
3.068640160387518190e+00 9.579071336041976581e-01 -3.526289676690512742e-01
2.950731687727009778e+00 1.347941313478770553e+00 -4.791703438553358008e-01
2.381200325379038141e-01 1.392094601191807390e+00 3.083139630207741178e+00
-2.980337952583666628e+00 -1.262400448827388999e+00 -7.305799951864343500e-01
2.980337952583666628e+00 1.262400448827388999e+00 2.411012658403358877e+00
5.065161524108153790e-01 1.470172075098378661e+00 -7.244303991234220252e-02
1.051179478209600671e-01 1.087764379150929273e+00 -4.836453885943765574e-01
6.356515248000699225e-02 6.963434462846116446e-01 -5.360066916042257601e-01
7.583281453019659335e-02 -8.720407515681348753e-01 -6.349177331405283509e-01
1.612547010061265162e-01 -1.262400448827388777e+00 -7.305799951864343500e-01
3.065759839059596814e+00 8.720407515681344313e-01 2.506674920449264654e+00
2.934245859223069797e+00 -1.158395768886433919e+00 -2.534192407861395879e-01
-2.934245859223069797e+00 1.158395768886433919e+00 2.888173412803653584e+00
-1.712468864967216620e+00 1.487352079190566334e+00 -2.156774630389660885e+00
-2.191414203235882707e-01 1.181479504853423457e+00 -6.470254683507802307e-01
-1.179470087424361463e-01 7.937220347715665536e-01 -5.281021629691111663e-01
-8.982085226325055294e-02 4.030487984397268519e-01 -4.791280477984694031e-01
-8.261205565248473659e-02 1.176885529985602016e-02 -4.447921723537167082e-01
-8.895099963161516576e-02 -3.795248260906720073e-01 -4.107880627798202733e-01
-1.152182818113151874e-01 -7.702640686920284585e-01 -3.634052345898291514e-01
-2.073467943667234303e-01 -1.158395768886433919e+00 -2.534192407861396990e-01
-1.429123788622575164e+00 -1.487352079190566334e+00 9.848180232001308987e-01
-2.922451233266204706e+00 -1.181479504853423679e+00 2.494567185239012552e+00
-3.023645644847356984e+00 -7.937220347715671087e-01 2.613490490620681950e+00
-3.026374371778478345e+00 7.702640686920281254e-01 2.778187418999964464e+00
-1.080834706528453065e-02 -6.229987937449773527e-01 9.827743891104842033e-01
1.080834706528453065e-02 6.229987937449773527e-01 -2.158818264479308802e+00
9.015830932300248138e-03 2.303183574632553798e-01 -2.163066553038897055e+00
8.894740153464827589e-03 -1.623653799577476353e-01 -2.166562704983288068e+00
1.032832635632885930e-02 -5.550468836187764099e-01 -2.170567800988492113e+00
1.504263749651577227e-02 -9.477162377021736139e-01 -2.177341020686907935e+00
3.843099884188742876e-02 -1.340304703138630371e+00 -2.202540428670644701e+00
3.087346642618205905e+00 -1.408189633984314071e+00 1.029999653805502957e+00
3.124937801636545220e+00 -1.015663432050210924e+00 9.906220094206266147e-01
3.130784306524508676e+00 -6.229987937449774638e-01 9.827743891104842033e-01
3.131264327233464151e+00 5.550468836187759658e-01 9.710248526013012249e-01
3.126550016093277318e+00 9.477162377021732809e-01 9.642516329028854027e-01
3.103161654747905285e+00 1.340304703138630815e+00 9.390522249191483040e-01
5.424601097158789076e-02 1.408189633984314071e+00 -2.111592999784289937e+00
1.665485195324826334e-02 1.015663432050211368e+00 -2.150970644169166501e+00
-2.904954972449809603e+00 -6.919928318061060457e-01 1.070583262697527349e+00
3.125088779544618500e+00 -6.344537235953819909e-01 1.095509301838629490e+00
-3.125088779544618500e+00 6.344537235953819909e-01 -2.046083351751163626e+00
-3.115897097915762526e+00 1.027071663464954154e+00 -2.033875158113400250e+00
-3.053385376176369181e+00 1.419336984418613001e+00 -1.968663778828709798e+00
-5.545206340336699541e-02 1.328618774702132077e+00 1.031889221845646354e+00
-2.242023530992000302e-02 9.361575808802762300e-01 1.067670494948897320e+00
-1.553010749817563575e-02 5.435251209700481256e-01 1.077694292190439107e+00
-1.344465872901709665e-02 1.508659903248170675e-01 1.083705483273572634e+00
-1.369022117550240496e-02 -2.417978733670056724e-01 1.089004555568863220e+00
-1.650387404517451861e-02 -6.344537235953817689e-01 1.095509301838629268e+00
-2.569555567403079138e-02 -1.027071663464953932e+00 1.107717495476392866e+00
-8.820727741342417050e-02 -1.419336984418613001e+00 1.172928874761083540e+00
-3.086140590186426280e+00 -1.328618774702132743e+00 -2.109703431744147206e+00
-3.119172418279873238e+00 -9.361575808802766741e-01 -2.073922158640896019e+00
-3.126062546091617822e+00 -5.435251209700476815e-01 -2.063898361399354009e+00
3.111760030014068867e+00 -9.554234999713389076e-01 -2.257860990811417501e-01
-3.111760030014068867e+00 9.554234999713389076e-01 2.915806554508651338e+00
-3.063696869498808262e+00 1.347677915823855210e+00 2.967416502370946230e+00
-1.013039694572583360e-01 1.399700928025372493e+00 -3.499832793131905651e-01
-3.225831942520143020e-02 1.007627248181148127e+00 -2.774278658693423161e-01
-2.036068812116080193e-02 -5.628406379988316610e-01 -2.392832334441928888e-01
-2.983262357572452270e-02 -9.554234999713387966e-01 -2.257860990811416668e-01
-7.789578409098490974e-02 -1.347677915823855210e+00 -1.741761512188470529e-01
-3.040288684132534502e+00 -1.399700928025372715e+00 2.791609374276602384e+00
-3.109334334164591596e+00 -1.007627248181148572e+00 2.864164787720450800e+00
-3.120508838481682812e+00 -6.150582990883145529e-01 2.879277377089363377e+00
2.970289249623062844e+00 -1.029929887029598756e+00 -1.568947842291406602e-01
-2.970289249623062844e+00 1.029929887029598756e+00 2.984697869360652511e+00
-2.583734170595428203e+00 1.404226880251438603e+00 -2.894101480464090326e+00
-1.713034039667304387e-01 -1.029929887029598756e+00 -1.568947842291406047e-01
-5.578584829943642465e-01 -1.404226880251438381e+00 2.474911731257019853e-01
-2.995826336004829837e+00 -9.219542287872712905e-01 2.721020729611770772e+00
-3.039564427700446103e+00 -5.320985643906929186e-01 2.785568462438357429e+00
-1.182798617373191502e-01 -1.065153391767345692e+00 -2.520087990306072445e-01
1.182798617373191502e-01 1.065153391767345692e+00 2.889583854559186094e+00
7.322616861636244145e-02 6.741109121868735787e-01 2.831749931013916477e+00
9.131448649652783300e-02 -8.933382919072143658e-01 2.714764931903636658e+00
2.024138552107756228e-01 -1.282501313034659196e+00 2.591718878111233693e+00
2.660798686936107771e+00 -1.446890780452978031e+00 1.220445474366166072e-01
3.023312791852474035e+00 -1.065153391767345692e+00 -2.520087990306072445e-01
3.068366484973430897e+00 -6.741109121868735787e-01 -3.098427225758769166e-01
3.082044970060350497e+00 -2.822459452450651329e-01 -3.389976884403016477e-01
3.084056914787773884e+00 1.097977210088668110e-01 -3.619121126955279766e-01
3.076352044944677733e+00 5.017787395356269053e-01 -3.870146865157652050e-01
3.050278167093265491e+00 8.933382919072146988e-01 -4.268277216861564582e-01
2.939178798379017632e+00 1.282501313034659418e+00 -5.498737754785594234e-01
4.807939666536871770e-01 1.446890780452978476e+00 -3.019548106153175038e+00
-6.967328529432785002e-03 -9.876831460732174994e-01 -2.918231159132270713e-01
6.967328529432785002e-03 9.876831460732174994e-01 2.849769537676566156e+00
4.595768876247096658e-03 -5.830971705129308624e-01 2.841423016447079952e+00
6.844410476019187166e-03 -9.757902335047273779e-01 2.838285321530916061e+00
1.909184971400733344e-02 -1.368464312008980110e+00 2.825251034774106440e+00
3.121324400950264977e+00 -1.380355207188498134e+00 -2.777372222651597333e-01
3.134625325060360623e+00 -9.876831460732176105e-01 -2.918231159132269048e-01
3.136960217546475249e+00 -5.949902400530390212e-01 -2.950426431136239369e-01
3.137676428027550202e+00 -2.022946296076235939e-01 -2.968522964905778716e-01
3.137685681726173126e+00 1.904015244541549245e-01 -2.983785498368985989e-01
3.136996884713546319e+00 5.830971705129307514e-01 -3.001696371427132193e-01
3.134748243113774091e+00 9.757902335047279330e-01 -3.033073320588772770e-01
3.122500803875785991e+00 1.368464312008979888e+00 -3.163416188156862874e-01
2.026825263952853826e-02 1.380355207188498579e+00 2.863855431324633383e+00
-3.505131832963981897e-01 -8.999205384974573452e-01 1.848080112341032033e-01
3.505131832963981897e-01 8.999205384974573452e-01 -2.956784642355689829e+00
2.490971201495428555e-01 5.238479244027030024e-01 -3.109129402978279444e+00
2.660720837384336068e-01 -6.234904763969985053e-01 2.889688945912754381e+00
4.033564212046298336e-01 -9.957647381985330615e-01 2.703598585183672132e+00
2.791079470293394760e+00 -8.999205384974576782e-01 1.848080112341033143e-01
3.129086786952007593e+00 -1.223959654618348436e+00 -5.136740790321923100e-01
-3.129086786952007593e+00 1.223959654618348436e+00 2.627918574557600806e+00
-9.240791658244526530e-02 1.524712575433284201e+00 -6.177456927461792979e-01
-1.000997291940443693e-02 1.132190574637401470e+00 -5.344978560452378069e-01
-5.753845748892700944e-03 7.395025134013928358e-01 -5.293129837122276804e-01
-4.520069245785150736e-03 3.468084080684694093e-01 -5.269716976619018833e-01
-4.695348986522530563e-03 -4.385822517599927695e-01 -5.234414043719741727e-01
-6.307693943749257195e-03 -8.312756665342797557e-01 -5.207752261193194787e-01
-1.250586663778570883e-02 -1.223959654618348214e+00 -5.136740790321921990e-01
-3.049184737007347046e+00 -1.524712575433284423e+00 2.523846960843612930e+00
-3.131582680670388807e+00 -1.132190574637401470e+00 2.607094797544555753e+00
-3.135838807840900522e+00 -7.395025134013932799e-01 2.612279669877565436e+00
-3.137072584344007709e+00 -3.468084080684694093e-01 2.614620955927891011e+00
-3.137337221073771776e+00 4.588699320564472439e-02 2.616352529210158817e+00
-3.136897304603270431e+00 4.385822517599928805e-01 2.618151249217818943e+00
-3.135284959646043923e+00 8.312756665342790896e-01 2.620817427470473859e+00
2.916278901878375240e+00 -1.062508999804887333e+00 -1.378849963025869929e-01
-2.916278901878375240e+00 1.062508999804887333e+00 3.003707657287206345e+00
-2.333797426797135977e+00 1.419786013645378819e+00 -2.675016839750927744e+00
-3.676763878431197341e-01 1.263488873679243785e+00 -6.873688623485593174e-01
-1.720981804156922201e-01 8.828863911226996208e-01 -4.689894986520641296e-01
-1.238288678635143386e-01 4.942601371017762424e-01 -3.944766043244484766e-01
-1.095420317913420455e-01 1.041542823572531168e-01 -3.469349122946459030e-01
-1.135838934750887791e-01 -2.861659880790957677e-01 -3.033114787654713207e-01
-1.398197160782307102e-01 -6.758292521868166647e-01 -2.476894779772335908e-01
-2.253137517114179034e-01 -1.062508999804887111e+00 -1.378849963025869929e-01
-8.077952267926562513e-01 -1.419786013645378597e+00 4.665758138388645393e-01
-2.773916265746673382e+00 -1.263488873679243785e+00 2.454223791241233688e+00
-2.969494473174100868e+00 -8.828863911227000649e-01 2.672603154937729375e+00
-3.001772937511562489e+00 6.758292521868158875e-01 2.893903175612559497e+00
2.856982194650214080e+00 -1.153809529673802681e+00 -1.727873297715462886e-01
-2.856982194650214080e+00 1.153809529673802681e+00 2.968805323818247022e+00
-1.651805864153583103e+00 1.456453761367871413e+00 -2.086489410596350957e+00
-2.969351626305138381e-01 1.171615677399986843e+00 -7.089462753823967400e-01
-1.489786789436209125e+00 -1.456453761367871413e+00 1.055103242993441270e+00
-2.844657490959279666e+00 -1.171615677399986843e+00 2.432646378207396598e+00
1.928166556429779244e-01 -6.532045387057688890e-01 9.700950476441141390e-01
-1.928166556429779244e-01 6.532045387057688890e-01 -2.171497605945678977e+00
-1.751871785923711233e-01 -5.092513161940994681e-01 -1.967315104465014564e+00
-2.453547176427368637e-01 -8.937453680471753037e-01 -1.860649854864416364e+00
-5.242179710504822898e-01 -1.261879537553463271e+00 -1.549931563417018765e+00
-2.244179508693803449e+00 -1.374875670690143936e+00 2.002217098396468498e-01
-2.839034306469979896e+00 -1.034771886902830396e+00 8.260133368984273750e-01
-2.948775997946815330e+00 -6.532045387057688890e-01 9.700950476441140280e-01
-2.983192977753971409e+00 -2.663385158598070013e-01 1.046179889290768550e+00
-2.987675214174599692e+00 1.217028786131684470e-01 1.107031018554203161e+00
-2.966405474997422242e+00 5.092513161940991351e-01 1.174277549124778552e+00
-2.896237935947056474e+00 8.937453680471753037e-01 1.280942798725376974e+00
-2.617374682539310715e+00 1.261879537553463271e+00 1.591661090172774795e+00
-8.974131448959896673e-01 1.374875670690143936e+00 -2.941370943750146072e+00
-3.025583471198133312e-01 1.034771886902830840e+00 -2.315579316691366074e+00
4.392796379245251376e-02 5.600426773654341300e-02 3.080494856941017545e+00
4.646362864077172028e-02 -3.363043265080312705e-01 3.062691541568276943e+00
5.879260526254307534e-02 -7.284808018462338719e-01 3.038868889184441979e+00
1.008154563197292686e-01 -1.120046027802287014e+00 2.987230057286677010e+00
6.644722327287460040e-01 -1.499633654876251443e+00 2.414792028141965030e+00
3.009502958521985239e+00 -1.231418296856032990e+00 6.107740112690240170e-02
3.092920991385163632e+00 -4.482943073329292982e-01 -4.244899354954009829e-02
2.919524220238148171e+00 -1.049893106460053183e+00 -1.272472397873749550e-01
-2.919524220238148171e+00 1.049893106460053183e+00 3.014345413802418161e+00
-2.386929110193685144e+00 1.410102211801432359e+00 -2.714042621754255702e+00
-3.855526486224404303e-01 1.275044735109226446e+00 -6.909760944790841464e-01
-1.762134122020215798e-01 8.953358284986236981e-01 -4.587222520952602967e-01
-1.257034234653398030e-01 5.068699429948653190e-01 -3.819134246615195627e-01
-1.105868816833268931e-01 1.168284025219464423e-01 -3.335872897593643027e-01
-1.140866123045203850e-01 -2.734585769237529718e-01 -2.897098005013235555e-01
-1.395365771461098692e-01 -6.631145971763501290e-01 -2.344023526502037047e-01
-2.220684333516452502e-01 -1.049893106460053183e+00 -1.272472397873749828e-01
-7.546635433961073058e-01 -1.410102211801432359e+00 4.275500318355368590e-01
-2.756040004967352353e+00 -1.275044735109226446e+00 2.450616559110708970e+00
-2.965379241387771536e+00 -8.953358284986241422e-01 2.682870401494532597e+00
-3.002056076443683441e+00 6.631145971763497959e-01 2.907190300939589189e+00
