1.536456419307584476e+00 9.135357900676167528e-03 7.607914319215949295e-01
-1.536456419307584476e+00 -9.135357900676167528e-03 -2.380801221668198409e+00
-1.542563525985139128e+00 -2.157971044812285327e-02 -1.988249929680822481e+00
-1.552970348486371499e+00 -3.074062139498268814e-02 -1.595520207749903774e+00
-1.566095063682554134e+00 -3.522156255510875550e-02 -1.202629908022149863e+00
-1.579937073383917756e+00 -3.433847401936893778e-02 -8.096910685343734482e-01
-1.592384637924982194e+00 -2.822622553791240274e-02 -4.168442326639236750e-01
-1.601541829913611048e+00 -1.781755543200486819e-02 -2.417592761994916475e-02
-1.606018278263035892e+00 -4.698347296449728767e-03 3.683319715893503821e-01
-1.605136234282208862e+00 9.135357900676167528e-03 7.607914319215947074e-01
-1.599029127604654210e+00 2.157971044812285327e-02 1.153342723908970635e+00
-1.588622305103421839e+00 3.074062139498268814e-02 1.546072445839889342e+00
-1.575497589907238982e+00 3.522156255510876938e-02 1.938962745567642809e+00
-1.561655580205875582e+00 3.433847401936893778e-02 2.331901585055419002e+00
-1.549208015664811144e+00 2.822622553791239580e-02 2.724748420925869663e+00
-1.540050823676182290e+00 1.781755543200486472e-02 3.117416725969844205e+00
-1.535574375326757446e+00 4.698347296449762595e-03 -2.773260682000443733e+00
-3.133150042412585101e+00 -6.387241686830023024e-01 4.606577381577857122e-01
3.133150042412585101e+00 6.387241686830023024e-01 -2.680934915432007681e+00
3.128395401565612577e+00 1.031401931340458988e+00 -2.687225271306895813e+00
3.095241134803056404e+00 1.423983960768016255e+00 -2.721755183668270295e+00
2.782203585813516900e-02 1.324662724404561009e+00 4.926750017725806674e-01
1.136893631311810919e-02 9.320241655555129290e-01 4.748185052766796810e-01
7.899570025935971976e-03 5.393422681185434664e-01 4.697481184375136842e-01
6.851731236497926938e-03 1.466535428949237996e-01 4.666923084028214430e-01
6.988644411710137790e-03 -2.460363765653288404e-01 4.639888687597969463e-01
8.442611177208068571e-03 -6.387241686830020804e-01 4.606577381577857677e-01
1.319725202418085830e-02 -1.031401931340458766e+00 4.543673822828973585e-01
4.635151878673701709e-02 -1.423983960768016255e+00 4.198374699215226546e-01
3.113770617731657975e+00 -1.324662724404561676e+00 -2.648917651817212171e+00
3.130223717276674922e+00 -9.320241655555132620e-01 -2.666774148313113546e+00
3.133693083563857229e+00 -5.393422681185432443e-01 -2.671844535152279487e+00
3.134740922353295378e+00 -1.466535428949238828e-01 -2.674900345186971951e+00
3.134604009178083128e+00 2.460363765653282297e-01 -2.677603784829996059e+00
3.124545421769049369e+00 -6.447237345194520852e-01 4.656907424452498834e-01
-3.124545421769049369e+00 6.447237345194520852e-01 -2.675901911144543455e+00
-3.114796585052930666e+00 1.037335413428538411e+00 -2.663073306118883377e+00
-3.044668117902488369e+00 1.429537422361790933e+00 -2.590182482036185618e+00
-5.457320493194557642e-02 1.318341765843487279e+00 4.025984753076584655e-01
-2.266686025155812897e-02 9.258793757136098979e-01 4.373297676107239518e-01
-1.582188794452743172e-02 5.332489140627122426e-01 4.474018040584824552e-01
-1.376081394881163017e-02 1.405914911073972706e-01 4.535166974749149649e-01
-1.406968854830239340e-02 -2.520705453124639783e-01 4.589544356918477952e-01
-1.704723182074389248e-02 -6.447237345194518632e-01 4.656907424452498279e-01
-2.679606853686263696e-02 -1.037335413428538189e+00 4.785193474709098505e-01
-9.692453568730492741e-02 -1.429537422361790933e+00 5.514101715536077197e-01
-3.087019448657847942e+00 -1.318341765843487501e+00 -2.738994178282134762e+00
-3.118925793338235053e+00 -9.258793757136101199e-01 -2.704262885979069164e+00
-3.125770765645265570e+00 -5.332489140627117985e-01 -2.694190849531310938e+00
-3.127831839640981659e+00 -1.405914911073973261e-01 -2.688075956114878373e+00
-3.127522965041490632e+00 2.520705453124634787e-01 -2.682638217897945321e+00
-1.550620392292725302e+00 1.276739980688019766e-03 7.996928751068947960e-01
1.550620392292725302e+00 -1.276739980688019766e-03 -2.341899778482898320e+00
1.552644345064331466e+00 -8.900136871698726554e-03 -2.734530960019222690e+00
1.557431622096934865e+00 -1.516893355267119256e-02 -3.127209454418971912e+00
1.564254171133893756e+00 -1.912860675729771351e-02 2.763237976743361468e+00
1.572073326679592542e+00 -2.017591805589975459e-02 2.370463438990718874e+00
1.579697930063276523e+00 -1.815126272499584942e-02 1.977696449631890063e+00
1.585966614942603048e+00 -1.336316704972102115e-02 1.584976793354877955e+00
1.589925342809920039e+00 -6.540958781284854882e-03 1.192316513472387873e+00
1.590972261297067814e+00 1.276739980688014779e-03 7.996928751068950181e-01
1.588948308525461872e+00 8.900136871698723084e-03 4.070616935705709261e-01
1.584161031492858474e+00 1.516893355267119776e-02 1.438319917082152635e-02
1.577338482455899360e+00 1.912860675729771351e-02 -3.783546768464313703e-01
1.569519326910200574e+00 2.017591805589975806e-02 -7.711292145990740199e-01
1.561894723526516593e+00 1.815126272499584248e-02 -1.163896203957903719e+00
1.555626038647190290e+00 1.336316704972101942e-02 -1.556615860234915161e+00
1.551667310779873299e+00 6.540958781284864423e-03 -1.949276140117404799e+00
1.605745987896245452e+00 4.841647584283875067e-02 8.117870419351992384e-01
-1.605745987896245452e+00 -4.841647584283875067e-02 -2.329805611654593989e+00
-1.621608984847439316e+00 -3.136239439523094696e-02 -1.937155810995047966e+00
-1.629734527292457935e+00 -9.543231803033642296e-03 -1.544972455356245611e+00
-1.628904272023756095e+00 1.372435873543546847e-02 -1.152953553317987989e+00
-1.619242341289427456e+00 3.490868873477052936e-02 -7.607014506765905626e-01
-1.602199225862873888e+00 5.078764892937598363e-02 -3.679542009558698368e-01
-1.580356156828983449e+00 5.893551355878624137e-02 2.526076695430249860e-02
-1.557048767960287794e+00 5.810246659915067197e-02 4.186411413318876229e-01
-1.535846665693547886e+00 4.841647584283875760e-02 8.117870419351991274e-01
-1.519983668742353800e+00 3.136239439523094003e-02 1.204436842594745150e+00
-1.511858126297335181e+00 9.543231803033650970e-03 1.596620198233547505e+00
-1.512688381566037021e+00 -1.372435873543543725e-02 1.988639100271804905e+00
-1.522350312300365660e+00 -3.490868873477051548e-02 2.380891202913202331e+00
-1.539393427726919450e+00 -5.078764892937600445e-02 2.773638452633923723e+00
-1.561236496760809889e+00 -5.893551355878624831e-02 -3.116331886635490989e+00
-1.584543885629505544e+00 -5.810246659915067197e-02 -2.722951512257905993e+00
-2.124097086751345134e-02 -6.385771306107224099e-01 5.097375739728197130e-01
2.124097086751345134e-02 6.385771306107224099e-01 -2.631855079616973736e+00
1.758408624409673812e-02 2.459495139923568996e-01 -2.640235321323954221e+00
1.724004366771457811e-02 -1.466915635159298792e-01 -2.647037216785166347e+00
1.987652927569774630e-02 -5.393250791283847878e-01 -2.654725783982350595e+00
2.860378972766412092e-02 -9.319153779169830898e-01 -2.667481370074265001e+00
6.992943060714118531e-02 -1.324231723734455857e+00 -2.712338172656307389e+00
3.025441995553146857e+00 -1.423102390185905008e+00 6.119728828935355747e-01
3.108397160711340312e+00 -1.031141300915535242e+00 5.255563001030452153e-01
3.120351682722279918e+00 -6.385771306107225209e-01 5.097375739728198241e-01
3.124008567345696541e+00 -2.459495139923570384e-01 5.013573322658386733e-01
3.124352609922078639e+00 1.466915635159298792e-01 4.945554368046266580e-01
3.121716124314095619e+00 5.393250791283845658e-01 4.868668696074427982e-01
3.112988863862129030e+00 9.319153779169825347e-01 4.741112835155280592e-01
3.071663222982651931e+00 1.324231723734456301e+00 4.292544809334857825e-01
1.161506580366467034e-01 1.423102390185904786e+00 -2.529619770696257763e+00
3.319549287845301871e-02 1.031141300915535686e+00 -2.616036353486747679e+00
3.138968273370116524e+00 -1.167805111546600605e+00 2.052829049273109163e+00
-3.138968273370116524e+00 1.167805111546600605e+00 -1.088763604316684175e+00
-3.041910913715068165e+00 1.560454099230710101e+00 -9.915013075452208113e-01
-2.758109061110011924e-03 1.188386819504373637e+00 2.047856015147178077e+00
-1.470730158658640867e-03 7.956885139706312282e-01 2.049364291967599616e+00
-1.118833475216352664e-03 4.029897471250794561e-01 2.049976128487519311e+00
-1.029261120457742153e-03 1.029088577006295399e-02 2.050404310118331797e+00
-1.109335296055023084e-03 -3.824079774555300681e-01 2.050828856762791919e+00
-1.440767240240312585e-03 -7.751067533339750515e-01 2.051423140175566040e+00
-2.624380219676555534e-03 -1.167805111546600605e+00 2.052829049273109163e+00
-9.968173987472329911e-02 -1.560454099230709879e+00 2.150091346044570528e+00
-3.138834544528683157e+00 -1.188386819504373637e+00 -1.093736638442615261e+00
-3.140121923431134388e+00 -7.956885139706318943e-01 -1.092228361622193500e+00
-3.140473820114576764e+00 -4.029897471250796226e-01 -1.091616525102273805e+00
-3.140563392469335469e+00 -1.029088577006261399e-02 -1.091188343471461542e+00
-3.140483318293738169e+00 3.824079774555301792e-01 -1.090763796827001197e+00
-3.140151886349552779e+00 7.751067533339744964e-01 -1.090169513414227076e+00
1.807688627338543741e+00 5.833436824635122343e-03 2.033542682970906679e+00
2.597095034088461873e-03 -6.403042979285908931e-01 4.606403063356658278e-01
-2.597095034088461873e-03 6.403042979285908931e-01 -2.680952347254127233e+00
-2.148161031353870449e-03 2.476062837207932965e-01 -2.679927218433350244e+00
-2.104761585555308800e-03 -1.450919328520957896e-01 -2.679096423858393639e+00
-2.424944982090372191e-03 -5.377900379562067235e-01 -2.678158584122523056e+00
-3.485936423219299692e-03 -9.304875022050904665e-01 -2.676605322059585124e+00
-8.497473523261711917e-03 -1.323180916044930155e+00 -2.671162428588419679e+00
-3.127189198345885934e+00 -1.425689235755497108e+00 4.479398140345013934e-01
-3.137526910671269320e+00 -1.033001359228039373e+00 4.587000868686170740e-01
-3.138995558555704779e+00 -6.403042979285911152e-01 4.606403063356658834e-01
-3.139444492558439492e+00 -2.476062837207933520e-01 4.616654351564428715e-01
-3.139487892004237946e+00 1.450919328520957063e-01 4.624962297313996995e-01
-3.139167708607702778e+00 5.377900379562061683e-01 4.634340694672702821e-01
-3.138106717166573745e+00 9.304875022050902444e-01 4.649873315302079924e-01
-3.133095180066531427e+00 1.323180916044930377e+00 4.704302250013734366e-01
-1.440345524390753036e-02 1.425689235755496886e+00 -2.693652839555292111e+00
-4.065742918524153232e-03 1.033001359228040039e+00 -2.682892566721176486e+00
1.597297801941109929e+00 1.475412202438477170e-02 8.045320636793895641e-01
-1.597297801941109929e+00 -1.475412202438477170e-02 -2.337060589910403774e+00
-1.600925661871900774e+00 -3.491159221514491401e-03 -1.944504429014637825e+00
-1.599968971089148262e+00 8.302874142056018009e-03 -1.551979062183655778e+00
-1.594572704800124363e+00 1.883380023111363641e-02 -1.159382779745694814e+00
-1.585555630701289243e+00 2.649859004808395591e-02 -7.666553464684697783e-01
-1.574289071199830969e+00 3.012915141054060483e-02 -3.738133201517341297e-01
-1.562489918509928355e+00 2.917163846691497864e-02 1.905954735242236520e-02
-1.551957203043438760e+00 2.377216045163780059e-02 4.118614044968523236e-01
-1.544294851648683409e+00 1.475412202438477517e-02 8.045320636793894531e-01
-1.540666991717892564e+00 3.491159221514497906e-03 1.197088224575155291e+00
-1.541623682500645076e+00 -8.302874142056019743e-03 1.589613591406137338e+00
-1.547019948789668975e+00 -1.883380023111362600e-02 1.982209873844097858e+00
-1.556037022888504096e+00 -2.649859004808394897e-02 2.374937307121323116e+00
-1.567303582389962147e+00 -3.012915141054060136e-02 2.767779333438059375e+00
-1.579102735079864761e+00 -2.917163846691497517e-02 -3.122533106237371126e+00
-1.589635450546354356e+00 -2.377216045163781794e-02 -2.729731249092941514e+00
3.136500234842591439e+00 -1.179703107983509414e+00 2.065846221347371170e+00
-3.136500234842591439e+00 1.179703107983509414e+00 -1.075746432242422168e+00
-8.782671690331078640e-01 1.568274061536285124e+00 1.182872704638542993e+00
-5.052974831606880587e-03 1.176482284540755208e+00 2.056473093603293556e+00
-2.740884881646596296e-03 7.837858528513553802e-01 2.059203337186729321e+00
-2.099762307068622942e-03 3.910878723634002574e-01 2.060337891988075487e+00
-1.941221888035611978e-03 -1.610429406686694114e-03 2.061141436772886415e+00
-2.102565518472707725e-03 -3.943087301355583940e-01 2.061946054299628628e+00
-2.749727104526744452e-03 -7.870067055960828784e-01 2.063085788751129357e+00
-5.092418747201691610e-03 -1.179703107983509414e+00 2.065846221347371170e+00
-2.263325484556645506e+00 -1.568274061536285346e+00 -1.958719948951290091e+00
-3.136539678758186067e+00 -1.176482284540755208e+00 -1.085119559986499782e+00
-3.138851768708146750e+00 -7.837858528513557133e-01 -1.082389316403064017e+00
-3.139492891282724685e+00 -3.910878723634004794e-01 -1.081254761601717851e+00
-3.139651431701757645e+00 1.610429406687044094e-03 -1.080451216816906923e+00
-3.139490088071320351e+00 3.943087301355583940e-01 -1.079646599290164488e+00
-3.138842926485266638e+00 7.870067055960823232e-01 -1.078506864838663537e+00
2.113283301663122782e-02 -6.345087828846041056e-01 4.662364871591187510e-01
-2.113283301663122782e-02 6.345087828846041056e-01 -2.675356166430674421e+00
-1.752950335177053121e-02 2.418805817429926230e-01 -2.667027022055854513e+00
-1.721443665282486671e-02 -1.507607616989244392e-01 -2.660242103004887060e+00
-1.988350402964636846e-02 -5.433943517223140951e-01 -2.652546147280962163e+00
-2.870138072665576537e-02 -9.359842410611014518e-01 -2.639715694412458458e+00
-7.093000420363283764e-02 -1.328293784496584307e+00 -2.593966543823783777e+00
-3.028762107119495894e+00 -1.419063352408070910e+00 3.672198780011358132e-01
-3.108689883233480611e+00 -1.027074823599700704e+00 4.506042984301054100e-01
-3.120459820573162180e+00 -6.345087828846044387e-01 4.662364871591186954e-01
-3.124063150238022502e+00 -2.418805817429928173e-01 4.745656315339388809e-01
-3.124378216936968489e+00 1.507607616989243005e-01 4.813505505849059452e-01
-3.121709149560147001e+00 5.433943517223136510e-01 4.890465063088311748e-01
-3.112891272863137715e+00 9.359842410611010077e-01 5.018769591773346583e-01
-3.070662649386160403e+00 1.328293784496584529e+00 5.476261097660092281e-01
-1.128305464702973882e-01 1.419063352408071133e+00 -2.774372775588657802e+00
-3.290277035631269248e-02 1.027074823599701370e+00 -2.690988355159687817e+00
1.552831603890672429e+00 1.120706912946178163e-02 7.724929263123940792e-01
-1.552831603890672429e+00 -1.120706912946178163e-02 -2.369099727277399037e+00
-1.558487554362471883e+00 -1.722861768966273133e-02 -1.976406011400633878e+00
-1.566018224393744829e+00 -2.062738788927196906e-02 -1.583650175900169987e+00
-1.574276857613809755e+00 -2.088549310550577923e-02 -1.190865464815324959e+00
-1.582005204451916613e+00 -1.796359462445099725e-02 -7.981020511471698109e-01
-1.588026249427093139e+00 -1.230694560803693473e-02 -4.053976212555196468e-01
-1.591423950083961314e+00 -4.777085914141744431e-03 -1.275529557319047755e-02
-1.591681946368677325e+00 3.479771733019007465e-03 3.798581743684460998e-01
-1.588761049699120687e+00 1.120706912946178163e-02 7.724929263123940792e-01
-1.583105099227321455e+00 1.722861768966273480e-02 1.165186642189159238e+00
-1.575574429196048509e+00 2.062738788927197600e-02 1.557942477689623351e+00
-1.567315795975983583e+00 2.088549310550577576e-02 1.950727188774468157e+00
-1.559587449137876725e+00 1.796359462445099725e-02 2.343490602442623416e+00
-1.553566404162699977e+00 1.230694560803691565e-02 2.736195032334274302e+00
-1.550168703505831802e+00 4.777085914141746166e-03 3.128837358016602899e+00
-1.549910707221116013e+00 -3.479771733018997056e-03 -2.761734479221347627e+00
