-1.551627233584441434e+00 3.265550439443030278e-02 7.995735459124317934e-01
1.551627233584441434e+00 -3.265550439443030278e-02 -2.342019107677361323e+00
1.565587733158000150e+00 -3.750451635904550329e-02 -2.734933530415493586e+00
1.580343165078232914e+00 -3.664156309092996694e-02 -3.127905223116520084e+00
1.593641785165617497e+00 -3.019849622246167584e-02 2.762410938340261080e+00
1.603457827541873160e+00 -1.915887208006894146e-02 2.369743930960383604e+00
1.608301351421161929e+00 -5.204930858570248724e-03 1.977260148212247381e+00
1.607439558249793343e+00 9.540429993523048130e-03 1.584833500685658647e+00
1.601002700461920059e+00 2.283504040263956841e-02 1.192304525099865176e+00
1.538134826047920178e+00 1.915887208006895187e-02 -7.718487226294094006e-01
1.533291302168631409e+00 5.204930858570227907e-03 -1.164332505377546179e+00
1.534153095339999995e+00 -9.540429993523037722e-03 -1.556759152904134247e+00
1.540589953127873279e+00 -2.283504040263955454e-02 -1.949288128489927496e+00
-2.575120267521892603e-01 7.821479331733723894e-01 1.577254938582060007e+00
-1.973588815282310560e-01 3.991443424823235553e-01 1.683227767584020818e+00
-1.816808586844596007e-01 1.329036713513252407e-02 1.758341640481055235e+00
-1.952174436008588532e-01 -3.726377458257285613e-01 1.832649437622601019e+00
-2.509333081832724188e-01 -7.559908312173089229e-01 1.934852661941778074e+00
-2.944233772061562338e+00 -3.991443424823234998e-01 -1.458364886005772298e+00
-2.959911794905333515e+00 -1.329036713513267846e-02 -1.383251013108738103e+00
-2.946375209988934429e+00 3.726377458257278397e-01 -1.308943215967192319e+00
1.706399049564123249e+00 -1.611958593859690037e-01 8.588517477034980363e-01
-1.706399049564123249e+00 1.611958593859690037e-01 -2.282740905886295302e+00
-1.633962917333500853e+00 2.006892477338505509e-01 -1.885433975251010086e+00
-1.551230905309354924e+00 2.093687429686294788e-01 -1.484317238176946940e+00
-1.471714307170970848e+00 1.857645817673921340e-01 -1.084436915964392734e+00
-1.408133072589113688e+00 1.338341340958822678e-01 -6.900496324086621280e-01
-1.369716748418923213e+00 6.189716172395330618e-02 -3.020296115848327689e-01
-1.361388665036716850e+00 -1.913810515380484634e-02 8.241206654837528178e-02
-1.384137221350629554e+00 -9.737188943014724041e-02 4.680010990639360546e-01
-1.435193604025670089e+00 -1.611958593859689759e-01 8.588517477034979253e-01
-1.507629736256292263e+00 -2.006892477338504954e-01 1.256158678338783030e+00
-1.590361748280438414e+00 -2.093687429686295343e-01 1.657275415412846398e+00
-1.669878346418822268e+00 -1.857645817673921618e-01 2.057155737625400160e+00
-1.409309942092442203e+00 -6.293016881061996859e-02 -1.260879699244199292e+00
-1.691531436259699372e+00 -1.245073242089309029e-01 7.152446805288398268e-01
2.857215864300111097e+00 1.096972797909964603e+00 -2.691580522576269563e-01
2.035042574352960987e+00 1.427132470559399513e+00 -1.117091007889239984e+00
3.810738733941320677e-01 1.219401328196783929e+00 -2.796491346830038527e+00
1.086614854741722258e+00 -1.336563004843858982e-01 2.943084713138542696e+00
1.166585742731093722e+00 -3.043355498315365448e-01 2.580159501318771920e+00
1.312245866158330498e+00 -4.339296791854716506e-01 2.181933508951592771e+00
1.509959958290076010e+00 -4.974789706222078056e-01 1.747393877108014415e+00
1.721563672258495714e+00 -4.794965423476311162e-01 1.302317077723309291e+00
1.899989318082822232e+00 -3.846338886349490171e-01 8.818745269110438434e-01
2.017761539196605280e+00 -2.341160436636093578e-01 5.003984318426285549e-01
2.069052221812613279e+00 -5.345477765326089870e-02 1.475380424648996547e-01
2.054977798848071302e+00 1.336563004843856761e-01 -1.985079404512501422e-01
1.975006910858699616e+00 3.043355498315364893e-01 -5.614331522710210853e-01
-3.047065313594657265e+00 -7.316449355847920444e-01 -3.215968606992262308e-02
3.047065313594657265e+00 7.316449355847920444e-01 3.109432967519870417e+00
2.979211921933377916e+00 1.121408807872000368e+00 3.026189902586808866e+00
2.202394304031286332e+00 1.483668205522759242e+00 2.235304158324279644e+00
2.073949331372564597e-01 1.222737901591183673e+00 2.263799694717185118e-01
1.047364925853597611e-01 8.341929474465581418e-01 1.088099364660138069e-01
7.781505257595869307e-02 4.430525917712819783e-01 6.451208783588391338e-02
7.038183946675084790e-02 5.140107965310196370e-02 3.471985066073814824e-02
7.457223029042661655e-02 -3.402940767184640114e-01 6.167150729186630063e-03
9.452733999513611429e-02 -7.316449355847919334e-01 -3.215968606992258838e-02
3.036856161004433563e+00 -8.341929474465584748e-01 -3.032782717123779559e+00
3.063777601013834673e+00 -4.430525917712816453e-01 -3.077080565753909536e+00
3.071210814123042532e+00 -5.140107965310207472e-02 -3.106872802929054878e+00
3.067020423299366527e+00 3.402940767184634563e-01 -3.135425502860606617e+00
3.080915538346776117e+00 -8.059947163231404588e-01 4.115504733593114417e-02
-3.080915538346776117e+00 8.059947163231404588e-01 -3.100437606253862111e+00
-1.964261510994751214e+00 1.845579211925358828e-02 -5.135169285454967980e-01
-1.930325122126121729e+00 1.644830688789034046e-01 -1.470955171060506772e-01
-1.843245350467070276e+00 2.880694515515651033e-01 2.358029828513212023e-01
-1.710277202466680579e+00 3.695643169615817625e-01 6.421470045529297233e-01
-1.550813965279971063e+00 3.933944903982178332e-01 1.064940023040028105e+00
-1.395300484643678285e+00 3.544606004234259755e-01 1.485168313061056455e+00
-1.272327251787036984e+00 2.609544518044972783e-01 1.885810273213961885e+00
-1.197933049250400117e+00 1.300084057525361936e-01 2.263610990992814376e+00
-1.177331142595041902e+00 -1.845579211925386237e-02 2.628075725044296984e+00
1.725996384943761175e+00 -1.575998961294634848e-01 8.702943062131478502e-01
-1.725996384943761175e+00 1.575998961294634848e-01 -2.271298347376645488e+00
-1.653600105867173653e+00 2.048523094348493889e-01 -1.874835500455421133e+00
-1.567690128302335228e+00 2.207152486869025931e-01 -1.473276355506574875e+00
-1.482295042922619155e+00 2.024836466040120797e-01 -1.071924882388133105e+00
-1.411311291218289465e+00 1.532613352291038455e-01 -6.759510920293141378e-01
-1.365259360333646033e+00 8.106859429546153795e-02 -2.871580177151678015e-01
-1.350080047567332020e+00 -3.030845335348789863e-03 9.683993669772847368e-02
-1.367538800649857889e+00 -8.668862364441332069e-02 4.810288641110887498e-01
-1.415596268646032163e+00 -1.575998961294634571e-01 8.702943062131478502e-01
-1.487992547722619463e+00 -2.048523094348494444e-01 1.266757153134371983e+00
-1.573902525287458110e+00 -2.207152486869025931e-01 1.668316298083218241e+00
-1.659297610667173961e+00 -2.024836466040122185e-01 2.069667771201659789e+00
-1.730281362371503651e+00 -1.532613352291038733e-01 2.465641561560478756e+00
-1.545482282826822207e+00 -2.025500127825017316e-01 7.978429690797147478e-01
1.545482282826822207e+00 2.025500127825017316e-01 -2.343749684510078257e+00
1.698505465568096895e+00 -6.831360019830341745e-02 8.673404326616290794e-01
-1.698505465568096895e+00 6.831360019830341745e-02 -2.274252220928163926e+00
-1.662771406376186478e+00 1.119237386386022215e-01 -1.882339473851607714e+00
-1.556206067673131299e+00 1.440123733449216181e-01 -1.090732782327357375e+00
-1.501923595842461490e+00 1.274096371585315135e-01 -6.946909274087549324e-01
-1.426768834835900446e+00 -1.443921207217527432e-02 4.779694764810979990e-01
-1.443087188021696221e+00 -6.831360019830340358e-02 8.673404326616289683e-01
-1.478821247213606860e+00 -1.119237386386022215e-01 1.259253179738185402e+00
-1.528800393598916951e+00 -1.385590473938785039e-01 1.654193814261425199e+00
-1.585386585916661817e+00 -1.440123733449216181e-01 2.050859871262435075e+00
-1.639669057747331626e+00 -1.274096371585315690e-01 2.446901726181037962e+00
-1.683191161950274406e+00 -9.139798539823484891e-02 2.840350923330408062e+00
-1.709476088411799877e+00 -4.159321259702343510e-02 -3.052391503773951964e+00
-1.714823818753892892e+00 1.443921207217518758e-02 -2.663623177108695561e+00
2.301782185779275292e+00 -1.129203322668174136e+00 8.400240210972895749e-01
2.660508945964280780e+00 -8.125835402038794619e-01 4.128006613509021538e-01
8.309995836862830165e-01 2.023262465379848177e-02 6.572021549928686035e-02
-8.309995836862830165e-01 -2.023262465379848177e-02 -3.075872438090506478e+00
-8.763987688207532933e-01 -2.802748638928998504e-01 -2.777328137715587175e+00
-1.011466826872958302e+00 -5.131173197883801551e-01 -2.433028368629448934e+00
-1.257495999871517833e+00 -6.821157976244375254e-01 -2.001930146374402586e+00
-1.598186215929301657e+00 -7.396099509220400714e-01 -1.486612811355330965e+00
-1.929210055206084240e+00 -6.623257009612175672e-01 -9.801245350147618218e-01
-2.157478266968762437e+00 -4.805694435490112659e-01 -5.640838774378268416e-01
-2.277448816061802717e+00 -2.415802981127786186e-01 -2.296619676185313874e-01
-9.841143866210311231e-01 4.805694435490111549e-01 2.577508776151966163e+00
-8.641438375279907325e-01 2.415802981127790627e-01 2.911930685971261479e+00
1.819678688210054851e+00 1.142241845257733895e-01 2.600278865938378647e+00
1.666514589168837990e+00 2.564345929469204477e-01 1.812927078609827936e+00
1.558696260336999373e+00 2.730862474468055967e-01 1.406215742325289453e+00
1.475078064420955126e+00 -2.564345929469204477e-01 -1.328665574979965402e+00
1.582896393252793965e+00 -2.730862474468055412e-01 -1.735376911264503441e+00
-1.446543588474711539e+00 -1.056065914382852550e-01 8.601621125664399292e-01
1.446543588474711539e+00 1.056065914382852550e-01 -2.281430541023353520e+00
1.464375398976731635e+00 -1.235569476623317731e-01 2.444123031678774982e+00
1.519942917095582047e+00 -1.548180461919045070e-01 2.048780094114675876e+00
1.583574208706023168e+00 -1.623950803894463890e-01 1.651095940053212585e+00
1.645167927073809766e+00 -1.450576688482428656e-01 1.254030648484224519e+00
1.695049065115081577e+00 -1.056065914382852133e-01 8.601621125664399292e-01
1.725811581033766418e+00 -5.024466734933794032e-02 4.701355495427556042e-01
1.733204433652430376e+00 1.260975271588190075e-02 8.236567928512653070e-02
1.716250449255254829e+00 7.358909731313251212e-02 -3.059958530541745381e-01
1.677217254613061481e+00 1.235569476623317731e-01 -6.974696219110180229e-01
1.621649736494211069e+00 1.548180461919045903e-01 -1.092812559475117906e+00
1.558018444883769948e+00 1.623950803894464445e-01 -1.490496713536580531e+00
1.496424726515983572e+00 1.450576688482429211e-01 -1.887562005105568153e+00
-1.936388609013779405e+00 -6.863107273958925225e-02 -1.690886831992546302e+00
-1.935540371078741995e+00 7.319647061716198777e-02 -1.324384487099481644e+00
-1.256116583879873350e+00 2.012000167842555864e-01 1.077340816624469788e+00
-1.205204044576013933e+00 6.863107273958928001e-02 1.450705821597246814e+00
-1.206052282511051121e+00 -7.319647061716204328e-02 1.817208166490311694e+00
-1.258622039494502687e+00 -2.051417200335974300e-01 2.191018611973824193e+00
-1.414774788049019572e+00 8.037279553549891986e-02 9.091148513972240330e-01
1.414774788049019572e+00 -8.037279553549891986e-02 -2.232477802192569083e+00
1.457164456477575865e+00 -1.338471027297520044e-01 -2.623838750608044279e+00
1.705501794809428651e+00 -1.126111910058193305e-01 2.073321876896474514e+00
1.738100702837823919e+00 -5.277565023719090614e-02 1.683800812149614190e+00
1.436090858780364687e+00 1.126111910058193166e-01 -1.068270776693319268e+00
1.403491950751969197e+00 5.277565023719092002e-02 -1.457791841440178926e+00
1.396067496271292452e+00 -1.490246038062184412e-02 -1.844759486428418471e+00
1.197295710230700028e+00 -1.881093554745843777e-01 2.972926159907073984e+00
1.294246404478162971e+00 -3.151261801729081102e-01 2.588795280485240102e+00
1.439024359001934927e+00 -3.959511575328487076e-01 2.178353602745281226e+00
1.609697377073656011e+00 -4.144846072298103423e-01 1.751003494831866236e+00
1.772472846609393970e+00 -3.665966794422174102e-01 1.328975318779101356e+00
1.897516928666612701e+00 -2.626008819981576758e-01 9.302578236908506382e-01
1.969855365944837455e+00 -1.215241464203996591e-01 5.564829228914462966e-01
1.985559988753154093e+00 3.560560772997849177e-02 1.958799541319509452e-01
1.944296943359093088e+00 1.881093554745842944e-01 -1.686664936827188266e-01
1.847346249111630367e+00 3.151261801729081102e-01 -5.527973731045532357e-01
1.702568294587858189e+00 3.959511575328487631e-01 -9.632390508445126676e-01
-1.726579854035838579e+00 2.792639044157189943e-02 -7.656448037180832999e-01
-1.542527790961925493e+00 1.557222888046722875e-01 8.095369346698169100e-01
-1.484782630964323946e+00 1.329940132848947687e-01 1.205762008422569087e+00
3.085283243637325867e+00 -7.929341313082816090e-01 6.108944901560323798e-02
-3.085283243637325867e+00 7.929341313082816090e-01 -3.080503204574189802e+00
-3.036572078648620554e+00 1.184501892410322110e+00 -3.023307309479609906e+00
-1.363113270168678781e+00 1.530423330482007183e+00 -1.341995857154430816e+00
-1.009088594705912362e-01 1.167932127552965493e+00 -7.192578721149475718e-02
-5.538105423961425799e-02 7.763021476824009115e-01 -1.786983062988374907e-02
-4.261071364788211052e-02 3.840545367972520441e-01 4.979063853924686756e-03
-3.950634456779534426e-02 -8.322476104437408900e-03 2.128183065223088893e-02
-4.290538936271801745e-02 -4.006972619203891250e-01 3.769728087596587590e-02
-5.630940995246758174e-02 -7.929341313082814979e-01 6.108944901560323798e-02
-3.086211599350178858e+00 -7.763021476824012446e-01 3.123722822959909440e+00
-3.098981939941911179e+00 -3.840545367972516000e-01 -3.136613589735868679e+00
-3.102086309021997668e+00 8.322476104437396757e-03 -3.120310822937562456e+00
-3.098687264227075300e+00 4.006972619203887920e-01 -3.103895372713827427e+00
1.673555818829739694e+00 6.840343162977162439e-02 2.676091634059845958e+00
1.639603706376693726e+00 1.024899754941973606e-01 2.283404049323768170e+00
1.595009356261974931e+00 1.209902861861344714e-01 1.888641086727414375e+00
1.546633446201018725e+00 1.210002643359748276e-01 1.493011658844956679e+00
1.502031285299816110e+00 1.025183319577707280e-01 1.098246975500184242e+00
1.468064959437342498e+00 6.844574633766754845e-02 7.055569814483746427e-01
1.449770910751155606e+00 2.403598830886830018e-02 3.149217978443374921e-01
1.449761075175322711e+00 -2.398617714974976556e-02 -7.486752270394844699e-02
1.468036834760053644e+00 -6.840343162977159663e-02 -4.655010195299468800e-01
1.501988947213099390e+00 -1.024899754941973606e-01 -8.581886042660248348e-01
1.546583297327818407e+00 -1.209902861861345269e-01 -1.252951566862379407e+00
1.594959207388774391e+00 -1.210002643359748276e-01 -1.648580994744836659e+00
1.639561368289977006e+00 -1.025183319577707419e-01 -2.043345678089608430e+00
-2.254633947220918255e+00 7.970418354287150953e-02 1.100972723775508200e-01
2.254633947220918255e+00 -7.970418354287150953e-02 -3.031495381212242268e+00
2.240898476026711883e+00 1.682346368930941194e-01 2.946067818237290137e+00
2.146590479131330831e+00 3.995595357614019072e-01 2.614446825456596901e+00
1.957405121556496708e+00 5.839928213682131775e-01 2.219516274077852014e+00
1.673475922448640851e+00 6.812528719265594779e-01 1.745695150059819678e+00
1.357396356423124395e+00 6.589636032993448911e-01 1.243357413712508075e+00
1.104392225150035323e+00 5.254612009469383782e-01 7.962857142456234438e-01
9.510305031346832916e-01 3.199935265189211564e-01 4.279230413233294783e-01
8.869587063688751938e-01 7.970418354287157892e-02 1.100972723775509310e-01
9.006941775630814551e-01 -1.682346368930940916e-01 -1.955248353525028404e-01
2.190562150455110046e+00 -3.199935265189214895e-01 -2.713669612266463194e+00
-1.742605439685996016e+00 1.839624826620852305e-01 6.328073974459904605e-01
1.742605439685996016e+00 -1.839624826620852305e-01 -2.508785256143802656e+00
1.757444794833678214e+00 1.688819773662627310e-01 2.235334465656311220e+00
1.678446866961724515e+00 2.272396218314372551e-01 1.839087204364225459e+00
1.482979804747864838e+00 2.354943523961410545e-01 1.030998390848322233e+00
1.398987213903797322e+00 1.839624826620852582e-01 6.328073974459905715e-01
1.342279075837866431e+00 1.048727320132256391e-01 2.439490862591593423e-01
1.319961157817780562e+00 1.049810079781511932e-02 -1.380276716740634069e-01
1.334424504986891247e+00 -8.538671603220035489e-02 -5.192583137158868212e-01
1.384147858756114902e+00 -1.688819773662626755e-01 -9.062581879334816737e-01
1.463145786628068823e+00 -2.272396218314372829e-01 -1.302505449225568102e+00
1.559959105457414008e+00 -2.508210494672800661e-01 -1.706134107808085831e+00
1.658612848841928278e+00 -2.354943523961410545e-01 -2.110594262741470217e+00
-1.628892335653968182e+00 4.842056721529079070e-04 -1.924794914021218828e+00
-1.624293802107597884e+00 2.266916254894916355e-02 -1.532688305254592098e+00
-1.611557135500661486e+00 4.141119236751174965e-02 -1.140226895771549342e+00
-1.516928698957755950e+00 2.177424618638611545e-02 8.246993555458927982e-01
-1.512700317935824934e+00 -4.842056721529148459e-04 1.216797739568574288e+00
-1.517298851482195454e+00 -2.266916254894916702e-02 1.608904348335201018e+00
-1.530035518089131630e+00 -4.141119236751173577e-02 2.001365757818243551e+00
-1.548990460988785678e+00 -5.385484618021785241e-02 2.394321712841149807e+00
-1.710864174864062282e+00 -1.569008831559521033e-01 7.088186193600860552e-01
1.710864174864062282e+00 1.569008831559521033e-01 -2.432774034229707283e+00
1.371901817138198032e+00 6.765298663479699104e-02 1.869134234980252662e+00
1.361250876971489943e+00 -1.298464703506945275e-02 1.484553330155159223e+00
1.729223299495421751e+00 -1.383361645583661148e-01 -8.840051178789362085e-01
1.769690836451595084e+00 -6.765298663479697716e-02 -1.272458418609540898e+00
1.780341776618303173e+00 1.298464703506940592e-02 -1.657039323434633893e+00
1.759907735027590903e+00 9.172176972837606246e-02 -2.042399055717391665e+00
8.685003010414390490e-01 6.024415186451017451e-02 9.534827126102587980e-02
-8.685003010414390490e-01 -6.024415186451017451e-02 -3.046244382328767486e+00
-9.262922074703214825e-01 -3.071875408829204956e-01 -2.734759638351345945e+00
-1.073732313789338200e+00 -5.218859126134546278e-01 -2.374098151632206832e+00
-1.325032701501569488e+00 -6.671609903594821755e-01 -1.931615735941297984e+00
-1.649647719323746209e+00 -7.007618661036132401e-01 -1.424543040917248815e+00
-1.948571520121173961e+00 -6.097679171667761411e-01 -9.405002178163510695e-01
-2.150146973941118755e+00 -4.261512198404198704e-01 -5.391770868190622901e-01
-2.252838157045420786e+00 -1.923129138432670138e-01 -2.068422294729450606e-01
-2.273092352548354178e+00 6.024415186451007737e-02 9.534827126102579653e-02
-2.215300446119472078e+00 3.071875408829204401e-01 4.068330152384472265e-01
-9.914456796486744716e-01 4.261512198404201479e-01 2.602415566770730937e+00
-8.887544965443724410e-01 1.923129138432674856e-01 2.934750424116847611e+00
1.315004382179204789e+00 1.157537948725180454e+00 1.205928569415496199e+00
7.184853974356979478e-01 9.394284483872399338e-01 5.279154030594386260e-01
