-1.616995812407162392e+00 -1.660465715692632793e-01 7.607932752341441951e-01
1.616995812407162392e+00 1.660465715692632793e-01 -2.380799378355649143e+00
1.549310502840965720e+00 1.709651058979290428e-01 -2.779184829735117379e+00
1.524596841182630946e+00 -1.660465715692632793e-01 7.607932752341443061e-01
1.592282150748827618e+00 -1.709651058979289873e-01 3.624078238546758479e-01
1.656524809921011698e+00 -1.496388739526075540e-01 -3.488010650010940628e-02
1.707248746210334067e+00 -1.055281555837466467e-01 -4.283667655374148731e-01
1.737017013130887078e+00 -4.556361071418027486e-02 -8.176444036771203239e-01
1.741800137618892741e+00 2.117253558961061308e-02 -1.204732498971107013e+00
1.720978524130965193e+00 8.476815118436778485e-02 -1.592865239946831268e+00
1.677307153516747196e+00 1.356886375776602816e-01 -1.984701366206491624e+00
1.422321804563115411e+00 -1.268502736305920572e-02 6.813403602780755408e-01
-1.422321804563115411e+00 1.268502736305920572e-02 -2.460252293311717686e+00
-1.428663111733275093e+00 -4.490162046073137292e-02 -2.071693582816707568e+00
-1.456461542593155079e+00 -9.577052099819761966e-02 -1.681282680289353682e+00
-1.501815529783040004e+00 -1.321885614464494985e-01 -1.287666186415820091e+00
-1.557970200222554169e+00 -1.484624883329599132e-01 -8.913532795461619473e-01
-1.639777123806753334e+00 1.321885614464494985e-01 1.853926467173972581e+00
-1.583622453367239169e+00 1.484624883329598855e-01 2.250239374043630391e+00
-1.525437933028581217e+00 1.419889867409819817e-01 2.647118488342586673e+00
-1.474400279854422902e+00 1.138085667685122399e-01 3.042086921060228377e+00
-1.438296311905974401e+00 6.837805138854460840e-02 -2.849356376773459765e+00
-2.221114235984410767e-01 8.396769811350344170e-01 -1.240122458886471435e+00
-1.644033055486305295e-01 4.539504059469779418e-01 -1.146183130485143753e+00
-1.479472231092856527e-01 6.589814854658239407e-02 -1.083374214374641209e+00
-1.557065116271504346e-01 -3.223996336051175859e-01 -1.023864184734386340e+00
-1.950729391931758649e-01 -7.092974963166880364e-01 -9.455761629010277503e-01
-3.236274033847877929e-01 -1.089949580089256909e+00 -7.845048021212606137e-01
-1.149861811259980104e+00 -1.408934634518799855e+00 7.137299042848160857e-02
-2.706968534096871881e+00 -1.213950666226814912e+00 1.657734875981088596e+00
-2.919481229991351956e+00 -8.396769811350346391e-01 1.901470194703321681e+00
-2.977189348041162642e+00 -4.539504059469779418e-01 1.995409523104649585e+00
-2.993645430480507574e+00 -6.589814854658278265e-02 2.058218439215152351e+00
-2.985886141962642792e+00 3.223996336051173639e-01 2.117728468855406998e+00
-2.946519714396617307e+00 7.092974963166887026e-01 2.196016490688765810e+00
-3.848464839779055513e-01 -9.813247632523484087e-01 2.370517839220825707e+00
3.848464839779055513e-01 9.813247632523484087e-01 -7.710748143689675205e-01
2.569926351101063378e-01 6.074546448256016307e-01 -9.469468081185219432e-01
2.157859046181872520e-01 2.253300512817772439e-01 -1.046903675021005009e+00
2.129612175418745257e-01 -1.586021414844606403e-01 -1.129979006409182363e+00
2.459904116955311248e-01 -5.413104575789665640e-01 -1.224494090740058994e+00
3.505436450588101382e-01 -9.175869648666861167e-01 -1.378440392698394579e+00
7.513344831351785880e-01 -1.260081009803168728e+00 -1.822747026389877512e+00
2.884600018479686945e+00 -6.074546448256017417e-01 2.194645845471271173e+00
2.925806748971606197e+00 -2.253300512817770773e-01 2.094688978568788329e+00
2.928631436047918868e+00 1.586021414844602517e-01 2.011613647180610975e+00
2.895602241894262185e+00 5.413104575789663420e-01 1.917098562849734344e+00
2.791049008530983144e+00 9.175869648666864498e-01 1.763152260891398537e+00
2.390258170454614639e+00 1.260081009803168728e+00 1.318845627199916049e+00
9.229816308140310621e-01 1.305984967546922393e+00 -1.900099893846733945e-01
1.517700811403910555e+00 -3.107474460340728384e-02 7.494792144085230534e-01
-1.517700811403910555e+00 3.107474460340728384e-02 -2.392113439181270174e+00
-1.509859449727184444e+00 8.405375618595320453e-03 -1.999983403040278995e+00
-1.511275937051883567e+00 -1.553944295005076082e-02 -1.608003103523288457e+00
-1.521738736692938243e+00 -3.712579563350688200e-02 -1.215752357378137916e+00
-1.539677757035625705e+00 -5.306985778585288083e-02 -8.229683268972375343e-01
-1.562375321879286849e+00 -6.093472180663406929e-02 -4.296999024269851364e-01
-1.586363331597220094e+00 -5.951319506917622515e-02 -3.628080678623124555e-02
-1.607966800460878698e+00 -4.902375822418890416e-02 3.568663132508419489e-01
-1.623891842185882783e+00 -3.107474460340729425e-02 7.494792144085229424e-01
-1.631733203862608894e+00 -8.405375618595334331e-03 1.141609250549514121e+00
-1.630316716537909771e+00 1.553944295005074520e-02 1.533589550066504659e+00
-1.619853916896855095e+00 3.712579563350685424e-02 1.925840296211655200e+00
-1.601914896554167633e+00 5.306985778585286001e-02 2.318624326692555027e+00
-1.579217331710506489e+00 6.093472180663408316e-02 2.711892751162808146e+00
-1.555229321992573022e+00 5.951319506917621127e-02 3.105311846803561870e+00
-1.533625853128914640e+00 4.902375822418891804e-02 -2.784726340338951722e+00
1.565784767982632442e+00 -2.607048422482450070e-02 7.819862634058187822e-01
-1.565784767982632442e+00 2.607048422482450070e-02 -2.359606390183974334e+00
-1.556188122021110010e+00 2.216789322277643373e-02 -1.966810713132697952e+00
-1.548817104516711840e+00 1.489059010301559995e-02 -1.574109906099579570e+00
-1.544792585348812919e+00 5.347153892327489132e-03 -1.181504948720174308e+00
-1.544725515325461096e+00 -5.009855791014958953e-03 -7.889407034472589730e-01
-1.548626068826512547e+00 -1.460461531648052369e-02 -3.963382159633375701e-01
-1.555902139780328985e+00 -2.197678520793207302e-02 -3.640903498408538420e-03
-1.565447364569344968e+00 -2.600336961295743668e-02 3.891523013818830590e-01
-1.575807885607160674e+00 -2.607048422482449376e-02 7.819862634058185602e-01
-1.585404531568683328e+00 -2.216789322277643720e-02 1.174781940457095164e+00
-1.592775549073081276e+00 -1.489059010301559648e-02 1.567482747490213768e+00
-1.596800068240980419e+00 -5.347153892327505612e-03 1.960087704869618586e+00
-1.596867138264332020e+00 5.009855791014957219e-03 2.352651950142533810e+00
-1.592966584763280791e+00 1.460461531648053236e-02 2.745254437626456046e+00
-1.585690513809464353e+00 2.197678520793207996e-02 3.137951750091384717e+00
-1.576145289020448370e+00 2.600336961295742974e-02 -2.752440352207910834e+00
1.524427908671632803e+00 -6.603405567047346270e-02 7.557148893659467737e-01
-1.524427908671632803e+00 6.603405567047346270e-02 -2.385877764223846675e+00
-1.502698064531424960e+00 4.327728464610736819e-02 -1.993236107076477470e+00
-1.491341580248235266e+00 1.395541270746191581e-02 -1.601456666154254416e+00
-1.492040326504417092e+00 -1.747926343135663280e-02 -1.210000969117721592e+00
-1.504691426565686330e+00 -4.626728793940717427e-02 -8.181432925010178048e-01
-1.527418627353124059e+00 -6.803440219675510603e-02 -4.253905223873744590e-01
-1.556796753021834734e+00 -7.944699330546289850e-02 -3.177146587806458505e-02
-1.588329927184731316e+00 -7.874394471755565006e-02 3.621747366331342644e-01
-1.617164744918160535e+00 -6.603405567047347657e-02 7.557148893659467737e-01
-1.614174026236669057e+00 6.803440219675509215e-02 2.716202131202419157e+00
-1.584795900567958382e+00 7.944699330546292626e-02 3.109821187711728552e+00
-1.553262726405062022e+00 7.874394471755566394e-02 -2.779417916956659518e+00
1.509808466311818309e+00 -6.340121826932361426e-02 7.461623084057504851e-01
-1.509808466311818309e+00 6.340121826932361426e-02 -2.395430345184042853e+00
-1.490215382300239755e+00 3.526544769677650293e-02 -2.003244084788902146e+00
-1.482869925045026793e+00 1.789794969220357985e-03 -1.611888045214245224e+00
-1.488849280366192795e+00 -3.195646917991809555e-02 -1.220577913060177933e+00
-1.507277331584704338e+00 -6.086517295312593445e-02 -8.285029117736193438e-01
-1.535416169770205563e+00 -8.053073374591672440e-02 -4.352950498493167730e-01
-1.568999590984832215e+00 -8.792626055563619591e-02 -4.124949536919296500e-02
-1.602860322347418265e+00 -8.190511334046246539e-02 3.528425769567535286e-01
-1.606176483819587553e+00 8.053073374591675215e-02 2.706297603740476898e+00
-1.572593062604960901e+00 8.792626055563622367e-02 3.100343158220600248e+00
-1.538732331242375073e+00 8.190511334046247927e-02 -2.788750076633040198e+00
3.039722070513319885e+00 -1.135432861955417705e+00 2.135519481323790547e+00
-3.039722070513319885e+00 1.135432861955417705e+00 -1.006073172266002791e+00
-2.329175336627356874e+00 1.511682736268185279e+00 -2.869532801196514882e-01
-1.238664039311130061e-01 1.216280781401917643e+00 1.926859741383400992e+00
-6.325332497591154568e-02 8.250805581123014099e-01 1.996600350533519697e+00
-4.726578841612388837e-02 4.329534364291407478e-01 2.023252229214314024e+00
-4.293726702834430031e-02 4.064262573772062237e-02 2.041349260703916535e+00
-4.570067267085051177e-02 -3.516810405263606776e-01 2.058847406001985458e+00
-5.831725410958995409e-02 -7.438702508375827360e-01 2.082608183656764034e+00
-1.018705830764733977e-01 -1.135432861955417705e+00 2.135519481323790547e+00
-8.124173169624346880e-01 -1.511682736268185057e+00 2.854639373470140296e+00
-3.017726249658680082e+00 -1.216280781401917865e+00 -1.214732912206392346e+00
-3.078339328613882042e+00 -8.250805581123014099e-01 -1.144992303056273641e+00
-3.094326865173669283e+00 -4.329534364291408033e-01 -1.118340424375479314e+00
-3.098655386561449010e+00 -4.064262573771999093e-02 -1.100243392885876803e+00
-3.095891980918942465e+00 3.516810405263606776e-01 -1.082745247587807880e+00
-3.083275399480203127e+00 7.438702508375824030e-01 -1.058984469933029304e+00
1.556251327987295596e+00 -7.515819929564408752e-02 -2.717174772263492244e+00
1.586175464627226583e+00 -7.499226015919198407e-02 -3.110997648902541712e+00
1.613735124505644603e+00 -6.339277408746042675e-02 2.778703846763915131e+00
1.634718122265228502e+00 -4.214662252876927306e-02 2.386018732744695559e+00
1.645962447000201223e+00 -1.450393469141079625e-02 1.994121984502589706e+00
1.645797423111575952e+00 1.533590980341993822e-02 1.602543657420534506e+00
1.634247428942128266e+00 4.285249584734036887e-02 1.210629372991975927e+00
1.613029099207179851e+00 6.386495318644609676e-02 8.179193639281649997e-01
1.585341325602497520e+00 7.515819929564410140e-02 4.244178813263013161e-01
1.555417188962566755e+00 7.499226015919198407e-02 3.059500468725148692e-02
1.527857529084148736e+00 6.339277408746042675e-02 -3.628888068258778743e-01
-1.072831476567353004e-01 -6.529963791152590957e-01 5.338100482157711602e-01
1.072831476567353004e-01 6.529963791152590957e-01 -2.607782605374021845e+00
8.816969022987947158e-02 2.621061757157395755e-01 -2.650221109229938143e+00
8.586776206096050079e-02 -1.291449753450439608e-01 -2.684208007803396079e+00
9.817271706475115545e-02 -5.202319253206959537e-01 -2.722040767977254472e+00
1.390772416313140747e-01 -9.103204367208069803e-01 -2.783218609970655955e+00
2.557953933820323211e+00 -1.415842656478150330e+00 1.046579179684291150e+00
2.972138558500582395e+00 -1.042219901259936909e+00 6.151537440831220671e-01
3.034309505933058038e+00 -6.529963791152592067e-01 5.338100482157712712e-01
3.053422963359913922e+00 -2.621061757157396865e-01 4.913715443598551946e-01
3.055724891528832643e+00 1.291449753450438498e-01 4.573846457863969817e-01
3.043419936525042058e+00 5.202319253206956207e-01 4.195518856125386442e-01
3.002515411958479152e+00 9.103204367208066472e-01 3.583740436191374945e-01
2.824446824980709092e+00 1.294581539796786362e+00 1.625967929188140981e-01
5.836387197694709039e-01 1.415842656478150330e+00 -2.095013473905500856e+00
1.694540950892108322e-01 1.042219901259937354e+00 -2.526438909506671493e+00
1.025271386808000208e-02 -6.448735179145363983e-01 4.201225035693421095e-01
-1.025271386808000208e-02 6.448735179145363983e-01 -2.721470150020451229e+00
-8.461323405531198660e-03 2.521910353138687166e-01 -2.717418502686107296e+00
-8.275207646975122483e-03 -1.404946488496860990e-01 -2.714148305526143279e+00
-9.514329909079417835e-03 -5.331786657047710154e-01 -2.710471144204973815e+00
-3.108767918115649564e+00 1.318466407831054843e+00 4.580715186105052128e-01
-5.844516141053908431e-02 1.430059784783527466e+00 -2.773175739526661854e+00
-1.611901844863442360e-02 1.037540978021707305e+00 -2.729188446073840257e+00
1.588158850503978980e+00 -5.125598369683168065e-02 7.967710999514395764e-01
-1.588158850503978980e+00 5.125598369683168065e-02 -2.344821553638353429e+00
-1.567203864102905575e+00 5.399514612846464251e-02 -1.951580385258247619e+00
-1.546798631861880269e+00 4.850702476110321792e-02 -1.558396144545048712e+00
-1.530060879390061856e+00 3.563277720760488210e-02 -1.165553297593773019e+00
-1.519532629913016519e+00 1.733971921317614684e-02 -7.731355940660912252e-01
-1.516800832916430419e+00 -3.587227072693577410e-03 -3.809779406015741388e-01
-1.522275353255573505e+00 -2.396946259253888989e-02 1.123635901043070796e-02
-1.535133990100012724e+00 -4.070957504927406878e-02 4.037910170097199769e-01
-1.553433803085814358e+00 -5.125598369683168759e-02 7.967710999514394654e-01
-1.574388789486887763e+00 -5.399514612846462863e-02 1.190012268331545497e+00
-1.594794021727912847e+00 -4.850702476110320405e-02 1.583196509044744404e+00
-1.611531774199731482e+00 -3.563277720760488904e-02 1.976039355996019875e+00
-1.622060023676776819e+00 -1.733971921317617113e-02 2.368457059523701780e+00
-1.624791820673362919e+00 3.587227072693591288e-03 2.760614712988219477e+00
-1.619317300334219834e+00 2.396946259253888295e-02 -3.130356294579362597e+00
-1.606458663489780392e+00 4.070957504927405490e-02 -2.737801636580073694e+00
1.569930019866476512e+00 7.126085074445599743e-02 7.847254648494977891e-01
-1.569930019866476512e+00 -7.126085074445599743e-02 -2.356867188740295216e+00
-1.597306363109149974e+00 -6.615966876058672341e-02 -1.963259908137017673e+00
-1.598905896081996403e+00 6.549687345525406768e-02 3.911363288557103135e-01
-1.571662633723316604e+00 7.126085074445599743e-02 7.847254648494976781e-01
-1.544286290480643364e+00 6.615966876058672341e-02 1.178332745452775221e+00
-1.520975642396403149e+00 5.097949049274537459e-02 1.571424962482846022e+00
-1.505273642717225968e+00 2.804928222609849239e-02 1.963772911145837741e+00
-1.499535449400670961e+00 8.641082580926375814e-04 2.355583473193269661e+00
-1.504613471146872605e+00 -2.645202536473847954e-02 2.747376047353891071e+00
-1.519753612570984957e+00 -4.975590521893780149e-02 3.139680459076991781e+00
-1.542686757507796713e+00 -6.549687345525406768e-02 -2.750456324734083413e+00
1.517540662529422324e+00 -3.248835394770998447e-02 7.494476308313475776e-01
-1.517540662529422324e+00 3.248835394770998447e-02 -2.392145022758445538e+00
-1.509171281021848277e+00 9.650516426011409785e-03 -2.000013862874308046e+00
-1.510164204638963170e+00 -1.465161082481867758e-02 -1.608056557576845513e+00
-1.520371239781725059e+00 -3.673030309135015548e-02 -1.215839517404797343e+00
-1.538261879680689947e+00 -5.322753466590913335e-02 -8.230802160229899744e-01
-1.561127457846960720e+00 -6.162217251116244854e-02 -4.298129942652235136e-01
-1.585474906586972654e+00 -6.062560634736426091e-02 -3.637081436830504055e-02
-1.607573334173782564e+00 -5.039104738592141419e-02 3.568100906109393788e-01
-1.603330773909103391e+00 5.322753466590911947e-02 2.318512437566802920e+00
-1.580465195742832396e+00 6.162217251116245548e-02 2.711779659324570435e+00
-1.556117747002820684e+00 6.062560634736426091e-02 3.105221839221488089e+00
-1.534019319416010774e+00 5.039104738592143501e-02 -2.784782562978854514e+00
1.515042959795534827e+00 -9.140085757150311074e-02 2.421050694002855330e+00
1.554364881621552730e+00 -1.057587206243948141e-01 2.026670939518486758e+00
1.596237959149667818e+00 -1.039660966302008160e-01 1.631778345851766732e+00
1.634164448096787181e+00 -8.630382658059934653e-02 1.237665993070036885e+00
1.662338632823499252e+00 -5.552040409153084083e-02 8.451603187321216071e-01
1.676569219796973043e+00 -1.633963050471419140e-02 4.541399273759916810e-01
1.674795837795582054e+00 2.530422809729556896e-02 6.362288745051628003e-02
1.657272857923178799e+00 6.313195933356463563e-02 -3.276609405945175579e-01
1.626549693794258511e+00 9.140085757150308299e-02 -7.205419595869373417e-01
1.587227771968240386e+00 1.057587206243947725e-01 -1.114921714071307024e+00
1.545354694440125298e+00 1.039660966302008299e-01 -1.509814307738026162e+00
1.590022788658505437e+00 -4.438475822234855261e-02 7.981288358356152246e-01
-1.590022788658505437e+00 4.438475822234855261e-02 -2.343463817754178002e+00
-1.571561834238501154e+00 4.836150611288130702e-02 -1.950356486079984908e+00
-1.552983853222494437e+00 4.497055173619245866e-02 -1.557238293743817392e+00
-1.537126906962168693e+00 3.473106491221836234e-02 -1.164355007113413221e+00
-1.526403374518622957e+00 1.920752451242871070e-02 -7.718143043341497700e-01
-1.522434806534134655e+00 7.646124199875643833e-04 -3.795231526143154621e-01
-1.525818649510594316e+00 -1.779446317308287437e-02 1.275718172586958604e-02
-1.536045582342083771e+00 -3.364910738852265604e-02 4.052717384963053227e-01
-1.551569864931287901e+00 -4.438475822234855955e-02 7.981288358356152246e-01
-1.570030819351291962e+00 -4.836150611288129314e-02 1.191236167509808208e+00
-1.588608800367298901e+00 -4.497055173619244478e-02 1.584354359845975946e+00
-1.604465746627624645e+00 -3.473106491221839009e-02 1.977237646476379895e+00
-1.615189279071170381e+00 -1.920752451242869682e-02 2.369778349255643679e+00
-1.619157847055658683e+00 -7.646124199875434582e-04 2.762069500975478320e+00
-1.615774004079198800e+00 1.779446317308289519e-02 -3.128835471863923523e+00
-1.605547071247709345e+00 3.364910738852264910e-02 -2.736320915093488182e+00
