-2.201302931689936085e-02 -7.465927591153844745e-01 1.162354319132295893e-01
2.201302931689936085e-02 7.465927591153844745e-01 -3.025357221676563846e+00
1.722507765285224632e-02 3.539662279994816863e-01 -3.034337399457254669e+00
1.616921341268725762e-02 -3.867956292760733189e-02 -3.040933806993003863e+00
1.778625383100885388e-02 -4.313236177187220743e-01 -3.047745099998862894e+00
2.378497303959619530e-02 -8.239417551117829142e-01 -3.057764119358566290e+00
4.657749062141800650e-02 -1.216428865894594535e+00 -3.083995745535361266e+00
2.745833526179560558e+00 -1.528874713601051205e+00 4.967307288653804442e-01
3.102966963347564722e+00 -1.139129154143330602e+00 1.363697528186577912e-01
3.119579624272893703e+00 -7.465927591153846965e-01 1.162354319132296171e-01
3.117807680550197080e+00 8.239417551117825811e-01 8.382853423122677006e-02
3.095015162968375311e+00 1.216428865894595202e+00 5.759690805443205830e-02
3.957591274102328360e-01 1.528874713601051205e+00 -2.644861924724412727e+00
3.862569024222844288e-02 1.139129154143331046e+00 -3.005222900771135297e+00
-9.140012788395671106e-03 -6.344423734987095775e-01 5.195555419949888787e-01
9.140012788395671106e-03 6.344423734987095775e-01 -2.622037111594804237e+00
7.581843802414789564e-03 2.417565513703997526e-01 -2.625639565093572880e+00
7.446003782374362862e-03 -1.509317282785393455e-01 -2.628574351849081392e+00
8.601319494288139564e-03 -5.436185554586194790e-01 -2.631903750367141637e+00
1.241868220501235812e-02 -9.362971987146065933e-01 -2.637456554088180471e+00
3.073812245354305694e-02 -1.328923239869123751e+00 -2.657298662077650420e+00
3.092673759643506770e+00 -1.419682436212184484e+00 5.625001865466507933e-01
3.110854531136249879e+00 1.328923239869124195e+00 4.842939915121425853e-01
4.891889394628675530e-02 1.419682436212184484e+00 -2.579092467043142101e+00
1.423099748076571414e-02 1.027116567248007595e+00 -2.615275491531916519e+00
3.119749738541586659e+00 1.037523213464533800e+00 -2.738368973331310574e+00
3.062450394660737096e+00 1.429891469442626573e+00 -2.797919350915311743e+00
4.446335610758431894e-02 1.318327773162279115e+00 4.650900127028261832e-01
1.846901274303135512e-02 9.257858207387321681e-01 4.367935048640467222e-01
1.289261895895618855e-02 5.331322995911166318e-01 4.285871604044044769e-01
1.121373573272522843e-02 1.404608807597196030e-01 4.236044127950859828e-01
1.146606764193142461e-02 -2.522135989118748922e-01 4.191729778183778676e-01
1.389368288544474798e-02 -6.448821990420953165e-01 4.136825354611244343e-01
2.184291504820663754e-02 -1.037523213464533356e+00 4.032236802584827084e-01
7.914225892905647763e-02 -1.429891469442626795e+00 3.436733026744813735e-01
3.097129297482208887e+00 -1.318327773162279559e+00 -2.676502640886966766e+00
2.189282832491739120e-02 -8.131837202635354700e-01 -8.325706440367841576e-02
-2.189282832491739120e-02 8.131837202635354700e-01 3.058335589186115033e+00
-1.648000822029149770e-02 4.205536720730876921e-01 3.067512728271280853e+00
-1.504973515625414836e-02 2.790204615193666790e-02 3.073821566382119563e+00
-1.610335529062394827e-02 -3.647506643644661262e-01 3.079986225863318161e+00
-2.070420014903584169e-02 -7.573859526334044689e-01 3.088466824575796021e+00
-3.683017682977010598e-02 -1.149939132736507386e+00 3.107860340122817089e+00
-4.945269469795416373e-01 -1.539095223870166063e+00 -2.714626817030426853e+00
-3.099446001251014327e+00 -1.205706253598091582e+00 -1.067229966168484617e-01
-3.119699825264875770e+00 -8.131837202635355810e-01 -8.325706440367844352e-02
-3.126542918433539153e+00 -2.790204615193673382e-02 -6.777108720767373307e-02
-3.120888453440757271e+00 7.573859526334043579e-01 -5.312582901399703211e-02
-3.104762476760023038e+00 1.149939132736508052e+00 -3.373231346697611738e-02
-2.647065706610251645e+00 1.539095223870166063e+00 4.269658365593664295e-01
-4.214665233877903233e-02 1.205706253598092248e+00 3.034869656972944529e+00
-3.105235500181534380e+00 -1.193428544530981128e+00 2.033234518500638632e+00
3.105235500181534380e+00 1.193428544530981128e+00 -1.108358135089154484e+00
7.108570276776221553e-01 1.550267558033034954e+00 2.777788355898336281e+00
3.372676902941004057e-02 1.162332232308491031e+00 2.097989508271450365e+00
1.865318155231472652e-02 7.697535233020286194e-01 2.080018135196967766e+00
1.440648754967277685e-02 3.771058594444675616e-01 2.072340758796038518e+00
1.339576287685864502e-02 -1.555629645775476015e-02 2.066827130332059781e+00
1.459335744067852270e-02 -4.082179733916423414e-01 2.061241987620342719e+00
1.924265987604602962e-02 -8.008633243371935384e-01 2.053219288321459057e+00
3.635715340825893677e-02 -1.193428544530980906e+00 2.033234518500638632e+00
2.430735625912165077e+00 -1.550267558033034954e+00 -3.638042976914508952e-01
3.107865884560383041e+00 -1.162332232308491031e+00 -1.043603145318342751e+00
-6.800841890660568913e-03 -6.163752130933214390e-01 8.598832770363484812e-01
6.800841890660568913e-03 6.163752130933214390e-01 -2.281709376553444635e+00
5.691115854226842102e-03 2.236835371392476290e-01 -2.284378423127034097e+00
5.629542729699099288e-03 -1.690094142935138766e-01 -2.286587788205740601e+00
6.556793333170383639e-03 -5.617014332512404451e-01 -2.289133216703145290e+00
9.599226539046610066e-03 -9.543884719141370043e-01 -2.293473524628889315e+00
2.501160172719437205e-02 -1.347041613791459369e+00 -2.310029198288789498e+00
3.108613495313647945e+00 -1.401694075051424848e+00 8.884608834004275035e-01
3.131174288683771234e+00 -1.009060737579565492e+00 8.647692829720385888e-01
3.131993427050746792e+00 9.543884719141364492e-01 8.481191289609041339e-01
3.116581051862598706e+00 1.347041613791459813e+00 8.315634553010033958e-01
3.297915827614478906e-02 1.401694075051424848e+00 -2.253131770189366279e+00
1.041836490602210223e-02 1.009060737579565936e+00 -2.276823370617754527e+00
2.085605551078686601e-02 1.109856376885893919e-01 1.248158324323111579e+00
-2.935212664583471298e+00 -1.115046049869686806e+00 1.782818265307955841e+00
2.935212664583471298e+00 1.115046049869686806e+00 -1.358774388281837497e+00
2.113375256464631313e+00 1.465283095378970613e+00 -2.198699704555262979e+00
2.665510481927167441e-01 1.221319436193540442e+00 2.219768618384750702e+00
1.348600631940675421e-01 8.354925418069871768e-01 2.068930166367699108e+00
1.001082980970910141e-01 4.453747060216211029e-01 2.011885041232281957e+00
9.044877365136003156e-02 5.440716522188968757e-02 1.973573161990736402e+00
9.570128154950804933e-02 -3.366365688959682689e-01 1.936943365430789710e+00
1.210191988280168718e-01 -7.271211226975865527e-01 1.887977407797114315e+00
2.063799890063219566e-01 -1.115046049869686584e+00 1.782818265307955841e+00
1.028217397125160470e+00 -1.465283095378970390e+00 9.428929490345315800e-01
2.875041605397076427e+00 -1.221319436193540442e+00 -9.218240352050420805e-01
3.006732590395725602e+00 -8.354925418069876208e-01 -1.072662487222094008e+00
3.418761007822173070e-01 1.530236976317750575e+00 2.576971617688333938e-01
3.253634733866526269e-02 1.139681866175633607e+00 -5.435803948985763051e-02
1.852999077787296708e-02 7.470981414697284162e-01 -7.132701321924056481e-02
1.449556411212949217e-02 3.544504538487278644e-01 -7.888779348486177345e-02
1.360435536191775124e-02 -3.821089520277598517e-02 -8.443889194921805341e-02
1.496200571254102316e-02 -4.308710300969562090e-01 -9.016860374108381926e-02
2.000285462429755509e-02 -8.235128474871106219e-01 -9.859290683381824461e-02
3.914732907456505012e-02 -1.216062100429233794e+00 -1.206313846359449854e-01
2.799716552807575809e+00 -1.530236976317750797e+00 -2.883895491820959389e+00
-1.032342827132608776e-01 -1.494479883526614206e+00 -6.280593530782934142e-01
1.032342827132608776e-01 1.494479883526614206e+00 2.513533300511499924e+00
1.739478035728610206e-02 1.102124572790872836e+00 2.426116783265250820e+00
1.035567774034816535e-02 7.094599581254662501e-01 2.417343456479632557e+00
8.268342060602482807e-03 3.167772598402811002e-01 2.413173068765965379e+00
7.879627522092060715e-03 -7.590935571917450941e-02 2.409999803836698096e+00
8.806236820820238440e-03 -4.685951603001416443e-01 2.406620107425697430e+00
1.206045909723119092e-02 -8.612739202405160777e-01 2.401447245123224050e+00
2.521683301171082428e-02 -1.253914810135561053e+00 2.386635554640740509e+00
3.038358370876532266e+00 -1.494479883526614206e+00 -6.280593530782931921e-01
3.124197873232507305e+00 -1.102124572790873058e+00 -7.154758703245422957e-01
3.129532194492561814e+00 8.612739202405159666e-01 -7.401454084665695099e-01
3.116375820578082489e+00 1.253914810135560609e+00 -7.549570989490527184e-01
2.226936215011207643e-02 -8.057373251046994200e-01 -7.042564840149193039e-02
-2.226936215011207643e-02 8.057373251046994200e-01 3.071167005188301324e+00
-1.683933970093451360e-02 4.131099952546762322e-01 3.080471242723862080e+00
-1.542587072915039929e-02 2.046061594088133262e-02 3.086916468161440275e+00
-1.655628902071859532e-02 -3.721895988042568937e-01 3.093253365007418321e+00
-2.137639560391547261e-02 -7.648209634422413750e-01 3.102034451425013550e+00
-3.839601653945107912e-02 -1.157363002397327145e+00 3.122395914257243721e+00
-6.459253747346586083e-01 -1.545172878840758823e+00 -2.550185644240290372e+00
-3.099209754644191239e+00 -1.198255815686912529e+00 -9.383936195852533857e-02
-3.103196637050342321e+00 1.157363002397327589e+00 -1.919673933254945758e-02
-2.495667278855140392e+00 1.545172878840758601e+00 5.914070093494973035e-01
-4.238289894560211268e-02 1.198255815686912973e+00 3.047753291631267736e+00
-2.132453462489422927e-02 -7.722327789707791323e-01 1.574793765581745664e+00
2.132453462489422927e-02 7.722327789707791323e-01 -1.566798888008047674e+00
1.644622184504343151e-02 3.796008009675769790e-01 -1.575584333338104992e+00
1.527666500058769312e-02 -1.305020815485989118e-02 -1.581878323751445992e+00
1.662498912010671945e-02 -4.057006947443297928e-01 -1.588240723281480582e+00
2.188839468253471823e-02 -7.983301497472515829e-01 -1.597356456181020512e+00
4.119859283161436680e-02 -1.190856689667997736e+00 -1.619942525529386224e+00
2.277804243807238560e+00 -1.550704756984499610e+00 2.423602424803334543e+00
3.102908605363058125e+00 -1.164774023599265185e+00 1.595455468943105970e+00
3.120268118964899084e+00 -7.722327789707793544e-01 1.574793765581745664e+00
3.119704258907258332e+00 7.983301497472510277e-01 1.544236197408772826e+00
3.100394060758179027e+00 1.190856689667998181e+00 1.521650128060406892e+00
8.637884097825611063e-01 1.550704756984499610e+00 -7.179902287864522448e-01
3.868404822673526117e-02 1.164774023599265407e+00 -1.546137184646687146e+00
-1.551570970355282408e-01 -1.455803086661564993e+00 2.431599855387660547e+00
1.551570970355282408e-01 1.455803086661564993e+00 -7.099927982021327910e-01
3.655166022267104797e-02 1.064190029165177132e+00 -8.321773939674350640e-01
2.265326584538301588e-02 6.716493752916022908e-01 -8.500432720221390293e-01
1.844581196966984388e-02 2.790302452067751626e-01 -8.590604345330524749e-01
1.784736661950299397e-02 -1.136058463762245896e-01 -8.661647964420831070e-01
2.027564556940496601e-02 -5.062356894222851400e-01 -8.739738359973220350e-01
2.848659623438966337e-02 -8.988242586664166867e-01 -8.864371972842369773e-01
6.428986528260345612e-02 -1.291172921091784831e+00 -9.259406696399150594e-01
2.986435556554265069e+00 -1.455803086661564993e+00 2.431599855387660547e+00
3.105040993367122137e+00 -1.064190029165177354e+00 2.309415259622357830e+00
3.113106057355403689e+00 8.988242586664165756e-01 2.255155456305556250e+00
3.077302788307190173e+00 1.291172921091784387e+00 2.215651983949878279e+00
-6.871501124588982705e-03 -6.323809222756177073e-01 5.313488116992755028e-01
6.871501124588982705e-03 6.323809222756177073e-01 -2.610243841890517835e+00
5.705813034600644082e-03 2.396893425892971385e-01 -2.612950821802727308e+00
5.608209358377654226e-03 -1.530036163030450980e-01 -2.615160141644363279e+00
6.484464902517514395e-03 -5.456957396394449544e-01 -2.617670956074918287e+00
9.377112933812405821e-03 -9.383831867354003320e-01 -2.621869089875684011e+00
2.334303706401137310e-02 -1.331040385498225564e+00 -2.636980964712179354e+00
3.105241240643889178e+00 -1.417690765831367994e+00 5.632138031176272541e-01
3.130913818695398643e+00 -1.025065963440063621e+00 5.364150638104918656e-01
3.132215540655980845e+00 9.383831867353998879e-01 5.197235637141093267e-01
3.118249616525781587e+00 1.331040385498225787e+00 5.046116888776138731e-01
3.635141294590355648e-02 1.417690765831367994e+00 -2.578378850472166306e+00
1.067883489439463464e-02 1.025065963440064065e+00 -2.605177589779301695e+00
1.257797770084514120e-02 2.625564798834361113e-01 -1.934043199987819817e+00
1.225045930352714960e-02 -1.301131190267171278e-01 -1.938897508035889450e+00
1.401952293880936659e-02 -5.227793389828605530e-01 -1.944308132424765079e+00
4.676454175083487319e-02 -1.307945687743918617e+00 -1.982468529542121605e+00
3.048246606456688212e+00 -1.440111019117212399e+00 1.296839301624849394e+00
9.334604713310482027e-02 1.440111019117212621e+00 -1.844753351964944166e+00
-1.158166662921564054e-02 -6.330595794970059753e-01 1.076270945072556939e+00
1.158166662921564054e-02 6.330595794970059753e-01 -2.065321708517236399e+00
9.613742699939342370e-03 2.403818022445168845e-01 -2.069884942749442569e+00
9.446662520169155780e-03 -1.522999023252193107e-01 -2.073606998275475899e+00
1.091912809519756528e-02 -5.449792473837348217e-01 -2.077834430607676364e+00
1.578123188549750144e-02 -9.376453578963841462e-01 -2.084896466399022597e+00
3.919963614744141622e-02 -1.330226071359497997e+00 -2.110245668432949806e+00
3.080124705372687455e+00 -1.418205997381935202e+00 1.130174365466793063e+00
3.123583084445536784e+00 -1.025718751380409133e+00 1.084819064572393188e+00
3.102393017442351741e+00 1.330226071359498219e+00 1.031346985156843310e+00
6.146794821710574452e-02 1.418205997381935202e+00 -2.011418288123000053e+00
1.800956914425656807e-02 1.025718751380409355e+00 -2.056773589017399928e+00
-4.187679319068587230e-02 -7.102409776119982254e-01 1.457955023014299023e+00
4.187679319068587230e-02 7.102409776119982254e-01 -1.683637630575494093e+00
3.342149196367499159e-02 3.178096723837336435e-01 -1.700503887617959009e+00
3.183601678914221855e-02 -7.468583424271388327e-02 -1.713327456596299259e+00
3.555882534497652181e-02 -4.671683228099079432e-01 -1.726970817985897799e+00
4.864426702346769799e-02 -8.595364665225909695e-01 -1.747813536722267136e+00
1.012312084566691500e-01 -1.251293402073732297e+00 -1.807091575599692357e+00
2.739382345907841465e+00 -1.489619849363035708e+00 1.831665007662754752e+00
3.071227806995156406e+00 -1.102376310172084928e+00 1.493447935412382410e+00
3.040361445133124008e+00 1.251293402073732519e+00 1.334501077990100981e+00
4.022103076819518730e-01 1.489619849363035931e+00 -1.309927645927038364e+00
7.036484659463683455e-02 1.102376310172085594e+00 -1.648144718177410928e+00
-3.777562529490804261e-02 -1.053969776638419065e+00 1.986474624712624593e+00
3.777562529490804261e-02 1.053969776638419065e+00 -1.155118028877168523e+00
2.365093556115801729e-02 6.614416381752851182e-01 -1.173434260644678151e+00
1.935784661694636699e-02 2.688301562363027419e-01 -1.182821540780988556e+00
1.880642335516330768e-02 -1.237992687839378492e-01 -1.190286203769064022e+00
2.146158909700178127e-02 -5.164211239151645927e-01 -1.198561999158106461e+00
3.037118146256551077e-02 -9.089954908421330471e-01 -1.211925862470450754e+00
7.014498650328390705e-02 -1.301286942913814970e+00 -1.255584378475004037e+00
2.991602799161594550e+00 -1.445583980168144933e+00 2.102461938273103126e+00
3.103817028294885372e+00 -1.053969776638419287e+00 1.986474624712624593e+00
3.111221472127227550e+00 9.089954908421333801e-01 1.929666791119342584e+00
3.071447667086509181e+00 1.301286942913814526e+00 1.886008275114789301e+00
1.499898544281993706e-01 1.445583980168145377e+00 -1.039130715316689102e+00
-2.740605837235433884e-02 -6.220925078069877712e-01 1.005754288811142372e+00
2.740605837235433884e-02 6.220925078069877712e-01 -2.135838364778650966e+00
2.287071811569858087e-02 2.295133537472509866e-01 -2.146607495625992623e+00
2.257042588945576758e-02 -1.630869602818152131e-01 -2.155476780861989905e+00
2.621588666107830742e-02 -5.556728285564401792e-01 -2.165643089091944695e+00
3.819598666053580782e-02 -9.481803218700551872e-01 -2.182845386746066207e+00
9.757348972193863323e-02 -1.340166250506966916e+00 -2.246817248417273483e+00
3.005288861586344229e+00 -1.406168698152441721e+00 1.124264303777417595e+00
3.099402710803272676e+00 -1.014570361147359323e+00 1.025617020028300130e+00
3.044019163867854427e+00 1.340166250506967360e+00 8.947754051725194113e-01
1.363037920034489980e-01 1.406168698152441721e+00 -2.017328349812375965e+00
4.218994278652061364e-02 1.014570361147359767e+00 -2.115975633561493208e+00
