-2.087899117108596436e-01 -8.357297120892898112e-01 1.548306501468321716e-01
2.087899117108596436e-01 8.357297120892898112e-01 -2.986762003442961166e+00
1.549357756273610776e-01 4.492089467784782242e-01 -3.074933469349216075e+00
1.397171766014141669e-01 6.064618366856468906e-02 -3.134131228255446544e+00
1.473738195239219229e-01 -3.281182494061977706e-01 3.092727210650297653e+00
1.852465489403005983e-01 -7.156021670246414113e-01 3.018199888999653524e+00
3.097991114005609892e-01 -1.097346763837108385e+00 2.862988967852980515e+00
1.159633807503213765e+00 -1.418563348659871659e+00 1.985175414479203315e+00
2.734357878276730602e+00 -1.212195666647911452e+00 3.828096702935077089e-01
2.932802741878933528e+00 -8.357297120892899223e-01 1.548306501468322549e-01
2.986656877962432066e+00 -4.492089467784784462e-01 6.665918424057720726e-02
3.001875476988379088e+00 -6.064618366856475151e-02 7.461425334346669103e-03
2.994218834065871082e+00 3.281182494061973265e-01 -4.886544293949563605e-02
2.956346104649492545e+00 7.156021670246409672e-01 -1.233927645901396752e-01
2.831793542189231960e+00 1.097346763837108607e+00 -2.786036857368128228e-01
1.981958846086578907e+00 1.418563348659871659e+00 -1.156417239110590689e+00
4.072347753130632353e-01 1.212195666647911896e+00 -2.758782983296284907e+00
3.128182507397383461e+00 -7.923677745660516747e-01 4.911511531072503163e-03
-3.128182507397383461e+00 7.923677745660516747e-01 -3.136681142058720617e+00
-3.116567613496432188e+00 1.185002644668033067e+00 -3.123043300810321110e+00
-9.305423013451815661e-01 1.559054832808061342e+00 -9.351463103979914537e-01
-2.419189075545909520e-02 1.170977758703701355e+00 -2.692160825013815637e-02
-1.322334284355406939e-02 7.783398861278326697e-01 -1.392139411290969735e-02
-1.016241751896741242e-02 3.856665169432186291e-01 -8.460012295722676642e-03
-9.416175423137714690e-03 -7.014255166859279488e-03 -4.570984944853233138e-03
-1.022164084987792730e-02 -3.996949205750088274e-01 -6.592942536605034569e-04
-1.341014619240992779e-02 -7.923677745660515637e-01 4.911511531072497959e-03
-2.502504009336096666e-02 -1.185002644668033067e+00 1.854935277947198161e-02
-2.211050352244596340e+00 -1.559054832808061342e+00 2.206446343191786230e+00
-3.117400762834334316e+00 -1.170977758703701577e+00 3.114671045339655109e+00
-3.128369310746239140e+00 -7.783398861278331138e-01 3.127671259476883403e+00
-3.131430236070825934e+00 -3.856665169432181295e-01 3.133132641294070542e+00
-3.132176478166655453e+00 7.014255166859103413e-03 3.137021668644940142e+00
-3.131371012739915471e+00 3.996949205750082723e-01 3.140933359336132824e+00
-3.129138619647232833e+00 -7.827345576373039293e-01 -1.246060246215943516e-02
3.129138619647232833e+00 7.827345576373039293e-01 3.129132051127633929e+00
3.118668315298181781e+00 1.175379011686689568e+00 3.116759171293580266e+00
1.859743551073696599e+00 1.561584803666305588e+00 1.856077609148110596e+00
2.321662586392556765e-02 1.180627273872326688e+00 1.779480300378018590e-02
1.251957875629887071e-02 7.879838075022694843e-01 5.198239796155666899e-03
9.567529329793891812e-03 3.953076448293697531e-01 6.945796196898501869e-06
8.829674076402376642e-03 2.624727240775989734e-03 -3.654354100610346292e-03
9.546748739767029618e-03 -3.900582254559740170e-01 -7.307701892502804948e-03
1.245403394256017898e-02 -7.827345576373037073e-01 -1.246060246215942822e-02
2.292433829161153250e-02 -1.175379011686689346e+00 -2.483348229621281864e-02
1.281849102516115835e+00 -1.561584803666305810e+00 -1.285515044441701615e+00
3.118376027725867861e+00 -1.180627273872327132e+00 -3.123797850586012892e+00
3.129073074833494505e+00 -7.879838075022699284e-01 -3.136394413793637703e+00
3.132025124259999238e+00 -3.953076448293694201e-01 -3.141585707793596249e+00
3.132762979513390889e+00 -2.624727240775961111e-03 3.137938299489182903e+00
3.132045904850026208e+00 3.900582254559735174e-01 3.134284951697290378e+00
-3.688339806304589182e-03 -7.906936940314194251e-01 -5.305148525279924573e-03
3.688339806304589182e-03 7.906936940314194251e-01 3.136287505064513148e+00
2.814156545201577410e-03 3.979965983753926961e-01 3.134756366309376041e+00
2.594236024567049548e-03 5.298913582727830113e-03 3.133679421317271174e+00
2.801830026029227330e-03 -3.873987773286380887e-01 3.132607193530184908e+00
3.649457307664103877e-03 -7.800959025290481463e-01 3.131098831941964811e+00
6.693352198106974904e-03 -1.172790310307677775e+00 3.127495490161027902e+00
4.552718487313418549e-01 -1.564896455379495510e+00 2.678400699249738448e+00
3.134725833156772890e+00 -1.183387929590328458e+00 -1.569035653910387084e-03
3.137904313783488774e+00 -7.906936940314194251e-01 -5.305148525279926308e-03
3.138778497044591553e+00 -3.979965983753927516e-01 -6.836287280417070560e-03
3.138998417565226351e+00 -5.298913582727700008e-03 -7.913232272521915703e-03
3.138790823563764043e+00 3.873987773286377556e-01 -8.985460059608400482e-03
3.137943196282129144e+00 7.800959025290479243e-01 -1.049382164782830182e-02
3.134899301391686155e+00 1.172790310307678441e+00 -1.409716342876543398e-02
2.686320804858439271e+00 1.564896455379495510e+00 -4.631919543400672135e-01
6.866820433020378277e-03 1.183387929590328902e+00 3.140023617935882694e+00
3.138669480521895316e+00 -7.882422867962934898e-01 -1.542293104922835313e-03
-3.138669480521895316e+00 7.882422867962934898e-01 3.140050360484870406e+00
-3.136169479792114689e+00 1.180938335180108600e+00 -3.140191573123031432e+00
-6.267493643850451379e-01 1.567282163476826806e+00 -6.303615931208543799e-01
-5.349153215500144359e-03 1.175245898542715661e+00 -8.551285243195858032e-03
-2.906580126069296249e-03 7.825497917742152421e-01 -5.664564899816064945e-03
-2.228307423815984161e-03 3.898519493482619502e-01 -4.462034689567690414e-03
-2.061115229253889392e-03 -2.846253556797969254e-03 -3.609295504514497231e-03
-2.233567789976791985e-03 -3.955444543872898566e-01 -2.754543260605272527e-03
-2.923173067898013865e-03 -7.882422867962933788e-01 -1.542293104922836181e-03
-5.423173797678345134e-03 -1.180938335180108156e+00 1.401080466761697512e-03
-2.514843289204726773e+00 -1.567282163476826806e+00 2.511231060468917420e+00
-3.136243500374293003e+00 -1.175245898542716105e+00 3.133041368346597189e+00
-3.138686073463723858e+00 -7.825497917742153531e-01 3.135928088689976967e+00
-3.139364346165977260e+00 -3.898519493482615617e-01 3.137130618900225709e+00
-3.139531538360539553e+00 2.846253556797789276e-03 3.137983358085278951e+00
-3.139359085799816373e+00 3.955444543872895236e-01 3.138838110329187803e+00
3.118464786227759689e+00 -7.981799399459087452e-01 6.862213748701126090e-03
-3.118464786227759689e+00 7.981799399459087452e-01 -3.134730439841092231e+00
-3.098071932188716904e+00 1.190686434063624732e+00 -3.110875548128118062e+00
-8.960640612963634011e-01 1.550123060568926681e+00 -9.056605987007154690e-01
-4.089165967323493689e-02 1.164878475171457595e+00 -4.727286924927181361e-02
-2.253824032227747659e-02 7.723557334820752018e-01 -2.542988974554656265e-02
-1.738103658345193162e-02 3.797316058786102122e-01 -1.614399636732298179e-02
-1.614411831048792947e-02 -1.291378600738420611e-02 -9.492292847064287900e-03
-1.756797784220254927e-02 -4.055586004423640811e-01 -2.769053362351896804e-03
-2.312786736203375354e-02 -7.981799399459086342e-01 6.862213748701124355e-03
-4.352072140107631631e-02 -1.190686434063624732e+00 3.071710546167519956e-02
-2.245528592293430492e+00 -1.550123060568926681e+00 2.235932054889078202e+00
-3.100700993916558179e+00 -1.164878475171458261e+00 3.094319784340521462e+00
-3.119054413267515535e+00 -7.723557334820755349e-01 3.116162763844246619e+00
-3.124211617006341424e+00 -3.797316058786099902e-01 3.125448657222470228e+00
-3.125448535279305329e+00 1.291378600738411937e-02 3.132100360742728906e+00
-3.124024675747590685e+00 4.055586004423635260e-01 3.138823600227441446e+00
-2.851937099778811650e-03 -7.914424996203633933e-01 -7.943898700947235603e-03
2.851937099778811650e-03 7.914424996203633933e-01 3.133648754888846089e+00
2.175029976694697973e-03 3.987446048231919615e-01 3.132464457921746881e+00
2.004433409976875708e-03 6.046357317242680510e-03 3.131632095330037391e+00
2.164162422051776630e-03 -3.866518943567563427e-01 3.130803891639106329e+00
2.817656408614334189e-03 -7.793498092797286336e-01 3.129639676274813098e+00
5.162439186069358275e-03 -1.172046107727031439e+00 3.126862539346544789e+00
3.201056368432945165e-01 -1.564426386360186827e+00 2.811520398705944945e+00
3.136277268151622444e+00 -1.184138680743641370e+00 -5.049696065356224124e-03
3.138740716490014293e+00 -7.914424996203635043e-01 -7.943898700947239072e-03
3.139417623613098396e+00 -3.987446048231919615e-01 -9.128195668046323527e-03
3.139588220179816425e+00 -6.046357317242692653e-03 -9.960558259755992322e-03
3.139428491167741253e+00 3.866518943567559541e-01 -1.078876195068691549e-02
3.138774997181178694e+00 7.793498092797284116e-01 -1.195297731498021557e-02
3.136430214403723937e+00 1.172046107727031661e+00 -1.473011424324826776e-02
2.821487016746496046e+00 1.564426386360186827e+00 -3.300722548838512238e-01
5.315385438170947170e-03 1.184138680743642036e+00 3.136542957524437014e+00
-2.739466471685439330e+00 -4.986151076649032454e-01 -1.855321283705151925e-01
2.739466471685439330e+00 4.986151076649032454e-01 2.956060525219278201e+00
2.593997815142104812e+00 8.497095078073467755e-01 2.727208499224646143e+00
2.167172966680104285e+00 1.142371213020761722e+00 2.227025998956770891e+00
1.202796248304252247e+00 1.193521654103839147e+00 1.192769953108826719e+00
6.232143156830768360e-01 9.410702183390285969e-01 5.413746366066236604e-01
4.291846395800159586e-01 5.988175850148672597e-01 2.675644187836794807e-01
3.612898096580531293e-01 2.355012940734245719e-01 1.030571878133107327e-01
3.541390543393488355e-01 -1.329187373722471865e-01 -3.384520982251280896e-02
4.021261819043537855e-01 -4.986151076649031344e-01 -1.855321283705151092e-01
5.475948384476885256e-01 -8.497095078073466645e-01 -4.143841543651471948e-01
9.744196869096890534e-01 -1.142371213020761722e+00 -9.145666546330223357e-01
1.938796405285540203e+00 -1.193521654103839147e+00 -1.948822700480965731e+00
2.518378337906716169e+00 -9.410702183390289299e-01 -2.600218016983169456e+00
2.712408014009777268e+00 -5.988175850148670376e-01 -2.874028234806113691e+00
2.780302843931740320e+00 -2.355012940734246552e-01 -3.038535465776482258e+00
2.787453599250444558e+00 1.329187373722467425e-01 3.107747443767280515e+00
1.680258762292721059e-02 -7.799001178509769039e-01 -1.306461378837812937e-02
-1.680258762292721059e-02 7.799001178509769039e-01 3.128528039801415250e+00
-1.290143758508466125e-02 3.872425142123304131e-01 3.135472036661430373e+00
-1.194626520109161143e-02 -5.427077426740183758e-03 3.140409158880896445e+00
-1.295957057070799313e-02 -3.980965361866816710e-01 -3.137816780808584838e+00
-1.698594057615724837e-02 -7.907534982779110821e-01 -3.130765386445086396e+00
-3.162252968907590389e-02 -1.183349804706584685e+00 -3.113561023302398478e+00
-1.997225338854797361e+00 -1.557675159906415807e+00 -1.145583226562087997e+00
-3.110787593197356315e+00 -1.172500161851312672e+00 -2.964341933536020907e-02
-3.124790065966866148e+00 -7.799001178509771259e-01 -1.306461378837813631e-02
-3.128691216004708675e+00 -3.872425142123305242e-01 -6.120616928362681598e-03
-3.129646388388701794e+00 5.427077426740267892e-03 -1.183494708896671178e-03
-3.128633083019085159e+00 3.980965361866812824e-01 3.775872781208182340e-03
-3.124606713013636128e+00 7.907534982779107491e-01 1.082726714470682097e-02
-3.109970123900717365e+00 1.183349804706585129e+00 2.803163028739485627e-02
-1.144367314734992203e+00 1.557675159906415807e+00 1.996009427027708893e+00
-3.080506039243703989e-02 1.172500161851313116e+00 3.111949234254432817e+00
1.820093337360507643e-02 -7.846927031955406306e-01 -2.467495099372481876e-02
-1.820093337360507643e-02 7.846927031955406306e-01 3.116917702596068374e+00
-1.393610762006601556e-02 3.920421546368834664e-01 3.124454382007594511e+00
-1.287872691946953183e-02 -6.225855730452407519e-04 3.129787353190796484e+00
-1.394329692116771935e-02 -3.932873080671909216e-01 3.135123075372795221e+00
-1.822360763644747042e-02 -7.859377710970856246e-01 -3.140512271595563121e+00
-3.369350655510934545e-02 -1.178519367978583920e+00 -3.122270069742099530e+00
-1.619102228447939940e+00 -1.557902560920189305e+00 -1.534299734651182634e+00
-3.108000213581010751e+00 -1.177274798225807162e+00 -4.283981905745991997e-02
-3.123391720216188272e+00 -7.846927031955408527e-01 -2.467495099372482570e-02
-3.127656545969727198e+00 -3.920421546368835219e-01 -1.713827158219865740e-02
-3.128713926670323886e+00 6.225855730451032750e-04 -1.180530039899683852e-02
-3.127649356668625646e+00 3.932873080671903665e-01 -6.469578216998242426e-03
-3.123369045953345857e+00 7.859377710970852915e-01 1.080381994230211013e-03
-3.107899147034683729e+00 1.178519367978584143e+00 1.932258384769390894e-02
-1.522490425141862724e+00 1.557902560920189305e+00 1.607292918938601378e+00
-3.359244000878253145e-02 1.177274798225807606e+00 3.098752834532333189e+00
3.137769225777746307e+00 -7.966209695188778417e-01 -1.662436138817414630e-02
-3.137769225777746307e+00 7.966209695188778417e-01 3.124968292201619313e+00
-3.134412674247395447e+00 1.189314798483757762e+00 3.128898399037085554e+00
-2.337560786426162440e-01 1.559256034980050831e+00 -2.530991843913712458e-01
-6.801046999811014189e-03 1.166862426919943241e+00 -2.561183721360544771e-02
-3.738531027021920524e-03 7.741682102572353674e-01 -2.197180436287054714e-02
-2.880084015412028194e-03 3.814711887877055840e-01 -2.043032879956904052e-02
-2.673225577121666422e-03 -1.122641975000800152e-02 -1.932810020601256895e-02
-2.906995796173135124e-03 -4.039240145223697009e-01 -1.821557230760557922e-02
-3.823427812046798629e-03 -7.966209695188778417e-01 -1.662436138817413936e-02
-7.179979342397627140e-03 -1.189314798483757762e+00 -1.269425455270788150e-02
-2.907836574947179731e+00 -1.559256034980050609e+00 2.888493469198424979e+00
-3.134791606589982127e+00 -1.166862426919943685e+00 3.115980816376187956e+00
-3.137854122562771408e+00 -7.741682102572355895e-01 3.119620849226922843e+00
-3.138712569574381384e+00 -3.814711887877052510e-01 3.121162324790224041e+00
-3.138919428012671542e+00 1.122641975000796162e-02 3.122264553383780505e+00
-3.138685657793620187e+00 4.039240145223693124e-01 3.123377081282187717e+00
4.213775101479263693e-03 -7.889509576038892247e-01 -1.301109748686633122e-02
-4.213775101479263693e-03 7.889509576038892247e-01 3.128581556102926875e+00
-3.218361467848475117e-03 3.962544707745052630e-01 3.130329539903816460e+00
-2.968998660159126186e-03 3.557217404250590572e-03 3.131561159494472779e+00
-3.208891230703534141e-03 -3.891400413459761287e-01 3.132789154975316848e+00
-4.183902828829418920e-03 -7.818365541523217832e-01 3.134519639958915693e+00
-7.692177077321229843e-03 -1.174529477845518199e+00 3.138667839157005535e+00
-6.955065822821089316e-01 -1.566162892698655718e+00 -2.456112284706704063e+00
-3.133767217270266414e+00 -1.181643729887083438e+00 -1.726128948050323353e-02
-3.137378878488314093e+00 -7.889509576038894467e-01 -1.301109748686633295e-02
-3.138374292121944631e+00 -3.962544707745053740e-01 -1.126311368597694360e-02
-3.138623654929634021e+00 -3.557217404250875500e-03 -1.003149409532063871e-02
-3.138383762359089779e+00 3.891400413459757401e-01 -8.803498614476429687e-03
-3.137408750760963816e+00 7.818365541523212281e-01 -7.073013630877432283e-03
-3.133900476512471833e+00 1.174529477845518421e+00 -2.924814432787828985e-03
-2.446086071307722598e+00 1.566162892698655495e+00 6.854803688830508612e-01
-7.825436319526707027e-03 1.181643729887083882e+00 3.124331364109290021e+00
