-3.133725460272970498e+00 -1.119574867005517449e+00 1.997743537287751892e+00
3.133725460272970498e+00 1.119574867005517449e+00 -1.143849116302041447e+00
3.082993992301670705e+00 1.512185722526329990e+00 -1.195267552711699377e+00
1.045864794417525161e-02 1.236590531902940659e+00 2.014703392866658671e+00
5.162254276923614049e-03 8.439017807700409657e-01 2.008680838414886427e+00
3.812088549894476677e-03 4.512064644750969911e-01 2.006485645156348863e+00
3.436460085848016752e-03 5.850988936802127560e-02 2.005024324405215275e+00
3.631483646141197424e-03 -3.341868044934987458e-01 2.003632236221966512e+00
4.590948993618071579e-03 -7.268826961546883680e-01 2.001772474306313665e+00
7.867193316822625182e-03 -1.119574867005517449e+00 1.997743537287751892e+00
5.859866128812293851e-02 -1.512185722526329990e+00 1.946325100878093517e+00
3.131134005645618057e+00 -1.236590531902940659e+00 -1.126889260723134667e+00
3.136430399312869266e+00 -8.439017807700412988e-01 -1.132911815174906689e+00
3.137780565039898661e+00 -4.512064644750971576e-01 -1.135107008433444253e+00
3.138156193503945257e+00 -5.850988936802101886e-02 -1.136568329184578063e+00
3.137961169943651818e+00 3.341868044934985793e-01 -1.137960417367826604e+00
3.137001704596175333e+00 7.268826961546879240e-01 -1.139820179283479451e+00
2.269463932282110574e-02 -1.118889042174973980e+00 1.980724272437903055e+00
-2.269463932282110574e-02 1.118889042174973980e+00 -1.160868381151890283e+00
-1.325419313236440855e-02 7.262475152126954825e-01 -1.149253238072315941e+00
-1.048778424285281251e-02 3.335750311536822554e-01 -1.143885310307143355e+00
-9.926989896933737997e-03 -5.910412968459727301e-02 -1.139864851512506716e+00
-1.101480406796897550e-02 -4.517822894887012497e-01 -1.135642368144205605e+00
-1.492128436837111827e-02 -8.444499235074857113e-01 -1.129295649920369682e+00
-3.025586718382566875e-02 -1.237062623579243681e+00 -1.111863793295696734e+00
-2.975381101415978335e+00 -1.510865295621302895e+00 1.835222799016377859e+00
-3.118898014266972218e+00 -1.118889042174974202e+00 1.980724272437903055e+00
-3.128338460457428916e+00 -7.262475152126954825e-01 1.992339415517477175e+00
-3.131104869346940323e+00 -3.335750311536823665e-01 1.997707343282649761e+00
-3.131665663692859258e+00 5.910412968459695382e-02 2.001727802077286622e+00
-3.130577849521824163e+00 4.517822894887009721e-01 2.005950285445587511e+00
-3.126671369221422303e+00 8.444499235074859333e-01 2.012297003669423656e+00
-3.111336786405967558e+00 1.237062623579243681e+00 2.029728860294096826e+00
-1.662115521738165291e-01 1.510865295621303339e+00 -1.306369854573417033e+00
1.000484858618176133e-02 -1.117648183564168285e+00 1.993573635731926252e+00
-1.000484858618176133e-02 1.117648183564168285e+00 -1.148019017857866864e+00
-5.851576592500214516e-03 7.249603037751748413e-01 -1.142904106791275742e+00
-4.633471831432617316e-03 3.322664099380616687e-01 -1.140535252775346065e+00
-4.388054144589096511e-03 -6.042878142025392973e-02 -1.138758862904030833e+00
-4.871678472480441870e-03 -4.531237727765075607e-01 -1.136891149486547681e+00
-6.605231775253737544e-03 -8.458166973844932768e-01 -1.134079735003265643e+00
-1.342719579961330380e-02 -1.238498809067058115e+00 -1.126331121051780126e+00
-3.069192761613948495e+00 -1.510208628374143602e+00 1.930301275754952917e+00
-3.131587805003611447e+00 -1.117648183564168507e+00 1.993573635731926252e+00
-3.135741076997292875e+00 -7.249603037751750634e-01 1.998688546798517374e+00
-3.136959181758360860e+00 -3.322664099380618907e-01 2.001057400814446829e+00
-3.137204599445204245e+00 6.042878142025341626e-02 2.002833790685762505e+00
-3.136720975117313071e+00 4.531237727765070611e-01 2.004701504103245657e+00
-3.134987421814539488e+00 8.458166973844934988e-01 2.007512918586527473e+00
-3.128165457790180071e+00 1.238498809067058115e+00 2.015261532538012990e+00
-7.239989197584510705e-02 1.510208628374144046e+00 -1.211291377834841088e+00
2.040772634604130081e-02 -1.123983849440805427e+00 1.988021293832936909e+00
-2.040772634604130081e-02 1.123983849440805427e+00 -1.153571359756856429e+00
-1.184710071225807820e-02 7.313310284492786639e-01 -1.143079023865778421e+00
-9.348523130692251368e-03 3.386531382596656425e-01 -1.138272422628999303e+00
-8.830426959940247678e-03 -5.403014798630521864e-02 -1.134689714014476269e+00
-9.776959406959722862e-03 -4.467127103408795596e-01 -1.130942816735621026e+00
-1.320172240294643223e-02 -8.393870952277432407e-01 -1.125341179700156902e+00
-2.653493353011952827e-02 -1.232019149134010227e+00 -1.110139220368457469e+00
-2.979746763321166281e+00 -1.516050026108933579e+00 1.844818435069113249e+00
-3.121184927243751961e+00 -1.123983849440805427e+00 1.988021293832936909e+00
-3.129745552877535086e+00 -7.313310284492787749e-01 1.998513629724014695e+00
-3.132244130459100884e+00 -3.386531382596656425e-01 2.003320230960794035e+00
-3.132762226629853153e+00 5.403014798630488558e-02 2.006902939575317291e+00
-3.131815694182833454e+00 4.467127103408793376e-01 2.010649836854172090e+00
-3.128390931186846746e+00 8.393870952277435737e-01 2.016251473889636436e+00
-3.115057720059673851e+00 1.232019149134010227e+00 2.031453433221335647e+00
-1.618458902686284451e-01 1.516050026108934246e+00 -1.296774218520681421e+00
-3.515420059618384330e-01 1.282713693019085222e+00 1.031286918684478221e-01
-1.581751402439727228e-01 9.006492244809771730e-01 3.169177737516991611e-01
-1.124202458310060992e-01 5.113492972787704316e-01 3.860933861373757603e-01
-9.871172002681084801e-02 1.207720893052085659e-01 4.293526867379515166e-01
-1.016866618412177042e-01 -2.700076071440723480e-01 4.684944931396676226e-01
-1.973223729647605174e-01 -1.048307766421612275e+00 6.128307604662962538e-01
-6.820399204050074937e-01 -1.414968057972725513e+00 1.117365506414889964e+00
-2.790050647627954294e+00 -1.282713693019085666e+00 -3.038463961721346251e+00
3.014144023652099769e+00 -1.094910505225836994e+00 2.130341757687656212e+00
-3.014144023652099769e+00 1.094910505225836994e+00 -1.011250895902137126e+00
-2.510366121875478473e+00 1.471963920304624418e+00 -4.957692601497895590e-01
-1.274486299376933474e-01 -1.094910505225836772e+00 2.130341757687656212e+00
-6.312265317143136434e-01 -1.471963920304624418e+00 2.645823393440002391e+00
-2.954278422482939703e+00 -1.252771354892067146e+00 -1.302790718929110358e+00
-3.051880531886326686e+00 -8.632867227649290154e-01 -1.192923911456809094e+00
-3.076177703601093771e+00 -4.717101639644435407e-01 -1.154425853413289849e+00
-3.083144155630959116e+00 -7.974248231087169292e-02 -1.129328104662613352e+00
-3.080365598399814164e+00 3.122720154523019875e-01 -1.105835353446518399e+00
-3.065122442498366961e+00 7.040754789045943207e-01 -1.075109415305033123e+00
-1.915661533068635514e-02 -1.112766355922042427e+00 2.021557743752657288e+00
1.915661533068635514e-02 1.112766355922042427e+00 -1.120034909837136050e+00
1.126777569541114951e-02 7.201085754414384699e-01 -1.129786478654390969e+00
8.945561515521343807e-03 3.274287802170962602e-01 -1.134340328500005324e+00
8.488360707896975763e-03 -6.525577237253044061e-02 -1.137770909399524522e+00
9.443306037568627298e-03 -4.579395165439030801e-01 -1.141392368277468261e+00
1.284330476341978382e-02 -8.506153918546403014e-01 -1.146871743222897866e+00
2.633079981182215312e-02 -1.243249767092926561e+00 -1.162148881050958815e+00
3.012423795786460357e+00 -1.504991571707322784e+00 2.133267659245295711e+00
3.122436038259106983e+00 -1.112766355922042427e+00 2.021557743752657288e+00
3.130324877894381963e+00 -7.201085754414384699e-01 2.011806174935402591e+00
3.132647092074271722e+00 -3.274287802170964268e-01 2.007252325089787792e+00
3.133104292881896402e+00 6.525577237253006591e-02 2.003821744190268817e+00
3.132149347552224405e+00 4.579395165439025805e-01 2.000200285312324855e+00
3.128749348826373566e+00 8.506153918546405235e-01 1.994720910366895694e+00
3.115261853777970824e+00 1.243249767092926339e+00 1.979443772538834079e+00
1.291688578033338974e-01 1.504991571707323450e+00 -1.008324994344496517e+00
-3.128864047788586955e+00 -1.122835235757397188e+00 1.995409652625348196e+00
3.128864047788586955e+00 1.122835235757397188e+00 -1.146183000964445142e+00
3.042052629753180248e+00 1.515291753804927533e+00 -1.234097926008893564e+00
1.664921829944801882e-02 1.233284323378203151e+00 2.022592522569839346e+00
8.265334462475810301e-03 8.406115723940758011e-01 2.013040629272688342e+00
6.116399246866938144e-03 4.479221637731049532e-01 2.009531469965454065e+00
5.521422510598651689e-03 5.522954390458965218e-02 2.007187263397336441e+00
5.842540501709744295e-03 -3.374633652886998014e-01 2.004948016473842465e+00
7.399323901400558547e-03 -7.301541751437979899e-01 2.001947185208655444e+00
1.272860580120611929e-02 -1.122835235757396966e+00 1.995409652625348418e+00
9.954002383661236797e-02 -1.515291753804927533e+00 1.907494727580899996e+00
3.124943435290345128e+00 -1.233284323378203151e+00 -1.119000131019953992e+00
3.133327319127317434e+00 -8.406115723940764672e-01 -1.128552024317104996e+00
3.135476254342926428e+00 -4.479221637731053418e-01 -1.132061183624339051e+00
3.136071231079194721e+00 -5.522954390458925666e-02 -1.134405390192456675e+00
3.135750113088083602e+00 3.374633652886996904e-01 -1.136644637115950873e+00
3.134193329688392815e+00 7.301541751437971017e-01 -1.139645468381137672e+00
-3.123939037874651437e+00 -1.123201956927682321e+00 1.990321723636323537e+00
3.123939037874651437e+00 1.123201956927682321e+00 -1.151270929953469579e+00
3.003082001992130490e+00 1.515432670552249839e+00 -1.273657173806528320e+00
2.304538121712820797e-02 1.232848675168389141e+00 2.027978897511703238e+00
1.144921884741400588e-02 8.402000789992690732e-01 2.014763883338177131e+00
8.474708419616510877e-03 4.475195628538556347e-01 2.009903944384982211e+00
7.651629643814005649e-03 5.483288872085539251e-02 2.006655965459430924e+00
8.097930439867137217e-03 -3.378543370397280587e-01 2.003552386025309051e+00
1.025782310615445773e-02 -7.305375246084331309e-01 1.999391734844288449e+00
1.765361571514158234e-02 -1.123201956927682321e+00 1.990321723636323759e+00
1.385106515976631814e-01 -1.515432670552249839e+00 1.867935479783264352e+00
3.118547272372664825e+00 -1.232848675168389363e+00 -1.113613756078089878e+00
3.130143434742379327e+00 -8.402000789992694063e-01 -1.126828770251616207e+00
3.133117945170176721e+00 -4.475195628538556902e-01 -1.131688709204810905e+00
3.133941023945979509e+00 -5.483288872085483046e-02 -1.134936688130362192e+00
3.133494723149925942e+00 3.378543370397280032e-01 -1.138040267564484065e+00
3.131334830483638587e+00 7.305375246084325758e-01 -1.142200918745504890e+00
8.498324864476176910e-02 -6.290685752698058630e-01 3.639150871237458174e-01
-8.498324864476176910e-02 6.290685752698058630e-01 -2.777677566466047576e+00
-7.067407489331314907e-02 2.375182890718389450e-01 -2.744250498654835724e+00
-6.951326198112978139e-02 -1.542410687456141627e-01 -2.716899136521747415e+00
-8.038924791931220670e-02 -5.458712839740873513e-01 -2.685794408694321955e+00
-2.838179645830073428e-01 -1.323176762123832395e+00 -2.451996197281350653e+00
-2.721453272441078930e+00 -1.401728267493933533e+00 -8.195685594426247236e-04
-3.010155992711837314e+00 -1.019631538155810757e+00 3.018477529594580933e-01
-4.201393811487146301e-01 1.401728267493933533e+00 3.140773085030350131e+00
-1.314366608779561907e-01 1.019631538155811201e+00 -2.839744900630335245e+00
-2.402342720510990820e-02 -6.474460528711820650e-01 4.608764954191299501e-01
2.402342720510990820e-02 6.474460528711820650e-01 -2.680716158170663110e+00
1.980061642637725647e-02 2.548379856961994760e-01 -2.690215571363948399e+00
1.934442289803414011e-02 -1.377878079022889779e-01 -2.697865017377557351e+00
2.221355040940311415e-02 -5.304046706904588238e-01 -2.706446513443219626e+00
7.585871841733604626e-02 -1.315206931532991952e+00 -2.768611089167525741e+00
3.065733935172457070e+00 1.315206931532992174e+00 3.729815644222673754e-01
1.386001703434272259e-01 1.431665756906365994e+00 -2.557929980265746028e+00
3.785609306731312074e-02 1.039971129482589074e+00 -2.662556994656314568e+00
5.922780906091963497e-03 2.525230145999814435e-01 -2.697058623282404088e+00
5.791742748027549521e-03 -1.401695034755829627e-01 -2.699347611782708878e+00
6.658039404496223120e-03 -5.328612067395768204e-01 -2.701920753671067210e+00
2.294957761237651286e-02 -1.318205346353159335e+00 -2.720760021710623366e+00
1.128870918690602458e-02 1.037897539182107698e+00 -2.688814932035066718e+00
-1.735287842632537991e-01 4.960805156932390214e-01 3.475398862304177605e-01
-1.533438407634870326e-01 1.084644043750890158e-01 4.140533133059994819e-01
-1.586450871567812448e-01 -2.795871393216824985e-01 4.749047357660550750e-01
-9.514612823632933036e-01 -1.383215859015091809e+00 1.373855234300991102e+00
1.087875982490985570e-02 -6.443354749508247714e-01 4.221175198445092924e-01
-1.087875982490985570e-02 6.443354749508247714e-01 -2.719475133745283824e+00
-8.980371204959074899e-03 2.516550863269286786e-01 -2.715176687807091760e+00
-8.784714579758616873e-03 -1.410289005007430152e-01 -2.711705626767336064e+00
-1.010254563624038773e-02 -5.337110011031277468e-01 -2.707800838724425674e+00
-1.447853019502835271e-02 -9.263820954653031459e-01 -2.701365275045723102e+00
-3.491405466151375342e-02 -1.318984452901912130e+00 -2.679126646091565256e+00
-3.079795577004282858e+00 -1.429495903295445292e+00 3.674694682078382679e-01
-6.179707658551038263e-02 1.429495903295445292e+00 -2.774123185381955015e+00
-1.709454987176230178e-02 1.036998973619446485e+00 -2.727657200974394236e+00
-3.129932920558878617e+00 -1.125045848904691725e+00 1.998646044360431473e+00
3.129932920558878617e+00 1.125045848904691725e+00 -1.142946609229361865e+00
3.047029121060246482e+00 1.517533854042830699e+00 -1.226856318207381724e+00
1.508641310109147191e-02 1.231086446173214055e+00 2.023390927916121296e+00
7.517953044432106394e-03 8.384090661954479717e-01 2.014756811519182733e+00
5.571124050238580004e-03 4.457179985286852664e-01 2.011568327092735586e+00
5.033902998893413118e-03 5.302428290280233880e-02 2.009433359020093679e+00
5.331443878620583353e-03 -3.396696635812531118e-01 2.007390240506020440e+00
6.760171470277612574e-03 -7.323618490571441875e-01 2.004646486336512545e+00
1.165973303091466864e-02 -1.125045848904691503e+00 1.998646044360431473e+00
9.456353252954606547e-02 -1.517533854042830477e+00 1.914736335382412058e+00
3.126506240488701849e+00 -1.231086446173214055e+00 -1.118201725673672264e+00
3.134074700545361303e+00 -8.384090661954483048e-01 -1.126835842070610383e+00
3.136021529539554820e+00 -4.457179985286854884e-01 -1.130024326497057974e+00
3.136558750590899614e+00 -5.302428290280186696e-02 -1.132159294569699437e+00
3.136261209711172615e+00 3.396696635812531118e-01 -1.134202413083772898e+00
3.134832482119515706e+00 7.323618490571437434e-01 -1.136946167253280571e+00
3.349468593149954598e-01 -5.280236310709801595e-01 2.522695557041456094e-01
-3.349468593149954598e-01 5.280236310709801595e-01 -2.889323097885647673e+00
-2.914534057380373522e-01 1.538887310932425256e-01 -2.761677071302977904e+00
-2.953981805711680120e-01 -2.224283709232021677e-01 -2.648697461887061344e+00
-3.500880059964115443e-01 -5.954671029392186732e-01 -2.513719896523616271e+00
-5.132125767137584171e-01 -9.541128100900772013e-01 -2.284774499404869541e+00
-9.103027555731513232e-01 1.202988917398383872e+00 2.690957565253942807e+00
-4.686288251400367311e-01 8.909496032831717427e-01 -3.090779306619195310e+00
