-4.225612888201126481e-03 -6.166583074998001068e-01 8.637501482083290716e-01
4.225612888201126481e-03 6.166583074998001068e-01 -2.277842505381464377e+00
3.535619191810755041e-03 2.239620844739193817e-01 -2.279500993859395752e+00
3.496981402606939241e-03 -1.687346314787472323e-01 -2.280873506703909204e+00
4.072467697909557156e-03 -5.614309882167276555e-01 -2.282454421018895729e+00
5.960914660836447512e-03 -9.541254249801561782e-01 -2.285149221222853466e+00
1.552057261690201369e-02 -1.346806804324397477e+00 -2.295419152473378688e+00
3.121067899458258132e+00 -1.402025806677940079e+00 8.815396342442241018e-01
3.135117682159247021e+00 -1.009352153957885134e+00 8.667874166057679686e-01
3.137367040701592114e+00 -6.166583074998001068e-01 8.637501482083291826e-01
3.138057034397982559e+00 -2.239620844739195482e-01 8.620916597303976969e-01
3.138095672187186214e+00 1.687346314787471491e-01 8.607191468858843564e-01
3.137520185891883528e+00 5.614309882167273225e-01 8.591382325708977197e-01
3.135631738928956747e+00 9.541254249801559562e-01 8.564434323669396498e-01
3.126072080972891243e+00 1.346806804324398144e+00 8.461735011164147613e-01
2.052475413153587516e-02 1.402025806677940079e+00 -2.260053019345568348e+00
6.474971430546298638e-03 1.009352153957885578e+00 -2.274805236984025480e+00
3.121943458645091596e+00 -6.336743650339392575e-01 1.095729950995381285e+00
-3.121943458645091596e+00 6.336743650339392575e-01 -2.045862702594412053e+00
-3.111022773221780557e+00 1.026258516124128217e+00 -2.031347508511601507e+00
-3.037139513131362545e+00 1.418346468203400601e+00 -1.954247819980362788e+00
-6.623229533344118791e-02 1.329219555723345492e+00 1.019780080796883981e+00
-2.673432771716803200e-02 9.368592836575455607e-01 1.062552802973349975e+00
-1.850857505379685172e-02 5.442548780995631885e-01 1.074510313115339510e+00
-1.601784950657138967e-02 1.516125219623203901e-01 1.081675082711385683e+00
-1.630550539196999604e-02 -2.410365861121220865e-01 1.087987100713032396e+00
-1.964919494470176650e-02 -6.336743650339391465e-01 1.095729950995381285e+00
-3.056988036801272512e-02 -1.026258516124127995e+00 1.110245145078192053e+00
-1.044531404584306128e-01 -1.418346468203400601e+00 1.187344833609430328e+00
-3.075360358256352455e+00 -1.329219555723345492e+00 -2.121812572792908913e+00
-3.114858325872625233e+00 -9.368592836575460048e-01 -2.079039850616443363e+00
-3.123084078535996344e+00 -5.442548780995627444e-01 -2.067082340474453606e+00
-3.125574804083222080e+00 -1.516125219623201958e-01 -2.059917570878407211e+00
-3.125287148197823051e+00 2.410365861121217257e-01 -2.053605552876760942e+00
-3.141166196644235686e+00 -9.515152033715947866e-01 1.827397422672458305e+00
3.141166196644235686e+00 9.515152033715947866e-01 -1.314195230917335033e+00
3.140490767177296139e+00 1.344214195157484637e+00 -1.314921690862819181e+00
1.497009516834022511e-03 1.404679061108621507e+00 1.829221086891075876e+00
4.668896842471798123e-04 1.011980113145957150e+00 1.828140552825892717e+00
3.039888549405002209e-04 6.192810586042210019e-01 1.827921135136258757e+00
2.540299216435304994e-04 2.265819916813375523e-01 1.827801752203852548e+00
2.509919914471969607e-04 -1.661170778175389828e-01 1.827703182274110993e+00
2.919468780788607204e-04 -5.588161454954447827e-01 1.827589899622248826e+00
4.264569455573443617e-04 -9.515152033715947866e-01 1.827397422672458083e+00
1.101886412497224367e-03 -1.344214195157484637e+00 1.826670962726973935e+00
3.140095644072958603e+00 -1.404679061108621729e+00 -1.312371566698717018e+00
3.141125763905546098e+00 -1.011980113145957372e+00 -1.313452100763900399e+00
3.141288664734852798e+00 -6.192810586042213350e-01 -1.313671518453534359e+00
3.141338623668149754e+00 -2.265819916813372192e-01 -1.313790901385940568e+00
3.141341661598346047e+00 1.661170778175388441e-01 -1.313889471315682123e+00
3.141300706711714241e+00 5.588161454954442275e-01 -1.314002753967544290e+00
3.131078114458041295e+00 -6.968297557444846912e-01 1.366356954223369113e+00
-3.131078114458041295e+00 6.968297557444846912e-01 -1.775235699366424003e+00
-3.124174071636908412e+00 1.089493793794909404e+00 -1.766543930405307439e+00
-3.050654350414744087e+00 1.481889681392767555e+00 -1.691402869570299616e+00
-2.691765234788685152e-02 1.266534898817491595e+00 1.333926844557167923e+00
-1.256303082783859736e-02 8.739005223336054895e-01 1.349974663165243616e+00
-9.096448928444429011e-03 4.812233068300135752e-01 1.355398175822330131e+00
-8.451234278939741273e-03 -3.041476767390280944e-01 1.362139716046498528e+00
-1.051453913175176211e-02 -6.968297557444846912e-01 1.366356954223369113e+00
-1.741858195288508576e-02 -1.089493793794909182e+00 1.375048723184485899e+00
-9.093830317504936200e-02 -1.481889681392767777e+00 1.450189784019494166e+00
-3.114675001241906216e+00 -1.266534898817492039e+00 -1.807665809032625637e+00
-3.129029622761954510e+00 -8.739005223336059336e-01 -1.791617990424549722e+00
-3.132496204661348926e+00 -4.812233068300133532e-01 -1.786194477767462985e+00
-3.133497609370568426e+00 -8.853831473427377363e-02 -1.782699769770005771e+00
-3.133141419310853326e+00 3.041476767390274838e-01 -1.779452937543294588e+00
1.255910454880262150e-01 -7.535314092273626141e-01 -1.330736417741685829e-01
-1.255910454880262150e-01 7.535314092273626141e-01 3.008519011815624644e+00
-9.788080083088213090e-02 3.631827720736103826e-01 3.059821850047252045e+00
-9.151309082018710406e-02 -2.780337202559394344e-02 3.097242620728097418e+00
-1.001567376728399045e-01 -4.187497051999171105e-01 3.135531044969774861e+00
-1.327252455128450359e-01 -8.089071697452454579e-01 -3.092193624314021339e+00
-2.516894098136602809e-01 -1.195220597064976076e+00 -2.953687875608548286e+00
-1.866212995712535960e+00 -1.475164145878469224e+00 -1.321002847424721960e+00
-2.920603771295076090e+00 -1.140925415911459684e+00 -2.483496977412645024e-01
-3.016001608101766873e+00 -7.535314092273627251e-01 -1.330736417741685829e-01
-3.008867408076948191e+00 8.089071697452452359e-01 4.939902927577185382e-02
-2.889903243776132502e+00 1.195220597064976520e+00 1.879047779812452745e-01
-1.275379657877257822e+00 1.475164145878469446e+00 1.820589806165070712e+00
-2.209888822947172204e-01 1.140925415911460128e+00 2.893242955848528641e+00
3.117866620173014525e+00 -1.089122425766076097e+00 2.004493567792000608e+00
-3.117866620173014525e+00 1.089122425766076097e+00 -1.137099085797792730e+00
-3.018366909354315730e+00 1.481261732984827217e+00 -1.035389324724317994e+00
-3.671989879084838759e-02 1.266763945983607975e+00 1.948428991117716169e+00
-1.712987661559121910e-02 8.741852186088423515e-01 1.970326715216605740e+00
-1.240075430253261175e-02 4.815267818868850802e-01 1.977722790584165669e+00
-1.103412025034030200e-02 8.885388151948542257e-02 1.982487044682000654e+00
-1.151813809604003251e-02 -3.038208822764577044e-01 1.986912219140697378e+00
-1.432766107700965234e-02 -6.964883875528043999e-01 1.992658183268049887e+00
-2.372603341677857053e-02 -1.089122425766076097e+00 2.004493567792000608e+00
-1.232257442354774968e-01 -1.481261732984827217e+00 2.106203328865474678e+00
-3.104872754798944978e+00 -1.266763945983607975e+00 -1.193163662472076947e+00
-3.124462776974202161e+00 -8.741852186088426846e-01 -1.171265938373187376e+00
-3.129191899287260714e+00 -4.815267818868850802e-01 -1.163869863005627669e+00
-3.130558533339452776e+00 -8.885388151948490909e-02 -1.159105608907792684e+00
-3.130074515493753040e+00 3.038208822764575934e-01 -1.154680434449095960e+00
-3.127264992512783781e+00 6.964883875528038448e-01 -1.148934470321743229e+00
-3.109850754119022120e+00 -7.435352643930871475e-01 1.433467210451444096e+00
3.109850754119022120e+00 7.435352643930871475e-01 -1.708125443138349020e+00
3.086117676374073415e+00 1.135897438410435001e+00 -1.736955736822034302e+00
2.629803689571934999e+00 1.523077877385255796e+00 -2.197938407178952058e+00
6.783918308083569659e-02 1.218964758335457255e+00 1.518652194058566662e+00
3.449783632297093172e-02 8.267134487033881429e-01 1.480342034609164026e+00
2.575275004836528533e-02 4.341843490656449589e-01 1.465792429450525347e+00
2.338301858966967267e-02 4.160048454607115365e-02 1.455929675191397488e+00
2.487990480582041516e-02 -3.509872849471540879e-01 1.446401142157310415e+00
3.174189947077118296e-02 -7.435352643930870364e-01 1.433467210451444318e+00
5.547497721571990892e-02 -1.135897438410434779e+00 1.404636916767759036e+00
5.117889640178581168e-01 -1.523077877385255796e+00 9.436542464108412798e-01
3.073753470508957530e+00 -1.218964758335457699e+00 -1.622940459531226454e+00
3.107094817266822240e+00 -8.267134487033883650e-01 -1.661250618980629312e+00
3.115839903541428146e+00 -4.341843490656446258e-01 -1.675800224139267991e+00
3.118209635000123381e+00 -4.160048454607121610e-02 -1.685662978398395850e+00
3.116712748783972753e+00 3.509872849471536438e-01 -1.695191511432482923e+00
-2.362030740303025400e+00 -1.382022280738657738e+00 1.472300542800376588e+00
2.362030740303025400e+00 1.382022280738657738e+00 -1.669292110789416750e+00
4.813052841904792989e-01 1.281838518345359113e+00 2.707044355820681591e+00
2.163557530582985722e-01 9.090469974427158872e-01 2.414596066971554933e+00
2.583530791063394783e-01 -1.028241407676185215e+00 2.020341906539336652e+00
7.795619132867673828e-01 -1.382022280738657738e+00 1.472300542800377032e+00
2.660287369399313651e+00 -1.281838518345359113e+00 -4.345482977691114690e-01
2.925236900531494655e+00 -9.090469974427158872e-01 -7.269965866182384051e-01
2.988757759526415203e+00 -5.226636060760758706e-01 -8.219482371815628463e-01
3.008090278871502932e+00 -1.338636207147292367e-01 -8.807680195087933539e-01
3.004830816530501991e+00 2.553460402427524811e-01 -9.334368364453160538e-01
2.975915020670565347e+00 6.437156511014897609e-01 -9.987105415569266231e-01
2.883239574483453804e+00 1.028241407676184771e+00 -1.121250747050456464e+00
3.126798840469807494e+00 -6.321459045568497137e-01 5.456672037981844525e-01
-3.126798840469807494e+00 6.321459045568497137e-01 -2.595925449791608663e+00
-3.118607881159927153e+00 1.024779924926121799e+00 -2.585023476336933523e+00
-3.063538102182973955e+00 1.417135679772220991e+00 -2.527528661474504723e+00
-5.027248647212432392e-02 1.331005846180224994e+00 4.880890622149930969e-01
-2.019542544473598017e-02 9.385010307612980940e-01 5.206335792043840227e-01
-1.396427251176470333e-02 5.458559093825541275e-01 5.296755659457974552e-01
-1.207635253021274550e-02 1.531890947278979342e-01 5.350826336272361816e-01
-1.228555899291366299e-02 -2.394815988773131010e-01 5.398397209485507053e-01
-1.479381311998556429e-02 -6.321459045568496027e-01 5.456672037981844525e-01
-2.298477242986626465e-02 -1.024779924926121799e+00 5.565691772528601478e-01
-7.805455140681966109e-02 -1.417135679772220769e+00 6.140639921152887259e-01
-3.091320167117669104e+00 -1.331005846180225438e+00 -2.653503591374799964e+00
-3.121397228145057046e+00 -9.385010307612985381e-01 -2.620959074385409426e+00
-3.127628381078028319e+00 -5.458559093825535724e-01 -2.611917087643995661e+00
-3.129516301059580563e+00 -1.531890947278978510e-01 -2.606510019962557045e+00
-3.129307094596879502e+00 2.394815988773125182e-01 -2.601752932641242744e+00
7.402503106944340328e-01 -1.297883980652559055e+00 -2.669180978702195173e+00
2.401342342895357973e+00 1.297883980652559277e+00 4.724116748875968330e-01
3.246151119364470983e-01 9.643005575061093237e-01 -1.677912387957980034e+00
1.890275372217515779e-02 -7.691560316660268626e-01 1.510422962770958000e+00
-1.890275372217515779e-02 7.691560316660268626e-01 -1.631169690818835338e+00
-1.460423807244706947e-02 3.765097709655056968e-01 -1.623391439263421665e+00
-1.358296986100560738e-02 -1.615135496342700108e-02 -1.617802079854604003e+00
-1.480096905664091134e-02 -4.088119696024176686e-01 -1.612137431882894933e+00
-1.952334582017247258e-02 -8.014557612744235282e-01 -1.603995627265695445e+00
-3.691993461124842835e-02 -1.194016926654007493e+00 -1.583689192180097738e+00
-2.442416389136866428e+00 -1.549693073635665552e+00 8.245046135273466081e-01
-3.107442124269951034e+00 -1.161731597550342832e+00 1.492236380155983477e+00
-3.122689899867618024e+00 -7.691560316660270846e-01 1.510422962770958000e+00
-3.126988415517346187e+00 -3.765097709655056413e-01 1.518201214326371673e+00
-3.128009683728787849e+00 1.615135496342687618e-02 1.523790573735189335e+00
-3.126791684533152260e+00 4.088119696024173355e-01 1.529455221706898405e+00
-3.122069307769620661e+00 8.014557612744231951e-01 1.537597026324097671e+00
-3.104672718978544577e+00 1.194016926654007937e+00 1.557903461409695600e+00
-6.991762644529291304e-01 1.549693073635665774e+00 -2.317088040062448950e+00
-3.415052931984230433e-02 1.161731597550343498e+00 -1.649356273433809861e+00
-1.396358009201521533e+00 -1.400702432846509193e+00 6.342117045211110860e-01
1.396358009201521533e+00 1.400702432846509193e+00 -2.507380949068682252e+00
3.910896863824663283e-01 1.118175968523969832e+00 2.737039682994341749e+00
1.789165157570526687e-01 3.575910470192533719e-01 2.445164609033578795e+00
1.675609840946336582e-01 -2.938273215774874630e-02 2.376978696950367898e+00
1.832916213208202194e-01 -4.162167284931584388e-01 2.307141245275117214e+00
4.444900996233620560e-01 -1.172671447197278560e+00 1.968256049694644627e+00
1.745234644388270917e+00 -1.400702432846509193e+00 6.342117045211118631e-01
2.750502967207327121e+00 -1.118175968523969832e+00 -4.045529705954516997e-01
2.697102553966431504e+00 1.172671447197278338e+00 -1.173336603895148267e+00
-4.303647278076681328e-03 -7.084897717640291637e-01 1.392309256664248540e+00
4.303647278076681328e-03 7.084897717640291637e-01 -1.749283396925544798e+00
3.437957427904287690e-03 3.157935211081578930e-01 -1.751016004202661680e+00
3.277638069034477172e-03 -7.690340448092837511e-02 -1.752335551408120917e+00
3.664653466491151184e-03 -4.696001878980335942e-01 -1.753742108131284505e+00
5.022251349510974128e-03 -8.622957479922970236e-01 -1.755897339228714937e+00
1.052199261794317491e-02 -1.254984718420711687e+00 -1.762085396405242310e+00
3.099082214669766966e+00 -1.493823244841779863e+00 1.431893634127819448e+00
3.134371277076421602e+00 -1.101182906903316328e+00 1.395948553258661518e+00
3.137289006311716477e+00 -7.084897717640292747e-01 1.392309256664248540e+00
3.138154696161889134e+00 -3.157935211081578375e-01 1.390576649387131658e+00
3.138315015520758866e+00 7.690340448092829184e-02 1.389257102181672421e+00
3.137928000123301864e+00 4.696001878980333166e-01 1.387850545458508611e+00
3.136570402240282274e+00 8.622957479922966906e-01 1.385695314361078179e+00
3.131070660971849939e+00 1.254984718420711909e+00 1.379507257184551028e+00
4.251043892002665664e-02 1.493823244841779863e+00 -1.709699019461973668e+00
7.221376513371647980e-03 1.101182906903316772e+00 -1.745644100331131821e+00
-2.997867935314636398e-02 -7.414734216384208931e-01 1.399549516131060878e-01
2.997867935314636398e-02 7.414734216384208931e-01 -3.001637701976687111e+00
2.352468410821121486e-02 3.489092759216537165e-01 -3.013844094417478026e+00
2.212811274114668061e-02 -4.369020485169226864e-02 -3.022854491065513738e+00
2.439227357740595195e-02 -4.362860124468082024e-01 -3.032197135564419721e+00
3.271855749672814007e-02 -8.288323951024783032e-01 -3.046010041146908875e+00
6.456919201009793385e-02 -1.221127266968299985e+00 -3.082559609312060189e+00
2.673065773735918249e+00 -1.521825153968660693e+00 5.877485298940872127e-01
3.089329753729213035e+00 -1.133872732156833374e+00 1.670657172416537828e-01
3.111613974236646651e+00 -7.414734216384211152e-01 1.399549516131061155e-01
3.118067969481582047e+00 -3.489092759216537165e-01 1.277485591723153957e-01
3.119464540848646550e+00 4.369020485169215068e-02 1.187381625242794891e-01
3.117200380012387306e+00 4.362860124468078693e-01 1.093955180253735476e-01
3.108874096093065198e+00 8.288323951024780811e-01 9.558261244288428216e-02
3.077023461579695418e+00 1.221127266968300207e+00 5.903304427773306551e-02
4.685268798538757551e-01 1.521825153968660693e+00 -2.553844123695705459e+00
5.226289986058015036e-02 1.133872732156833818e+00 -2.974526936348139472e+00
-2.870844548173069610e-02 -7.775905014890930333e-01 1.596703560255521070e+00
2.870844548173069610e-02 7.775905014890930333e-01 -1.544889093334272268e+00
2.207250943066274909e-02 3.850126623089420441e-01 -1.556741779530391279e+00
2.221190451440786112e-02 -4.002121644532620204e-01 -1.573687998449461167e+00
2.914801111110162588e-02 -7.927873699022819354e-01 -1.585798113849927304e+00
5.441000184175558141e-02 -1.185183009292689604e+00 -1.615454325804012381e+00
1.926534405012064521e+00 -1.548973359070151767e+00 2.791540420462039318e+00
3.089140093508182527e+00 -1.170001469176801034e+00 1.624862421947925073e+00
3.112884208108062545e+00 -7.775905014890931444e-01 1.596703560255521070e+00
3.119520144159130481e+00 -3.850126623089422662e-01 1.584850874059401837e+00
3.121135634866150532e+00 7.600023873796921993e-03 1.576404431883694057e+00
3.119380749075385317e+00 4.002121644532617428e-01 1.567904655140332171e+00
3.112444642478691570e+00 7.927873699022816023e-01 1.555794539739866034e+00
3.087182651748037632e+00 1.185183009292689826e+00 1.526138327785780735e+00
1.215058248577735256e+00 1.548973359070151767e+00 -3.500522331277475807e-01
5.245256008161063022e-02 1.170001469176801701e+00 -1.516730231641868043e+00
