-1.868912196902530409e+00 3.807792033650473501e-02 -1.745021180848449038e+00
-1.833232398599755397e+00 1.480311459908860428e-01 -1.366174937797815847e+00
-1.757683346041415184e+00 2.366623213331966735e-01 -9.761864431502419448e-01
-1.651389162742879169e+00 2.897714264238893667e-01 -5.729704128920551920e-01
-1.530963166079443383e+00 2.978931427545885025e-01 -1.625278968324019579e-01
-1.417597392625498776e+00 2.594993039834629367e-01 2.442214613317929273e-01
-1.330098876244650619e+00 1.816188111218847157e-01 6.389156311563687352e-01
-1.280133463627685986e+00 7.722601495399984695e-02 1.020899853276169722e+00
-1.272680456687262707e+00 -3.807792033650467256e-02 1.396571472741343856e+00
-1.308360254990037941e+00 -1.480311459908860705e-01 1.775417715791977269e+00
-1.383909307548377932e+00 -2.366623213331967013e-01 2.165406210439551060e+00
-1.490203490846913947e+00 -2.897714264238892556e-01 2.568622240697737702e+00
-1.610629487510350177e+00 -2.978931427545885580e-01 2.979064756757392018e+00
-1.723995260964294562e+00 -2.594993039834629922e-01 -2.897371192258000328e+00
-1.811493777345142497e+00 -1.816188111218848267e-01 -2.502677022433425158e+00
-1.097173779130853344e+00 6.270030885857528213e-01 -8.518274658553791623e-01
-9.052186380608281402e-01 4.122947448150165450e-01 -4.709815330564659508e-01
-8.173208421795924439e-01 1.543119324351168165e-01 -1.614386982337816245e-01
-8.119179858906940828e-01 -1.169784208800280223e-01 1.234154238683022181e-01
-8.874834729332888861e-01 -3.783154471900206928e-01 4.268582447793096146e-01
-1.063324564017775975e+00 -6.013646812348009130e-01 7.950250762332482513e-01
-2.044418874458939772e+00 -6.270030885857528213e-01 2.289765187734413843e+00
-2.236374015528964865e+00 -4.122947448150168781e-01 2.670611120533326943e+00
-2.324271811410200783e+00 -1.543119324351165111e-01 2.980153955356012130e+00
-2.329674667699098922e+00 1.169784208800279668e-01 -3.018177229721490828e+00
-1.580811574327058322e+00 2.919219320431098441e-01 -1.843139765544051234e-01
-1.465436270510217742e+00 2.729328350485907273e-01 2.243386028009786426e-01
-1.278860571296333459e+00 9.591514419539717839e-03 1.389364760525577891e+00
-1.296416624689999741e+00 -1.014464030172320119e-01 1.766636562819456024e+00
-1.354643489638506226e+00 -1.980099186586068150e-01 2.151799278758769418e+00
-1.560781079262735016e+00 -2.919219320431097886e-01 2.957278677035388270e+00
-1.676156383079575374e+00 -2.729328350485907828e-01 -2.917254050788814723e+00
-1.714481593987794650e+00 3.606468619213403781e-01 -5.154522173810318630e-01
-1.558637378332014212e+00 3.868682878615691823e-01 -9.413336329867494356e-02
-1.405177190057039338e+00 3.514520633965438901e-01 3.256561345855220613e-01
-1.282375488184946954e+00 2.618027090180843341e-01 7.271156263566457278e-01
-1.206716020835389314e+00 1.343837981713213447e-01 1.106355249325562395e+00
-1.183902209484390955e+00 -1.126030386172673092e-02 1.472075319852835129e+00
-1.214867531641304899e+00 -1.554104130783771354e-01 1.838972463464928930e+00
-1.298253548764916498e+00 -2.783259331994258345e-01 2.221271402785210736e+00
-1.427111059601998688e+00 -3.606468619213404891e-01 2.626140436208761031e+00
-1.582955275257779126e+00 -3.868682878615693488e-01 3.047459290291118617e+00
-1.736415463532753778e+00 -3.514520633965438901e-01 -2.815936519004271332e+00
-1.859217165404846384e+00 -2.618027090180845007e-01 -2.414477027233147943e+00
-1.306286776681962580e+00 2.313971952937205201e-01 1.034587385798008796e+00
1.306286776681962580e+00 -2.313971952937205201e-01 -2.107005267791784320e+00
1.415240806202708646e+00 -3.144158741103588728e-01 -2.505916434655306446e+00
1.551884493493754791e+00 -3.491531487749216511e-01 -2.919986521707083060e+00
1.692072034466665098e+00 -3.287512045112380710e-01 2.947023808035465375e+00
1.810221458671088524e+00 -2.572973826404981179e-01 2.543345918237759573e+00
1.888802468098904619e+00 -1.478721954420737228e-01 2.158011438625039968e+00
1.920006969335121383e+00 -1.777062147492621674e-02 1.785931998228393214e+00
1.901806776461302917e+00 1.147514589238768368e-01 1.415555531293440250e+00
1.221585684254671733e+00 1.777062147492626185e-02 -1.355660655361400124e+00
1.239785877128489977e+00 -1.147514589238767257e-01 -1.726037122296352644e+00
-1.763915433520538700e+00 2.539606664645494352e-02 -1.826163216781817589e+00
-1.739930443202762911e+00 9.703386764045712765e-02 -1.439236021471435478e+00
-1.690202917321974807e+00 1.542313746033768251e-01 -1.047542369990819511e+00
-1.621676042770461512e+00 1.880791531017327878e-01 -6.504058457386129311e-01
-1.544919427398531608e+00 1.930560475006195265e-01 -2.504011047662469402e-01
-1.472366820241444829e+00 1.683308743473037050e-01 1.481028480946358084e-01
-1.415476513590225860e+00 1.179825685598899082e-01 5.416828667847760626e-01
-1.519916610819331826e+00 -1.880791531017327323e-01 2.491186807851180074e+00
-1.596673226191261730e+00 -1.930560475006195265e-01 2.891191548823546675e+00
-1.669225833348348509e+00 -1.683308743473037328e-01 -2.993489805495157530e+00
-1.726116139999567478e+00 -1.179825685598899915e-01 -2.599909786805017387e+00
-1.281463642862786578e+00 6.946161605653812521e-02 1.017573545375059174e+00
1.281463642862786578e+00 -6.946161605653812521e-02 -2.124019108214734164e+00
1.328410515567812977e+00 -1.739191781262828529e-01 -2.505607294471127844e+00
1.412953903186755289e+00 -2.530286683048562635e-01 -2.899423040829441245e+00
1.523976170913216466e+00 -2.937246504775301026e-01 2.977872739462233298e+00
1.643260047055638884e+00 -2.886148938173582756e-01 2.567711671579363308e+00
1.749842944905837472e+00 -2.386575900790067206e-01 2.164023243942194696e+00
1.826873428075829864e+00 -1.527763733332780094e-01 1.773141698703656344e+00
1.860129010727006760e+00 6.946161605653806970e-02 1.017573545375059396e+00
1.813182138021980361e+00 1.739191781262827696e-01 6.359853591186658273e-01
1.728638750403038049e+00 2.530286683048562635e-01 2.421696127603520099e-01
1.617616482676576872e+00 2.937246504775298805e-01 -1.637199141275594849e-01
1.498332606534154454e+00 2.886148938173582756e-01 -5.738809820104293635e-01
1.391749708683955644e+00 2.386575900790065818e-01 -9.775694096475985306e-01
1.314719225513963474e+00 1.527763733332780371e-01 -1.368450954886136772e+00
1.276767685628766857e+00 4.481357616272409888e-02 -1.748080664060477796e+00
1.838244289781211016e+00 2.095476065495927576e-01 1.032694133440079876e+00
-1.838244289781211016e+00 -2.095476065495927576e-01 -2.108898520149713463e+00
-1.907185622072665510e+00 3.569714949629886058e-02 -1.357853807761937537e+00
-1.870109441633873937e+00 1.598892670364003010e-01 -9.832518184445476761e-01
-1.787832059534397722e+00 2.614588498177436438e-01 -5.950399709268915371e-01
-1.669339768019452830e+00 3.240607144092012004e-01 -1.898155456036516864e-01
-1.532981616021960258e+00 3.361665316600763176e-01 2.254217827956008502e-01
-1.403602386185302198e+00 2.953794808294603058e-01 6.366343207986393526e-01
-1.303348363808582322e+00 2.095476065495927298e-01 1.032694133440079876e+00
-1.245264807656205619e+00 9.339889588320565705e-02 1.412450411162589292e+00
-1.234407031517127828e+00 -3.569714949629882589e-02 1.783738845827855579e+00
-1.271483211955919401e+00 -1.598892670364000512e-01 2.158340835145244885e+00
-1.353760594055395394e+00 -2.614588498177436438e-01 2.546552682662901468e+00
-1.472252885570340508e+00 -3.240607144092011449e-01 2.951777107986141679e+00
-1.608611037567833080e+00 -3.361665316600763176e-01 -2.916170870794192904e+00
-1.737990267404491140e+00 -2.953794808294604168e-01 -2.504958332791154429e+00
1.894563771294590637e+00 1.235290066912144852e-01 1.064228011175461841e+00
-1.894563771294590637e+00 -1.235290066912144852e-01 -2.077364642414331275e+00
-1.815225120182725194e+00 2.470364286772518680e-01 -9.499617971916585191e-01
-1.701020866747352533e+00 3.212114464885398313e-01 -5.478927802014893489e-01
-1.563373683577789386e+00 3.456796251401734188e-01 -1.327722478622209157e-01
-1.427112143949318845e+00 3.155836401331487129e-01 2.815316312155694001e-01
-1.316509537156303367e+00 2.368639333294395022e-01 6.817490891488332538e-01
-1.247028882295202701e+00 1.235290066912145129e-01 1.064228011175461619e+00
-1.225107919444942350e+00 -6.983552277393398691e-03 1.435508977989752077e+00
-1.252143743198998127e+00 -1.365427871181612018e-01 1.807453202932528757e+00
-1.326367533407067922e+00 -2.470364286772517293e-01 2.191630856398134597e+00
-1.440571786842440583e+00 -3.212114464885397758e-01 2.593699873388303434e+00
-1.578218970012003952e+00 -3.456796251401734743e-01 3.008820405727572478e+00
-1.714480509640474493e+00 -3.155836401331487684e-01 -2.860061022374223771e+00
-1.825083116433489749e+00 -2.368639333294395299e-01 -2.459843564440960417e+00
2.001271200689036078e+00 7.886617913383753287e-02 1.150964433498352868e+00
-2.001271200689036078e+00 -7.886617913383753287e-02 -1.990628220091440470e+00
-1.821480614290349243e+00 3.620469925977274905e-01 -8.758971737733942664e-01
-1.657542116531175891e+00 4.290480105236008646e-01 -4.559936184838025430e-01
-1.475701636335595479e+00 4.273804283448632280e-01 -2.373266654177447893e-02
-1.141705242519817087e+00 -8.651889159525349982e-02 1.507549361400394083e+00
-1.202248563803476333e+00 -2.407706757764536687e-01 1.874024764831402123e+00
-1.320112039299443873e+00 -3.620469925977273795e-01 2.265695479816398628e+00
-1.484050537058617225e+00 -4.290480105236008090e-01 2.685599035105990406e+00
-1.665891017254198303e+00 -4.273804283448631725e-01 3.117859987048019477e+00
-1.828166604979839738e+00 -3.574314516878333015e-01 -2.746534953744774743e+00
-1.943487129326623153e+00 -2.341185482140303309e-01 -2.356243391825199929e+00
1.943320452289490241e+00 9.808857180676615328e-02 1.102015955262369395e+00
-1.943320452289490241e+00 -9.808857180676615328e-02 -2.039576698327423721e+00
-1.813090609202272496e+00 3.017264891604071742e-01 -9.169883984295710277e-01
-1.676056630388428115e+00 3.706464497016944692e-01 -5.070303293544339285e-01
-1.518910385140526564e+00 3.812947629331885357e-01 -8.456434046932903570e-02
-1.371853523441096900e+00 3.314080398670083416e-01 3.314968098821121090e-01
-1.260555128841498229e+00 2.311443877509424538e-01 7.271215743536156850e-01
-1.198272201300303097e+00 9.808857180676622267e-02 1.102015955262369173e+00
-1.189036196784169164e+00 -4.815668526833147278e-02 1.466909116897208376e+00
-1.233210967295982563e+00 -1.879841299380046737e-01 1.836788300708108279e+00
-1.328502044387520620e+00 -3.017264891604072852e-01 2.224604255160222088e+00
-1.465536023201364779e+00 -3.706464497016945248e-01 2.634562324235358854e+00
-1.622682268449266774e+00 -3.812947629331884802e-01 3.057028313120464524e+00
-1.769739130148696438e+00 -3.314080398670082861e-01 -2.810095843707681063e+00
-1.881037524748294887e+00 -2.311443877509425093e-01 -2.414471079236178319e+00
-1.262988530919637808e+00 7.592280443347636243e-02 1.035511185494003783e+00
1.262988530919637808e+00 -7.592280443347636243e-02 -2.106081468095789333e+00
1.313464637033346927e+00 -1.867677511302382742e-01 -2.486330605422179651e+00
1.404004338130972140e+00 -2.705371607536918854e-01 -2.880510981289987615e+00
1.522917875990312808e+00 -3.132247805626048875e-01 2.994784794078640733e+00
1.650448037418805303e+00 -3.068921032735364984e-01 2.582198591667198784e+00
1.763769046334113133e+00 -2.527578422763672727e-01 2.177231464587639387e+00
1.844953997228639286e+00 -1.606715684192862037e-01 1.786915310001058854e+00
1.884357376619724356e+00 -4.554726510360729980e-02 1.409225560123485099e+00
1.828128016556446411e+00 1.867677511302382187e-01 6.552620481676137976e-01
1.737588315458820976e+00 2.705371607536917744e-01 2.610816722998060557e-01
1.618674777599480530e+00 3.132247805626049986e-01 -1.468078595111519391e-01
1.491144616170988257e+00 3.068921032735364984e-01 -5.593940619225937771e-01
1.377823607255679983e+00 2.527578422763673283e-01 -9.643611890021542843e-01
1.296638656361154052e+00 1.606715684192862037e-01 -1.354677343588734040e+00
1.257235276970068760e+00 4.554726510360745245e-02 -1.732367093466307573e+00
-1.457455780070603835e+00 1.777254199255818082e-02 8.679841372918486453e-01
1.457455780070603835e+00 -1.777254199255818082e-02 -2.273608516297944693e+00
1.472793481623641654e+00 -5.972824062861886718e-02 -2.664385896293885558e+00
1.503060859565707341e+00 -9.265871593986528543e-02 -3.056873373987696318e+00
1.543770133100954567e+00 -1.115042766206907343e-01 2.831979687668488399e+00
1.588683612351474261e+00 -1.133225701147834996e-01 2.436757553666210718e+00
1.638531794024085997e+00 9.265871593986528543e-02 8.471927960209695019e-02
1.597822520488838549e+00 1.115042766206907482e-01 -3.096129659213043839e-01
1.552909041238319077e+00 1.133225701147834857e-01 -7.048350999235822867e-01
1.510780791498485209e+00 9.782752624419920051e-02 -1.099458361185922772e+00
1.477925861379895123e+00 6.744445678950899969e-02 -1.492353871667126741e+00
1.459251652556155188e+00 2.685831611698947727e-02 -1.883417311456189847e+00
-1.271679104323744758e+00 1.424290673182083966e-01 1.046485301805893275e+00
1.271679104323744758e+00 -1.424290673182083966e-01 -2.095107351783899841e+00
1.347132809685579691e+00 -2.452191101934883544e-01 -2.481628466438167369e+00
1.459321181060527106e+00 -3.116508792844491227e-01 -2.884472444694584414e+00
1.591426018019369781e+00 -3.297539339247158585e-01 2.985050793962646054e+00
1.719748196967654685e+00 -2.959962077586962836e-01 2.573537151957976832e+00
1.822022298212009339e+00 -2.168637868800503410e-01 2.175594075404460703e+00
1.884268998577883769e+00 -1.060844840698984964e-01 1.793606040299453142e+00
1.869913549266048580e+00 1.424290673182083411e-01 1.046485301805893275e+00
1.794459843904213647e+00 2.452191101934883266e-01 6.599641871516263025e-01
1.682271472529266232e+00 3.116508792844490117e-01 2.571202088952091458e-01
1.550166635570423557e+00 3.297539339247158585e-01 -1.565418596271467566e-01
1.421844456622138653e+00 2.959962077586963392e-01 -5.680555016318157291e-01
1.319570355377783777e+00 2.168637868800502577e-01 -9.659985781853328568e-01
1.257323655011909347e+00 1.060844840698985520e-01 -1.347986613290339974e+00
1.240977190930556473e+00 -1.951806058581990674e-02 -1.720657232962042427e+00
-1.298966881921958194e+00 5.714013754993731847e-02 9.993510297903914763e-01
1.298966881921958194e+00 -5.714013754993731847e-02 -2.142241623799401751e+00
1.340186315659719574e+00 -1.559741077418888011e-01 -2.524656212700523206e+00
1.416921465313890627e+00 -2.320020370651373065e-01 -2.917491121214281780e+00
1.519040346200903446e+00 -2.728801177525759791e-01 2.962137281920337983e+00
1.630109540206819974e+00 -2.713745735215826183e-01 2.554230769443955662e+00
1.730940579708902360e+00 -2.277608066758082805e-01 2.151276552198698955e+00
1.805472165617021618e+00 -1.497207274761317708e-01 1.759251169632502387e+00
1.842625771667834922e+00 5.714013754993724908e-02 9.993510297903915873e-01
1.801406337930073542e+00 1.559741077418888011e-01 6.169364408892703544e-01
1.724671188275902711e+00 2.320020370651372787e-01 2.241015323755115862e-01
1.622552307388890114e+00 2.728801177525759791e-01 -1.794553716694546885e-01
1.511483113382973364e+00 2.713745735215826183e-01 -5.873618841458373430e-01
1.410652073880890756e+00 2.277608066758082250e-01 -9.903161013910948274e-01
1.336120487972771720e+00 1.497207274761317986e-01 -1.382341483957290729e+00
1.297568250061831296e+00 4.983932332345384492e-02 -1.764211811952381082e+00
-1.290710553014017270e+00 7.440780489633479211e-02 1.010982729078952813e+00
1.290710553014017270e+00 -7.440780489633479211e-02 -2.130609924510840525e+00
1.338973146171265949e+00 -1.750689063927964306e-01 -2.513367297665471067e+00
1.423326402750608954e+00 -2.500951010186952539e-01 -2.907931165921325611e+00
1.532400993271874512e+00 -2.870635657452277889e-01 2.969534225555858331e+00
1.648209440446343876e+00 -2.792899496764651990e-01 2.560398862290656385e+00
1.750575519228580346e+00 -2.282163106610469172e-01 2.157927571350793272e+00
1.823520962093361231e+00 -1.428499891817122669e-01 1.767709232119261786e+00
1.850882100575775846e+00 7.440780489633476436e-02 1.010982729078953035e+00
1.802619507418527167e+00 1.750689063927964306e-01 6.282253559243222707e-01
1.718266250839184162e+00 2.500951010186951984e-01 2.336614876684676434e-01
1.609191660317918826e+00 2.870635657452276779e-01 -1.720584280339343131e-01
1.493383213143449240e+00 2.792899496764651990e-01 -5.811937912991366195e-01
1.391017134361212770e+00 2.282163106610468895e-01 -9.836650822390002880e-01
1.318071691496431885e+00 1.428499891817122391e-01 -1.373883421470531330e+00
1.283532489377966934e+00 3.682344860403516384e-02 -1.753730817521256258e+00
1.984111139455705830e+00 -5.051859525958125180e-02 6.113837933649792777e-01
1.973785636697499513e+00 1.070587884599523143e-01 2.511666830481931179e-01
1.906723724370835482e+00 2.505515103352405348e-01 -1.207199798006121511e-01
1.786244203090478599e+00 3.589334175405069494e-01 -5.168869278865724226e-01
1.625950989666117730e+00 4.127553467131184761e-01 -9.372692369572623861e-01
-1.807537787884892833e+00 -3.762450846679910726e-02 -1.453107355078096630e+00
-1.804183326410307986e+00 5.496496795405783620e-02 -1.071328281056428189e+00
-1.766250255829832971e+00 1.395793003054288384e-01 -6.858905696511389261e-01
-1.698205591014002147e+00 2.035374226514705398e-01 -2.925138607497555499e-01
-1.609499330347416324e+00 2.365707164052143485e-01 1.086138567060370569e-01
-1.514302870861249595e+00 2.330280133721551461e-01 5.125269367503471063e-01
-1.428543859701687735e+00 1.935288483991040309e-01 9.124432691519525074e-01
-1.365641731202205333e+00 1.247653606078410055e-01 1.304170817442354968e+00
-1.334054865704900505e+00 3.762450846679908645e-02 1.688485298511696708e+00
-1.337409327179485130e+00 -5.496496795405782232e-02 2.070264372533364483e+00
-1.375342397759960367e+00 -1.395793003054287829e-01 2.455702083938653857e+00
1.384404368307313726e+00 1.893017996345090492e-01 6.186682433236053713e-01
-1.384404368307313726e+00 -1.893017996345090492e-01 -2.522924410266187856e+00
-1.471510734906886553e+00 -2.459721454905952065e-01 -2.124761967212403402e+00
-1.575316167805213663e+00 -2.648400219320785065e-01 -1.719178222246049659e+00
-1.678344501046727721e+00 -2.425313013175491306e-01 -1.313962516445409401e+00
-1.763353581517429269e+00 -1.830241849805770427e-01 -9.166570889816909595e-01
-1.817936968567100520e+00 -9.628778622336980897e-02 -5.297146672928183531e-01
-1.835638929217545456e+00 4.362252970919250870e-03 -1.495649933569951073e-01
-1.814681974625458993e+00 1.043889212128752686e-01 2.309107365235600617e-01
-1.757188285282479390e+00 1.893017996345090215e-01 6.186682433236053713e-01
-1.463248152543065395e+00 2.425313013175490751e-01 1.827630137144383493e+00
-1.378239072072363847e+00 1.830241849805770704e-01 2.224935564608101934e+00
-1.323655685022692596e+00 9.628778622336962856e-02 2.611877986296975429e+00
-1.305953724372247660e+00 -4.362252970919236993e-03 2.992027660232798425e+00
-1.326910678964334123e+00 -1.043889212128751715e-01 -2.910681917066233471e+00
