2.532866535178569301e+00 -5.281040936326951707e-01 9.491300882392454952e-01
-2.532866535178569301e+00 5.281040936326951707e-01 -2.192462565350547621e+00
-2.322641553354327648e+00 8.281978266613245765e-01 -1.862919344839061297e+00
-1.855888164766311244e+00 1.030144187829385771e+00 -1.288812222815128417e+00
-1.195891678292503535e+00 1.011267301307557709e+00 -5.247336611318489386e-01
-7.754000144777208892e-01 7.875294065852309622e-01 4.280772219911306575e-03
-5.906080163294183949e-01 4.800679058908367547e-01 3.110897237146685312e-01
-5.226494215705919100e-01 1.452661277671939977e-01 5.281623442644175492e-01
-5.276711040109124395e-01 -1.956107153530546316e-01 7.241556047776416261e-01
-6.087261184112239265e-01 -5.281040936326951707e-01 9.491300882392453842e-01
-8.189511002354653568e-01 -8.281978266613245765e-01 1.278673308750731819e+00
-2.366192639112072449e+00 -7.875294065852311842e-01 -3.137311881369881927e+00
-2.550984637260374832e+00 -4.800679058908364771e-01 -2.830502929875124529e+00
-2.618943232019201428e+00 -1.452661277671941087e-01 -2.613430309325375678e+00
-2.613921549578880565e+00 1.956107153530541320e-01 -2.417437048812151712e+00
1.685096675557463897e+00 -3.244129753183980225e-01 -2.748156088420901977e+00
1.913399359821437384e+00 -2.210941833156753952e-02 2.371831394941807503e+00
1.833392775672308295e+00 2.237164029689589773e-01 1.619923439500514872e+00
1.456495978032329219e+00 3.244129753183980780e-01 3.934365651688911947e-01
-2.597506917944301108e+00 -3.881217035413830341e-01 1.834418654729380038e-01
2.597506917944301108e+00 3.881217035413830341e-01 -2.958150788116855168e+00
2.118726195316896099e+00 9.748310193923169775e-01 2.614694968552665255e+00
9.022678695078079070e-01 9.140167415409726770e-01 1.195249932584934616e+00
5.247904883874194848e-01 2.967326658203961465e-01 5.762144846457187830e-01
5.002620990735703321e-01 -4.658854068474139326e-02 3.830710737179287562e-01
5.440857356454921190e-01 -3.881217035413828675e-01 1.834418654729380593e-01
2.616802165202373853e+00 -2.967326658203960910e-01 -2.565378168944074666e+00
2.641330554516223117e+00 4.658854068474092142e-02 -2.758521579871864304e+00
-2.491017474633858697e+00 -3.379054938263420516e-01 2.628791501736303937e-01
2.491017474633858697e+00 3.379054938263420516e-01 -2.878713503416162833e+00
2.352092465033858382e+00 6.354897989668134572e-01 3.112343125130849320e+00
2.049366925510474502e+00 8.714542315705728903e-01 2.676592956802596568e+00
1.045078621593450885e+00 8.491779242762055313e-01 1.422892700927752774e+00
7.663646592508003286e-01 6.025279105014560432e-01 1.009461263305405199e+00
6.413619858091251791e-01 3.009602512389878970e-01 7.278649774219075885e-01
6.083309705975707971e-01 -1.898322710668539498e-02 4.968189209789270477e-01
6.505751789559346410e-01 -3.379054938263419405e-01 2.628791501736305047e-01
7.895001885559348453e-01 -6.354897989668131242e-01 -2.924952845894373404e-02
1.092225728079318392e+00 -8.714542315705726683e-01 -4.649996967871963816e-01
1.604004678719854082e+00 -9.622066931974466719e-01 -1.101226642962721547e+00
2.096514031996342009e+00 -8.491779242762056423e-01 -1.718699952662039898e+00
2.375227994338993120e+00 -6.025279105014559322e-01 -2.132131390284388139e+00
2.500230667780667826e+00 -3.009602512389879525e-01 -2.413727676167885416e+00
2.533261682992222319e+00 1.898322710668500640e-02 -2.644773732610865569e+00
-2.646439394393760303e+00 -4.563833687912313697e-01 3.250575202409241582e-01
2.646439394393760303e+00 4.563833687912313697e-01 -2.816535133348869291e+00
2.491582998123224257e+00 7.886703319363808085e-01 -3.077490688670367458e+00
2.095478890945601247e+00 1.055459426060175954e+00 2.716476065068416546e+00
1.329648740120743966e+00 1.116039353992396732e+00 1.862290079138135157e+00
7.690601238798744355e-01 9.105489134979285470e-01 1.211384374088434024e+00
5.413354680677493480e-01 5.956744440792904882e-01 8.840546951439848256e-01
4.557752034434934818e-01 2.494555822893797792e-01 6.791354813427438186e-01
4.432753712074070651e-01 -1.050923464258945450e-01 5.089391582997353503e-01
4.951532591960329799e-01 -4.563833687912314252e-01 3.250575202409243247e-01
6.500096554665687476e-01 -7.886703319363804754e-01 6.410196491942593555e-02
2.600257185522043990e+00 -5.956744440792903772e-01 -2.257537958445808624e+00
2.685817450146299912e+00 -2.494555822893798069e-01 -2.462457172247049186e+00
2.698317282382386217e+00 1.050923464258941009e-01 -2.632653495290057766e+00
2.064427322410387067e+00 -3.924466206532664647e-01 9.339717908572935379e-01
-2.064427322410387067e+00 3.924466206532664647e-01 -2.207620862732499578e+00
-1.877985199599984334e+00 5.478796184226422117e-01 -1.801790445382579486e+00
-1.618863949345380693e+00 6.187379811171220823e-01 -1.337506098671341848e+00
-1.346300491328218385e+00 5.833654052098081744e-01 -8.617776859625110308e-01
-1.131410084926051551e+00 4.531551305372572003e-01 -4.338759601632944940e-01
-1.001370273060490090e+00 2.610769654599437994e-01 -6.723521550284103365e-02
-9.515121998757075650e-01 3.915134275061308428e-02 2.611840680690932781e-01
-9.756898431548506334e-01 -1.868833332212289366e-01 5.838951921150900004e-01
-1.077165331179406271e+00 -3.924466206532664092e-01 9.339717908572935379e-01
-1.263607453989808782e+00 -5.478796184226422117e-01 1.339802208207213630e+00
-1.522728704244412645e+00 -6.187379811171219712e-01 1.804086554918451490e+00
-1.795292162261574731e+00 -5.833654052098081744e-01 2.279814967627281419e+00
-2.010182568663741343e+00 -4.531551305372572003e-01 2.707716693426498900e+00
-2.140222380529303248e+00 -2.610769654599435774e-01 3.074357438086952499e+00
-2.190080453714085884e+00 -3.915134275061304958e-02 -2.880408585520700004e+00
-2.165902810434942261e+00 1.868833332212285203e-01 -2.557697461474703449e+00
2.025699000836447272e+00 -4.579344097996593810e-01 8.805051059656149315e-01
-2.025699000836447272e+00 4.579344097996593810e-01 -2.261087547624178296e+00
-1.808150975623933565e+00 5.934943006929871423e-01 -1.833496729249384005e+00
-1.068969306998871716e+00 4.050938740595633192e-01 -4.773335609880252073e-01
-9.640490202264473396e-01 1.961785923194368786e-01 -1.282234179203054492e-01
-9.377241526493703683e-01 -3.394145158827235886e-02 1.917678857859310415e-01
-9.861329404042324942e-01 -2.605647082638338219e-01 5.167615916651029373e-01
-1.115893652753345622e+00 -4.579344097996593255e-01 8.805051059656148205e-01
-1.333441677965859551e+00 -5.934943006929870313e-01 1.308095924340409333e+00
-2.072623346590921400e+00 -4.050938740595634302e-01 2.664259092601767520e+00
-2.177543633363345776e+00 -1.961785923194365178e-01 3.013369235669487889e+00
-2.203868500940422859e+00 3.394145158827240050e-02 -2.949824767803862269e+00
-2.155459713185560844e+00 2.605647082638334888e-01 -2.624831061924691067e+00
1.108159789197191492e+00 -5.029660002125113660e-02 4.506494932729481206e-01
-1.108159789197191492e+00 5.029660002125113660e-02 -2.690943160316844995e+00
-1.121409068274135779e+00 -1.244516830268330154e-01 -2.338571660351013382e+00
-1.196827076620619490e+00 -2.834180652005471313e-01 -1.971363871862493511e+00
-1.332578408750033194e+00 -4.034294520348410407e-01 -1.573631341881799095e+00
-1.708801380492158684e+00 -4.456604362085243576e-01 -7.079785351004467264e-01
-1.874030759039528204e+00 -3.583602520045749973e-01 -2.912643535994756672e-01
-1.984671216144889394e+00 -2.187683515947216606e-01 9.220621468118866959e-02
-2.033432864392601847e+00 -5.029660002125122681e-02 4.506494932729480651e-01
-2.020183585315657560e+00 1.244516830268330154e-01 8.030209932387801786e-01
-1.944765576969173626e+00 2.834180652005471313e-01 1.170228781727299827e+00
-1.809014244839760144e+00 4.034294520348410407e-01 1.567961311707993799e+00
-1.626989471784017871e+00 4.620059304953154644e-01 1.996376882653848162e+00
-1.432791273097634432e+00 4.456604362085241355e-01 2.433614118489347167e+00
-1.267561894550265134e+00 3.583602520045748308e-01 2.850328299990317671e+00
-1.156921437444903944e+00 2.187683515947217994e-01 -3.049386438908605168e+00
2.972768762383808827e+00 -6.561051421988444154e-01 5.726525392178344331e-01
-2.972768762383808827e+00 6.561051421988444154e-01 -2.568940114371958572e+00
-2.875356582886448020e+00 1.040222107634468207e+00 -2.441528470020787545e+00
-2.308338519082775431e+00 1.389926750203187122e+00 -1.847483801157502104e+00
-4.660516748258023978e-01 1.270000873158363408e+00 2.118192227375191583e-02
-2.148757154331406294e-01 8.964401313112926317e-01 3.001965946378248318e-01
-1.531502231622952626e-01 5.100264237606237927e-01 3.938306663593564849e-01
-1.345274913343995626e-01 1.212644251365020964e-01 4.526757151039427773e-01
-1.385033828031226599e-01 -2.678737502746340038e-01 5.059253836480156474e-01
-1.688238912059845387e-01 -6.561051421988443044e-01 5.726525392178345442e-01
-2.662360707033453733e-01 -1.040222107634468207e+00 7.000641835690057935e-01
-8.332541345070172412e-01 -1.389926750203187122e+00 1.294108852432290346e+00
-2.675540978763990108e+00 -1.270000873158363852e+00 -3.120410731316042074e+00
-2.926716938156652237e+00 -8.964401313112932979e-01 -2.841396058951968673e+00
-2.988442430427498131e+00 -5.100264237606233486e-01 -2.747761987230436631e+00
-3.007065162255393442e+00 -1.212644251365021658e-01 -2.688916938485850228e+00
-3.003089270786670539e+00 2.678737502746335042e-01 -2.635667269941777580e+00
-7.824598273914701307e-01 -4.639848067777432306e-01 9.811681206819016232e-01
7.824598273914701307e-01 4.639848067777432306e-01 -2.160424532907891493e+00
6.943489561078992622e-01 1.715914778096998827e-01 -2.437790318935873390e+00
6.893743270543633006e-01 -1.323955149830850497e-01 -2.687409972254642732e+00
7.654562207687990449e-01 -4.275819110350711494e-01 -2.958196392487943971e+00
9.535289791946494065e-01 -6.869787915791073507e-01 2.974945457163574503e+00
1.306317577348827141e+00 -8.589925917043220727e-01 2.476857796832056646e+00
1.777190797069120975e+00 -8.708722420607345471e-01 1.866177656332769441e+00
2.152565092995469165e+00 -7.157049274192065491e-01 1.346787855628595043e+00
2.359132826198323318e+00 -4.639848067777432306e-01 9.811681206819016232e-01
2.447243697481893854e+00 -1.715914778096998827e-01 7.038023346539197256e-01
2.452218326535430037e+00 1.323955149830851052e-01 4.541826813351502734e-01
2.376136432820994404e+00 4.275819110350709273e-01 1.833962611018495892e-01
2.188063674395143821e+00 6.869787915791073507e-01 -1.666471964262183358e-01
9.890275605943246173e-01 7.157049274192069932e-01 -1.794804797961197629e+00
-2.919387185101740556e+00 -5.875029142995017439e-01 5.815670950732976241e-01
2.919387185101740556e+00 5.875029142995017439e-01 -2.560025558516495714e+00
2.812976420500025831e+00 9.662828533602874082e-01 -2.708960444279181257e+00
2.352656267762385234e+00 1.309331931523237014e+00 3.076095239516754010e+00
3.195862388453284963e-01 9.473369694197149027e-01 9.686234753304697742e-01
2.193518977307960527e-01 5.680018231535688411e-01 8.255111427477495045e-01
1.876491458617266239e-01 1.831583668590106018e-01 7.407222464072313883e-01
1.883791289386012868e-01 -2.027923416190968720e-01 6.677745196858537735e-01
2.222054684880527264e-01 -5.875029142995016329e-01 5.815670950732976241e-01
2.922240755858997119e+00 -5.680018231535681750e-01 -2.316081510842044278e+00
2.953943507728066464e+00 -1.831583668590106018e-01 -2.400870407182561728e+00
2.953213524651192134e+00 2.027923416190964834e-01 -2.473818133903939120e+00
2.179437969327801206e+00 -4.598095243930377940e-01 9.209837024856347698e-01
-2.179437969327801206e+00 4.598095243930377940e-01 -2.220608951104158457e+00
-1.962340882700192690e+00 6.511131769145985793e-01 -1.814847057646203243e+00
-1.636670753348871132e+00 7.424538927362196450e-01 -1.314110948725614625e+00
-1.287648851114791659e+00 6.986623236936083670e-01 -7.920168500200024386e-01
-1.027731491025057675e+00 5.379417693429155989e-01 -3.498749246394312618e-01
-8.813840786117373982e-01 3.084072965419486501e-01 1.138689879187059113e-03
-8.272606904776804715e-01 4.852098882017157749e-02 3.012579398785812934e-01
-8.520571652635373638e-01 -2.155876822156624628e-01 5.937725184453462868e-01
-2.314331963112112867e+00 -4.852098882017158443e-02 -2.840334713711211823e+00
-2.289535488326256196e+00 2.155876822156621853e-01 -2.547820135144447384e+00
-2.594606477911962195e+00 -3.587525876946084380e-01 8.017897803003251611e-02
2.594606477911962195e+00 3.587525876946084380e-01 -3.061413675559760517e+00
2.463414882353295532e+00 6.820939641900238826e-01 2.962465163232022913e+00
6.577495486618958331e-01 6.491162553718928807e-01 7.276922467384293602e-01
5.392875664042516837e-01 3.227944296067568608e-01 4.784294838846689379e-01
5.087484112433108274e-01 -1.834141179196796881e-02 2.805909446091502391e-01
5.469861756778311435e-01 -3.587525876946083270e-01 8.017897803003258550e-02
2.483843104927897727e+00 -6.491162553718923256e-01 -2.413900406851364089e+00
2.602305087185541321e+00 -3.227944296067569718e-01 -2.663163169705124123e+00
2.632844242346482400e+00 1.834141179196759064e-02 -2.861001708980642544e+00
3.037426417299866177e+00 -6.494309699798188618e-01 5.478911593874181696e-01
-3.037426417299866177e+00 6.494309699798188618e-01 -2.593701494202375279e+00
-2.977587514585582351e+00 1.038863827625785330e+00 -2.515169178178661369e+00
-2.582988419809085556e+00 1.413907319717795374e+00 -2.103773868485242282e+00
-3.133460413378702514e-01 1.298800529054917163e+00 1.822251717660897663e-01
-1.360915375218333667e-01 9.142599289517268080e-01 3.767059015640756847e-01
-9.579342633830573162e-02 5.240535519018314492e-01 4.367089697568940498e-01
-8.364506098330544426e-02 1.328868524320319378e-01 4.736454608871846772e-01
-8.576069332610752882e-02 -2.584402802663590126e-01 5.067220383815991269e-01
-1.041662362899272998e-01 -6.494309699798185287e-01 5.478911593874181696e-01
-1.640051390042110147e-01 -1.038863827625785330e+00 6.264234754111318582e-01
-5.586042337807077818e-01 -1.413907319717795374e+00 1.037818785104551056e+00
-2.828246612251922087e+00 -1.298800529054917385e+00 -2.959367481823704349e+00
-3.005501116067959888e+00 -9.142599289517270300e-01 -2.764886752025717431e+00
-3.045799227251487551e+00 -5.240535519018310051e-01 -2.704883683832898900e+00
-3.057947592606487852e+00 -1.328868524320319100e-01 -2.667947192702608827e+00
-3.055831960263685865e+00 2.584402802663585130e-01 -2.634870615208194433e+00
2.705329503869962515e+00 -5.364320083216959079e-01 1.027025032708334340e+00
-2.705329503869962515e+00 5.364320083216959079e-01 -2.114567620881458776e+00
-2.535624821209250257e+00 8.792981929317628120e-01 -1.858189629538556265e+00
-6.178493616663518484e-01 8.931185018077169024e-01 2.874855763023453359e-01
-3.789046480831788077e-01 1.906276102056167765e-01 7.178170988885976822e-01
-3.777518882605551687e-01 -1.749380972074007778e-01 8.620666036385351561e-01
-2.762688005506614530e+00 -1.906276102056167765e-01 -2.423775554701195212e+00
-2.763840765329238280e+00 1.749380972074002505e-01 -2.279526049951257960e+00
1.557600831373773254e+00 -6.133556878689411240e-03 7.761479771675732220e-01
-1.557600831373773254e+00 6.133556878689411240e-03 -2.365444676422220116e+00
-1.556258150973691246e+00 6.171762158907314949e-04 -1.972781576711082119e+00
-1.557128500396770310e+00 -4.993146293350831863e-03 -1.580121104730154880e+00
-1.564662235900025067e+00 -1.319524719679516025e-02 -7.947292891391974923e-01
-1.570179085350541071e+00 -1.453817305216774901e-02 -4.019942231641547847e-01
-1.575789939500326309e+00 -1.366765600809552450e-02 -9.256528512290761873e-03
-1.580640320170245250e+00 -1.071629319263965770e-02 3.834611735842401448e-01
-1.583991822216020084e+00 -6.133556878689409506e-03 7.761479771675732220e-01
-1.585334502616102093e+00 -6.171762158907332296e-04 1.168811076878710997e+00
-1.584464153193022806e+00 4.993146293350829261e-03 1.561471548859638014e+00
-1.581513139195685813e+00 9.843428125619753735e-03 1.954152007871822860e+00
-1.576930417689768271e+00 1.319524719679515679e-02 2.346863364450595402e+00
-1.571413568239252045e+00 1.453817305216775248e-02 2.739598430425638664e+00
-1.565802714089467029e+00 1.366765600809552277e-02 3.132336125077502142e+00
-1.560952333419547866e+00 1.071629319263966464e-02 -2.758131480005553637e+00
-2.621040715049465231e-01 -6.253981913297428363e-01 7.421459337167399806e-01
2.621040715049465231e-01 6.253981913297428363e-01 -2.399446719873053357e+00
2.181890489214812767e-01 2.436030091660403851e-01 -2.501800416907616675e+00
2.137771154260803830e-01 -1.401979766199043798e-01 -2.585555527688422561e+00
2.449140879730820064e-01 -5.229119798526115082e-01 -2.679403064567244197e+00
3.445264858970985555e-01 -8.995404214563733625e-01 -2.829150007519136700e+00
2.743418691250370856e+00 -9.982322741779162678e-01 9.262037113477095129e-01
2.879488582084846815e+00 -6.253981913297430584e-01 7.421459337167399806e-01
2.923403604668311839e+00 -2.436030091660404684e-01 6.397922366821765516e-01
2.927815538163712983e+00 1.401979766199044353e-01 5.560371259013704437e-01
2.896678565616711332e+00 5.229119798526111751e-01 4.621895890225493631e-01
-1.041858498459832916e+00 -2.668980073210369119e-01 1.037438826964018457e+00
1.041858498459832916e+00 2.668980073210369119e-01 -2.104153826625774659e+00
9.865910837884805940e-01 5.742489739442177554e-02 -2.441445693226863334e+00
1.003444491079480860e+00 -1.583524456749128007e-01 -2.770618270078936352e+00
1.094218991643605809e+00 -3.562575253703433309e-01 -3.122164051420938780e+00
1.264089187580672347e+00 -5.083653670488545995e-01 2.761185195753488753e+00
1.501987004033244144e+00 -5.831157495318779471e-01 2.308873301265160993e+00
1.757937105914948672e+00 -5.593990456227612151e-01 1.841619784337095389e+00
1.967406616734287184e+00 -4.444214983618119397e-01 1.412075364074297124e+00
2.099734155129960200e+00 -2.668980073210369675e-01 1.037438826964018679e+00
2.155001569801312744e+00 -5.742489739442168534e-02 7.001469603629301153e-01
2.138148162510312478e+00 1.583524456749126896e-01 3.709743835108567089e-01
2.047373661946187529e+00 3.562575253703429978e-01 1.942860216885487767e-02
1.877503466009120991e+00 5.083653670488545995e-01 -3.804074578363041970e-01
1.639605649556548972e+00 5.831157495318778361e-01 -8.327193523246324558e-01
1.383655547674844444e+00 5.593990456227613262e-01 -1.299972869252697949e+00
1.174186036855506376e+00 4.444214983618120507e-01 -1.729517289515495548e+00
2.778547800530511314e+00 -5.964046137776675138e-01 8.500240942639091246e-01
-2.778547800530511314e+00 5.964046137776675138e-01 -2.291568559325884102e+00
-2.609984525450970150e+00 9.525509535866555355e-01 -2.054896755280675169e+00
-4.819616380305328796e-01 8.842391442503046983e-01 2.553516948237355422e-01
-3.460457450796056711e-01 5.231559987342123685e-01 4.615797286025217216e-01
-3.017215313671236521e-01 1.503032661948922599e-01 5.932386417310600013e-01
-3.061600056554263927e-01 -2.248260293227787310e-01 7.101606450016146876e-01
-3.630448530592816914e-01 -5.964046137776672918e-01 8.500240942639089026e-01
-2.659631015559260181e+00 -8.842391442503049204e-01 -2.886240958766057574e+00
-2.795546908510187389e+00 -5.231559987342121465e-01 -2.680012924987271283e+00
-2.839871122222669353e+00 -1.503032661948924542e-01 -2.548354011858732893e+00
-2.835432647934367001e+00 2.248260293227782591e-01 -2.431432008588178650e+00
