-3.191386520713782593e-01 -8.310446876138199990e-01 2.651646504042656782e-01
3.191386520713782593e-01 8.310446876138199990e-01 -2.876428003185527604e+00
2.374239327580136005e-01 4.527809307510305969e-01 -3.010348785736267629e+00
2.136364755205759358e-01 6.975588758010872747e-02 -3.100698075830740752e+00
2.242325229042435586e-01 -3.138053273066058746e-01 3.097083216667395167e+00
2.788761205419860723e-01 -6.945845077872736528e-01 2.986103751908272930e+00
4.503305727159886418e-01 -1.063390285084107933e+00 2.767573387955367892e+00
1.252456016746054335e+00 -1.346225290616096304e+00 1.922548544437901796e+00
2.540887075202477696e+00 -1.187276847080498854e+00 5.918160299797720070e-01
2.822454001518414746e+00 -8.310446876138201100e-01 2.651646504042658448e-01
2.904168720831779460e+00 -4.527809307510307080e-01 1.312438678535255976e-01
2.927956178069217152e+00 -6.975588758010844992e-02 4.089457775905233627e-02
2.917360130685549890e+00 3.138053273066054860e-01 -4.450943692239793525e-02
2.862716533047807044e+00 6.945845077872736528e-01 -1.554889016815200198e-01
2.691262080873804585e+00 1.063390285084108378e+00 -3.740192656344257793e-01
1.889136636843738559e+00 1.346225290616096304e+00 -1.219044109151891764e+00
6.007055783873158639e-01 1.187276847080499298e+00 -2.549776623610020554e+00
-2.725767771861328903e+00 -1.046396468777221811e+00 1.511561175329766638e+00
2.725767771861328903e+00 1.046396468777221811e+00 -1.630031478260026701e+00
1.997292243657571298e+00 1.346774496076369010e+00 -2.399621337754698214e+00
6.118930331313039428e-01 1.210982662003468047e+00 2.457804329044934288e+00
3.132249515766468706e-01 8.547719140763464507e-01 2.116313215861351349e+00
2.295314819146866137e-01 4.757735288169538390e-01 1.983273503571819640e+00
2.045351688587602468e-01 9.203070416092520856e-02 1.895723034288163023e+00
2.128181523818219734e-01 -2.923628164184007283e-01 1.814461523271110321e+00
2.619304088667750441e-01 -6.744320287850116280e-01 1.710790375460978341e+00
4.158248817284641574e-01 -1.046396468777221589e+00 1.511561175329766860e+00
1.144300409932221374e+00 -1.346774496076369010e+00 7.419713158350956794e-01
2.529699620458489395e+00 -1.210982662003468047e+00 -6.837883245448589387e-01
2.828367702013146356e+00 -8.547719140763470058e-01 -1.025279437728441767e+00
2.912061171675106586e+00 -4.757735288169543941e-01 -1.158319150017973254e+00
2.937057484731032897e+00 -9.203070416092501427e-02 -1.245869619301630093e+00
2.928774501207971337e+00 2.923628164184005618e-01 -1.327131130318682795e+00
2.879662244723018460e+00 6.744320287850110729e-01 -1.430802278128814775e+00
2.040690139544499182e+00 3.547512461671482598e-01 1.298013136897216979e+00
-2.040690139544499182e+00 -3.547512461671482598e-01 -1.843579516692576359e+00
-2.131666066432011952e+00 -1.591000212276945103e-01 -1.490732005947232652e+00
-2.149179005605629467e+00 5.464446427960076291e-02 -1.160208765608676140e+00
-2.095005912828490136e+00 2.623483064064166537e-01 -8.220063389231019313e-01
-1.964550501099735946e+00 4.385173862703590775e-01 -4.473861237486212450e-01
-1.758063044558199284e+00 5.529558117857320543e-01 -1.912852653160434027e-02
-1.505565000153315847e+00 5.774085062579720207e-01 4.462298578313819708e-01
-1.270017353749010702e+00 5.045374682871648364e-01 8.976277439358559818e-01
-1.100902514045293934e+00 3.547512461671482598e-01 1.298013136897216757e+00
-1.009926587157781164e+00 1.591000212276945658e-01 1.650860647642560464e+00
-9.924136479841634273e-01 -5.464446427960074903e-02 1.981383887981117198e+00
-1.046586740761302758e+00 -2.623483064064165982e-01 2.319586314666691074e+00
-1.177042152490057170e+00 -4.385173862703590220e-01 2.694206529841171704e+00
-1.383529609031594054e+00 -5.529558117857322763e-01 3.122464127058189209e+00
-1.636027653436477269e+00 -5.774085062579721317e-01 -2.695362795758410979e+00
-1.871575299840782414e+00 -5.045374682871649474e-01 -2.243964909653937578e+00
1.804645828328099721e+00 -9.576417720098131525e-01 6.882765047909723544e-01
-1.804645828328099721e+00 9.576417720098131525e-01 -2.453316148798820873e+00
-1.243939416120165564e+00 9.383973406748232771e-01 -1.772011162535161999e+00
-8.578704856450540817e-01 7.376998327606943961e-01 -1.260209578214380732e+00
-6.713953351096069166e-01 4.513356943068188021e-01 -9.326913300443889776e-01
-6.002291183414075748e-01 1.337439700682447330e-01 -6.901148389359029744e-01
-6.066867308340804232e-01 -1.909353402153062818e-01 -4.681440607362850059e-01
-6.941217937796204662e-01 -5.052295996528447519e-01 -2.161476032592346830e-01
-9.088881373207913228e-01 -7.817938059834116382e-01 1.360568578838869946e-01
-1.336946825261693172e+00 -9.576417720098131525e-01 6.882765047909720213e-01
-1.897653237469627330e+00 -9.383973406748233881e-01 1.369581491054631117e+00
-2.283722167944739034e+00 -7.376998327606941741e-01 1.881383075375412384e+00
-2.470197318480186421e+00 -4.513356943068190241e-01 2.208901323545404249e+00
-2.541363535248385652e+00 -1.337439700682448440e-01 2.451477814653890253e+00
-2.534905922755712915e+00 1.909353402153065871e-01 2.673448592853508554e+00
-2.447470859810172872e+00 5.052295996528448629e-01 2.925445050330558683e+00
-2.232704516269002237e+00 7.817938059834114162e-01 -3.005535795705906565e+00
2.613326504727373045e+00 -3.375072795321742425e-01 1.733929832697444606e+00
-2.613326504727373045e+00 3.375072795321742425e-01 -1.407662820892348732e+00
-2.492038368609896359e+00 6.659417596694133801e-01 -1.159835778661419514e+00
-2.194376212400926729e+00 9.448506003784186147e-01 -7.536885215316774245e-01
-1.583285860128569977e+00 1.075107733091192674e+00 -4.195940228526370136e-02
-9.625926139953977501e-01 9.526531819746376639e-01 6.792463733809367410e-01
-6.560714276693969671e-01 6.766707996576304396e-01 1.093836062868494219e+00
-5.307049301160504662e-01 3.491639698507235101e-01 1.344895914885082977e+00
-4.956559615172738131e-01 5.940370652295615464e-03 1.539823364296794450e+00
-5.282661488624200707e-01 -3.375072795321741315e-01 1.733929832697444384e+00
-6.495542849798967566e-01 -6.659417596694132691e-01 1.981756874928373602e+00
-9.472164411888666091e-01 -9.448506003784187257e-01 2.387904132058115803e+00
-1.558306793461222473e+00 -1.075107733091192674e+00 3.099633251304528603e+00
-2.179000039594394700e+00 -9.526531819746377749e-01 -2.462346280208857152e+00
-2.485521225920396038e+00 -6.766707996576303286e-01 -2.047756590721299119e+00
-2.610887723473742650e+00 -3.491639698507236211e-01 -1.796696738704710361e+00
-2.645936692072519580e+00 -5.940370652296114197e-03 -1.601769289292999110e+00
1.364775740270623317e+00 -8.388279680717469766e-01 8.418731619693570201e-01
-1.364775740270623317e+00 8.388279680717469766e-01 -2.299719491620435985e+00
-1.009893419710539142e+00 6.879014685760898029e-01 -1.793520067532644591e+00
-8.100928208083189030e-01 4.437329382331722250e-01 -1.426544405326180653e+00
-7.242331819434663087e-01 1.590206609993746745e-01 -1.141980077893088197e+00
-7.213551734624139566e-01 -1.371483697622142839e-01 -8.831449387451877353e-01
-8.003563678791887348e-01 -4.235230144662724960e-01 -6.022471126924708873e-01
-9.900463360003000091e-01 -6.721419688764262990e-01 -2.436609689724182626e-01
-1.333311309722835070e+00 -8.324124903392363661e-01 2.516805807239096415e-01
-1.776816913319169799e+00 -8.388279680717468656e-01 8.418731619693566870e-01
-2.131699233879253974e+00 -6.879014685760900250e-01 1.348072586057148303e+00
-2.331499832781474435e+00 -4.437329382331723915e-01 1.715048248263612463e+00
-2.417359471646326696e+00 -1.590206609993751463e-01 1.999612575696704919e+00
-2.420237480127379381e+00 1.371483697622140063e-01 2.258447714844605159e+00
-2.341236285710604381e+00 4.235230144662727736e-01 2.539345540897322451e+00
-2.151546317589493551e+00 6.721419688764264100e-01 2.897931684617374604e+00
-1.808281343866958712e+00 8.324124903392361441e-01 -2.889912072865884252e+00
3.114105554017861710e+00 -9.809461844858975432e-01 -2.595932585612165666e-01
-3.114105554017861710e+00 9.809461844858975432e-01 2.881999395028576494e+00
-3.063627409234434218e+00 1.373235182965532708e+00 2.935609814734971845e+00
-7.845621077474874971e-02 1.374485125467398206e+00 -3.593927628056056145e-01
-2.753869892944869197e-02 9.821994851164944640e-01 -3.053437649321471548e-01
-1.839378615746280199e-02 5.895973233487805665e-01 -2.926657062808794563e-01
-1.558940642272621871e-02 1.969531075685621024e-01 -2.854882870170922238e-01
-1.558551967295667903e-02 -1.956994847509842261e-01 -2.794065963625085858e-01
-1.837838676055137191e-02 -5.883437601322167865e-01 -2.722369733683465687e-01
-2.748709957193160025e-02 -9.809461844858974322e-01 -2.595932585612165111e-01
-7.796524435535891195e-02 -1.373235182965532708e+00 -2.059828388548212985e-01
-3.063136442815044269e+00 -1.374485125467398206e+00 2.782199890784187613e+00
-3.114053954660344736e+00 -9.821994851164947971e-01 2.836248888657646017e+00
-3.123198867432330328e+00 -5.895973233487811216e-01 2.848926947308913604e+00
-3.126003247167067123e+00 -1.969531075685617416e-01 2.856104366572701281e+00
-3.126007133916836711e+00 1.956994847509840596e-01 2.862186057227284586e+00
-3.123214266829241748e+00 5.883437601322161203e-01 2.869355680221446381e+00
-2.499191897565221865e+00 3.820858032605443239e-02 -4.973073389214793250e-01
2.499191897565221865e+00 -3.820858032605443239e-02 2.644285314668314069e+00
2.470381324299351977e+00 2.743112969806228429e-01 2.403795826997290774e+00
2.351215314022231162e+00 5.689262403579088412e-01 2.117392053478310388e+00
2.089140071918550667e+00 8.103885364676859382e-01 1.711795839824955090e+00
1.634515574809128680e+00 9.274208260288843153e-01 1.124494019772501963e+00
1.145892512147152376e+00 8.538130426662801087e-01 5.043057877344309103e-01
8.380607195998907022e-01 6.344686855039169959e-01 5.659472435081407821e-02
6.905585338697119990e-01 3.484773995459516382e-01 -2.508858885555197982e-01
6.424007560245712511e-01 3.820858032605455035e-02 -4.973073389214793250e-01
6.712113292904413608e-01 -2.743112969806226764e-01 -7.377968265925022306e-01
7.903773395675618429e-01 -5.689262403579086191e-01 -1.024200600111482506e+00
1.052452581671242005e+00 -8.103885364676857161e-01 -1.429796813764837804e+00
1.507077078780664214e+00 -9.274208260288843153e-01 -2.017098633817290931e+00
1.995700141442641184e+00 -8.538130426662799977e-01 -2.637286865855362983e+00
2.303531933989902303e+00 -6.344686855039171069e-01 -3.084997929238979086e+00
2.451034119720081339e+00 -3.484773995459519713e-01 2.890706765034273928e+00
-1.848419249767272232e+00 -2.761838530898831356e-01 6.684351788155573626e-01
1.848419249767272232e+00 2.761838530898831356e-01 -2.473157474774235975e+00
1.720183198339236164e+00 3.606009487884286879e-01 -2.877405168889498821e+00
1.563916772939503153e+00 3.890081980972094344e-01 2.984446520346480725e+00
1.409002927130931004e+00 3.553992053834896248e-01 2.563984068566028451e+00
1.284198162866483139e+00 2.668393184672540608e-01 2.161676615184545902e+00
1.206482216034327148e+00 1.397138241757260591e-01 1.781928867099924929e+00
1.181779824015759317e+00 -6.365545420113294210e-03 1.416259443388278250e+00
1.211087240623038408e+00 -1.516016930519058226e-01 1.049921618457373640e+00
1.293173403822520884e+00 -2.761838530898830246e-01 6.684351788155575846e-01
1.421409455250557174e+00 -3.606009487884286324e-01 2.641874847002946836e-01
1.577675880650289963e+00 -3.890081980972094344e-01 -1.571461332433122804e-01
1.732589726458862112e+00 -3.553992053834897913e-01 -5.776085850237643315e-01
1.857394490723309977e+00 -2.668393184672540053e-01 -9.799160384052471029e-01
1.935110437555465968e+00 -1.397138241757259203e-01 -1.359663786489868631e+00
1.959812829574033799e+00 6.365545420113252577e-03 -1.725333210201515088e+00
1.930505412966755152e+00 1.516016930519057393e-01 -2.091671035132419476e+00
-9.363897811768097101e-01 -3.906431026139924323e-01 9.939112960783409445e-01
9.363897811768097101e-01 3.906431026139924323e-01 -2.147681357511452394e+00
8.516646634454249076e-01 1.425510788693423181e-01 -2.464326934060085517e+00
8.480784637966689576e-01 -1.185517805321305157e-01 -2.758509703316721406e+00
9.247504987842023461e-01 -3.689230422255025399e-01 -3.071306968964993889e+00
1.098155736659412796e+00 -5.800290492327052627e-01 2.837913687338242674e+00
1.382299748019601093e+00 -7.102850944839445013e-01 2.371812312587012528e+00
1.728292502933858499e+00 -7.165446243557019868e-01 1.849950423396457211e+00
2.021729555998780459e+00 -5.962297383563164299e-01 1.375604837042959661e+00
2.205202872412983517e+00 -3.906431026139924323e-01 9.939112960783410555e-01
2.289927990144368319e+00 -1.425510788693424846e-01 6.772657195297078214e-01
2.293514189793124380e+00 1.185517805321303353e-01 3.830829502730715985e-01
2.216842154805591214e+00 3.689230422255023178e-01 7.028568462480000445e-02
2.043436916930380765e+00 5.800290492327052627e-01 -3.036789662515499977e-01
1.759292905570192023e+00 7.102850944839447234e-01 -7.697803410027808102e-01
1.413300150655935061e+00 7.165446243557018757e-01 -1.291642230193335683e+00
1.119863097591013101e+00 5.962297383563167630e-01 -1.765987816546833011e+00
-1.883696108529251179e+00 -8.977115068891451388e-01 8.944637013661067559e-01
1.883696108529251179e+00 8.977115068891451388e-01 -2.247128952223686582e+00
1.368045165981623956e+00 9.203579589434921493e-01 -2.892243308079722297e+00
9.578038632526532092e-01 7.595268399536626580e-01 2.847702676488754303e+00
7.404901155600031037e-01 4.966791282309468425e-01 2.483689720315245264e+00
6.489667009728055103e-01 1.930922695374909515e-01 2.217490713376725875e+00
6.404929778298967813e-01 -1.222377446833750325e-01 1.982310113171660282e+00
7.110671320695023390e-01 -4.303604873708771761e-01 1.727942771680992751e+00
8.939994439009606442e-01 -7.062017822320079130e-01 1.393475241450114588e+00
1.257896545060541715e+00 -8.977115068891451388e-01 8.944637013661070890e-01
1.773547487608168938e+00 -9.203579589434923713e-01 2.493493455100712630e-01
2.183788790337140018e+00 -7.595268399536628801e-01 -2.938899771010385353e-01
2.401102538029789901e+00 -4.966791282309471756e-01 -6.579029332745475189e-01
2.492625952616987828e+00 -1.930922695374912013e-01 -9.241019402130671301e-01
2.501099675759896446e+00 1.222377446833751852e-01 -1.159282540418133278e+00
2.430525521520290777e+00 4.303604873708768985e-01 -1.413649881908800587e+00
2.247593209688832694e+00 7.062017822320076910e-01 -1.748117412139678306e+00
7.881902953369654963e-01 -9.462550673254587208e-01 1.138477610185920641e+00
-7.881902953369654963e-01 9.462550673254587208e-01 -2.003115043403872697e+00
-5.402023265960808063e-01 6.331622982145325151e-01 -1.659812572090309857e+00
-4.468934202135975142e-01 2.859636644135062911e-01 -1.453196865494636114e+00
-4.286568361947428185e-01 -7.053572634453118828e-02 -1.286632664680273708e+00
-4.724838128431043116e-01 -4.249849745799263445e-01 -1.111140121877014053e+00
-6.112113269417345229e-01 -7.633792609728046186e-01 -8.676933088858193033e-01
-9.733834544471440253e-01 -1.045494046168276681e+00 -4.144075021186869878e-01
-1.739168986143369455e+00 -1.136730267144256734e+00 4.371766225109876003e-01
-2.353402358252827842e+00 -9.462550673254587208e-01 1.138477610185920641e+00
-2.601390326993711977e+00 -6.331622982145325151e-01 1.481780081499483037e+00
-2.694699233376195657e+00 -2.859636644135064576e-01 1.688395788095157002e+00
-2.712935817395050631e+00 7.053572634453092460e-02 1.854959988909519408e+00
-2.669108840746688749e+00 4.249849745799260115e-01 2.030452531712779063e+00
-2.530381326648058593e+00 7.633792609728050627e-01 2.273899344703974368e+00
-2.168209199142649091e+00 1.045494046168276681e+00 2.727185151471106295e+00
-1.402423667446424771e+00 1.136730267144256956e+00 -2.704416031078806792e+00
-1.901572513679730791e+00 -4.434439739189066088e-01 7.129519806813700011e-01
1.901572513679730791e+00 4.434439739189066088e-01 -2.428640672908423337e+00
1.695212367513445839e+00 5.336264453320218593e-01 -2.862510637779339895e+00
1.458957062678888583e+00 5.361456602414712558e-01 2.963178125723622713e+00
1.249723970687717012e+00 4.502881245873359140e-01 2.527090648023952113e+00
1.105374525086212145e+00 2.977443787656524066e-01 2.137467223193146193e+00
1.033765250111921663e+00 1.070464266310994367e-01 1.786350040549915086e+00
1.031894365030767258e+00 -9.609393422849053790e-02 1.449688811846949976e+00
1.099621833332736109e+00 -2.880962012171419673e-01 1.100043036277324360e+00
1.240020139910062547e+00 -4.434439739189065532e-01 7.129519806813701122e-01
1.446380286076347277e+00 -5.336264453320218593e-01 2.790820158104536097e-01
1.682635590910904755e+00 -5.361456602414712558e-01 -1.784145278661702638e-01
1.891868682902076326e+00 -4.502881245873359695e-01 -6.145020055658406699e-01
2.036218128503580971e+00 -2.977443787656524621e-01 -1.004125430396646701e+00
2.107827403477871453e+00 -1.070464266310992979e-01 -1.355242613039878474e+00
2.109698288559026302e+00 9.609393422849059341e-02 -1.691903841742843140e+00
2.041970820257057007e+00 2.880962012171416342e-01 -2.041549617312468534e+00
-2.765523549637074918e+00 -5.816626257798361843e-01 6.712197889251166893e-01
2.765523549637074918e+00 5.816626257798361843e-01 -2.470372864664676538e+00
2.597963418771847000e+00 9.356718859604090666e-01 -2.709545874400517640e+00
2.054071601906006794e+00 1.216896172244412266e+00 2.965718693504115766e+00
9.702516570300752097e-01 1.189686125705720743e+00 1.819950665695775349e+00
5.093769179262602753e-01 8.901375626261686103e-01 1.294383841706167271e+00
3.642005809646839953e-01 5.325699851191081358e-01 1.076044813813537671e+00
3.161697244793467143e-01 1.617439355661142442e-01 9.374864314227121520e-01
3.192788030757422457e-01 -2.117658656132486161e-01 8.154780399265478819e-01
3.760691039527182533e-01 -5.816626257798360733e-01 6.712197889251169114e-01
5.436292348179460054e-01 -9.356718859604090666e-01 4.320467791892759757e-01
1.087521051683786322e+00 -1.216896172244412266e+00 -1.758739600856777108e-01
2.171340996559717240e+00 -1.189686125705720965e+00 -1.321641987894017101e+00
2.632215735663532730e+00 -8.901375626261688323e-01 -1.847208811883626067e+00
2.777392072625109343e+00 -5.325699851191079137e-01 -2.065547839776255667e+00
2.825422929110446457e+00 -1.617439355661140499e-01 -2.204106222167081075e+00
2.822313850514051037e+00 2.117658656132480888e-01 -2.326114613663245123e+00
