1.712494464894025015e+00 -1.576589643328757118e-01 8.627653459218614929e-01
-1.712494464894025015e+00 1.576589643328757118e-01 -2.278827307667931734e+00
-1.641021624496865838e+00 1.997549809869334225e-01 -1.881956598636025157e+00
-1.558115992785876092e+00 2.112095215112510249e-01 -1.480873188220176884e+00
-1.477297316347319978e+00 1.900825950235431883e-01 -1.080598668133634366e+00
-1.411567956027748760e+00 1.399290987830102972e-01 -6.856370730244236711e-01
-1.379899906848639501e+00 -9.181017381272318922e-02 4.724821499622910426e-01
-1.429098188695768323e+00 -1.576589643328756840e-01 8.627653459218612708e-01
-1.500571029092927500e+00 -1.997549809869334503e-01 1.259636054953768181e+00
-1.583476660803917024e+00 -2.112095215112509694e-01 1.660719465369616232e+00
-1.664295337242473138e+00 -1.900825950235432715e-01 2.060993985456158306e+00
-1.782022329132354255e+00 1.239853781726776329e-02 -3.054327990654443159e+00
-1.761692746741153837e+00 9.181017381272306432e-02 -2.669110503627502684e+00
1.647501494073468686e+00 6.460547207263518665e-02 8.446179288313696576e-01
-1.647501494073468686e+00 -6.460547207263518665e-02 -2.296974724758423569e+00
-1.666341083435396886e+00 -3.038699444708815520e-02 -1.905302630892913074e+00
-1.670689638947243205e+00 8.421434571007706607e-03 -1.514477400163255494e+00
-1.659918243504566071e+00 4.595909411724629495e-02 -1.123407041349747226e+00
-1.635591792921077259e+00 7.654483077115338541e-02 -7.311402193478959699e-01
-1.601322462896243248e+00 9.550051386452211577e-02 -3.374180326919963835e-01
-1.562332701448619687e+00 9.988975809963214492e-02 5.716297083070676077e-02
-1.524654365961315872e+00 8.902756036071562962e-02 4.514946582406231812e-01
-1.494091159516324652e+00 6.460547207263518665e-02 8.446179288313695466e-01
-1.475251570154396452e+00 3.038699444708814826e-02 1.236290022696880042e+00
-1.470903014642550133e+00 -8.421434571007732628e-03 1.627115253426537844e+00
-1.481674410085227267e+00 -4.595909411724627414e-02 2.018185612240045668e+00
1.687768195561462958e+00 4.724256966361962268e-02 8.740399440308337375e-01
-1.687768195561462958e+00 -4.724256966361962268e-02 -2.267552709558959378e+00
-1.696903943677857685e+00 9.811490453972965525e-04 -1.877682268546827959e+00
-1.687021489769783056e+00 4.905760026922396932e-02 -1.487775887462094992e+00
-1.659510805507694586e+00 8.974956203239432828e-02 -1.096208484591007615e+00
-1.618363457188458643e+00 1.168407631133790286e-01 -7.023056546556671886e-01
-1.569807324050931596e+00 1.261075558601720270e-01 -3.067615513051462073e-01
-1.521406048985258330e+00 1.160847026010378286e-01 8.874562029151934761e-02
-1.480694337665780846e+00 8.835648765845978414e-02 4.825599998841810234e-01
-1.453824458028330158e+00 4.724256966361963656e-02 8.740399440308336265e-01
-1.444688709911935653e+00 -9.811490453972826747e-04 1.263910385042965157e+00
-1.454571163820010060e+00 -4.905760026922397626e-02 1.653816766127698346e+00
-1.482081848082098530e+00 -8.974956203239430053e-02 2.045384168998785501e+00
-1.523229196401334473e+00 -1.168407631133790148e-01 2.439286998934125705e+00
1.638023570694932207e+00 -4.324043961946489878e-01 8.004141987119310908e-01
-1.638023570694932207e+00 4.324043961946489878e-01 -2.341178454877862247e+00
-1.503569082894860909e+00 -4.324043961946490433e-01 8.004141987119309798e-01
-1.685113542751285109e+00 -4.229998345119433956e-01 1.232454729657438630e+00
-1.843326816443249472e+00 -3.463276445963527905e-01 1.648541027745282328e+00
5.922814179341364532e-02 -8.015105082607710818e-01 1.522855612156597926e+00
-5.922814179341364532e-02 8.015105082607710818e-01 -1.618737041433195412e+00
-4.489922633246532652e-02 4.093201828384522289e-01 -1.594042372467169510e+00
-4.119391742728051309e-02 1.697496030907627226e-02 -1.576862634835558996e+00
-4.427247572249244645e-02 -3.753752013028283652e-01 -1.559922575321792682e+00
-5.725347322650806842e-02 -7.675893512639548888e-01 -1.536383545791626171e+00
-1.030950177637567772e-01 -1.159159260367703670e+00 -1.481626292691630820e+00
-1.179790995942413767e+00 -1.526243828566828720e+00 -3.967219484926167161e-01
-3.029748467204342433e+00 -1.192942328270881314e+00 1.461416207636880182e+00
-3.082364511796379603e+00 -8.015105082607711928e-01 1.522855612156597704e+00
-3.096693427257327880e+00 -4.093201828384523400e-01 1.547550281122623828e+00
-3.100398736162512492e+00 -1.697496030907628961e-02 1.564730018754234120e+00
-3.097320177867300739e+00 3.753752013028276435e-01 1.581670078268000657e+00
-3.084339180363285138e+00 7.675893512639545557e-01 1.605209107798167167e+00
-1.434744999089387241e+00 4.880709964915201649e-02 8.889116079612157106e-01
1.434744999089387241e+00 -4.880709964915201649e-02 -2.252681045628577738e+00
1.463599327622905566e+00 -9.706865336296949254e-02 -2.643494247496350535e+00
1.508935945859248617e+00 -1.306616978292996500e-01 -3.037356696052631033e+00
1.563956831432474992e+00 -1.443292246573755488e-01 2.849575523140568389e+00
1.620057912781957876e+00 -1.358883084305739508e-01 2.453029139736683018e+00
1.668421836728136043e+00 -1.066904451269921200e-01 2.058465997237912237e+00
1.701705577540138403e+00 -6.133241170408686854e-02 1.666962359752271139e+00
1.577635822157318346e+00 1.443292246573756044e-01 -2.920171304492242270e-01
1.521534740807835462e+00 1.358883084305739508e-01 -6.885635138531095434e-01
1.473170816861657073e+00 1.066904451269920368e-01 -1.083126656351881323e+00
1.439887076049654935e+00 6.133241170408686160e-02 -1.474630293837521977e+00
1.426463772993024071e+00 6.768381337367340191e-03 -1.863797187726570437e+00
1.634905143212921352e+00 -1.840826353268086579e-01 8.182865961928547094e-01
-1.634905143212921352e+00 1.840826353268086579e-01 -2.323306057396938407e+00
-1.558708318873275767e+00 1.944364716776513791e-01 -1.923508680778451385e+00
-1.484477748254238172e+00 1.748572227196143469e-01 -1.524417838505645495e+00
-1.424054106498092054e+00 1.285905340361265525e-01 -1.129824650671512387e+00
-1.386343286449783108e+00 6.302422245027566872e-02 -7.407593865627276619e-01
-1.765246649466160056e+00 1.186021925966766061e-02 2.786544621884019524e+00
-1.746293688816214607e+00 8.499913610612332138e-02 -3.110267066232984323e+00
-1.700768283276155257e+00 1.455219991912153898e-01 -2.719572650919163337e+00
7.632939573258329391e-01 5.032036089343522312e-01 -2.979623734387659151e-01
-7.632939573258329391e-01 -5.032036089343522312e-01 2.843630280151027367e+00
-9.867747530928786537e-01 -7.584036482364254761e-01 -3.066536399797266998e+00
-2.243262148997696936e+00 -6.854164802050858318e-01 -1.401885237447290766e+00
-2.419625915591058440e+00 -4.118097338327890156e-01 -1.069096769248743417e+00
-2.486688268646655153e+00 -1.068070682315027664e-01 -8.119208752425977060e-01
-2.474724297427603137e+00 2.047166179278812614e-01 -5.715559372447005515e-01
-2.378298696263960288e+00 5.032036089343521201e-01 -2.979623734387660816e-01
-6.668683561621902012e-01 -2.047166179278809284e-01 2.570036716345092120e+00
9.747626047774120561e-01 2.260929564357058441e-01 2.680031310208498496e+00
9.382230467163863441e-01 -2.249957993111066819e-03 2.357785454102474976e+00
9.762263801703799926e-01 -2.303610109751100532e-01 2.035208416774410445e+00
1.094129607621304734e+00 -4.330564368417960108e-01 1.678436525369934484e+00
1.299686050192419895e+00 -5.788690904195513687e-01 1.260141253496881442e+00
1.573586074349061725e+00 -6.325714245830998950e-01 7.853397683303734444e-01
1.846685316562722390e+00 -5.768132736407601824e-01 3.112267824079642531e-01
2.050572793351504330e+00 -4.295537433499032054e-01 -1.057583244329256961e-01
2.166830048812380838e+00 -2.260929564357059551e-01 -4.615613433812944533e-01
-1.447113836775408835e+00 4.207440565465005167e-02 8.785668687654899500e-01
1.447113836775408835e+00 -4.207440565465005167e-02 -2.263025784824303166e+00
1.472494918041822753e+00 -8.613556331688339285e-02 -2.654090853699432984e+00
1.512953315447957081e+00 -1.171669362260239905e-01 -3.047636117617813944e+00
1.562416486241923641e+00 -1.303409118713429460e-01 2.840003534418766851e+00
1.613194223614904832e+00 -1.235724705302678333e-01 2.444134220544425862e+00
1.657347664842142798e+00 -9.793579675356867131e-02 2.049814203898935983e+00
1.688157750110244271e+00 -5.744598995540055320e-02 1.657983622300698956e+00
1.701141763522434402e+00 -8.308758105002884281e-03 1.268118036496496126e+00
1.694478816814384503e+00 4.207440565465004473e-02 8.785668687654900610e-01
1.528398429974888284e+00 1.235724705302678195e-01 -6.974584330453670322e-01
1.484244988747650318e+00 9.793579675356864356e-02 -1.091778449690857578e+00
1.453434903479549067e+00 5.744598995540051850e-02 -1.483609031289094382e+00
1.440450890067358936e+00 8.308758105002967548e-03 -1.873474617093296768e+00
1.542096996320949653e+00 -1.347662533142515995e-01 -3.053261659523270666e+00
1.596177563176048420e+00 -1.354265043041266714e-01 2.833566281212644089e+00
1.646268397852894916e+00 -1.153684167697050372e-01 2.438228124164705246e+00
1.684634909748535803e+00 -7.776590409384506741e-02 2.045456093603688519e+00
1.705617429184956624e+00 -2.843903637795849176e-02 1.655270276598807655e+00
1.706265932376244576e+00 2.514879242975355880e-02 1.266197471939459307e+00
1.686491169353296016e+00 7.496942089024312417e-02 8.761359016870473582e-01
1.649066799026441821e+00 1.134930478133604065e-01 4.835417755341746560e-01
1.599495657268843685e+00 1.347662533142515717e-01 8.833099406652261676e-02
1.545415090413744696e+00 1.354265043041266436e-01 -3.080263723771486384e-01
1.495324255736898200e+00 1.153684167697050789e-01 -7.033645294250877589e-01
1.456957743841257535e+00 7.776590409384503966e-02 -1.096136559986105485e+00
1.435975224404836714e+00 2.843903637795848136e-02 -1.486322376990985683e+00
1.435326721213548540e+00 -2.514879242975349635e-02 -1.875395181650333587e+00
1.795874402054496111e+00 -2.314792657640430962e-01 2.175266014722877284e+00
-1.429350782154481525e+00 4.457645378122523233e-02 8.925013506938195285e-01
1.429350782154481525e+00 -4.457645378122523233e-02 -2.249091302895973588e+00
1.456975419137458871e+00 -9.520837376254065454e-02 -2.639520445224122547e+00
1.502074599695791601e+00 -1.314732149757896762e-01 -3.033121998422512622e+00
1.557930559538207582e+00 -1.477034488748243113e-01 2.853790305145163853e+00
1.615821840887310401e+00 -1.413040943300112595e-01 2.456952335909642127e+00
1.666620992274830737e+00 -1.133032024017472522e-01 2.062001653823857250e+00
1.702577021846531258e+00 -6.812772421636806297e-02 1.670243957651553979e+00
1.718511823983047915e+00 -1.272567283626839171e-02 1.281100460060552226e+00
1.583662094051585534e+00 1.477034488748242835e-01 -2.878023484446288194e-01
1.525770812702482937e+00 1.413040943300112595e-01 -6.846403176801506563e-01
1.474971661314962379e+00 1.133032024017472800e-01 -1.079590999765936532e+00
1.439015631743261858e+00 6.812772421636811848e-02 -1.471348695938239359e+00
1.423080829606745201e+00 1.272567283626846284e-02 -1.860492193529240668e+00
1.705669652345072729e+00 8.257346180971728011e-02 8.923557062771495518e-01
-1.705669652345072729e+00 -8.257346180971728011e-02 -2.249236947312643675e+00
-1.726846751421132975e+00 -2.492172908859619992e-02 -1.860169378328123901e+00
-1.724582420516882930e+00 3.644313963402089074e-02 -1.472226944583503006e+00
-1.699177924712406806e+00 9.237369989402907655e-02 -1.082661701509759489e+00
-1.654123080373655963e+00 1.344109857372298988e-01 -6.896324067754212583e-01
-1.596024479991559275e+00 1.560015692235602880e-01 -2.932935508908993127e-01
-1.533918348392263376e+00 1.536831713368655983e-01 1.042171239532423827e-01
-1.477660526681021880e+00 1.278312460750502255e-01 5.000417798548185688e-01
-1.435923001244720609e+00 8.257346180971726624e-02 8.923557062771495518e-01
-1.414745902168660363e+00 2.492172908859622421e-02 1.281423275261669215e+00
-1.417010233072910408e+00 -3.644313963402085604e-02 1.669365709006290333e+00
-1.663932126908771458e+00 -1.278312460750502810e-01 -2.641550873734975102e+00
1.949286418444684976e+00 8.190984935767060826e-02 1.101820263560490121e+00
-1.949286418444684976e+00 -8.190984935767060826e-02 -2.039772390029303217e+00
-1.355467365551185521e+00 3.239006688605544082e-01 3.360384777516430832e-01
-1.248820181020350750e+00 2.182530997670416306e-01 7.290044339524607286e-01
-1.192306235145108362e+00 8.190984935767063602e-02 1.101820263560489899e+00
-1.189254701083592769e+00 -6.539060283178248223e-02 1.466189597463636973e+00
-1.239780287146292626e+00 -2.039696518908664380e-01 1.837335637098100438e+00
-1.341121458061716565e+00 -3.140729298281472737e-01 2.227696867202744180e+00
-1.482678745880805282e+00 -3.771571852598917807e-01 2.640091958803937988e+00
-1.641237231495693116e+00 -3.806843239289772196e-01 3.063196028898485412e+00
-1.786125288038607817e+00 -3.239006688605543527e-01 -2.805554175838150144e+00
-1.892772472569442588e+00 -2.182530997670419359e-01 -2.412588219637333165e+00
1.669239099492278777e+00 1.089533669403316453e-02 8.563621692383152073e-01
-1.669239099492278777e+00 -1.089533669403316453e-02 -2.285230484351477909e+00
-1.665942289926272579e+00 2.754707255847022376e-02 -1.894379693695734224e+00
-1.648218503879690600e+00 6.182842180861506526e-02 -1.502764447123243752e+00
-1.618669657418756902e+00 8.673637921710462828e-02 -1.109747840044903899e+00
-1.581744666523382303e+00 9.843691081871419613e-02 -7.155101812314791365e-01
-1.543124157476583491e+00 9.510975581316746807e-02 -3.209547748697729741e-01
-1.508782610477481301e+00 7.727394581800284268e-02 7.282526611172857045e-02
-1.483960958022120469e+00 4.769322634931057181e-02 4.651987888671036409e-01
-1.472353554097514561e+00 1.089533669403318535e-02 8.563621692383148742e-01
-1.475650363663520759e+00 -2.754707255847019601e-02 1.247212959894058892e+00
-1.493374149710102738e+00 -6.182842180861503750e-02 1.638828206466549364e+00
-1.522922996171036436e+00 -8.673637921710460053e-02 2.031844813544889217e+00
1.704218241774906550e+00 3.989445417403478245e-02 8.857245054494552461e-01
-1.704218241774906550e+00 -3.989445417403478245e-02 -2.255868148140337759e+00
-1.709317960698949257e+00 1.401906611836920002e-02 -1.866807314167971299e+00
-1.693560933710583916e+00 6.583442655638989394e-02 -1.477183297262506079e+00
-1.659137220885583019e+00 1.077480631659054888e-01 -1.085203588844966927e+00
-1.611048138100906302e+00 1.333151203804872065e-01 -6.904249553703462050e-01
-1.556641694271837517e+00 1.385079342835307814e-01 -2.940565930254342430e-01
-1.504464123118316454e+00 1.224973218136453240e-01 1.017299709372993244e-01
-1.462629729182800098e+00 8.782726159184914283e-02 4.951173938061919078e-01
-1.437374411814886788e+00 3.989445417403476163e-02 8.857245054494552461e-01
-1.432274692890843859e+00 -1.401906611836921217e-02 1.274785339421821817e+00
-1.678962924406993240e+00 -8.782726159184921222e-02 -2.646475259783601874e+00
