1.757871943137254478e+00 -2.039227798590315943e-01 8.784389420573097684e-01
-1.757871943137254478e+00 2.039227798590315943e-01 -2.263153711532483570e+00
-1.664854998162918598e+00 2.597057552790326129e-01 -1.863550146820054820e+00
-1.555820575020376850e+00 2.754553011052693345e-01 -1.456483497746700051e+00
-1.449385731078318473e+00 2.483106267353205887e-01 -1.050690119097694053e+00
-1.363354524058210782e+00 1.831549371511143609e-01 -6.540427818513471214e-01
-1.309988983830162157e+00 9.089560029354258608e-02 -2.685331662520162865e-01
-1.831603669759631181e+00 -9.089560029354255832e-02 2.873059487337777274e+00
-1.846280980090471591e+00 1.441114797886992697e-02 -3.031353287914717143e+00
-1.820872819746459870e+00 1.176692507283666062e-01 -2.651463633344070203e+00
1.757871943137254478e+00 -2.039227798590315943e-01 8.784389420573097684e-01
-1.757871943137254478e+00 2.039227798590315943e-01 -2.263153711532483570e+00
-1.664854998162918598e+00 2.597057552790326129e-01 -1.863550146820054820e+00
1.757135675987862689e+00 -2.141084865791059166e-01 8.758925143390309254e-01
-1.757135675987862689e+00 2.141084865791059166e-01 -2.265700139250762302e+00
-1.660057176966077241e+00 2.688062411033930177e-01 -1.864996186071830708e+00
-1.547645998079143048e+00 2.819746512883022360e-01 -1.456933683977654992e+00
-1.439277371960904217e+00 2.511969316793097873e-01 -1.050890863018145494e+00
-1.353033256519387661e+00 1.820363076961907800e-01 -6.548678052877435762e-01
-1.300966964570378082e+00 8.604728624866680997e-02 -2.704352113120421786e-01
-1.824089503433135695e+00 1.273684743245808992e-01 -2.654555960465304842e+00
-1.418735362240734599e+00 -1.227038975594290232e-01 8.743783510456355490e-01
1.418735362240734599e+00 1.227038975594290232e-01 -2.267214302544157789e+00
1.383687208928535917e+00 5.557658870754077218e-02 -2.655770449180555381e+00
1.376690762610860652e+00 -1.975821622070363104e-02 -3.041329838853807921e+00
1.757905444661257421e+00 -5.557658870754082769e-02 4.858222044092380676e-01
1.764901890978932686e+00 1.975821622070356165e-02 1.002628147359851812e-01
1.742984163336058545e+00 9.218453887221154941e-02 -2.863981698712973478e-01
1.694918050778320584e+00 1.509088736253320351e-01 -6.776636985585936523e-01
1.627358089270976027e+00 1.868168137485686220e-01 -1.074457961116007221e+00
1.550660062741562761e+00 1.940671943028201840e-01 -1.474417322651482509e+00
1.477236127596492476e+00 1.714494644798604805e-01 -1.873202243385222010e+00
-1.512308562507879151e+00 -6.854636715245139567e-02 8.227061337505338079e-01
1.512308562507879151e+00 6.854636715245139567e-02 -2.318886519839259197e+00
1.490553924557902032e+00 4.097346083437645309e-02 -2.711224700093923801e+00
1.629284091081914188e+00 -6.854636715245139567e-02 8.227061337505338079e-01
1.651038729031891306e+00 -4.097346083437646697e-02 4.303679534958694819e-01
1.660587361058571743e+00 -7.195262783806400005e-03 3.899063502732377784e-02
1.656530107204346569e+00 2.767053083276784647e-02 -3.521982407427033390e-01
1.639459735263337548e+00 5.835025636517419262e-02 -7.440796554174576860e-01
1.611901904598112889e+00 8.017491046884239747e-02 -1.137134423347644807e+00
1.578020691979322709e+00 8.978870368517545553e-02 -1.531157885444657474e+00
1.543023842839077231e+00 8.570088051332268309e-02 -1.925372388305024218e+00
-1.512308562507879151e+00 -6.854636715245139567e-02 8.227061337505338079e-01
1.512308562507879151e+00 6.854636715245139567e-02 -2.318886519839259197e+00
1.490553924557902032e+00 4.097346083437645309e-02 -2.711224700093923801e+00
1.481005292531221595e+00 7.195262783806398270e-03 -3.102602018562469421e+00
1.651038729031891306e+00 -4.097346083437646697e-02 4.303679534958694819e-01
1.660587361058571743e+00 -7.195262783806400005e-03 3.899063502732377784e-02
1.656530107204346569e+00 2.767053083276784647e-02 -3.521982407427033390e-01
1.639459735263337548e+00 5.835025636517419262e-02 -7.440796554174576860e-01
1.611901904598112889e+00 8.017491046884239747e-02 -1.137134423347644807e+00
1.578020691979322709e+00 8.978870368517545553e-02 -1.531157885444657474e+00
1.543023842839077231e+00 8.570088051332268309e-02 -1.925372388305024218e+00
-1.311876164022364177e+00 -1.445603380113694159e-02 1.041463498708707636e-01
-1.336215372400896939e+00 -1.115572393295989062e-01 4.855690736784795680e-01
-1.395888948577858946e+00 -1.924335455669068107e-01 8.745026370260432502e-01
-1.483476383523757436e+00 -2.444826470240755723e-01 1.273391321260943343e+00
-1.585750765980507682e+00 -2.588924879561964598e-01 1.678771430936758957e+00
-1.685467856610823434e+00 -2.330956996106040846e-01 2.082963888110445083e+00
-1.766136668969733980e+00 -1.716464940133013983e-01 2.479082147984159157e+00
-1.816176988838502204e+00 -8.471695617726429650e-02 2.865374536698555907e+00
-1.829716489567429161e+00 1.445603380113692771e-02 -3.037446303718922547e+00
-1.805377281188896399e+00 1.115572393295988229e-01 -2.656023579911313881e+00
-1.311876164022364177e+00 -1.445603380113694159e-02 1.041463498708707636e-01
-1.585750765980507682e+00 -2.588924879561964598e-01 1.678771430936758957e+00
1.482165473413239454e+00 -4.005513234936584899e-02 2.798547342086373568e+00
1.504192742279845785e+00 -7.090161229490085648e-02 2.406434813044506349e+00
1.536423854843778747e+00 -9.098039951384408186e-02 2.012937562268888758e+00
1.573961490220591175e+00 -9.718874077227057651e-02 1.618519706317808726e+00
1.611009131069695899e+00 -8.855957610226207477e-02 1.224192536268526199e+00
-1.324914780452106866e+00 -1.046856468509940602e-01 4.942638582907277200e-01
-1.430232192254781820e+00 -1.558964692521318807e-01 8.624100071461979766e-01
1.430232192254781820e+00 1.558964692521318807e-01 -2.279182646443595139e+00
1.381613449703118057e+00 9.060637455696962661e-02 -2.669486828814972235e+00
1.779988438877398771e+00 -1.192429630538066436e-02 8.675699938605226091e-02
1.768963813913437377e+00 6.850331364399395162e-02 -2.978777620944575988e-01
1.728220293837056776e+00 1.388483672296160765e-01 -6.864201709521193795e-01
1.663039407808037273e+00 1.883975248971291871e-01 -1.081367322305307077e+00
1.582986352279659448e+00 2.091770190821217734e-01 -1.481507888555605890e+00
1.500929974657034371e+00 1.976965392386806075e-01 -1.882418133382524505e+00
-1.512300455736019344e+00 -6.179903289638534469e-02 8.231238909287262873e-01
1.512300455736019344e+00 6.179903289638534469e-02 -2.318468762661066940e+00
1.493127827055022339e+00 3.473558288517347714e-02 -2.710709003838827957e+00
1.485762608042895172e+00 2.410380406866832054e-03 -3.102160884856686618e+00
1.655830045546898166e+00 -2.410380406866843329e-03 3.943176873310689362e-02
1.650304933005510399e+00 3.027942697889076870e-02 -3.519603053839092111e-01
1.632700971520787414e+00 5.838407804156326569e-02 -7.440556377109034392e-01
1.605636858209570583e+00 7.762155422006729311e-02 -1.137209928621206734e+00
1.573215447908939302e+00 8.503347113488371467e-02 -1.531159099208604601e+00
1.540420998501489613e+00 7.947208357288745861e-02 -1.925168819803265485e+00
1.485762608042895172e+00 2.410380406866832054e-03 -3.102160884856686618e+00
1.473837834582760298e+00 -4.920705137939546114e-02 2.806886071622557655e+00
-1.306260910646265705e+00 -1.279032209336397954e-02 1.073039331821429992e-01
-1.330347280746608796e+00 -1.120995873306988022e-01 4.881482980687949502e-01
-1.390599187732711961e+00 -1.951457404554918784e-01 8.767180158468124151e-01
-1.479630242545777019e+00 -2.489981209738726109e-01 1.275685998273619504e+00
-1.584047553896535510e+00 -2.645132592584957809e-01 1.681564842925403758e+00
-1.686187439073224770e+00 -2.389103636965801414e-01 2.086366219167222535e+00
-1.769070929260471825e+00 -1.767404673848526342e-01 2.482824776792323718e+00
-1.820790145204813637e+00 -8.834704864755255072e-02 2.869007304500314159e+00
-1.835331742943527633e+00 1.279032209336393618e-02 -3.034288720407650075e+00
-1.520649211886361485e+00 -2.939103907636940460e-02 8.194044612076913925e-01
1.520649211886361485e+00 2.939103907636940460e-02 -2.322188192382101946e+00
1.513226380030761486e+00 7.975811479436375334e-03 -2.714379776837512637e+00
1.617165426946802764e+00 3.505180952032586894e-02 -3.571427492199630849e-01
1.600224338601784702e+00 5.012543893581449667e-02 -7.499169664967122451e-01
1.578785373099638623e+00 5.756811363342695387e-02 -1.143123779960639963e+00
1.556123017051399771e+00 5.623844827905727373e-02 -1.536465601839828610e+00
1.535706832088442608e+00 4.634059743763271899e-02 -1.929565228276479250e+00
-1.434864422351651569e+00 -1.337868118296368924e-01 8.631378768964996784e-01
1.434864422351651569e+00 1.337868118296368924e-01 -2.278454776693293660e+00
1.394302877449373756e+00 7.190101376578592052e-02 -2.668397609914064716e+00
1.380361375105237043e+00 -6.467549351565430584e-04 -3.054670650838312795e+00
1.747289776140419360e+00 -7.190101376578600378e-02 4.731950436757288436e-01
1.761231278484556295e+00 6.467549351565812224e-04 8.692200275148061206e-02
1.746801156162242963e+00 7.309920868483028855e-02 -2.993864321568654452e-01
1.705813733756567530e+00 1.347097659332044395e-01 -6.894162726975440192e-01
1.643827919018225669e+00 1.760326560344583624e-01 -1.084789544813033801e+00
1.570137664565822266e+00 1.904349113724007059e-01 -1.483998999574404731e+00
1.496554272827620657e+00 1.755299039635411229e-01 -1.883170785746285603e+00
1.754000999450049836e+00 -2.010657229402405544e-01 8.770533162148433926e-01
-1.754000999450049836e+00 2.010657229402405544e-01 -2.264539337374949834e+00
-1.662391814418331393e+00 2.555987388573568997e-01 -1.865086624492267031e+00
-1.555236618773549795e+00 2.707409919137319099e-01 -1.458490120536514167e+00
-1.450770621752505374e+00 2.437568631297844235e-01 -1.053191548313612502e+00
-1.366402242091910635e+00 1.794733120456218356e-01 -6.567564803620399294e-01
-1.314168155512541958e+00 8.861179645140333794e-02 -2.710718853494038516e-01
-1.841568517147929906e+00 1.499287104277401313e-02 -3.033448133211321007e+00
-1.816249731729965955e+00 1.164611391795622453e-01 -2.653087790487528519e+00
-1.555236618773549795e+00 2.707409919137319099e-01 -1.458490120536514167e+00
-1.314168155512541958e+00 8.861179645140333794e-02 -2.710718853494038516e-01
-4.190376735937459407e-01 6.181270044561609778e-01 -1.605845912280307264e+00
-3.495930509423116339e-01 2.532034084965283371e-01 -1.444309224906348277e+00
-2.791999602647481371e+00 -2.532034084965283927e-01 1.697283428683444839e+00
-2.801183213900877433e+00 1.169001535259107383e-01 1.829645328274754679e+00
1.750718617782799136e+00 -1.956864417234998599e-01 8.764644246637159908e-01
-1.750718617782799136e+00 1.956864417234998599e-01 -2.265128228926077014e+00
-1.661489298013191673e+00 2.493916049275999025e-01 -1.866096934125855755e+00
-1.556947697705004519e+00 2.646937359386750122e-01 -1.460178533891083763e+00
-1.454786559514480881e+00 2.388491673639482338e-01 -1.055387011500306782e+00
-1.371982498005031248e+00 1.764519191522152808e-01 -6.589801053939008391e-01
-1.320417939793414597e+00 8.787981916257295301e-02 -2.728584669940261054e-01
-1.306078376055645585e+00 -1.336628905762392121e-02 1.069945862727728764e-01
-1.835514277534147753e+00 1.336628905762390213e-02 -3.034598067317020309e+00
-1.811200439267413476e+00 1.127021298570286684e-01 -2.653746275310502334e+00
-1.556947697705004519e+00 2.646937359386750122e-01 -1.460178533891083763e+00
-1.320417939793414597e+00 8.787981916257295301e-02 -2.728584669940261054e-01
1.613494590804423590e+00 -3.823455260598549454e-01 7.974884619772999450e-01
-1.613494590804423590e+00 3.823455260598549454e-01 -2.344104191612493171e+00
-1.456734819877568032e+00 3.681100412758211426e-01 -1.921884077106573274e+00
-1.321679679643069649e+00 2.961327532878199054e-01 -1.513094392778536967e+00
-1.229218300615172010e+00 1.803427356585039221e-01 -1.126556462353610399e+00
-1.188135054278301572e+00 3.961343445258661000e-02 -7.573689042545698191e-01
-1.200492213533741470e+00 -1.063904111498549937e-01 -3.922886972321737442e-01
-1.265797102917601835e+00 -2.380584502024684634e-01 -1.640236128091478521e-02
-1.761936872088807560e+00 3.358182735846987343e-01 -2.761033846968300232e+00
-1.976436834161752476e-01 -1.116202050651287747e+00 -1.366264009006715963e+00
-1.011614262892524430e+00 -1.468907150155082109e+00 -5.350058313002574728e-01
-2.886657001495076091e+00 -1.221860074571324395e+00 1.357139481385152724e+00
-3.012711018583487110e+00 -8.354428338384887187e-01 1.501497245846316497e+00
-3.045918112795333865e+00 -4.451014725724937171e-01 1.556018202027827035e+00
-3.055138203620450188e+00 -5.398424099893728290e-02 1.592636949681182079e+00
-3.050098668051099082e+00 3.372020827569645607e-01 1.627659521901318129e+00
-3.025847830140831807e+00 7.278761455510174283e-01 1.674508850974395946e+00
-2.943948970173617674e+00 1.116202050651287969e+00 1.775328644583077375e+00
1.362322974576043677e+00 3.595511458881917293e-03 -3.049970780232326373e+00
1.376431145258571132e+00 -7.595335199643500623e-02 2.848299790270025333e+00
1.419770169613824962e+00 -1.443044046422742033e-01 2.459129016788548228e+00
1.486644664815314210e+00 -1.909940702127689849e-01 2.063558899189061435e+00
1.567121243191688773e+00 -2.084719848124301778e-01 1.663178817883342431e+00
1.648201529326266401e+00 -1.937976801062256393e-01 1.262567505098325604e+00
1.716738869203167761e+00 -1.494445627966174694e-01 8.664513592487047555e-01
1.762452200966829530e+00 -8.261792535993096875e-02 4.767511955360099196e-01
1.779269679013749661e+00 -3.595511458881928569e-03 9.162187335746714567e-02
1.765161508331221984e+00 7.595335199643497848e-02 -2.932928633197676160e-01
1.472123413135904002e+00 -3.923113599107090621e-02 2.800435870192509835e+00
1.494579582427605136e+00 -7.397322946074583183e-02 2.408621093135542068e+00
1.528712083652327136e+00 -9.749338034959238730e-02 2.015153758110389326e+00
1.569353515010398104e+00 -1.061525000778298228e-01 1.620477931072151767e+00
1.610219026426636946e+00 -9.859674346236779741e-02 1.225756896134806428e+00
1.644984144223949674e+00 -7.600790607786153674e-02 8.321810355471563891e-01
3.026869533097564346e+00 -1.358872409505200995e-01 -2.900419198700324497e+00
-3.137461511912746026e+00 -8.206911745648155510e-01 1.631236867503820021e+00
3.137461511912746026e+00 8.206911745648155510e-01 -1.510355786085973095e+00
3.133542701996370639e+00 1.213383893106373845e+00 -1.514874620465009425e+00
7.963492090511625765e-02 1.535386934077597632e+00 1.713844502328937702e+00
6.785285544036082084e-03 1.142791285203528906e+00 1.640432528875018781e+00
3.849338481017267576e-03 7.500972011276413332e-01 1.636883428758616699e+00
3.134807368045757325e+00 -1.142791285203529128e+00 -1.501160124714774557e+00
3.137743315108775910e+00 -7.500972011276416662e-01 -1.504709224831176639e+00
3.138586428221405544e+00 -3.574003336297205125e-01 -1.506281663092358558e+00
3.138774638471322209e+00 3.529712710159169792e-02 -1.507432811281997243e+00
3.138497181183817819e+00 4.279945397106052485e-01 -1.508618133985244247e+00
2.400108510797527295e+00 -4.362346525342336023e-01 1.953626788998774400e+00
-9.760635155117357575e-01 -3.507590077166103382e-01 -2.712001642155007719e+00
-1.143049458027843635e+00 -5.454612915378209692e-01 -2.332152121416026347e+00
1.380857441178332312e+00 -6.600891151974103144e-02 2.840150270385780829e+00
1.420086575902893333e+00 -1.334284178183347824e-01 2.451249623255551402e+00
1.482678553560700552e+00 -1.808356819128157655e-01 2.056456432509787380e+00
1.559414930438250302e+00 -2.006330582774778215e-01 1.656908617415967067e+00
1.638010492778708027e+00 -1.895202068527872541e-01 1.256673197326211522e+00
1.705736127614307485e+00 -1.493600893056519219e-01 8.602535062984697500e-01
1.752321016174057222e+00 -8.667726229032576835e-02 4.697721654723609475e-01
1.771442034419181466e+00 -1.115308294969039396e-02 8.384400115917589602e-02
1.760735212411460804e+00 6.600891151974093429e-02 -3.014423832040118989e-01
-1.312047071980318558e+00 8.788063281475368138e-02 -2.712038841437534598e-01
