-1.533195317039798278e+00 1.288752691338405088e-01 1.523685669322388136e+00
3.620655914691583988e-02 4.037043231192012360e-01 -1.500999902521164442e+00
3.329697105457787160e-02 1.123589929371095024e-02 -1.514853843410228329e+00
3.105386094442877276e+00 -4.037043231192014026e-01 1.640592751068628896e+00
3.108295682535215487e+00 -1.123589929371096932e-02 1.626738810179565009e+00
3.095043576880548208e+00 7.736142769945800746e-01 1.593827509882970395e+00
3.329697105457787160e-02 1.123589929371095024e-02 -1.514853843410228329e+00
3.329697105457787160e-02 1.123589929371095024e-02 -1.514853843410228329e+00
1.503974663844880391e-02 4.187763257016386409e-01 -1.501773004918134147e+00
1.374472227666407621e-02 2.611679709512516531e-02 -1.507530244962742572e+00
3.103274486255329645e+00 -1.203970729847606114e+00 1.669474591289799914e+00
3.121634630444247716e+00 -8.114179745726018966e-01 1.648179208146518748e+00
3.126552906951344468e+00 -4.187763257016386409e-01 1.639819648671658969e+00
3.127847931313129326e+00 -2.611679709512523817e-02 1.634062408627050766e+00
3.126874877902162009e+00 3.665435782554705146e-01 1.628428411919810914e+00
3.122650645597607966e+00 7.591893177791537717e-01 1.620664217452347788e+00
3.107817614046856747e+00 1.151765988140694530e+00 1.602848561904726576e+00
5.101570201626614426e-02 3.997407116672970773e-01 -1.487784606515222263e+00
4.699195538639468900e-02 7.500268642527624027e-03 -1.507300790958715941e+00
5.069989092444044526e-02 -3.847430132280769133e-01 -1.526696249750533640e+00
3.074683907940849448e+00 -7.917867978310906274e-01 1.681587157515640918e+00
3.090576951573527076e+00 -3.997407116672972993e-01 1.653808047074571075e+00
3.094600698203398448e+00 -7.500268642527701222e-03 1.634291862631077175e+00
3.090892762665352844e+00 3.847430132280765802e-01 1.614896403839259698e+00
3.075678306742413159e+00 7.768027846741026865e-01 1.587698957364115371e+00
5.101570201626614426e-02 3.997407116672970773e-01 -1.487784606515222263e+00
4.699195538639468900e-02 7.500268642527624027e-03 -1.507300790958715941e+00
5.069989092444044526e-02 -3.847430132280769133e-01 -1.526696249750533640e+00
5.101570201626614426e-02 3.997407116672970773e-01 -1.487784606515222263e+00
4.699195538639468900e-02 7.500268642527624027e-03 -1.507300790958715941e+00
5.069989092444044526e-02 -3.847430132280769133e-01 -1.526696249750533640e+00
-2.283615971122583965e-01 7.766805751427212634e-01 1.587935229907117884e+00
-1.525430557904530922e-02 -7.575818373299454400e-01 8.093440903370281714e-02
1.525430557904530922e-02 7.575818373299454400e-01 -3.060658244556090590e+00
1.186323585815233714e-02 3.649173814964424833e-01 -3.066907092509072896e+00
1.108631769872543173e-02 -2.775653522754962035e-02 -3.071448614784826336e+00
-1.570462006464660609e+00 -3.306838427052245007e-03 -1.964611493552291366e+00
-1.573371017817019268e+00 2.101886286465346095e-03 3.915808435558532641e-01
-1.567869142364655799e+00 1.574340639398938988e-03 2.355081262100665374e+00
-5.080291882572298551e-02 -7.942404566734921900e-01 1.661777884703161456e+00
5.080291882572298551e-02 7.942404566734921900e-01 -1.479814768886631882e+00
3.837736780449935159e-02 -3.829560164360576446e-01 -1.530415708474493819e+00
4.984954168008104425e-02 -7.752890844292946726e-01 -1.550974973981079419e+00
-1.362233040879589963e+00 -4.784035171559613553e-01 1.320750673952402421e+00
-1.578114596722386631e+00 -5.185946547485829061e-01 1.766427671435766955e+00
2.282327497542179298e-02 1.111419033565176129e+00 1.700770014730207613e+00
1.014137143497757972e-02 -6.657128808196800807e-02 1.679637509749337010e+00
1.128860839871218512e-02 -4.592484647627906313e-01 1.675308034591459716e+00
5.363215117743519444e-02 7.460021496086171044e-01 1.644025073755298605e+00
4.197971022403848562e-02 3.537338090421944803e-01 1.622155078418380025e+00
3.940862789375099845e-02 -3.864875754616802633e-02 1.606082162642023192e+00
4.334575581064004784e-02 -4.310210254277019315e-01 1.589486499501689298e+00
5.363215117743519444e-02 7.460021496086171044e-01 1.644025073755298605e+00
4.197971022403848562e-02 3.537338090421944803e-01 1.622155078418380025e+00
3.940862789375099845e-02 -3.864875754616802633e-02 1.606082162642023192e+00
4.334575581064004784e-02 -4.310210254277019315e-01 1.589486499501689298e+00
5.363215117743519444e-02 7.460021496086171044e-01 1.644025073755298605e+00
4.197971022403848562e-02 3.537338090421944803e-01 1.622155078418380025e+00
3.940862789375099845e-02 -3.864875754616802633e-02 1.606082162642023192e+00
4.334575581064004784e-02 -4.310210254277019315e-01 1.589486499501689298e+00
3.102184025696042013e+00 3.864875754616787368e-02 -1.535510490947769924e+00
3.098246897779153297e+00 4.310210254277013764e-01 -1.552106154088104040e+00
-1.624684358644727267e+00 2.870432243935078231e-01 1.369487477501357686e+00
-1.507584288799026284e+00 2.851853879882627618e-01 1.779054173333704192e+00
5.763665573339969012e-02 3.998009515898171551e-01 -1.478289891351018071e+00
5.308845368907574164e-02 7.687230901121778516e-03 -1.500336712017525054e+00
5.727105410306976979e-02 -3.844302022860373036e-01 -1.522243815985065307e+00
3.083955997856393516e+00 -3.998009515898174882e-01 1.663302762238775268e+00
3.088504199900717673e+00 -7.687230901122047398e-03 1.641255941572268284e+00
3.084321599486723464e+00 3.844302022860369705e-01 1.619348837604728031e+00
3.067155512337532031e+00 7.763137799799331162e-01 1.588643705571858744e+00
5.763665573339969012e-02 3.998009515898171551e-01 -1.478289891351018071e+00
5.308845368907574164e-02 7.687230901121778516e-03 -1.500336712017525054e+00
5.727105410306976979e-02 -3.844302022860373036e-01 -1.522243815985065307e+00
5.763665573339969012e-02 3.998009515898171551e-01 -1.478289891351018071e+00
5.308845368907574164e-02 7.687230901121778516e-03 -1.500336712017525054e+00
5.727105410306976979e-02 -3.844302022860373036e-01 -1.522243815985065307e+00
2.097833976183065552e-01 -5.962197780902385169e-01 6.501049180232342239e-01
-2.097833976183065552e-01 5.962197780902385169e-01 -2.491487735566559003e+00
-1.771365152469527304e-01 2.106146217937459320e-01 -2.409903379944147161e+00
-1.759318747235097957e-01 -1.761334609165664256e-01 -2.341356760467230291e+00
-2.050665326225083185e-01 -5.619449210295814900e-01 -2.262122588990751471e+00
-2.977550945993949760e-01 -9.429984182922360736e-01 -2.129058341669215704e+00
-6.893516008797918593e-01 -1.296443323863968322e+00 -1.701780187811232858e+00
-2.931809255971486561e+00 -5.962197780902387390e-01 6.501049180232342239e-01
-2.964456138342840497e+00 -2.106146217937460152e-01 7.316892736456466206e-01
-2.965660778866283653e+00 1.761334609165665088e-01 8.002358931225630467e-01
-2.936526120967284825e+00 5.619449210295812680e-01 8.794700645990416454e-01
-2.843837558990398584e+00 9.429984182922357405e-01 1.012534311920577190e+00
-2.452241052710000258e+00 1.296443323863968766e+00 1.439812465778561590e+00
-7.770357129862703882e-01 1.322494850031533664e+00 -3.133966275120751543e+00
-3.127833946586945912e-01 9.764057090520493754e-01 -2.634280548929089694e+00
1.342155870804465856e+00 5.410216116823048094e-02 1.872812076782439661e+00
1.338777630155828735e+00 -3.665836772922159703e-02 1.490598914304604561e+00
1.369685080404366539e+00 -1.220995901459095839e-01 1.105961988138886687e+00
3.113600563259580234e+00 -8.149310246641697786e-01 1.665773046224588994e+00
-3.113600563259580234e+00 8.149310246641697786e-01 -1.475819607365204122e+00
-1.920745202469570367e-02 -2.972295181572922815e-02 1.645972194879987471e+00
-2.104875151236475922e-02 -4.223446774093128631e-01 1.654030254939822253e+00
-3.115216525785454493e+00 -7.554960951470497399e-01 -1.514278358179018014e+00
-3.121055984913271519e+00 -3.629006556920265081e-01 -1.503482502727797820e+00
-3.122385201565097468e+00 2.972295181572917264e-02 -1.495620458709805645e+00
-3.120543902077428378e+00 4.223446774093123635e-01 -1.487562398649971085e+00
9.617541019486912368e-03 8.207934486033784394e-01 7.641229101132276935e-02
7.205983036843229862e-03 4.281076275671792941e-01 7.236676775059514011e-02
6.559768816574299173e-03 3.541759048437766177e-02 6.960744732173086702e-02
6.997526562800658947e-03 -3.572727082427219480e-01 6.692794807386945322e-02
-5.255991891875785166e-02 8.129133419305847319e-01 1.512460112825013914e+00
-3.957073419587406327e-02 4.206121717162090157e-01 1.534486092173908522e+00
-3.613450238249797664e-02 2.818665867736149661e-02 1.549631799879347849e+00
-4.968047610568455952e-02 -7.565768148408472671e-01 1.584767935352555890e+00
-8.821177378973457661e-02 -1.148437492662806259e+00 1.631145784226962769e+00
-1.571675163056929891e+00 1.274375101694366587e-03 -1.569720493146865348e+00
-1.571120583137115334e+00 1.513685093408537272e-03 -1.177021096875548567e+00
-1.570516637930623460e+00 1.522550116358232413e-03 -7.843215568455808029e-01
-1.569917490532863447e+00 -1.274375101694367237e-03 1.571872160442927990e+00
9.874215392671715011e-03 3.650723400899634208e-01 -3.069870746705488429e+00
9.226981742986556378e-03 -2.760930871861134311e-02 -3.073650833578425612e+00
1.010272730579025481e-02 -4.202905540921638150e-01 -3.077518397790190985e+00
1.341911211964129207e-02 -8.129636958675007241e-01 -3.083143054077564837e+00
-1.577231520901287265e+00 1.118488387235092030e-02 -1.562042744137405181e+00
-1.564361132688506073e+00 -1.118488387235092377e-02 1.579549909452387935e+00
-1.583592434692206341e+00 -1.664751470855781136e-03 -2.740093348967288733e+00
1.644784236138802092e-02 4.190972822185448643e-01 -1.499358453964142912e+00
1.502953462196130081e-02 2.644550010176304616e-02 -1.505654730089619919e+00
3.119761934124023472e+00 -8.117276606059286026e-01 1.651379359864806995e+00
3.125144811228405040e+00 -4.190972822185449198e-01 1.642234199625650204e+00
3.126563118967832011e+00 -2.644550010176303576e-02 1.635937923500173419e+00
3.125501308721553073e+00 3.662073071936319257e-01 1.629778105362593488e+00
3.120886883201185125e+00 7.588426382056818742e-01 1.621292134539990881e+00
3.196033982905526101e-03 3.502666842259387348e-02 -1.502092743092916738e+00
3.409867989773554802e-03 -3.576703280252336303e-01 -1.503398441798978302e+00
-4.683989450726502510e-03 -8.204195390586251913e-01 1.642814017929893122e+00
4.683989450726502510e-03 8.204195390586251913e-01 -1.498778635659899994e+00
3.510310334485542555e-03 4.277236034465269898e-01 -1.500748583371120937e+00
3.196033982905526101e-03 3.502666842259387348e-02 -1.502092743092916738e+00
3.409867989773554802e-03 -3.576703280252336303e-01 -1.503398441798978302e+00
4.366841973380864404e-03 -7.503665605804530347e-01 -1.505182456904746724e+00
7.700098287321818086e-03 -1.143059208400417859e+00 -1.509211062248029922e+00
-1.388734056720187515e-01 1.160466249532265959e+00 1.527197482440757481e+00
-7.698015801451672802e-02 7.698119517478277940e-01 1.601040096626038522e+00
-5.944952189401121745e-02 3.779882973803956325e-01 1.632710616972980588e+00
-5.525396321081352952e-02 -1.408239275644149711e-02 1.655451780345270629e+00
-7.917374689357813133e-02 -7.979338741829273829e-01 1.711412351438988511e+00
-1.485259418920410746e-01 -1.188383701398384451e+00 1.792611111763705800e+00
1.332367916340974033e-02 7.421691942400234776e-01 1.650621575711340050e+00
1.045132867539271156e-02 3.494967566837358097e-01 1.645194880232049073e+00
9.828637069407647475e-03 -4.318267007986427430e-02 1.641191660122545137e+00
1.083225128563437833e-02 -4.358613804781908962e-01 1.637042538271530789e+00
1.452699666592672037e-02 -8.285303528998938516e-01 1.630910117859004638e+00
-1.668515736397701774e-02 -8.168563263784383022e-01 1.653209081867124119e+00
1.668515736397701774e-02 8.168563263784383022e-01 -1.488383571722668997e+00
1.253172544227527420e-02 4.241972525679437722e-01 -1.495389390721318046e+00
1.142665884996100535e-02 3.152556994054325074e-02 -1.500187351361881527e+00
1.220856365813785017e-02 -3.611468192352396134e-01 -1.504861589940840405e+00
1.566507113676410962e-02 -7.538093076235440337e-01 -1.511269509698463187e+00
2.774076574019691821e-02 -1.146425240974739523e+00 -1.525828739260340683e+00
1.237750650683350391e-02 3.651156682953612398e-01 -3.066683507872237868e+00
1.156596531226152663e-02 -2.755602159279450791e-02 -3.071421870213340899e+00
-3.929960333115373877e-02 6.942602829371589956e-02 -1.483659177285446162e+00
-4.134348818463071812e-02 -3.229621970730258695e-01 -1.467803356426126138e+00
1.108631769872543173e-02 -2.775653522754962035e-02 -3.071448614784826336e+00
1.203453645382097578e-02 1.163455931671899535e+00 1.605648093731102399e+00
6.645953543072946439e-03 7.707721536275955465e-01 1.599228367008048046e+00
5.129911783291570514e-03 3.780795953586824631e-01 1.596491818135767016e+00
4.768119358099133162e-03 -1.461480612291254748e-02 1.594528483562793530e+00
5.192403526745880370e-03 -4.073091505909420262e-01 1.592541232152617781e+00
6.843103801602319798e-03 -8.000014335198878390e-01 1.589689180528738532e+00
1.291481236418525781e-02 -1.192683604979070777e+00 1.582595526897268456e+00
2.826250296278011831e+00 -1.555423431767446685e+00 -1.231686969459024228e+00
3.129558117135972317e+00 -1.163455931671899979e+00 -1.535944559858690717e+00
3.134946700046720380e+00 -7.707721536275959906e-01 -1.542364286581745070e+00
3.136462741806501864e+00 -3.780795953586820191e-01 -1.545100835454026322e+00
3.136824534231694273e+00 1.461480612291258738e-02 -1.547064170026999808e+00
3.136400250063047235e+00 4.073091505909416377e-01 -1.549051421437175557e+00
-1.668301212495807206e+00 6.148619093932183866e-01 1.373979235953897371e+00
-1.391576172096073760e+00 5.984558280274761000e-01 1.853079900347958331e+00
-1.575131152074140228e+00 5.002234762320557741e-03 1.173892143335483196e+00
-1.567833667388379926e+00 5.919092653207199198e-03 2.352008998537867157e+00
-1.564194042321656708e+00 -4.719629860502800342e-04 -2.753089389727959801e+00
1.542161416628513360e+00 1.365849401713628564e-01 -2.767395429483880509e+00
1.059248747942920059e-02 3.662262345786953532e-01 -3.071534813167376310e+00
9.893488117204845417e-03 -2.645279528366697649e-02 -3.075589736574015021e+00
4.682874549173959844e-02 -8.455659946619723533e-01 1.617844778214816648e+00
-4.682874549173959844e-02 8.455659946619723533e-01 -1.523747875374976468e+00
-3.454348507634163318e-02 4.531764043887650528e-01 -1.503821282116057478e+00
-3.284793421643801559e-02 -3.318205928094660750e-01 -1.477988324053141955e+00
-4.146837706043350613e-02 -7.242590595065403480e-01 -1.461207485505887860e+00
-7.080163394088717643e-02 -1.116396422205536920e+00 -1.425054988365155095e+00
-9.502866596045457526e-02 1.237413670580184144e+00 -1.578517842281004668e+00
4.693983608565063803e-02 2.081505040938161355e-02 -1.482865386661001317e+00
5.036686043178321970e-02 -3.714317272124616487e-01 -1.502137168774777098e+00
3.073850741591436453e+00 -8.050889825280933554e-01 1.706620082373784264e+00
3.090350145526601366e+00 -4.130539655045237235e-01 1.678333848274540019e+00
3.094652817504142561e+00 -2.081505040938144008e-02 1.658727266928792021e+00
3.091225793158010049e+00 3.714317272124612601e-01 1.639455484815016240e+00
4.693983608565063803e-02 2.081505040938161355e-02 -1.482865386661001317e+00
5.036686043178321970e-02 -3.714317272124616487e-01 -1.502137168774777098e+00
4.693983608565063803e-02 2.081505040938161355e-02 -1.482865386661001317e+00
5.036686043178321970e-02 -3.714317272124616487e-01 -1.502137168774777098e+00
-1.986673874460034156e-02 -8.077604939427013298e-01 1.641476397895922812e+00
1.986673874460034156e-02 8.077604939427013298e-01 -1.500116255693870304e+00
1.500421741927686174e-02 4.151184473332059088e-01 -1.508424113133092437e+00
1.899396477717749457e-02 -7.628471469061982591e-01 -1.527600988547592964e+00
3.792885634318973048e-02 1.200315398385308319e+00 -1.479117937334457400e+00
-5.704744115518510794e-01 -2.894644955684018139e-01 1.672292441008067287e+00
5.704744115518510794e-01 2.894644955684018139e-01 -1.469300212581726051e+00
5.446147195245837347e-01 -4.498775042006521868e-02 -1.677675263569995856e+00
2.189571274418213420e+00 -8.823110206491709961e-01 2.317051113686507069e+00
2.458502174424793019e+00 -6.094238819724261402e-01 1.927072401966819504e+00
2.571118242037941926e+00 -2.894644955684019250e-01 1.672292441008067287e+00
2.596977934065209492e+00 4.498775042006503827e-02 1.463917390019797482e+00
2.551121315378785948e+00 3.774353224969519416e-01 1.248990716435448345e+00
2.406457430467560776e+00 6.892984774696262473e-01 9.692624602762117680e-01
2.074793810297042018e+00 9.384277509536640416e-01 5.200673049231053779e-01
-3.129971353364915387e+00 -8.258239150250756833e-01 1.630104589377243673e+00
3.129971353364915387e+00 8.258239150250756833e-01 -1.511488064212549665e+00
3.118759734342900103e+00 1.218472224876478771e+00 -1.524375803486913927e+00
8.393927613965908308e-03 3.522282682565933132e-01 1.641543542796173760e+00
3.130875569518885460e+00 -7.449101372471620408e-01 -1.495679669632222764e+00
3.133198725975827159e+00 -3.522282682565932022e-01 -1.500049110793619578e+00
3.132912440953491195e+00 4.331441348790018853e-01 -1.506588384820444881e+00
-1.528450723047612758e+00 -1.226080312922165072e-01 1.647675142794356118e+00
2.051129711645912401e+00 4.203247942323477815e-02 1.184160324034249978e+00
-2.051129711645912401e+00 -4.203247942323477815e-02 -1.957432329555543360e+00
-2.034061072242828505e+00 1.382910668739835980e-01 -1.607695471757817351e+00
-1.952991853702146896e+00 3.012718187085252075e-01 -1.241040653037490449e+00
-1.809369626838658984e+00 4.229409715789608226e-01 -8.410799188207396249e-01
-1.136999071812932582e+00 2.171974073345139256e-01 8.292089020073538652e-01
-1.090462941943880715e+00 4.203247942323488223e-02 1.184160324034249756e+00
-1.107531581346964833e+00 -1.382910668739835702e-01 1.533897181831975765e+00
-1.725136602601480718e+00 -4.585014723081334842e-01 -3.109740935376259063e+00
-1.893950413611243055e+00 -3.641555889658940615e-01 -2.693122021469266159e+00
-2.004593581776860756e+00 -2.171974073345142031e-01 -2.312383751582439917e+00
2.626180786046929394e-01 -5.855708178894557525e-01 4.482756964356380408e-02
-2.626180786046929394e-01 5.855708178894557525e-01 -3.096765083946229513e+00
-2.227786711043779344e-01 2.040255621825137755e-01 -2.995137645909609958e+00
-2.216925499605300054e-01 -1.792535448473975279e-01 -2.909104489291432394e+00
-2.583945030680638300e-01 -5.610310397808965233e-01 -2.809561239988756842e+00
