-7.598467076032711098e-01 -6.068477712405820346e-02 1.556689861959782206e+00
7.598467076032711098e-01 6.068477712405820346e-02 -1.584902791630011132e+00
7.823587062434587125e-01 -2.227181572386515707e-01 -1.858578154303343055e+00
8.920614435976556011e-01 -4.879127901268789924e-01 -2.168949071679095564e+00
1.119826638412888098e+00 -7.014382362686577554e-01 -2.569497624847040917e+00
1.482814885148506789e+00 -8.090142767546671942e-01 -3.091956808293125025e+00
1.881643906122012044e+00 -7.638883689238141761e-01 2.635136113669323432e+00
2.169219535300099810e+00 -5.878242884130130408e-01 2.181948062827385737e+00
2.324524810709920342e+00 -3.394234516490683418e-01 1.840010312644854151e+00
2.381745945986522006e+00 -6.068477712405828672e-02 1.556689861959782206e+00
2.359233947346334848e+00 2.227181572386515152e-01 1.283014499286450283e+00
2.249531209992137626e+00 4.879127901268791589e-01 9.726435819106975522e-01
2.021766015176905018e+00 7.014382362686575334e-01 5.720950287427523095e-01
1.658777768441286993e+00 8.090142767546670832e-01 4.963584529666877077e-02
1.259948747467780628e+00 7.638883689238138430e-01 -5.064565399204706830e-01
9.723731182896931946e-01 5.878242884130130408e-01 -9.596445907624074900e-01
8.170678428798731074e-01 3.394234516490686193e-01 -1.301582340944938521e+00
-1.182439637377463493e+00 -1.085902979335325730e-02 1.074432555973842351e+00
1.182439637377463493e+00 1.085902979335325730e-02 -2.067160097615950765e+00
1.205482484204619231e+00 -1.352814391390377291e-01 -2.432698175388166906e+00
1.715506873570234792e+00 -3.618215898496107141e-01 2.228151483861015247e+00
1.844737349222173473e+00 -2.790278824514592637e-01 1.823260179617248733e+00
1.928252658253779117e+00 -1.555603026362551988e-01 1.441109321081894157e+00
1.959153016212329623e+00 -1.085902979335334056e-02 1.074432555973842573e+00
1.936110169385173885e+00 1.352814391390376736e-01 7.088944782016265433e-01
1.426085780019558324e+00 3.618215898496107696e-01 -9.134411697287785348e-01
1.296855304367619643e+00 2.790278824514593192e-01 -1.318332473972544383e+00
1.213339995336013999e+00 1.555603026362553654e-01 -1.700483332507898515e+00
-3.238086149088733046e-01 -5.847164095589885147e-01 1.752526229578108330e+00
3.238086149088733046e-01 5.847164095589885147e-01 -1.389066424011685008e+00
2.746588696844468602e-01 2.089403482362893194e-01 -1.513859161337988368e+00
2.725391095353656978e-01 -1.695049754568468403e-01 -1.619354720522419688e+00
3.156415353552373682e-01 -5.458328355185582126e-01 -1.740170730890693518e+00
4.480760351238887162e-01 -9.116786511964785067e-01 -1.935384796576625988e+00
9.072605936788356029e-01 -1.227303861191179069e+00 -2.450098649062943501e+00
2.137135050126682589e+00 -1.250963199679142823e+00 2.549992704831089529e+00
2.669115896752749073e+00 -9.483782513137017922e-01 1.962928933760267780e+00
2.817784038680919867e+00 -5.847164095589887367e-01 1.752526229578108330e+00
2.866933783905346367e+00 -2.089403482362895415e-01 1.627733492251804970e+00
2.869053544054427807e+00 1.695049754568467570e-01 1.522237933067373650e+00
2.825951118234555803e+00 5.458328355185577685e-01 1.401421922699099820e+00
2.693516618465904511e+00 9.116786511964782846e-01 1.206207857013167351e+00
2.234332059910956403e+00 1.227303861191179291e+00 6.914940045268485047e-01
1.004457603463111415e+00 1.250963199679142823e+00 -5.915999487587033645e-01
4.724767568370441539e-01 9.483782513137021253e-01 -1.178663719829525336e+00
2.895985857079246717e+00 -6.315394451100848627e-01 1.660792256526348654e+00
-2.895985857079246717e+00 6.315394451100848627e-01 -1.480800397063444684e+00
-2.765777581779379712e+00 1.006657593811039808e+00 -1.305887801276505167e+00
-2.177241997708631249e+00 1.329628673866692479e+00 -6.771967985465962014e-01
-6.736755479705592853e-01 1.250795151888992152e+00 8.654370498790343591e-01
-3.209135165317779648e-01 8.993101523792370600e-01 1.259276587339033249e+00
-2.281866956686067760e-01 5.205664754603174238e-01 1.398871857649093053e+00
-1.994098977205254197e-01 1.365490247589903894e-01 1.486364239806562182e+00
-2.038700767703808536e-01 -2.483916674187982565e-01 1.564650533850463265e+00
-2.456067965105465933e-01 -6.315394451100847517e-01 1.660792256526348432e+00
-3.758150718104136256e-01 -1.006657593811039586e+00 1.835704852313287949e+00
-9.643506558811612006e-01 -1.329628673866692257e+00 2.464395855043195915e+00
-2.467917105619232832e+00 -1.250795151888992596e+00 -2.276155603710759756e+00
-2.820679137058014874e+00 -8.993101523792377261e-01 -1.882316066250760311e+00
-2.913405957921186396e+00 -5.205664754603170907e-01 -1.742720795940700063e+00
-2.942182755869267918e+00 -1.365490247589906114e-01 -1.655228413783231156e+00
-2.937722576819412179e+00 2.483916674187977291e-01 -1.576942119739330073e+00
2.462216371205205034e-01 -8.437773413736537886e-01 1.392964750889895020e+00
-2.462216371205205034e-01 8.437773413736537886e-01 -1.748627902699898096e+00
-1.817597501516721448e-01 4.596196735848539494e-01 -1.644362384040370273e+00
-1.631520458842508903e-01 7.258405829823699751e-02 -1.574949945079607172e+00
-1.712080436674362494e-01 -3.147798702451135022e-01 -1.509532301259299825e+00
-2.135182740237723253e-01 -7.004996849059418329e-01 -1.424147821375146838e+00
-3.501436326821639744e-01 -1.078940489059241115e+00 -1.251586376340700690e+00
-1.149896500959160406e+00 -1.392358130520295223e+00 -4.191165666315477267e-01
-2.659519632968138758e+00 -1.213834006498533569e+00 1.122751298012076626e+00
-2.895371016469272529e+00 -8.437773413736537886e-01 1.392964750889895020e+00
-2.959832903438121221e+00 -4.596196735848541715e-01 1.497230269549422843e+00
-2.978440607705542309e+00 -7.258405829823692812e-02 1.566642708510186166e+00
-2.970384609922357200e+00 3.147798702451130026e-01 1.632060352330493291e+00
-2.928074379566020902e+00 7.004996849059416109e-01 1.717444832214646500e+00
-2.791449020907629031e+00 1.078940489059241559e+00 1.890006277249092870e+00
-1.991696152630632488e+00 1.392358130520295223e+00 2.722476086958245833e+00
-4.820730206216553571e-01 1.213834006498534013e+00 -2.018841355577717600e+00
8.969695542334166216e-01 -8.068206795308489054e-01 9.632255510134091203e-01
-8.969695542334166216e-01 8.068206795308489054e-01 -2.178367102576383996e+00
-6.751782283915837013e-01 5.258322969773565614e-01 -1.825325989986594122e+00
-5.852058983195425057e-01 2.068314707542774911e-01 -1.578424994136965465e+00
-5.760300942798537438e-01 -1.227856418417031109e-01 -1.363794153928755248e+00
-6.426404240477515684e-01 -4.463417496809531926e-01 -1.130600143904308741e+00
-8.224688347159052615e-01 -7.411574020764473136e-01 -8.144611997948060234e-01
-1.207758154885269608e+00 -9.541655752009354785e-01 -3.081561978375315647e-01
-1.793594130881344118e+00 -9.832762543195818772e-01 3.933826975450944174e-01
-2.244623099356376272e+00 -8.068206795308491275e-01 9.632255510134090093e-01
-2.466414425198209415e+00 -5.258322969773567834e-01 1.316266663603198994e+00
-2.556386755270250610e+00 -2.068314707542774356e-01 1.563167659452827873e+00
-2.565562559309939594e+00 1.227856418417029305e-01 1.777798499661037868e+00
-2.498952229542041881e+00 4.463417496809531371e-01 2.010992509685484375e+00
-2.319123818873887632e+00 7.411574020764476467e-01 2.327131453794987870e+00
-1.933834498704523730e+00 9.541655752009352565e-01 2.833436455752261995e+00
-1.347998522708449887e+00 9.832762543195820992e-01 -2.748209956044699531e+00
1.930418732220395173e+00 2.007849233627219676e-01 1.123037880356895890e+00
-1.930418732220395173e+00 -2.007849233627219676e-01 -2.018554773232897226e+00
-1.977368708937422337e+00 -5.231234150917376396e-02 -1.651686603823629751e+00
-1.968087036653343391e+00 1.030040701544597537e-01 -1.290525544472675312e+00
-1.902798624425019902e+00 2.447139552754920289e-01 -9.182742317923110464e-01
-1.784900476960079141e+00 3.520798806642637113e-01 -5.226016612660437932e-01
-1.627741938190977233e+00 4.059834570107148100e-01 -1.033999166723629376e-01
-1.459161226839182923e+00 3.950677506667035210e-01 3.233885001698936223e-01
-1.312551345768121491e+00 3.217485845375427367e-01 7.358575618097367155e-01
-1.211173921369397943e+00 2.007849233627219954e-01 1.123037880356895890e+00
-1.164223944652371001e+00 5.231234150917380560e-02 1.489906049766163365e+00
-1.173505616936449725e+00 -1.030040701544596982e-01 1.851067109117117804e+00
-1.238794029164773436e+00 -2.447139552754917791e-01 2.223318421797481736e+00
-1.356692176629713975e+00 -3.520798806642636558e-01 2.618990992323749101e+00
-1.513850715398816105e+00 -4.059834570107147544e-01 3.038192736917430636e+00
-1.682431426750610415e+00 -3.950677506667035765e-01 -2.818204153419899605e+00
-1.829041307821671403e+00 -3.217485845375429032e-01 -2.405735091780057289e+00
1.150556005211388240e-02 -7.813235657776402832e-01 1.546378258188944921e+00
-1.150556005211388240e-02 7.813235657776402832e-01 -1.595214395400848417e+00
-8.826947722926439116e-03 3.886439164326019879e-01 -1.590456675973364487e+00
-8.168718774711793140e-03 -4.041368663162818974e-03 -1.587078759177529053e+00
-8.856549321045074225e-03 -3.967266074915185570e-01 -1.583689514625963968e+00
-1.159892912704749493e-02 -7.894060334452750460e-01 -1.578877102711818026e+00
-2.155335847400952770e-02 -1.182057280877762739e+00 -1.567166115608518595e+00
-2.030231384716270071e+00 -1.561682586409732787e+00 4.431361190224507030e-01
-3.120455702482285432e+00 -1.173976114981631902e+00 1.534985951390915648e+00
-3.130087093537679444e+00 -7.813235657776405052e-01 1.546378258188944921e+00
-3.132765705866866757e+00 -3.886439164326021545e-01 1.551135977616428852e+00
-3.133423934815081413e+00 4.041368663162606470e-03 1.554513894412264285e+00
-3.132736104268748267e+00 3.967266074915181129e-01 1.557903138963829148e+00
-3.129993724462745597e+00 7.894060334452749350e-01 1.562715550877975090e+00
-3.120039295115783595e+00 1.182057280877763183e+00 1.574426537981274743e+00
-1.111361268873543473e+00 1.561682586409732787e+00 -2.698456534567363008e+00
-2.113695110750798620e-02 1.173976114981632124e+00 -1.606606702198877690e+00
-1.503763200858769356e+00 4.411713417466844867e-02 8.358010401819055968e-01
1.503763200858769356e+00 -4.411713417466844867e-02 -2.305791613407887741e+00
1.525735274934535868e+00 -6.640280332845092948e-02 -2.698473250372778409e+00
1.554613082269166835e+00 -7.858426665263627819e-02 -3.092033009638082142e+00
1.585981387451992797e+00 -7.878284218369017988e-02 2.797218518160269340e+00
1.615012636496245824e+00 -6.696780478267680414e-02 2.403636589402396329e+00
1.637266404134171793e+00 -4.496167673599259923e-02 2.010923731847645612e+00
1.649390842751758512e+00 -1.613329618787439843e-02 1.619085420647427442e+00
1.649588215416456949e+00 1.513795658958618298e-02 1.227617367739955556e+00
1.637829452731023983e+00 4.411713417466844173e-02 8.358010401819057078e-01
1.615857378655257470e+00 6.640280332845097111e-02 4.431194032170148178e-01
1.586979571320626281e+00 7.858426665263631983e-02 4.955964395171106457e-02
1.555611266137800541e+00 7.878284218369019376e-02 -3.443741354295232759e-01
1.526580017093547292e+00 6.696780478267680414e-02 -7.379560641873961213e-01
1.504326249455621323e+00 4.496167673599257841e-02 -1.130668921742147948e+00
1.492201810838034826e+00 1.613329618787438455e-02 -1.522507232942365896e+00
1.492004438173336167e+00 -1.513795658958612921e-02 -1.913975285849837338e+00
-1.523107420027661307e+00 2.584021777379266749e-01 8.302227344991819358e-01
1.523107420027661307e+00 -2.584021777379266749e-01 -2.311369919090611180e+00
1.829479677047538999e+00 -4.610446974572369322e-02 2.388824181844461769e+00
1.827723004030529674e+00 5.523763217298163775e-02 2.009259940825188551e+00
1.788162798566431899e+00 1.486489099494501254e-01 1.625672901626878053e+00
1.715140365553303958e+00 2.202231716987779475e-01 1.232710613534439226e+00
1.618485233562132031e+00 2.584021777379266749e-01 8.302227344991821578e-01
1.513688018413854142e+00 2.565259746643195338e-01 4.239592391162811946e-01
1.312112976542254339e+00 4.610446974572381812e-02 -7.527684717453312357e-01
1.313869649559263664e+00 -5.523763217298174877e-02 -1.132332712764605009e+00
1.353429855023361439e+00 -1.486489099494501254e-01 -1.515919751962915285e+00
1.426452288036489158e+00 -2.202231716987778642e-01 -1.908882040055353446e+00
-4.826616652484332914e-01 6.385678510656230822e-01 -1.622493998577666297e+00
-3.984955570283598147e-01 2.822334385038196003e-01 -1.436488398539468081e+00
-3.832344011737361389e-01 -8.153289635800220481e-02 -1.286943186673970674e+00
-4.252751499300817528e-01 -4.433718286576205370e-01 -1.127862580897671219e+00
-2.658930988341359658e+00 -6.385678510656230822e-01 1.519098655012126819e+00
-2.743097096561433634e+00 -2.822334385038197668e-01 1.705104255050325035e+00
-2.758358252416056811e+00 8.153289635800184398e-02 1.854649466915822442e+00
-2.716317503659711363e+00 4.433718286576202594e-01 2.013730072692121897e+00
-2.582810915347024228e+00 7.912369191967313364e-01 2.240259772476486777e+00
1.198539961522949060e+00 -3.872495854041057561e-01 6.761027605059192203e-01
-1.198539961522949060e+00 3.872495854041057561e-01 -2.465489893083874229e+00
-1.084773871302387116e+00 2.218294102231616605e-01 -2.091398092209160620e+00
-1.040964623950485946e+00 2.889484662431651002e-02 -1.746066028618209254e+00
-1.064943899005160732e+00 -1.674121988219659241e-01 -1.404570513843458102e+00
-1.158108219059194255e+00 -3.435006529712940071e-01 -1.041093586829322071e+00
-1.321042312684405751e+00 -4.731211587446528810e-01 -6.363139966693863725e-01
-1.537313475628409032e+00 -5.295872371010119650e-01 -1.921891828001970892e-01
-1.761633910750584286e+00 -4.981246044286595231e-01 2.582664279025617127e-01
-1.943052692066844056e+00 -3.872495854041058116e-01 6.761027605059189982e-01
-2.056818782287406222e+00 -2.218294102231616327e-01 1.050194561380632718e+00
-2.100628029639306948e+00 -2.889484662431653431e-02 1.395526624971584084e+00
-2.076648754584632162e+00 1.674121988219658408e-01 1.737022139746335014e+00
-1.983484434530599083e+00 3.435006529712940071e-01 2.100499066760471045e+00
-1.820550340905387143e+00 4.731211587446531586e-01 2.505278656920407077e+00
-1.604279177961383862e+00 5.295872371010121871e-01 2.949403470789596415e+00
-1.379958742839209052e+00 4.981246044286597452e-01 -2.883326225687232292e+00
-1.926681673688711349e+00 -3.062042275872608466e-01 6.452772178299612804e-01
1.926681673688711349e+00 3.062042275872608466e-01 -2.496315435759831836e+00
1.403028571303261751e+00 4.359612505180209263e-01 2.516039594841466887e+00
1.245496242415114141e+00 3.386493663772507934e-01 2.104489369629681139e+00
1.144740303909319357e+00 1.927600153329277199e-01 1.726065668900780281e+00
1.106081478232215254e+00 2.176071260191162968e-02 1.370036551793828883e+00
1.129398112080130412e+00 -1.519471547001716161e-01 1.016639242196445414e+00
1.214910979901081989e+00 -3.062042275872607910e-01 6.452772178299615025e-01
1.359645989584671977e+00 -4.176661390534598950e-01 2.419957881117428267e-01
1.546455072672587416e+00 -4.645961586001866594e-01 -1.898516669493835740e-01
1.738564082286531365e+00 -4.359612505180211484e-01 -6.255530587483261185e-01
1.896096411174679197e+00 -3.386493663772510154e-01 -1.037103283960111533e+00
1.996852349680473981e+00 -1.927600153329276644e-01 -1.415526984689013057e+00
2.035511175357577862e+00 -2.176071260191170947e-02 -1.771556101795964233e+00
2.012194541509662926e+00 1.519471547001713108e-01 -2.124953411393347480e+00
1.679932228385359050e+00 1.207769261860443671e-01 8.755824248122128228e-01
-1.679932228385359050e+00 -1.207769261860443671e-01 -2.266010228777580515e+00
-1.717684709892774775e+00 -6.999137385906117892e-02 -1.874764438373884845e+00
-1.733166306600166795e+00 -8.738231296230603365e-03 -1.486506190666378791e+00
-1.724310197443970960e+00 5.381427208468005097e-02 -1.098657832356360720e+00
-1.692289034089109689e+00 1.083377457267379607e-01 -7.084146662246907367e-01
-1.641547096283256790e+00 1.465261427201939859e-01 -3.143147940613514879e-01
-1.579651018500523474e+00 1.623637257738012873e-01 8.285872732408389174e-02
-1.516342918425428454e+00 1.532898795711802598e-01 4.804610348689524746e-01
-1.461660425204434288e+00 1.207769261860443533e-01 8.755824248122127118e-01
-1.423907943697018563e+00 6.999137385906113729e-02 1.266828215215908493e+00
-1.408426346989626543e+00 8.738231296230596426e-03 1.655086462923414325e+00
-1.417282456145822378e+00 -5.381427208468000933e-02 2.042934821233432174e+00
-1.449303619500683649e+00 -1.083377457267379329e-01 2.433177987365102268e+00
-1.500045557306536326e+00 -1.465261427201940136e-01 2.827277859528442239e+00
-1.561941635089269642e+00 -1.623637257738012873e-01 -3.058733926265709613e+00
-1.625249735164364884e+00 -1.532898795711803153e-01 -2.661131618720841363e+00
