2.581819347136320442e-01 -8.717245776265970525e-01 -5.208533875599395957e-01
-2.581819347136320442e-01 8.717245776265970525e-01 2.620739266029853631e+00
-1.871299435756511587e-01 4.882449912733800579e-01 2.731601012331553946e+00
-1.659120513937637764e-01 1.014748623410251654e-01 2.803224678835388950e+00
-1.720955937883518472e-01 -2.857709175387139200e-01 2.869144796650823448e+00
-2.114424675974422574e-01 -6.715228197166243085e-01 2.952951656437544870e+00
-3.369132007774395809e-01 -1.050635965797446447e+00 3.115254495224235143e+00
-1.018295701936782205e+00 -1.376556177692170868e+00 -2.453220414568205943e+00
-2.613882653650609011e+00 -1.238426510573783723e+00 -8.249765514553388801e-01
-2.883410718876161294e+00 -8.717245776265970525e-01 -5.208533875599395957e-01
-2.954462710014142068e+00 -4.882449912733802244e-01 -4.099916412582391700e-01
-2.975680602196029589e+00 -1.014748623410253875e-01 -3.383679747544040550e-01
-2.969497059801441186e+00 2.857709175387133649e-01 -2.724478569389698901e-01
-2.930150185992351108e+00 6.715228197166237534e-01 -1.886409971522483020e-01
-2.804679452812353535e+00 1.050635965797446447e+00 -2.633815836555789686e-02
-2.123296951653011355e+00 1.376556177692170868e+00 6.883722390215867293e-01
-5.277099999391853258e-01 1.238426510573784167e+00 2.316616102134453126e+00
1.282056945042006735e+00 -5.820046451794097520e-01 7.732098219315899357e-01
-1.282056945042006735e+00 5.820046451794097520e-01 -2.368382831658203180e+00
-1.077892299971633383e+00 4.299545296855197818e-01 -1.952964156797910800e+00
-9.631402658972021413e-01 2.223278661097272124e-01 -1.600046661911339152e+00
-9.286576773234337390e-01 -9.397278850953823259e-03 -1.280440614944508226e+00
-9.692195506685341577e-01 -2.401665916866328743e-01 -9.594411866884817730e-01
-1.090861169241992057e+00 -4.446246273674869798e-01 -6.024247321971830660e-01
-1.302098209358141467e+00 -5.906390300422692530e-01 -1.814091871410477286e-01
-1.582530752107209171e+00 -6.421056282054624642e-01 2.973834669300454703e-01
-1.859535708547786381e+00 -5.820046451794096409e-01 7.732098219315896026e-01
-2.063700353618159955e+00 -4.299545296855200038e-01 1.188628496791882538e+00
-2.178452387692590975e+00 -2.223278661097271569e-01 1.541545991678453964e+00
-2.212934976266359488e+00 9.397278850953493662e-03 1.861152038645284668e+00
-2.172373102921259402e+00 2.401665916866327632e-01 2.182151466901311121e+00
-2.050731484347801281e+00 4.446246273674870353e-01 2.539167921392610161e+00
-1.839494444231652093e+00 5.906390300422692530e-01 2.960183466448745193e+00
-1.559061901482584611e+00 6.421056282054623532e-01 -2.844209186659748312e+00
-1.189136351114665979e+00 -1.137320401285177418e+00 5.483495921024481579e-01
1.189136351114665979e+00 1.137320401285177418e+00 -2.593243061487345180e+00
6.701939632643860723e-01 8.923719152557434420e-01 3.088401892916883273e+00
4.780472244206339094e-01 5.598801092795262502e-01 2.804054567822754862e+00
4.094162507255253436e-01 2.041694609737713384e-01 2.623285392943263794e+00
4.057036371769996430e-01 -1.570894716086624343e-01 2.468431831739619664e+00
4.641864551467765887e-01 -5.141846571169204072e-01 2.294088448138812186e+00
6.331695898776766862e-01 -8.515919322536832370e-01 2.031001473942845692e+00
1.091166111054064913e+00 -1.115884255223343891e+00 1.489588911584030395e+00
1.952456302475126915e+00 -1.137320401285177418e+00 5.483495921024486019e-01
2.471398690325407266e+00 -8.923719152557434420e-01 -5.319076067290981480e-02
2.663545429169159373e+00 -5.598801092795259171e-01 -3.375380857670386425e-01
2.732176402864268105e+00 -2.041694609737715604e-01 -5.183072606465296550e-01
2.735889016412793584e+00 1.570894716086622955e-01 -6.731608218501733409e-01
2.677406198443016638e+00 5.141846571169207403e-01 -8.475042054509814848e-01
2.508423063712116541e+00 8.515919322536833480e-01 -1.110591179646947424e+00
2.050426542535729535e+00 1.115884255223343668e+00 -1.652003742005762055e+00
2.883194739057257650e+00 -5.700792151596768553e-01 1.378147685633416275e+00
-2.883194739057257650e+00 5.700792151596768553e-01 -1.763444967956377063e+00
-2.765910472555451527e+00 9.442989900560778693e-01 -1.595876888163629159e+00
-2.304346570146272200e+00 1.276978708951391983e+00 -1.089714019420979563e+00
-8.548284109309191026e-01 1.281650115044936200e+00 4.026798437998531099e-01
-3.792953565924963577e-01 9.508489644129428653e-01 9.227495604389407413e-01
-2.595634133161398571e-01 5.768902931668974388e-01 1.092619202852012084e+00
-2.210797674660626710e-01 1.951319307681332604e-01 1.192906273566205044e+00
-2.207801005538731764e-01 -1.882571399873728124e-01 1.278435880992498275e+00
-2.583979145325357440e-01 -5.700792151596767443e-01 1.378147685633416053e+00
-3.756821810343415335e-01 -9.442989900560777583e-01 1.545715765426164401e+00
-8.372460834435220267e-01 -1.276978708951392205e+00 2.051878634168814663e+00
-2.286764242658874124e+00 -1.281650115044936200e+00 -2.738912809789940006e+00
-2.762297296997296758e+00 -9.508489644129430873e-01 -2.218843093150852486e+00
-2.882029240273653592e+00 -5.768902931668969947e-01 -2.048973450737781032e+00
-2.920512886123730834e+00 -1.951319307681330661e-01 -1.948686380023588072e+00
-2.920812553035919912e+00 1.882571399873723128e-01 -1.863156772597295285e+00
-1.748625974440814801e+00 -8.338633517985957200e-01 8.329552883668991381e-01
1.748625974440814801e+00 8.338633517985957200e-01 -2.308637365222894200e+00
1.314173995172793319e+00 8.178178175262104110e-01 -2.891965311563107655e+00
9.842292594871779876e-01 6.531539041749440111e-01 2.906358913852334691e+00
8.028955652357809836e-01 4.041278775057205452e-01 2.552372738573060573e+00
7.290288248282545958e-01 1.191579675978259728e-01 2.271434572796463769e+00
7.363867488294482122e-01 -1.744459132120923239e-01 2.009601563730564422e+00
8.277077775439219964e-01 -4.551286222008379401e-01 1.719401194629143648e+00
1.034428931693554210e+00 -6.927704870537284565e-01 1.344454051692582253e+00
1.392966679148978537e+00 -8.338633517985957200e-01 8.329552883668993601e-01
1.827418658417000019e+00 -8.178178175262105221e-01 2.496273420266857668e-01
2.157363394102615128e+00 -6.531539041749441221e-01 -2.352337397374580641e-01
2.338697088354012354e+00 -4.041278775057210448e-01 -5.892199150167322097e-01
2.412563828761538520e+00 -1.191579675978264863e-01 -8.701580807933292361e-01
2.405205904760344904e+00 1.744459132120924350e-01 -1.131991089859229138e+00
2.313884876045871675e+00 4.551286222008379956e-01 -1.422191458960649468e+00
2.107163721896239572e+00 6.927704870537280124e-01 -1.797138601897210197e+00
-2.031720974557564396e+00 -7.991070703820850607e-01 8.945537607787215073e-01
2.031720974557564396e+00 7.991070703820850607e-01 -2.247038892811071609e+00
1.590441802482684519e+00 8.960573371769198214e-01 -2.827804980081078501e+00
1.139413191818152482e+00 8.126706237186398507e-01 2.865245425368211141e+00
8.547116624395234563e-01 5.953950042805936649e-01 2.431938786722982915e+00
7.167963310552462053e-01 3.153650241186699565e-01 2.123401674153009289e+00
6.746448527822825891e-01 1.227192004170624302e-02 1.869242666962214194e+00
7.103538370593921458e-01 -2.916036367330138712e-01 1.617009122462556014e+00
8.391145095252706687e-01 -5.745786548522187065e-01 1.315159702029195188e+00
1.109871679032228720e+00 -7.991070703820849497e-01 8.945537607787216183e-01
1.551150851107108375e+00 -8.960573371769198214e-01 3.137876735087150037e-01
2.002179461771640856e+00 -8.126706237186397397e-01 -2.763472282215819753e-01
2.286880991150269438e+00 -5.953950042805939979e-01 -7.096538668668100902e-01
2.424796322534546800e+00 -3.153650241186702896e-01 -1.018190979436783605e+00
2.466947800807510305e+00 -1.227192004170585445e-02 -1.272349986627579144e+00
2.431238816530401081e+00 2.916036367330137602e-01 -1.524583531127237546e+00
2.302478144064522780e+00 5.745786548522184845e-01 -1.826432951560597484e+00
-1.099860694949551299e+00 -6.803308939093704044e-01 7.452346794729159951e-01
1.099860694949551299e+00 6.803308939093704044e-01 -2.396357974116877454e+00
8.852444879437638692e-01 4.625056544999383012e-01 -2.787302071606173826e+00
7.843435878123961036e-01 1.966702521187035091e-01 -3.094140593805702277e+00
7.687925775008396245e-01 -8.523397017896271188e-02 2.914303981340710781e+00
8.335481868704243125e-01 -3.604614648846328762e-01 2.625985081815431332e+00
9.985844729640277473e-01 -6.023555802199248577e-01 2.275003329446652511e+00
1.295865698880991790e+00 -7.673170009090831689e-01 1.811619033156718128e+00
1.693072540197870346e+00 -7.982581648206154012e-01 1.255727699007015197e+00
2.041731958640241817e+00 -6.803308939093704044e-01 7.452346794729161061e-01
2.256348165646029358e+00 -4.625056544999384123e-01 3.542905819836195680e-01
2.357249065777397234e+00 -1.966702521187033981e-01 4.745205978409118563e-02
2.372800076088953602e+00 8.523397017896260086e-02 -2.272886722490825018e-01
2.308044466719369137e+00 3.604614648846328206e-01 -5.156075717743617837e-01
2.143008180625765036e+00 6.023555802199251907e-01 -8.665893241431414928e-01
1.845726954708801548e+00 7.673170009090832799e-01 -1.329973620433075210e+00
1.448520113391923214e+00 7.982581648206152902e-01 -1.885864954582777475e+00
1.318103373226920949e+00 -8.998342435325105138e-01 8.734470056995481402e-01
-1.318103373226920949e+00 8.998342435325105138e-01 -2.268145647890245087e+00
-9.360261268339385987e-01 7.263150601254222405e-01 -1.749609941312348704e+00
-7.366568065783303254e-01 4.599556782405101463e-01 -1.398565991311513823e+00
-6.553892692741507542e-01 1.567577776351055940e-01 -1.135249637698384939e+00
-6.553065580850920835e-01 -1.560754782430948950e-01 -8.968960100633359689e-01
-7.363706687379245608e-01 -4.593181472288641598e-01 -6.336937089922068944e-01
-9.354110359504417271e-01 -7.258045290504380187e-01 -2.829311980145734484e-01
-1.317054077001230006e+00 -8.996186505805575662e-01 2.351911212970849152e-01
-1.823489280362871945e+00 -8.998342435325104027e-01 8.734470056995478071e-01
-2.205566526755854184e+00 -7.263150601254223515e-01 1.391982712277444412e+00
-2.404935847011462791e+00 -4.599556782405102018e-01 1.743026662278279515e+00
-2.486203384315642584e+00 -1.567577776351058716e-01 2.006343015891408399e+00
-2.486286095504701255e+00 1.560754782430947840e-01 2.244696643526457258e+00
-2.405221984851868555e+00 4.593181472288646039e-01 2.507898944597586777e+00
-2.206181617639351167e+00 7.258045290504380187e-01 2.858661455575219890e+00
-1.824538576588563554e+00 8.996186505805575662e-01 -2.906401532292709256e+00
-2.579378196979155824e+00 -9.881634288126460719e-01 1.328704459332198162e+00
2.579378196979155824e+00 9.881634288126460719e-01 -1.812888194257595176e+00
1.931238936141764784e+00 1.251977723126945330e+00 -2.521541376114226019e+00
8.431050241474902229e-01 1.167129668899429040e+00 2.614345139665466444e+00
4.591222395669534162e-01 8.475219590093198141e-01 2.167906951593812082e+00
3.377917337012806831e-01 4.842356615198664671e-01 1.975093463807696459e+00
2.995727581326115274e-01 1.107748128509313812e-01 1.847139492714011899e+00
3.087385298375150411e-01 -2.643327253514609620e-01 1.729872739765020873e+00
3.729469773068589955e-01 -6.351566125575059951e-01 1.584913266160823841e+00
5.622144566106372920e-01 -9.881634288126460719e-01 1.328704459332198162e+00
1.210353717448028110e+00 -1.251977723126945330e+00 6.200512774755676526e-01
2.298487629442303337e+00 -1.167129668899428818e+00 -5.272475139243270048e-01
2.682470414022839922e+00 -8.475219590093200361e-01 -9.736857019959810344e-01
2.803800919888512766e+00 -4.842356615198667447e-01 -1.166499189782096879e+00
2.842019895457181811e+00 -1.107748128509307706e-01 -1.294453160875781439e+00
2.832854123752278408e+00 2.643327253514609620e-01 -1.411719913824772465e+00
2.768645676282934343e+00 6.351566125575054400e-01 -1.556679387428969275e+00
1.625803759187569808e+00 -4.316711248947861512e-01 7.977262469443716641e-01
-1.625803759187569808e+00 4.316711248947861512e-01 -2.343866406645421563e+00
-1.445775041747140000e+00 4.176909753536625081e-01 -1.912574512929611448e+00
-1.291046626529329444e+00 3.375285872545661370e-01 -1.498435672220578274e+00
-1.185855054720529989e+00 2.077366452493011328e-01 -1.113080853399183834e+00
-1.138549709167886226e+00 4.995706688151637515e-02 -7.500363970665632207e-01
-1.150192460743639122e+00 -1.142237234205649710e-01 -3.927149928876864649e-01
-1.220685439413061957e+00 -2.635768810123217398e-01 -2.248952138950740046e-02
-1.347179805851875134e+00 -3.762457683646046602e-01 3.743479367232374622e-01
-1.515788894402223308e+00 -4.316711248947861512e-01 7.977262469443715531e-01
-1.695817611842653116e+00 -4.176909753536624526e-01 1.229018140660181668e+00
-1.850546027060463672e+00 -3.375285872545660815e-01 1.643156981369214620e+00
-1.955737598869263127e+00 -2.077366452493013271e-01 2.028511800190609282e+00
-2.003042944421907112e+00 -4.995706688151645841e-02 2.391556256523229784e+00
-1.991400192846153994e+00 1.142237234205649848e-01 2.748877660702107040e+00
-1.920907214176731381e+00 2.635768810123215733e-01 3.119103132200285788e+00
-1.794412847737918204e+00 3.762457683646044382e-01 -2.767244716866556153e+00
2.763860350184447423e+00 -9.323057632807133510e-01 1.634098711583338581e-01
-2.763860350184447423e+00 9.323057632807133510e-01 -2.978182782431459508e+00
-2.320152906823803818e+00 1.265861932517990285e+00 -2.488777024143200123e+00
-8.953813015787308593e-01 1.285291092112343048e+00 -1.020170542235556477e+00
-3.932221403727548803e-01 9.598301867339316118e-01 -4.725814334887772916e-01
-2.671884159465809372e-01 5.871242994078422761e-01 -2.955318064060104555e-01
-2.264842345337847451e-01 2.059604712621557476e-01 -1.921298015924631231e-01
-2.251947255065540610e-01 -1.770116806183822111e-01 -1.047217794541787095e-01
-2.621768349222531880e-01 -5.584555125638561712e-01 -3.790785705251807983e-03
-3.777323034053455264e-01 -9.323057632807133510e-01 1.634098711583337749e-01
-8.214397467659894092e-01 -1.265861932517990285e+00 6.528156294465932152e-01
-2.246211352011062257e+00 -1.285291092112343048e+00 2.121422111354236417e+00
-2.748370513217038180e+00 -9.598301867339319449e-01 2.669011220101015880e+00
-2.874404237643212401e+00 -5.871242994078423871e-01 2.846060847183782716e+00
-2.915108419056008593e+00 -2.059604712621553035e-01 2.949462851997330048e+00
-2.916397928083239055e+00 1.770116806183822389e-01 3.036870874135614518e+00
-2.879415818667540261e+00 5.584555125638555051e-01 3.137801867884541185e+00
-3.336332816582210370e-01 -5.415494761195971396e-01 1.599195441274526175e+00
3.336332816582210370e-01 5.415494761195971396e-01 -1.542397212315266941e+00
2.885749881321099664e-01 1.671609669269090159e-01 -1.669833835080816398e+00
2.909850940783793583e-01 -2.095580469572520255e-01 -1.781407534911381152e+00
3.428887442752238113e-01 -5.832847104039033947e-01 -1.913329183123219757e+00
4.985348232570908644e-01 -9.435723578671568745e-01 -2.134346860011337554e+00
1.035602701663689063e+00 -1.238475853866957799e+00 -2.729780070459447927e+00
2.208716081727376324e+00 -1.213953485225139461e+00 2.323878221149800805e+00
2.670369563982155636e+00 -9.044258881248720128e-01 1.803349609412192356e+00
2.807959371931572079e+00 -5.415494761195972506e-01 1.599195441274526175e+00
2.853017665457683538e+00 -1.671609669269093212e-01 1.471758818508976940e+00
2.850607559511414202e+00 2.095580469572518034e-01 1.360185118678412186e+00
2.798703909314569582e+00 5.832847104039026176e-01 1.228263470466573803e+00
2.643057830332702807e+00 9.435723578671565415e-01 1.007245793578456006e+00
2.105989951926103387e+00 1.238475853866957799e+00 4.118125831303448559e-01
9.328765718624176806e-01 1.213953485225139461e+00 -8.177144324399919784e-01
4.712230896076382014e-01 9.044258881248723458e-01 -1.338243044177600316e+00
1.907208424615563835e+00 -2.746251083966253503e-01 9.300704178429227698e-01
-1.907208424615563835e+00 2.746251083966253503e-01 -2.211522235746870457e+00
-1.776700260201600434e+00 3.813073683336752340e-01 -1.811776912481900759e+00
-1.607005731907402923e+00 4.295132757231804321e-01 -1.387101941647384651e+00
-1.429809466704904830e+00 4.086000085883622623e-01 -9.572464759859200534e-01
-1.280739294440560005e+00 3.233370926188832706e-01 -5.461735185487048838e-01
-1.182057673937772169e+00 1.909259611130996737e-01 -1.634110882184607039e-01
-1.141034746124748089e+00 3.291920407498140355e-02 1.987784568134073060e-01
-1.158548055085833139e+00 -1.293124254840652410e-01 5.572177774568936037e-01
-1.234384228974229281e+00 -2.746251083966252948e-01 9.300704178429225477e-01
-1.364892393388192682e+00 -3.813073683336752340e-01 1.329815741107892357e+00
-1.534586921682390193e+00 -4.295132757231805432e-01 1.754490711942408465e+00
-1.711783186884888286e+00 -4.086000085883623179e-01 2.184346177603872619e+00
-1.860853359149233111e+00 -3.233370926188833261e-01 2.595419135041087788e+00
-1.959534979652021391e+00 -1.909259611130994516e-01 2.978181565371333051e+00
-2.000557907465045027e+00 -3.291920407498136886e-02 -2.942814196776385671e+00
-1.983044598503959977e+00 1.293124254840650467e-01 -2.584374876132899956e+00
-5.878849987857540649e-01 -2.012982870477189323e-01 1.971667596247206999e+00
5.878849987857540649e-01 2.012982870477189323e-01 -1.169925057342586339e+00
5.798039036817365099e-01 -1.276311975935449927e-01 -1.385570104753733212e+00
6.479291075748976336e-01 -4.501865691640983269e-01 -1.620584967557385347e+00
8.302420661930139945e-01 -7.433214080280327041e-01 -1.939686033021694511e+00
1.218226957133677235e+00 -9.532700743852012826e-01 -2.449274873756823734e+00
1.800884593544485712e+00 -9.786875592839590077e-01 3.134850913079111123e+00
2.245997784045244305e+00 -8.007718112168193958e-01 2.570077006704027944e+00
2.465039542152934526e+00 -5.198256393070057602e-01 2.218712193797244936e+00
2.553707654804039162e+00 -2.012982870477189878e-01 1.971667596247206999e+00
2.561788749908056939e+00 1.276311975935448262e-01 1.756022548836059904e+00
2.493663546014895704e+00 4.501865691640983824e-01 1.521007686032407991e+00
2.311350587396779677e+00 7.433214080280324820e-01 1.201906620568098827e+00
1.923365696456116103e+00 9.532700743852011716e-01 6.923177798329698263e-01
1.340708060045306960e+00 9.786875592839587856e-01 -6.741740510682877469e-03
8.955948695445491436e-01 8.007718112168193958e-01 -5.715156468857650607e-01
6.765531114368588117e-01 5.198256393070059822e-01 -9.228804597925481801e-01
