2.599394864257584370e+00 -4.756084283734389184e-01 1.115978101107809817e+00
-2.599394864257584370e+00 4.756084283734389184e-01 -2.025614552481983299e+00
-2.426560168944638551e+00 7.958266797978669205e-01 -1.739500484030769067e+00
-2.008524825386400980e+00 1.039671231756099878e+00 -1.221247630892051905e+00
-1.291413844206643180e+00 1.073269018371825867e+00 -4.084055918769939342e-01
-7.863468110650767562e-01 8.656379192086079977e-01 1.950937097084037286e-01
-5.708071132986002327e-01 5.566201838242204047e-01 5.197791809198276658e-01
-4.889534968527003422e-01 2.163830661728680660e-01 7.330984521446696212e-01
-4.811222492612057811e-01 -1.319915220126771371e-01 9.154315418650686986e-01
-5.421977893322088571e-01 -4.756084283734386964e-01 1.115978101107809817e+00
-7.150324846451548977e-01 -7.958266797978668095e-01 1.402092169559024271e+00
-1.133067828203392358e+00 -1.039671231756099878e+00 1.920345022697741877e+00
-1.850178809383150158e+00 -1.073269018371826089e+00 2.733187061712799348e+00
-2.355245842524716693e+00 -8.656379192086081087e-01 -2.946498943881389554e+00
-2.570785540291193438e+00 -5.566201838242198496e-01 -2.621813472669964895e+00
-2.652639156737092829e+00 -2.163830661728678717e-01 -2.408494201445123828e+00
-2.660470404328587612e+00 1.319915220126766098e-01 -2.226161111724724861e+00
2.434086256750973121e+00 -1.714252890366290694e-01 1.514094945024915928e+00
-2.434086256750973121e+00 1.714252890366290694e-01 -1.627497708564877410e+00
-2.345261825364631569e+00 4.602504955537227160e-01 -1.346193117005806128e+00
-2.139029228228393364e+00 7.077646453679734551e-01 -9.779167083213450296e-01
-1.769522052790603484e+00 8.588991485283999916e-01 -4.615317899649289402e-01
-1.310471261796076536e+00 8.463184413587478971e-01 1.401842423807404814e-01
-9.643984013835332769e-01 6.771344745000108523e-01 6.345477097004600386e-01
-7.778645768823454487e-01 4.212380614202663742e-01 9.863336429044854414e-01
-7.020806444821102721e-01 1.293292491855197179e-01 1.260571634614191083e+00
-7.075063968388201063e-01 -1.714252890366289306e-01 1.514094945024915928e+00
-7.963308282251614356e-01 -4.602504955537227160e-01 1.795399536583986988e+00
-1.002563425361399752e+00 -7.077646453679733440e-01 2.163675945268448420e+00
-1.372070600799189188e+00 -8.588991485283999916e-01 2.680060863624863732e+00
-1.831121391793716802e+00 -8.463184413587478971e-01 -3.001408411209052662e+00
-2.177194252206260394e+00 -6.771344745000106302e-01 -2.507044943889332522e+00
-2.363728076707447556e+00 -4.212380614202662632e-01 -2.155259010685307786e+00
-2.439512009107682733e+00 -1.293292491855200510e-01 -1.881021018975602477e+00
5.980458682013543026e-01 -5.487063130439170378e-01 6.590029379581451296e-01
-5.980458682013543026e-01 5.487063130439170378e-01 -2.482589715631648097e+00
-5.138732074993284105e-01 2.136663695694316079e-01 -2.260287973554180763e+00
-5.057607413387229522e-01 -1.301441647215364206e-01 -2.069417220810479296e+00
-5.686306436042396495e-01 -4.688280566656465309e-01 -1.860066950411471964e+00
-7.442940279214264043e-01 -7.825873031656196410e-01 -1.565205946204755838e+00
-1.155106067419346960e+00 -1.017970573483528485e+00 -1.048842693413865490e+00
-1.834654786530396597e+00 -1.049969608952697975e+00 -2.684376610578343425e-01
-2.325594350703083180e+00 -8.506618510351219298e-01 3.261806991461770888e-01
-2.543546785388438813e+00 -5.487063130439171488e-01 6.590029379581450186e-01
-2.627719446090464928e+00 -2.136663695694317466e-01 8.813046800356126864e-01
-2.635831912251070275e+00 1.301441647215363095e-01 1.072175432779313820e+00
-2.572962009985553689e+00 4.688280566656460868e-01 1.281525703178320930e+00
-2.397298625668367045e+00 7.825873031656194190e-01 1.576386707385036612e+00
-1.986486586170445712e+00 1.017970573483528707e+00 2.092749960175928070e+00
-1.306937867059396963e+00 1.049969608952698197e+00 2.873154992531958829e+00
-8.159983028867103805e-01 8.506618510351223739e-01 -2.815411954443617137e+00
7.432362466448302341e-01 -5.197575963405219879e-01 6.529068401827413659e-01
-7.432362466448302341e-01 5.197575963405219879e-01 -2.488685813407051750e+00
-6.451054634595232429e-01 2.159850042833661443e-01 -2.220366061011598724e+00
-6.314448959272406237e-01 -1.008480170259337116e-01 -1.986977012057734582e+00
-6.956872994360608908e-01 -4.118843410356115564e-01 -1.737889865883317952e+00
-8.688241009885047106e-01 -6.932609231205767442e-01 -1.413348986664346496e+00
-1.220910670350725757e+00 -8.954194161593528323e-01 -9.270175784096634786e-01
-1.740566397089794437e+00 -9.324366513864560391e-01 -2.793774590041412931e-01
-2.169094949085354163e+00 -7.801927040804742530e-01 2.800022379967165853e-01
-2.398356406944962771e+00 -5.197575963405220989e-01 6.529068401827411439e-01
-2.496487190130269873e+00 -2.159850042833663941e-01 9.212265925781948361e-01
-2.510147757662552603e+00 1.008480170259338504e-01 1.154615641532058534e+00
-2.445905354153732336e+00 4.118843410356111678e-01 1.403702787706474941e+00
-2.272768552601288850e+00 6.932609231205765221e-01 1.728243666925446176e+00
-1.920681983239066914e+00 8.954194161593530543e-01 2.214575075180130526e+00
-1.401026256499998679e+00 9.324366513864560391e-01 2.862215194585651989e+00
-9.724977045044392865e-01 7.801927040804742530e-01 -2.861590415593077363e+00
-2.704267851407279544e+00 -4.888653457148190440e-01 3.442593077011303904e-01
2.704267851407279544e+00 4.888653457148190440e-01 -2.797333345888662670e+00
2.552202107945381826e+00 8.329784172547609611e-01 -3.040665867922598409e+00
2.128934674897664081e+00 1.114301248332375760e+00 2.738940234093965476e+00
1.241415431551483817e+00 1.164563424284388748e+00 1.774942163794000827e+00
6.724122587862086942e-01 9.269251174219832468e-01 1.127408159254680520e+00
4.678986601989115202e-01 5.933974967867721162e-01 8.357757962219576342e-01
3.947039006274682960e-01 2.356280609255923530e-01 6.573308544947310539e-01
3.865567893774399799e-01 -1.281652572418919833e-01 5.084089436768858272e-01
4.373248021825136833e-01 -4.888653457148188775e-01 3.442593077011305014e-01
5.893905456444110680e-01 -8.329784172547608501e-01 1.009267856671950125e-01
1.012657978692129257e+00 -1.114301248332375538e+00 -4.026524194958278624e-01
1.900177222038308411e+00 -1.164563424284388748e+00 -1.366650489795791401e+00
2.469180394803584200e+00 -9.269251174219834688e-01 -2.014184494335112152e+00
2.673693993390881651e+00 -5.933974967867716721e-01 -2.305816857367835926e+00
2.746888752962325153e+00 -2.356280609255923530e-01 -2.484261799095062173e+00
2.755035864212353136e+00 1.281652572418914560e-01 -2.633183709912907400e+00
-1.942985524605578274e+00 -5.176089391342663104e-01 7.384487025568872154e-01
1.942985524605578274e+00 5.176089391342663104e-01 -2.403143951032906234e+00
1.696879850334234829e+00 6.163664345267629852e-01 -2.855264632460670970e+00
1.415878221298229267e+00 6.105740157271695168e-01 2.946129335350724077e+00
1.177153700997965569e+00 5.021556350892903975e-01 2.500138312789039752e+00
1.022152512806426161e+00 3.215299362651695692e-01 2.118431707581515333e+00
9.506656636568872054e-01 1.027907238054026479e-01 1.783980759484598666e+00
9.545511745101529222e-01 -1.267594505235303259e-01 1.464632731860628478e+00
1.034372121295767277e+00 -3.428833476855454032e-01 1.126641347519278469e+00
1.198607128984214842e+00 -5.176089391342661994e-01 7.384487025568873264e-01
1.444712803255558287e+00 -6.163664345267630962e-01 2.863280211291225341e-01
1.725714432291563849e+00 -6.105740157271697388e-01 -1.954633182390689006e-01
1.964438952591827325e+00 -5.021556350892905085e-01 -6.414543408007528091e-01
2.119440140783367177e+00 -3.215299362651697912e-01 -1.023160946008277561e+00
2.190926989932906022e+00 -1.027907238054025507e-01 -1.357611894105194894e+00
2.187041479079640194e+00 1.267594505235301872e-01 -1.676959921729164638e+00
2.107220532294026061e+00 3.428833476855450146e-01 -2.014951306070514203e+00
1.416740750962764306e+00 -3.933734276066085944e-01 7.434384647289018488e-01
-1.416740750962764306e+00 3.933734276066085944e-01 -2.398154188860891267e+00
-1.275505387254985079e+00 3.045798444233174251e-01 -1.990566072006865417e+00
-1.184464964129769093e+00 1.716643910956973662e-01 -1.609854146422114107e+00
-1.150078209384122641e+00 1.574711215374251586e-02 -1.247450581707670203e+00
-1.173187316916170175e+00 -1.422056524433752966e-01 -8.868098283379854951e-01
-1.253326791167069132e+00 -2.813195053315415417e-01 -5.107404444449094028e-01
-1.385771751897371784e+00 -3.803597579955584895e-01 -1.084322681387588777e-01
-1.553545096970535111e+00 -4.206626437774002025e-01 3.163003570747076054e-01
-1.724851902627028810e+00 -3.933734276066085389e-01 7.434384647289017378e-01
-1.866087266334808037e+00 -3.045798444233175362e-01 1.151026581582927699e+00
-1.957127689460024023e+00 -1.716643910956975050e-01 1.531738507167679009e+00
-1.991514444205670475e+00 -1.574711215374274831e-02 1.894142071882122691e+00
-1.968405336673622941e+00 1.422056524433750746e-01 2.254782825251807399e+00
-1.888265862422723984e+00 2.813195053315415972e-01 2.630852209144884046e+00
-1.755820901692421554e+00 3.803597579955584895e-01 3.033160385451034280e+00
-1.588047556619258227e+00 4.206626437774000915e-01 -2.825292296515086399e+00
-2.331125715416570987e+00 -2.372996411597373678e-01 3.135670073949997638e-01
2.331125715416570987e+00 2.372996411597373678e-01 -2.828025646194793463e+00
2.214906324519543723e+00 4.932874646050989798e-01 3.134882576720964487e+00
1.982366644172131931e+00 6.943413482330510478e-01 2.725328841667680635e+00
1.626333128422320806e+00 7.878225792954003381e-01 2.204948988179154856e+00
1.248648166859400499e+00 7.340031831627785719e-01 1.664402385186232847e+00
9.788831424420006977e-01 5.573009674195773533e-01 1.222436900899233070e+00
8.332891036111259586e-01 3.124887305356660039e-01 8.821665388834097898e-01
7.822022789701570389e-01 3.916500245965216093e-02 5.947669758605766965e-01
8.104669381732220179e-01 -2.372996411597373123e-01 3.135670073949999304e-01
9.266863290702495037e-01 -4.932874646050989242e-01 -6.710076868828570434e-03
1.159226009417661185e+00 -6.943413482330512698e-01 -4.162638119221123145e-01
1.515259525167472088e+00 -7.878225792954002271e-01 -9.366436654106381487e-01
1.892944486730392617e+00 -7.340031831627786829e-01 -1.477190268403560047e+00
2.162709511147792973e+00 -5.573009674195772423e-01 -1.919155752690560712e+00
2.308303549978667046e+00 -3.124887305356659484e-01 -2.259426114706383437e+00
2.359390374619636521e+00 -3.916500245965252175e-02 -2.546825677729215975e+00
-2.681100782949277672e+00 -4.933490225110778726e-01 4.089252271288627560e-01
2.681100782949277672e+00 4.933490225110778726e-01 -2.732667426460930304e+00
2.521138157162503557e+00 8.322816296404530467e-01 -2.988052852759240707e+00
2.088761272410436298e+00 1.103485255976447421e+00 2.778567250770488162e+00
1.237310582824544314e+00 1.143714370284635073e+00 1.846780267542919907e+00
6.906716409701606496e-01 9.091917281093926384e-01 1.217506541659443053e+00
4.868067950934822918e-01 5.796334159331933966e-01 9.218331726882621480e-01
4.131658109181025051e-01 2.249341126883122322e-01 7.371369557408713469e-01
4.061161774409161596e-01 -1.360080687428488477e-01 5.814247891346715491e-01
4.604918706405156104e-01 -4.933490225110775951e-01 4.089252271288629226e-01
6.204544964272896701e-01 -8.322816296404531577e-01 1.535398008305526307e-01
1.052831381179356818e+00 -1.103485255976447421e+00 -3.630254028193049542e-01
1.904282070765248358e+00 -1.143714370284635296e+00 -1.294812386046872321e+00
2.450921012619632133e+00 -9.091917281093926384e-01 -1.924086111930349841e+00
2.654785858496311324e+00 -5.796334159331931746e-01 -2.219759480901531745e+00
2.728426842671690888e+00 -2.249341126883121489e-01 -2.404455697848921769e+00
2.735476476148877012e+00 1.360080687428485702e-01 -2.560167864455121567e+00
2.588071263536680378e-01 -1.048767703605069102e+00 1.660191729465809729e+00
-2.588071263536680378e-01 1.048767703605069102e+00 -1.481400924123983387e+00
-1.627770147892120267e-01 6.641137412247865024e-01 -1.356704936619014701e+00
-1.330104957810975819e-01 2.755519407427799994e-01 -1.292211577035742964e+00
-1.288033694756449687e-01 -1.138726458665621638e-01 -1.241107547629687780e+00
-1.461744750363464518e-01 -5.029734656877662413e-01 -1.184975168888852126e+00
-2.041619882391703111e-01 -8.899716606305768662e-01 -1.096303978831602466e+00
-4.385746454837626263e-01 -1.265558571696108636e+00 -8.351677271287742954e-01
-2.298272349427272321e+00 -1.399083084930935250e+00 1.049813143123446535e+00
-2.882785527236125134e+00 -1.048767703605069102e+00 1.660191729465809507e+00
-2.978815638800580867e+00 -6.641137412247867244e-01 1.784887716970778415e+00
-3.008582157808695534e+00 -2.755519407427799994e-01 1.849381076554050374e+00
-3.012789284114148369e+00 1.138726458665617058e-01 1.900485105960105114e+00
-2.995418178553447053e+00 5.029734656877657972e-01 1.956617484700941212e+00
-2.937430665350623027e+00 8.899716606305771993e-01 2.045288674758190872e+00
-2.703018008106030656e+00 1.265558571696108636e+00 2.306424926461018821e+00
-8.433203041625231267e-01 1.399083084930935472e+00 -2.091779510466349024e+00
-7.619841630902772778e-01 -4.918391275338039326e-01 9.512334191946982820e-01
7.619841630902772778e-01 4.918391275338039326e-01 -2.190359234395094834e+00
6.688644384554323086e-01 1.934628285262892933e-01 -2.462932904452639793e+00
6.595175065056221309e-01 -1.172694554925571286e-01 -2.704208401696182928e+00
7.297365795882675421e-01 -4.207527452331052964e-01 -2.964010396189368013e+00
9.108303361800922371e-01 -6.915242468758218131e-01 2.981586366151985246e+00
1.264780324170523107e+00 -8.786695348316411192e-01 2.488061790570210707e+00
1.760747197119353569e+00 -9.024703620746190591e-01 1.858406460139863992e+00
2.161935567195133689e+00 -7.482290550485003466e-01 1.320008158378513485e+00
2.379608490499515838e+00 -4.918391275338040436e-01 9.512334191946985040e-01
2.472728215134361029e+00 -1.934628285262892933e-01 6.786597491371537672e-01
2.482075147084171096e+00 1.172694554925572813e-01 4.373842518936105206e-01
2.411856074001525574e+00 4.207527452331051299e-01 1.775822574004254639e-01
2.230762317409701545e+00 6.915242468758218131e-01 -1.600062874378077593e-01
1.876812329419269121e+00 8.786695348316411192e-01 -6.535308630195836299e-01
1.380845456470439769e+00 9.024703620746190591e-01 -1.283186193449929346e+00
9.796570863946598706e-01 7.482290550485006797e-01 -1.821584495211279409e+00
2.605256495450620768e+00 -4.497844146448075064e-01 1.198318323053149781e+00
-2.605256495450620768e+00 4.497844146448075064e-01 -1.943274330536643335e+00
-2.443804339530401215e+00 7.724735833451645828e-01 -1.666722849010711993e+00
-2.051425945035429965e+00 1.025157873631998395e+00 -1.173125534352348343e+00
-1.345542574096547872e+00 1.079132039925425168e+00 -3.710935361097968399e-01
-8.137679147308245486e-01 8.852809519660785886e-01 2.589940487391781954e-01
-5.829212578775764264e-01 5.809146244067652232e-01 5.982108974660523826e-01
-4.938439301872402099e-01 2.423004596616339101e-01 8.169434414953332668e-01
-4.810915535895363693e-01 -1.056402569035814476e-01 1.000384762142745743e+00
-5.363361581391726807e-01 -4.497844146448074509e-01 1.198318323053149781e+00
-6.977883140593920119e-01 -7.724735833451643607e-01 1.474869804579080901e+00
-1.090166708554363151e+00 -1.025157873631997951e+00 1.968467119237444551e+00
-1.796050079493244356e+00 -1.079132039925425168e+00 2.770499117479995110e+00
-2.327824738858968345e+00 -8.852809519660789217e-01 -2.882598604850615587e+00
-2.558671395712217134e+00 -5.809146244067651121e-01 -2.543381756123741066e+00
-2.647748723402552962e+00 -2.423004596616340767e-01 -2.324649212094460182e+00
-2.660501100000256969e+00 1.056402569035809619e-01 -2.141207891447047817e+00
-9.532076061634680020e-01 -4.287073589410401731e-01 9.517730600264635576e-01
9.532076061634680020e-01 4.287073589410401731e-01 -2.189819593563329558e+00
8.543801738808093349e-01 1.835343600287319688e-01 -2.512724370632350546e+00
8.387244383615580778e-01 -7.854966666580630308e-02 -2.806427472683330038e+00
9.023353800714017936e-01 -3.336536400856534579e-01 -3.112430583172464349e+00
1.059839168020752620e+00 -5.546752800687696494e-01 2.809670179431371206e+00
1.329462201880585948e+00 -7.018832178074811967e-01 2.357263044524270157e+00
1.676228814758939034e+00 -7.293043762296430588e-01 1.835561506293833522e+00
1.986701549002476863e+00 -6.256193127174883850e-01 1.346863011065230653e+00
2.188385047426324892e+00 -4.287073589410403951e-01 9.517730600264637797e-01
2.287212479708983892e+00 -1.835343600287319965e-01 6.288682829574424593e-01
2.302868215228234927e+00 7.854966666580617818e-02 3.351651809064632448e-01
2.239257273518391322e+00 3.336536400856534024e-01 2.916207041732939501e-02
2.081753485569040940e+00 5.546752800687695384e-01 -3.319224741584219096e-01
1.812130451709206946e+00 7.018832178074811967e-01 -7.843296090655235142e-01
1.465363838830854082e+00 7.293043762296429477e-01 -1.306031147295959816e+00
1.154891104587316475e+00 6.256193127174884960e-01 -1.794729642524562019e+00
