-2.862230490555727869e+00 -6.319444665692887098e-01 8.512715602840483786e-01
2.862230490555727869e+00 6.319444665692887098e-01 -2.290321093305744959e+00
2.715750574383377636e+00 1.002015356756245090e+00 -2.487513918333110752e+00
2.102037856039201458e+00 1.309785745308432725e+00 3.136344506627767537e+00
7.293529411934348561e-01 1.230382875389232522e+00 1.719235881922883902e+00
3.602143245117924164e-01 8.876632935737873709e-01 1.303350420139990806e+00
2.581731822420957334e-01 5.126670374394565188e-01 1.147939989182111598e+00
2.263450717820089664e-01 1.311080529608270318e-01 1.049229260805150998e+00
2.317933359415345340e-01 -2.515861593440208988e-01 9.604403403227161906e-01
2.793621630340656359e-01 -6.319444665692884877e-01 8.512715602840483786e-01
4.258420792064157023e-01 -1.002015356756245090e+00 6.540787352566824753e-01
1.039554797550592102e+00 -1.309785745308432725e+00 -5.248146962025661798e-03
2.412239712396357483e+00 -1.230382875389232966e+00 -1.422356771666908548e+00
2.781378329078000533e+00 -8.876632935737877039e-01 -1.838242233449802310e+00
2.883419471347697272e+00 -5.126670374394562968e-01 -1.993652664407681740e+00
2.915247581807784538e+00 -1.311080529608271428e-01 -2.092363392784642340e+00
2.909799317648258832e+00 2.515861593440203436e-01 -2.181152313267076703e+00
2.643898900818457687e+00 -3.784898873164276867e-01 1.756495790252140088e+00
-2.643898900818457687e+00 3.784898873164276867e-01 -1.385096863337653250e+00
-2.515104617991548608e+00 7.126606619967654765e-01 -1.141228740620987780e+00
-2.189844298237667797e+00 9.947781340670236450e-01 -7.166679996374422101e-01
-1.505672962167874829e+00 1.110119952144618782e+00 6.024726611131241832e-02
-8.762693121009189623e-01 9.553152155749194963e-01 7.829587976802026006e-01
-5.961240811933706807e-01 6.597703896032540705e-01 1.164268554872790684e+00
-4.865515998087437399e-01 3.215750407860761273e-01 1.392712583131923587e+00
-4.598319042489991126e-01 -2.893443477480774767e-02 1.572692915603446373e+00
-4.976937527713352072e-01 -3.784898873164275757e-01 1.756495790252139866e+00
-6.264880355982443971e-01 -7.126606619967654765e-01 2.000363912968805558e+00
-9.517483553521249862e-01 -9.947781340670236450e-01 2.424924653952350795e+00
-1.635919691421917621e+00 -1.110119952144618782e+00 -3.081345387478481967e+00
-2.265323341488874043e+00 -9.553152155749198293e-01 -2.358633855909590959e+00
-2.545468572396422768e+00 -6.597703896032536264e-01 -1.977324098717002210e+00
-2.655041053781049598e+00 -3.215750407860761828e-01 -1.748880070457869751e+00
-2.681760749340794003e+00 2.893443477480729317e-02 -1.568899737986347187e+00
-1.559675818985650497e-01 -6.254099965394772642e-01 1.378838028630835266e+00
1.559675818985650497e-01 6.254099965394772642e-01 -1.762754624958958072e+00
1.299080610662781132e-01 2.365829379038643376e-01 -1.823940612282884954e+00
1.277692629534611657e-01 -1.529435959991410077e-01 -1.874121137266734349e+00
1.475414317071350456e-01 -5.420399042501055087e-01 -1.931073406952226845e+00
2.118857290955647454e-01 -9.287672577554384468e-01 -2.025158372021601316e+00
4.930437377331835513e-01 -1.301480158539583432e+00 -2.332444886467810452e+00
2.450827196282328480e+00 -1.371826225797674326e+00 1.968040071300292571e+00
2.902161644500233173e+00 -1.010976761012713609e+00 1.491014362805912707e+00
2.985625071691228261e+00 -6.254099965394773752e-01 1.378838028630835266e+00
3.011684592523514947e+00 -2.365829379038644487e-01 1.317652041306908384e+00
3.013823390636332089e+00 1.529435959991409244e-01 1.267471516323058767e+00
2.994051221882658265e+00 5.420399042501047315e-01 1.210519246637566493e+00
2.929706924494228648e+00 9.287672577554382247e-01 1.116434281568192244e+00
2.648548915856609565e+00 1.301480158539583654e+00 8.091477671219827750e-01
6.907654573074650806e-01 1.371826225797674104e+00 -1.173552582289500101e+00
2.394310090895603316e-01 1.010976761012714498e+00 -1.650578290783880187e+00
-5.156838901324856117e-01 -3.880495484988626953e-01 2.050021336277913164e+00
5.156838901324856117e-01 3.880495484988626953e-01 -1.091571317311879952e+00
4.744588365837701383e-01 4.142799442803728888e-02 -1.281587419553447349e+00
4.992868198997590934e-01 -3.066395443306949020e-01 -1.466017186087049451e+00
6.066770560964075409e-01 -6.424696297595497985e-01 -1.696922485647676782e+00
8.786545078078060733e-01 -9.361365530812476576e-01 -2.073770340461744688e+00
1.480311755059976031e+00 -1.094669565688045410e+00 -2.771917074620304788e+00
2.155068622357970032e+00 -9.917264350054534328e-01 2.740858646854848146e+00
2.490567430238255220e+00 -7.178221266844461157e-01 2.303253718532093597e+00
2.625908763457307504e+00 -3.880495484988626398e-01 2.050021336277913164e+00
2.667133817006023033e+00 -4.142799442803741378e-02 1.860005234036345989e+00
2.642305833690034245e+00 3.066395443306947355e-01 1.675575467502743665e+00
2.534915597493386130e+00 6.424696297595493544e-01 1.444670167942116779e+00
2.262938145781987487e+00 9.361365530812476576e-01 1.067822313128048872e+00
1.661280898529815975e+00 1.094669565688045632e+00 3.696755789694871064e-01
9.865240312318233062e-01 9.917264350054533217e-01 -4.007340067349449697e-01
6.510252233515384512e-01 7.178221266844466708e-01 -8.383389350576991861e-01
-1.569410454542064307e-02 -9.054126408323119879e-01 -1.773218458194562308e-01
1.569410454542064307e-02 9.054126408323119879e-01 2.964270807770336802e+00
1.111857675063056446e-02 5.127469472015685481e-01 2.957378825576187253e+00
9.758944705881468160e-03 1.200686270042559400e-01 2.953093150031560032e+00
1.006020746723714984e-02 -2.726116694556431352e-01 2.949215412509557321e+00
1.231509783591076129e-02 -6.652870455412404072e-01 2.944322020834999609e+00
1.974685826081363366e-02 -1.057939596415506278e+00 2.934717292283783419e+00
8.071010647503829016e-02 -1.450333660011881465e+00 2.871796462505654901e+00
3.105624447840658942e+00 -1.298003712499832929e+00 -1.550292029728327914e-01
3.125898549044372476e+00 -9.054126408323122099e-01 -1.773218458194562308e-01
3.130474076839162567e+00 -5.127469472015685481e-01 -1.842138280136058071e-01
3.131833708883911882e+00 -1.200686270042557596e-01 -1.884995035582334721e-01
3.131532446122556212e+00 2.726116694556429687e-01 -1.923772410802358501e-01
3.129277555753882556e+00 6.652870455412402961e-01 -1.972706327547933958e-01
3.121845795328979545e+00 1.057939596415506722e+00 -2.068753613060098917e-01
3.060882547114755159e+00 1.450333660011881465e+00 -2.697961910841379374e-01
3.596820574913445201e-02 1.298003712499833373e+00 2.986563450616960491e+00
2.967456524379650684e+00 -6.053712690342523128e-01 1.303934836972790556e+00
-2.967456524379650684e+00 6.053712690342523128e-01 -1.837657816617002560e+00
-2.879198608121902758e+00 9.893475909872052609e-01 -1.716644376991279142e+00
-2.444838671983843525e+00 1.346925460522251816e+00 -1.253089149711078543e+00
-5.834346521738196234e-01 1.309210781980012506e+00 6.365259143247565810e-01
-2.453112741149998943e-01 9.439049420680165614e-01 1.004119766594854912e+00
-1.688605037639347162e-01 5.591145809904423114e-01 1.113972632344326641e+00
-1.450875023381213158e-01 1.710961116827370010e-01 1.179285489798760134e+00
-1.464296366018323636e-01 -2.175434525990997681e-01 1.235979374212191617e+00
-1.741361292101423208e-01 -6.053712690342520908e-01 1.303934836972790556e+00
-2.623940454678904133e-01 -9.893475909872050389e-01 1.424948276598513974e+00
-6.967539816059500346e-01 -1.346925460522251816e+00 1.888503503878715017e+00
-2.558158001415972826e+00 -1.309210781980012950e+00 -2.505066739265037423e+00
-2.896281379474793027e+00 -9.439049420680166724e-01 -2.137472886994938648e+00
-2.972732149825858539e+00 -5.591145809904418673e-01 -2.027620021245466475e+00
-2.996505151251672050e+00 -1.710961116827370287e-01 -1.962307163791032982e+00
-2.995163016987961058e+00 2.175434525990991852e-01 -1.905613279377601499e+00
3.061147693286407456e+00 -7.920120232036164110e-01 9.355773542295564571e-02
-3.061147693286407456e+00 7.920120232036164110e-01 -3.048034918166837581e+00
-2.991984858332508157e+00 1.182409135862975358e+00 -2.966741108858185871e+00
-1.426182893591851686e+00 1.513725154387056238e+00 -1.389711733728564047e+00
-1.438578184231755763e-01 1.166119456601004467e+00 -9.614086094289155116e-02
-7.913662059839216001e-02 7.755978543184938179e-01 -1.922735061934576981e-02
-6.091160140959427788e-02 3.838208439886431900e-01 1.340500241115984842e-02
-5.647671830635100226e-02 -8.220150043923627609e-03 3.670334643740661568e-02
-6.132744949263495282e-02 -4.002566520504861614e-01 6.016058027196113933e-02
-8.044496030338561809e-02 -7.920120232036162999e-01 9.355773542295561795e-02
-1.496077952572849867e-01 -1.182409135862975136e+00 1.748515447316073834e-01
-1.715409759997941430e+00 -1.513725154387056016e+00 1.751880919861229069e+00
-2.997734835166617540e+00 -1.166119456601004689e+00 3.045451792646901801e+00
-3.062456032991401234e+00 -7.755978543184940399e-01 3.122365302970447232e+00
-3.080681052180199053e+00 -3.838208439886427459e-01 -3.128187651178633288e+00
-3.085115935283442301e+00 8.220150043923596384e-03 -3.104889307152386646e+00
-3.080265204097158538e+00 4.002566520504857173e-01 -3.081432073317832199e+00
-2.971476624003688727e+00 -6.813172825072191241e-01 1.090185042628200707e+00
2.971476624003688727e+00 6.813172825072191241e-01 -2.051407610961592631e+00
2.866688787476145528e+00 1.065086958281638907e+00 -2.185548760395306100e+00
2.201223921346700863e+00 1.407275623493718042e+00 -2.877600172051666405e+00
4.271251614277944975e-01 1.247770882881410914e+00 1.605405816975958633e+00
2.058341080380480248e-01 8.718670870542084561e-01 1.356449011262591764e+00
1.491979197312395533e-01 4.850340608076650906e-01 1.267921660756969215e+00
1.324972163746617471e-01 9.611275637541868977e-02 1.210742773330309330e+00
1.377936053630787472e-01 -2.930970447590175998e-01 1.157909853515148413e+00
1.701160295861044724e-01 -6.813172825072190131e-01 1.090185042628200485e+00
2.749038661136476436e-01 -1.065086958281638907e+00 9.560438931944871266e-01
9.403687322430916984e-01 -1.407275623493718042e+00 2.639924815381277101e-01
2.714467492161998230e+00 -1.247770882881411358e+00 -1.536186836613834039e+00
2.935758545551745424e+00 -8.718670870542087892e-01 -1.785143642327201352e+00
2.992394733858553924e+00 -4.850340608076645910e-01 -1.873670992832824123e+00
3.009095437215131508e+00 -9.611275637541875916e-02 -1.930849880259483786e+00
3.003799048226714508e+00 2.930970447590170447e-01 -1.983682800074644481e+00
1.889429056153506536e+00 -2.271135420301226004e-01 9.398856757554648889e-01
-1.889429056153506536e+00 2.271135420301226004e-01 -2.201706977834328338e+00
-1.779355541510686090e+00 3.308324705068024230e-01 -1.807302578234404322e+00
-1.631901061795781871e+00 3.844424176315177633e-01 -1.391559094333640667e+00
-1.472524794890605282e+00 3.770264073496045754e-01 -9.682013451733332277e-01
-1.332086392219646198e+00 3.101734282444874591e-01 -5.567706408041778188e-01
-1.233175082249556187e+00 1.970962897078916698e-01 -1.678682063600103191e-01
-1.185704011123978052e+00 5.663959510732612807e-02 2.021786328533170807e-01
-1.192111491327974226e+00 -9.134928451936219496e-02 5.663146034891083369e-01
-1.252163597436286802e+00 -2.271135420301226282e-01 9.398856757554646668e-01
-1.362237112079107249e+00 -3.308324705068024230e-01 1.334290075355389016e+00
-1.509691591794011245e+00 -3.844424176315178188e-01 1.750033559256152449e+00
-1.669067858699187834e+00 -3.770264073496045754e-01 2.173391308416459555e+00
-1.809506261370146918e+00 -3.101734282444875701e-01 2.584822012785615186e+00
-1.908417571340237151e+00 -1.970962897078916420e-01 2.973724447229783241e+00
-1.955888642465815064e+00 -5.663959510732619745e-02 -2.939414020736476285e+00
-1.949481162261818890e+00 9.134928451936207006e-02 -2.575278050100685334e+00
1.183505000541846153e+00 -1.285620553830044699e-01 5.479582960557864979e-01
-1.183505000541846153e+00 1.285620553830044699e-01 -2.593634357534006618e+00
-1.164468958783345887e+00 -2.489340068137801953e-02 -2.231308563341401374e+00
-1.201419494331129156e+00 -1.750937493854367033e-01 -1.866272482587102211e+00
-1.293081729197603780e+00 -3.015384972157503229e-01 -1.483239848320285326e+00
-1.432077380738939087e+00 -3.839274066779211902e-01 -1.075085545657008312e+00
-1.597895204841460970e+00 -4.061940630231772320e-01 -6.498028254615964006e-01
-1.758268800511660013e+00 -3.634641785537260916e-01 -2.281370429436702096e-01
-1.883593576992165231e+00 -2.648750624714258373e-01 1.720213100509632165e-01
-1.958087653047947185e+00 -1.285620553830044699e-01 5.479582960557863869e-01
-1.977123694806447229e+00 2.489340068137807505e-02 9.102840902483920749e-01
-1.940173159258664182e+00 1.750937493854366755e-01 1.275320171002690905e+00
-1.848510924392189336e+00 3.015384972157502674e-01 1.658352805269507568e+00
-1.709515272850854251e+00 3.839274066779211902e-01 2.066507107932784582e+00
-1.543697448748332146e+00 4.061940630231772320e-01 2.491789828128197382e+00
-1.383323853078133325e+00 3.634641785537261471e-01 2.913455610646122906e+00
-1.257999076597628108e+00 2.648750624714259483e-01 -2.969571343538830455e+00
6.968578988821387821e-01 -9.963441325071298316e-01 1.242233330998756102e+00
-6.968578988821387821e-01 9.963441325071298316e-01 -1.899359322591037236e+00
-4.586820063031374350e-01 6.638145356017194354e-01 -1.582243054854346243e+00
-3.741252726133322826e-01 3.036047298884930190e-01 -1.403736349803524019e+00
-3.569885987937072014e-01 -6.375926565623421527e-02 -1.263133896759828678e+00
-3.937316900512286000e-01 -4.298054599016130073e-01 -1.115487513791942886e+00
-5.150651190477356645e-01 -7.841645893813623536e-01 -9.066044930917878109e-01
-8.621065844902303654e-01 -1.093535016821232109e+00 -4.837354782388629815e-01
-1.751504702109851541e+00 -1.208398920611211569e+00 4.768639444745186862e-01
-2.444734754707654112e+00 -9.963441325071297205e-01 1.242233330998755658e+00
-2.682910647286655514e+00 -6.638145356017196574e-01 1.559349598735446651e+00
-2.767467380976460944e+00 -3.036047298884932966e-01 1.737856303786269319e+00
-2.784604054796086192e+00 6.375926565623356301e-02 1.878458756829964438e+00
-2.747860963538564683e+00 4.298054599016126187e-01 2.026105139797850008e+00
-2.626527534542057563e+00 7.841645893813625756e-01 2.234988160498005527e+00
-2.279486069099563306e+00 1.093535016821232109e+00 2.657857175350930135e+00
-1.390087951479943129e+00 1.208398920611211791e+00 -2.664728709115276040e+00
1.549789989848885385e+00 -3.423849801731180253e-01 7.784579078869012791e-01
-1.549789989848885385e+00 3.423849801731180253e-01 -2.363134745702891948e+00
-1.416202486214654721e+00 3.074263925367501371e-01 -1.950068746897952066e+00
-1.309938453376576106e+00 2.253111649761785629e-01 -1.551690017984372894e+00
-1.245386536173521685e+00 1.104248293177113038e-01 -1.170524460001540756e+00
-1.228341560878390526e+00 -1.978689419659616575e-02 -7.993918934458037473e-01
-1.259892633044611410e+00 -1.472915797314132413e-01 -4.263949170246993936e-01
-1.337873528601420503e+00 -2.541168735132761647e-01 -4.046019328896591910e-02
-1.454309155522276464e+00 -3.233554977856734625e-01 3.631068653662145596e-01
-1.591802663740907953e+00 -3.423849801731179143e-01 7.784579078869011681e-01
-1.725390167375138617e+00 -3.074263925367501371e-01 1.191523906691841272e+00
-1.831654200213217232e+00 -2.253111649761786739e-01 1.589902635605420222e+00
-1.896206117416271431e+00 -1.104248293177114149e-01 1.971068193588252138e+00
-1.913251092711402812e+00 1.978689419659611023e-02 2.342200760143989147e+00
-1.881700020545181928e+00 1.472915797314134634e-01 2.715197736565094111e+00
-1.803719124988372835e+00 2.541168735132761647e-01 3.101132460300827454e+00
-1.687283498067517096e+00 3.233554977856732959e-01 -2.778485788223579167e+00
