1.886687379653004260e-01 -1.884667431875002852e-01 1.771483518598998292e-03
1.886687379653004260e-01 -1.884667431875002852e-01 1.771483518598998292e-03
1.394094622220301560e-01 -2.145689617757325085e-01 -6.146121071646309247e-02
7.443770932008481056e-02 -2.133937748257996592e-01 -1.151591244812036896e-01
3.644839668378974107e-03 -1.851200938977328458e-01 -1.511472371777414225e-01
-6.219157406757660350e-02 -1.340523306112742508e-01 -1.639466848810825217e-01
-1.130485347050593503e-01 -6.796508899636034828e-02 -1.516088677056755263e-01
-1.411835310065087390e-01 3.080447493475323151e-03 -1.160121064738850599e-01
-1.423132648294057057e-01 6.826823995704732473e-02 -6.257568539780701544e-02
-6.700646869700641051e-02 1.437762565088192834e-01 6.379787905115101576e-02
-2.034715795061113608e-03 1.426010695588864341e-01 1.174957928158916337e-01
6.875815385664464652e-02 1.143273886308196208e-01 1.534839055124293805e-01
1.345945675926002449e-01 6.325962534436108120e-02 1.662833532157705074e-01
1.854515282300830958e-01 -2.827616270552946176e-03 1.539455360403635120e-01
2.135865245315324568e-01 -7.387315276038852740e-02 1.183487748085730734e-01
2.147162583544294234e-01 -1.390609452239604804e-01 6.491235373249509832e-02
-1.548059812087311353e-02 -1.391717646489423199e-01 1.507715495699475106e-01
-1.548059812087311353e-02 -1.391717646489423199e-01 1.507715495699475106e-01
1.161317906192323862e-01 -3.326925171951403137e-02 -1.674706883196029339e-01
8.505156522154219689e-02 4.138839651870772351e-02 -1.921068031608510474e-01
3.861939697975758784e-02 1.119047752175047206e-01 -1.878433429137138788e-01
-1.609583739996294297e-02 1.675444049525497414e-01 -1.553293807524546710e-01
-7.076423947814174109e-02 1.998366564711817062e-01 -9.951487267632408429e-02
-1.170630406086750064e-01 2.038653272096778712e-01 -2.889707158013750735e-02
-1.587048261198106824e-01 1.290748596297653927e-01 1.131277923651051870e-01
-1.477082261400684549e-01 6.164189202312138349e-02 1.629128571370958567e-01
-1.166280007423782517e-01 -1.301575621510030374e-02 1.875489719783439146e-01
-7.019583250059371893e-02 -8.353213491389720191e-02 1.832855117312067739e-01
-3.210352146541040064e-02 -1.508450437296372237e-01 -1.519153418212009776e-01
-9.512671437477399072e-02 -9.728863572039636587e-02 -1.699391760935285434e-01
-1.440249715635014416e-01 -2.862781842066307314e-02 -1.622111170320841012e-01
-1.713539766384142571e-01 4.468442114753697070e-02 -1.299076915739427185e-01
-1.729531363149048317e-01 1.114869590870519733e-01 -7.794680341382542732e-02
-1.019422891428117400e-01 1.874219524183771135e-01 5.151670694005893586e-02
-4.014304006124667923e-02 1.849939934279216658e-01 1.093096832720909656e-01
2.741037875496875331e-02 1.546954723385326469e-01 1.503414454966931491e-01
9.043357166433237115e-02 1.011390643292917474e-01 1.683652797690207703e-01
1.393318288530598914e-01 3.247824702955833670e-02 1.606372207075763003e-01
1.831117902639411432e-01 -1.957118789917865476e-01 1.154963448728704538e-02
1.831117902639411432e-01 -1.957118789917865476e-01 1.154963448728704538e-02
1.115244844341712060e-01 -2.401560702900046862e-01 1.365405829974174548e-02
2.836034515199647305e-02 -2.538708539395349018e-01 1.395027207671195417e-02
-5.371964126167187714e-02 -2.347682784545596091e-01 1.239317995583852534e-02
-1.222195409322825582e-01 -1.857565377873882650e-01 9.219835097449221445e-03
-1.667108650881217735e-01 -1.142972251620622270e-01 4.913350489791031006e-03
-1.804202129413209343e-01 -3.126937314550529146e-02 1.293493759997330420e-04
-1.612604605567781735e-01 5.068678044211447076e-02 -4.403847441428031945e-03
-4.056120072168230284e-02 1.635383454496824318e-01 -1.010052565302507234e-02
4.260293856049245098e-02 1.772531290992127029e-01 -1.039673942999528103e-02
1.246829249741607387e-01 1.581505536142374102e-01 -8.839647309121855673e-03
1.931828246447714337e-01 1.091388129470660801e-01 -5.666302450732547437e-03
2.376741488006107739e-01 3.767950032173990327e-02 -1.359817843074348324e-03
2.513834966538098237e-01 -4.534835169481694905e-02 3.424183270716940966e-03
2.322237442692671183e-01 -1.273045052824365864e-01 7.957380088144699881e-03
-1.938103892061898148e-01 1.049149866571921913e-01 8.619691016726294119e-02
-1.938103892061898148e-01 1.049149866571921913e-01 8.619691016726294119e-02
-2.047660702278209233e-01 9.333369169326735659e-02 -7.891346648612522496e-02
-1.666042389868518381e-01 6.911922473148734980e-02 -1.503865595415119771e-01
-3.116570904588666577e-02 1.713591279109033180e-03 -2.184194560300988242e-01
4.549170122392869747e-02 -3.121567855195347962e-02 -2.046218676926539748e-01
-2.537134890162318773e-03 3.197697344945599207e-02 2.130347504741134101e-01
-7.919454515997760569e-02 6.490624328051849967e-02 1.992371621366685885e-01
1.732352360986193773e-01 -1.904952696868719153e-01 2.068221140206426278e-02
1.732352360986193773e-01 -1.904952696868719153e-01 2.068221140206426278e-02
1.102143642600005302e-01 -2.168005807804481988e-01 7.012059595658708122e-02
3.532874134683571671e-02 -2.143831852231439239e-01 1.087735806539832373e-01
-4.002097539220782207e-02 -1.836111095748134414e-01 1.307565989642529847e-01
-1.043634746304938909e-01 -1.291691234033546520e-01 1.327229356262149829e-01
-1.479031941252014759e-01 -5.934552558553854440e-02 1.143732337079717415e-01
-1.640116062718013634e-01 1.522967406336268523e-02 7.850106898611368400e-02
-1.502363513440934661e-01 8.320307742267221696e-02 3.056765335756072080e-02
-1.086745870318244767e-01 1.342263500113708430e-01 -2.212958516573464846e-02
-4.565371519320561566e-02 1.605316611049470987e-01 -7.156796972025747383e-02
2.923190771995919784e-02 1.581142655476428516e-01 -1.102209544176536715e-01
1.045816244590026811e-01 1.273421898993124246e-01 -1.322039727279233634e-01
1.689241236972888194e-01 7.290020372785362135e-02 -1.341703093898853894e-01
2.124638431919963766e-01 3.076605910037413100e-03 -1.158206074716421202e-01
2.285722553385962641e-01 -7.149859373886373326e-02 -7.994844274978410437e-02
2.147970004108884223e-01 -1.394719970981731783e-01 -3.201502712123119321e-02
1.777236482035678133e-01 -1.648630542594302084e-01 -1.176922321700110512e-02
1.777236482035678133e-01 -1.648630542594302084e-01 -1.176922321700110512e-02
1.337448005361079884e-01 -1.943960265849338787e-01 5.376127647642336971e-02
7.227294630690365984e-02 -1.972544799761557499e-01 1.113253474620666539e-01
2.666618078604982706e-03 -1.730032408162268109e-01 1.521593817519674152e-01
-6.447725165896617261e-02 -1.253343404292157903e-01 1.700467677869309246e-01
-1.189366173989594710e-01 -6.150493677938709269e-02 1.622643131926921889e-01
-1.524205343828407000e-01 8.767522042557790440e-03 1.299968261330974872e-01
-1.598313797822772941e-01 7.478469120240335832e-02 7.815673900747140135e-02
-9.606207189722597295e-02 1.560290274681954137e-01 -5.089426454429383379e-02
-3.459021766802163750e-02 1.588874808594172849e-01 -1.084583355299371249e-01
3.501611056027693208e-02 1.346362416994883737e-01 -1.492923698198379001e-01
1.021599802978481325e-01 8.696734131247736699e-02 -1.671797558548014373e-01
1.566193460378415281e-01 2.313793766264856180e-02 -1.593973012605626738e-01
1.901032630217227015e-01 -4.713452115929624847e-02 -1.271298142009679721e-01
1.975141084211593234e-01 -1.131516903191417123e-01 -7.528972707534195563e-02
1.672229714162765390e-01 -1.809083317252493384e-01 1.080449352240987933e-02
1.672229714162765390e-01 -1.809083317252493384e-01 1.080449352240987933e-02
9.561066293139208749e-02 -2.252374080032264747e-01 1.408544043906667480e-02
1.243966822060113900e-02 -2.388437004654537510e-01 1.535382015855261267e-02
-6.962798271832296160e-02 -2.196557744259053646e-01 1.441653336646673937e-02
-1.380982339750372878e-01 -1.705948176851198872e-01 1.141627348037821052e-02
-1.825471104800803490e-01 -9.912991616820161778e-02 6.809802870520405976e-03
-1.962076737156282502e-01 -1.614095330015588234e-02 1.298414929484121303e-03
-1.770002267623829173e-01 6.573775361917917615e-02 -4.278831489563978199e-03
-5.623662081815128388e-02 1.783699899716383874e-01 -1.235379809384529008e-02
2.693437389263969237e-02 1.919762824338656915e-01 -1.362217781333122796e-02
1.090020248315636958e-01 1.727883563943173606e-01 -1.268489102124535813e-02
1.774722760882780637e-01 1.237273996535319109e-01 -9.684631135156831008e-03
2.219211525933212359e-01 5.226249813661348886e-02 -5.078160525299020393e-03
2.355817158288691093e-01 -3.072646473143217372e-02 4.332274157372615698e-04
2.163742688756238042e-01 -1.126051716507671524e-01 6.010473834785351639e-03
-1.619891962299183641e-01 5.480169067994934695e-02 -2.732573190761542273e-03
-1.809832595964978585e-01 -2.713191021998564295e-02 2.814381249891135042e-03
-1.671060919518983501e-01 -1.100980380333893283e-01 8.171988643475026556e-03
-1.224703662731720100e-01 -1.814658518904924966e-01 1.252460183114895327e-02
-5.387146717104420585e-02 -2.303702490823947846e-01 1.520957491162635254e-02
2.824704481675503059e-02 -2.493659784560935677e-01 1.581814507274612730e-02
1.113833706462482032e-01 -2.355611124111587906e-01 1.425766302418003846e-02
1.828807583425652861e-01 -1.910573166615094631e-01 1.076569801201728536e-02
2.318543787543753398e-01 -1.226298906821165907e-01 5.873870054617975726e-03
2.508484421209548620e-01 -4.069628978218156612e-02 3.269156139653001461e-04
2.369712744763553813e-01 4.226983803122204286e-02 -5.030691779618587031e-03
1.923355487976290690e-01 1.136376518883252251e-01 -9.383304967292515480e-03
1.237366496955011053e-01 1.625420490802275963e-01 -1.206827804776991822e-02
4.161813770770192433e-02 1.815377784539263240e-01 -1.267684820888969471e-02
-4.151818812179113721e-02 1.677329124089916301e-01 -1.111636616032361108e-02
-1.774898978505322633e-01 8.377891282109092841e-02 -1.389136711339996888e-01
-1.171016404211798756e-01 5.840675999919417438e-02 -1.925557361912282328e-01
-4.244590588424738964e-02 2.686962747883785141e-02 -2.170483777580314577e-01
3.511164693293613442e-02 -6.031242198572074609e-03 -2.086628131822122756e-01
1.037635836749214724e-01 -3.528698987177622537e-02 -1.686756686551069695e-01
7.033122196495372735e-02 -2.258301715073910212e-02 1.903823151909107836e-01
-4.324512571978900849e-03 8.954115369617279829e-03 2.148749567577140085e-01
-8.188206538916228960e-02 4.185498504702716421e-02 2.064893921818948541e-01
-1.505340021311475929e-01 7.111073272023128722e-02 1.665022476547896035e-01
1.975343938742212258e-01 -1.981191656812179847e-01 3.923421861973155900e-03
1.975343938742212258e-01 -1.981191656812179847e-01 3.923421861973155900e-03
1.670733630380946688e-01 -2.061557669860241138e-01 -7.421760951075573320e-02
1.181685460163678369e-01 -1.895630509953276921e-01 -1.407869928055494879e-01
5.826525787732834277e-02 -1.508671083053673700e-01 -1.856501428687380439e-01
-3.516768784514276436e-03 -9.595904541109553931e-02 -2.019770517886689820e-01
-5.777178046536074474e-02 -3.319811714533552754e-02 -1.872820956860807295e-01
-9.623994345970787734e-02 2.786089409268217160e-02 -1.438024484174836026e-01
-1.130648286664321933e-01 7.792230734328459141e-02 -7.815749213553742358e-02
-7.522396899464758868e-02 1.174013275517147570e-01 7.779995501157074833e-02
-2.631915197292075681e-02 1.008086115610184186e-01 1.443693383063644753e-01
3.358413616611868185e-02 6.211266887105808959e-02 1.892324883695530036e-01
9.536616282796131494e-02 7.204605976786272736e-03 2.055593972894839971e-01
1.496211745088079081e-01 -5.555632228897382230e-02 1.908644411868957169e-01
1.880893375031549852e-01 -1.166153335269914659e-01 1.473847939182986733e-01
2.049142227098793012e-01 -1.666767467775938649e-01 8.173983763635261912e-02
-1.113591532419707930e-01 -6.462421075133087389e-02 -1.455196756290612070e-01
-5.444644318494033103e-02 -1.198624060484216602e-01 -1.739498415313111002e-01
1.760325092854857915e-02 -1.635053263330597806e-01 -1.756009642178516239e-01
9.382101630182076990e-02 -1.889087326159667457e-01 -1.502216752271214872e-01
1.626033890725592790e-01 -1.922051865730212139e-01 -1.016757412441317010e-01
2.134788765001809085e-01 -1.728928329716913348e-01 -3.735384064780508662e-02
2.387021468112722200e-01 -1.339118025808581081e-01 3.295160027554852600e-02
2.344331857504843575e-01 -8.119660391360550289e-02 9.853721546575756884e-02
2.013219039410938660e-01 -2.277264810255695895e-02 1.494181895451948683e-01
1.444091938840634526e-01 3.246554719453387250e-02 1.778483554474447337e-01
7.235949977057441751e-02 7.610846747917207611e-02 1.794994781339853129e-01
-3.858265602697717733e-03 1.015118737620789441e-01 1.541201891432551763e-01
-1.568526217534206291e-01 7.042792587156251893e-02 -5.473929266420040490e-02
-1.623268214753215699e-01 -1.403003416445610524e-03 -9.850280931710986287e-02
-1.388720523702440535e-01 -7.713954833467058514e-02 -1.271165162576786967e-01
-9.005909041642470858e-02 -1.452515064728020222e-01 -1.362242359881046527e-01
-2.331926658073059377e-02 -1.953694496407474002e-01 -1.244394007411152442e-01
5.118688595586341761e-02 -2.198633753114732359e-01 -9.355614485326717300e-02
1.221164808696156845e-01 -2.150043053396006043e-01 -4.827616407607347726e-02
1.786711303132862694e-01 -1.815319890807682024e-01 4.507074981185958673e-03
2.122409015782502628e-01 -1.245422832580806716e-01 5.675780265329694735e-02
2.177151013001511759e-01 -5.271135397007255252e-02 1.005213193062064192e-01
1.942603321950736595e-01 2.302519094815237352e-02 1.291350262467751975e-01
1.454473702412543701e-01 9.113714908628382794e-02 1.382427459772011813e-01
7.870754640556018589e-02 1.412550922542293030e-01 1.264579107302117866e-01
4.201393868966236955e-03 1.657490179249551110e-01 9.557465484236375708e-02
-6.672820104478593972e-02 1.608899479530825349e-01 5.029467406517008216e-02
1.922571692478250716e-01 -1.860936624505184489e-01 -3.322181191518645566e-03
1.922571692478250716e-01 -1.860936624505184489e-01 -3.322181191518645566e-03
1.516665564897196339e-01 -2.020026932709030887e-01 -7.546320808982352746e-02
9.363351462305974371e-02 -1.926180249316385429e-01 -1.358711290897128554e-01
2.699304820120989462e-02 -1.593683881151474191e-01 -1.753493858181210674e-01
-3.810943586043576831e-02 -1.073157386180322026e-01 -1.878877715594363396e-01
-9.176267451897920924e-02 -4.438462046778605952e-02 -1.715774307452932190e-01
-1.257984485564768717e-01 1.984427406922264353e-02 -1.289014649110373778e-01
-1.350351199107797107e-01 7.559267803611328940e-02 -6.635690299634054712e-02
-7.747587634072389262e-02 1.302824331098517696e-01 7.867543931345510888e-02
-1.944283447406395388e-02 1.208977647705871822e-01 1.390833603133444785e-01
4.719763194778582582e-02 8.764812795409611390e-02 1.785616170417526904e-01
1.123001160094314888e-01 3.559547845698092516e-02 1.911000027830679626e-01
1.659533546679750893e-01 -2.733563969326530813e-02 1.747896619689248143e-01
1.999891287054726408e-01 -9.156453423027401117e-02 1.321136961346690286e-01
2.092258000597754519e-01 -1.473129381971646223e-01 6.956913421997225344e-02
-1.718858017268349303e-01 9.891767432410637773e-02 1.310767989828868774e-01
5.573551753442804180e-03 -1.169675183477696667e-01 -2.797240811035873673e-02
-7.693760625043721824e-02 -1.345681646090980121e-01 -3.949108436310029557e-02
-1.604929050606480057e-01 -1.193876473696319496e-01 -4.570540521511621407e-02
-2.323718078640047979e-01 -7.373706276734864895e-02 -4.566929664964588381e-02
-2.816314032925730237e-01 -4.566298484365877153e-03 -3.938825586845719207e-02
-3.007723644816976960e-01 7.759402365177187066e-02 -2.781851439270965551e-02
-2.868806536035798382e-01 1.602357393810124875e-01 -1.272146048211819126e-02
-2.420711577107401147e-01 2.307773966325976644e-01 3.604516260564143496e-03
-1.731657163537717592e-01 2.784796675516889031e-01 1.867393387161167193e-02
-9.065455834989170902e-02 2.960803138130172485e-01 3.019261012435322383e-02
-7.099259539680977116e-03 2.808997965735512414e-01 3.640693097636914233e-02
6.477964326367589842e-02 2.352492119712679408e-01 3.637082241089881207e-02
1.140392386922441520e-01 1.660784476882850580e-01 3.008978162971009951e-02
1.331801998813687549e-01 8.391812555214739344e-02 1.852004015396258377e-02
1.192884890032509387e-01 1.276409822906887648e-03 3.422986243371149012e-03
-1.009746770201679078e-01 -1.408152298264219449e-01 -1.323361272196805771e-01
-4.586711590779850301e-02 -1.972057955924020611e-01 -1.026087824627010953e-01
1.365018086063549685e-01 1.047028093829617951e-01 1.320199894150893005e-01
8.139424749398548042e-02 1.610933751489420085e-01 1.022926446581097770e-01
