1.432101111370395752e-02 -7.653256411042003160e-02 -2.394742498670728859e-01
1.550525679199803858e-02 3.324965781013239363e-03 -2.588129178769224548e-01
1.406985358275218007e-02 8.451650485353698339e-02 -2.462238273917187192e-01
4.579758030094639200e-03 2.031376172981185224e-01 -1.374976012094616673e-01
-2.030153293355334634e-03 2.225082016035508370e-01 -5.791304784296237573e-02
-8.590106277738453894e-03 2.098441343370726908e-01 2.301407996777665027e-02
-3.390844996706497347e-03 1.820848929267693539e-01 -1.048016315083862560e-01
-3.390844996706497347e-03 1.820848929267693539e-01 -1.048016315083862560e-01
-5.917750902345404393e-04 2.281556217746679438e-01 1.260379421832344415e-01
-1.210706728305295174e-03 2.442297746958763116e-01 4.495363387874005273e-02
-2.193609369491258346e-03 2.280518861189389790e-01 -3.610644473777407937e-02
-6.661572036014022646e-03 -1.888119974748049268e-01 -1.172761231047617370e-01
-3.452362188664053616e-03 -2.365457585649328731e-01 -4.976536033104247969e-02
-3.991234223545440593e-04 -2.547894211559199595e-01 3.088425575139944201e-02
2.033316338422215888e-03 -2.407655529975015196e-01 1.123945521846025641e-01
3.474640190209307700e-03 -1.966091608901153753e-01 1.823563252292887960e-01
3.705419642205397962e-03 -1.290426552534197913e-01 2.301185291444566294e-01
3.516179568054941112e-03 -1.239002626965753223e-01 -2.140209202200863137e-01
8.671127428641354010e-03 -5.803100874631818284e-02 -2.627714856105120012e-01
1.234775335995708101e-02 2.156085359692964248e-02 -2.826100238578137525e-01
1.398632439265636192e-02 1.027581847934376236e-01 -2.705162973506368695e-01
1.333738294069413202e-02 1.731994272241775268e-01 -2.283314663197953676e-01
1.049972445746272590e-02 2.221605402805219565e-01 -1.624777888832892314e-01
5.905356723595921523e-03 2.421876383332375871e-01 -8.298089046575397865e-02
2.537305785277233112e-04 2.302317772498944093e-01 -1.943453210080853255e-03
-5.594745129273824211e-03 1.881131285002807241e-01 6.829730766775224393e-02
6.396466501153895250e-03 1.938021684613485673e-01 -2.110731850564025736e-01
6.396466501153895250e-03 1.938021684613485673e-01 -2.110731850564025736e-01
1.154265221185257415e-03 1.244118509702774600e-01 -2.550853480141035412e-01
1.093041560174206651e-02 2.009873234321306323e-01 8.724120512486238654e-02
1.292868134652857930e-02 2.449682633489364825e-01 1.766210494360011263e-02
1.276873458968819271e-02 2.590468286882955384e-01 -6.346332719088493279e-02
1.047492577502890689e-02 2.410796854998031591e-01 -1.437844796399912473e-01
-9.502238565961003414e-03 2.489621689997307263e-01 -2.504589524442711601e-02
-2.488221186006410023e-03 2.619186983813053260e-01 5.630054090241930209e-02
4.387975269584344119e-03 2.426435465540959791e-01 1.363973399118492136e-01
1.007951222332367953e-02 1.940711806541087769e-01 2.030504902139680934e-01
1.302703219202014720e-02 -3.844330075850706935e-02 2.398303037558296436e-01
6.701831508821746997e-03 -1.334666543625346313e-01 -2.460701460664767859e-01
1.116243295959382618e-02 -2.032864256839406192e-01 -2.024241589131473285e-01
1.365781212227188887e-02 -2.511613508641595827e-01 -1.353314301783019036e-01
1.380807014000664038e-02 -2.698029065317808506e-01 -5.500621961472020732e-02
1.159033159169029457e-02 -2.563730848225318493e-01 2.632268761913945238e-02
7.342227067454003969e-03 -2.129164543500087770e-01 9.627370264530188404e-02
1.710491971949341505e-03 -1.460488931683171787e-01 1.441974175335641040e-01
2.079003709376565576e-03 2.041762644492945700e-01 5.738808321778038346e-02
1.485450500834282171e-03 2.199122571924917169e-01 -2.346618910305350511e-02
2.540735634411948017e-04 2.035143491169688068e-01 -1.041816117132439851e-01
3.930117433671104568e-03 -2.239822256089222252e-01 1.243670916483902988e-01
-7.243266773907830990e-03 -2.356763955470716487e-01 4.335857411021100394e-02
-1.781386502379867995e-02 -2.151883998412127130e-01 -3.596659543591797237e-02
6.398973108945109518e-03 -1.907975085073398691e-01 1.601990553000311734e-01
9.051729104463248493e-03 -1.471989171223460346e-01 2.300868324208151239e-01
1.022918653856677053e-02 -8.016044730751721581e-02 2.780100296731787268e-01
9.752088190591642197e-03 1.119016130810453202e-04 2.966727747003145566e-01
7.693067959109784262e-03 8.139739218694251599e-02 2.832338337500461267e-01
4.365593009299425023e-03 1.513210453290039781e-01 2.397391637577486190e-01
2.762412386336513459e-04 1.992376187078806205e-01 1.728104339495841191e-01
-3.952420615869759596e-03 2.178522483914576979e-01 9.263693672839927451e-02
-7.676617119777848393e-03 2.043310257524490192e-01 1.142436027155722955e-02
2.493871317208961810e-02 1.014971426754819467e-01 -2.493137376469584943e-01
2.493871317208961810e-02 1.014971426754819467e-01 -2.493137376469584943e-01
2.713660598471931765e-02 2.945204576911110428e-02 -2.886253627701031998e-01
2.519069438606926642e-02 -5.213061967045579115e-02 -2.976371727277522528e-01
1.939722577730138009e-02 -1.308306323787483683e-01 -2.749772011461142363e-01
1.063820323617683389e-02 -1.946666288383209764e-01 -2.240952232853395953e-01
2.471085438448150000e-04 -2.339201572629523995e-01 -1.527375590284535400e-01
-1.019410832829510324e-02 -2.426152237841139314e-01 -7.176776589972960751e-02
-1.909586676132625505e-02 -2.194280833449329671e-01 6.487239089986537866e-03
1.893162520495507775e-02 1.530364581350916464e-01 -1.856871359225476248e-01
3.913986799500971878e-03 -1.164010934397528563e-01 -2.354726508528821316e-01
7.767306412184041969e-03 -1.860019843001720907e-01 -1.916527238059829441e-01
1.011184021827076299e-02 -2.335779815251492475e-01 -1.244936161862554846e-01
1.059065419903630276e-02 -2.518860708146702931e-01 -4.421969332997673779e-02
9.130853266368657573e-03 -2.381390115376483541e-01 3.694806769290771148e-02
5.954678879138064138e-03 -1.944296688516073957e-01 1.066526110542495576e-01
-7.301156599231563293e-03 -2.142230938612404434e-01 -9.628257899255060481e-03
-4.544796678379696420e-03 -2.312246992363778952e-01 7.103351987879016893e-02
-1.329115979479456814e-03 -2.160492916777765615e-01 1.520417966332861248e-01
1.856327261279716676e-03 -1.710071894208214927e-01 2.210637965702181018e-01
4.526578186607124570e-03 -1.029556442264603078e-01 2.675915458851757522e-01
6.275115299006584629e-03 -2.225488696174116737e-02 2.845416165200546632e-01
6.835739673643674227e-03 5.880912363396863241e-02 2.693335138734674339e-01
6.123101331552507388e-03 1.278951267945584724e-01 2.242825337115630924e-01
1.918000649533924823e-02 1.246906026199309792e-01 -2.491459914010059618e-01
1.918000649533924823e-02 1.246906026199309792e-01 -2.491459914010059618e-01
2.361302265016966551e-02 5.352026180166005037e-02 -2.897644633070357578e-01
2.447304728882228678e-02 -2.786824237104172652e-02 -3.002478334974744145e-01
2.162914945620502544e-02 -1.070842479265080444e-01 -2.790001038928149324e-01
1.551428681733579493e-02 -1.720678361137977508e-01 -2.292560487142182857e-01
7.059391777614590704e-03 -2.129258447090897344e-01 -1.585887494316427504e-01
-2.448354536975428774e-03 -2.234380122825211090e-01 -7.775666176019727094e-02
-1.156148393797290508e-02 -2.020039566140732212e-01 9.342616968400913047e-04
1.184888534851244457e-02 1.748077408549353617e-01 -1.845762119197131568e-01
-1.847495005289764500e-04 1.798201530171384122e-01 1.643850061591022871e-01
4.576141195797110012e-04 2.251984454210962938e-01 9.523113271688130044e-02
3.677518465073229340e-04 2.406667604309038200e-01 1.397485037445890012e-02
-4.406556032744016541e-04 2.238701873069426918e-01 -6.701330847156498904e-02
-2.450477437199172909e-02 -1.765814782105521175e-01 6.482899492646565509e-02
-2.450477437199172909e-02 -1.765814782105521175e-01 6.482899492646565509e-02
-2.658391705921009374e-02 -2.274165767979039465e-01 3.261500788133420148e-04
-2.462085201797034606e-02 -2.499401414912037211e-01 -7.865474941777700346e-02
-1.891443810557231348e-02 -2.407231637425188975e-01 -1.600895775785862729e-01
-1.033342511140767847e-02 -2.011688448619753933e-01 -2.315806200246869062e-01
-1.841944767615023935e-04 -1.372989713383424570e-01 -2.822440136115735299e-01
9.988125437246135607e-03 -5.883715243374790932e-02 -3.043667159304492831e-01
1.863489113601723285e-02 2.227151118174324623e-02 -2.945807460960611635e-01
2.443971092504011733e-02 9.367896072453910095e-02 -2.543759293056573889e-01
-1.243820141654241110e-02 -2.046165718452323257e-01 4.452962500864000167e-02
-5.979123114490661126e-03 -2.249583832446859222e-01 -3.484217729025063104e-02
1.082506927931671612e-03 -2.132804072147456986e-01 -1.158924718035049262e-01
1.278508208717204879e-02 -1.055806152199843251e-01 -2.352948389575066357e-01
9.734978516187453926e-03 -1.877074212771436268e-01 1.605019993878070983e-01
1.557618752642065535e-02 -1.454961570585815711e-01 2.310718092904693599e-01
1.894793010412945677e-02 -7.940636014543264731e-02 2.802325529310691898e-01
1.933688900678026332e-02 5.003969877770981373e-04 3.004999527335759923e-01
1.668384876736572764e-02 8.205903492407365385e-02 2.887884808024949734e-01
1.139271071246704056e-02 1.528529903685499625e-01 2.468811025745756282e-01
4.269002646656621519e-03 2.021045253535886377e-01 1.811578364936891061e-01
-3.602755453620283283e-03 2.223155401439937673e-01 1.016244540377598815e-01
-1.102415977526142489e-02 2.104090909512317531e-01 2.038919171379574569e-02
-8.090197998802967777e-03 -1.770883590583402778e-01 -7.256715209467301531e-02
-6.601885018744225835e-03 -2.234847162079032779e-01 -4.411905653736863941e-03
-4.323930361639008804e-03 -2.402647401589530218e-01 7.629259464509118016e-02
-1.603131974321192347e-03 -2.248738243762380129e-01 1.572598202194314676e-01
1.146293252838880092e-03 -1.796550962686777053e-01 2.261632449453182814e-01
3.505770252607835757e-03 -1.114926972818569839e-01 2.725129470193358716e-01
5.116090040483118814e-03 -3.076373476783392583e-02 2.892526044618106695e-01
5.732096026345945283e-03 5.024153854049894646e-02 2.738337561724983882e-01
5.260006882956862369e-03 1.191908040965792004e-01 2.286037820312391278e-01
3.771693902898118692e-03 1.655871612461422837e-01 1.604485355903028654e-01
1.035649843833689326e-02 -2.151957101920703441e-01 2.048975018645400881e-01
1.035649843833689326e-02 -2.151957101920703441e-01 2.048975018645400881e-01
5.811364134040842080e-03 -2.580981598517562148e-01 1.344426321513325362e-01
-8.615285508255547328e-05 -2.707224859153232743e-01 5.301160131078163501e-02
-6.438209028563901537e-03 -2.511467491793942242e-01 -2.699845438577157253e-02
-1.227776141552325978e-02 -2.023511781075187366e-01 -9.340672925148786609e-02
6.134142084283197155e-03 8.392072342064317569e-02 2.180973834912167120e-01
1.057217176948021913e-02 1.333400137556108034e-02 2.607938196703015743e-01
1.293302896418291499e-02 -6.829768308159236967e-02 2.732782717986469434e-01
1.285729456172158940e-02 -1.485466459852781140e-01 2.536500952115527396e-01
3.610677101646364573e-03 1.338804331089168409e-01 -2.092360429700945157e-01
3.610677101646364573e-03 1.338804331089168409e-01 -2.092360429700945157e-01
3.944039838450538911e-03 6.484268931764673727e-02 -2.536984612684284879e-01
3.469002835385966675e-03 -1.595242965789819140e-02 -2.683664853007459161e-01
2.257886169948068820e-03 -9.620459936326841710e-02 -2.510070413740954076e-01
4.950713756498535938e-04 -1.636961544485514009e-01 -2.042629474625584085e-01
-1.551068975032675757e-03 -2.081521174644831440e-01 -1.352505681278999283e-01
-3.569028562016574035e-03 -2.228044710361962166e-01 -5.447641252504527992e-02
-5.251591331032751456e-03 -2.054225271563133726e-01 2.576238637501487849e-02
6.830439331732382664e-04 1.685001695369758301e-01 -2.186135668898337159e-01
6.830439331732382664e-04 1.685001695369758301e-01 -2.186135668898337159e-01
-1.732831166573954714e-03 1.000370835700707950e-01 -2.638157934029197182e-01
-4.036979791826567424e-03 1.948161720967361149e-02 -2.793650574665786923e-01
-5.878616201549191969e-03 -6.090239002796633133e-02 -2.628941245815483718e-01
-6.977367946837182387e-03 -1.288772017237584389e-01 -2.169105449701961286e-01
5.168056350165354910e-03 2.153099741104700926e-01 1.033639351105905546e-02
4.417777344780125792e-03 2.308854083500193333e-01 -7.024347248543708067e-02
2.842850423440818931e-03 2.144479908913471400e-01 -1.506400071547342456e-01
5.528921029492133571e-03 -1.951525837905650762e-01 -1.711171442761404426e-01
6.639419532640701213e-03 -2.420473659007205958e-01 -1.032440295902180699e-01
6.275702346913970830e-03 -2.594320374033564081e-01 -2.259197196112176440e-02
4.493142116734340392e-03 -2.446599396546358940e-01 5.856048394984164629e-02
1.563117478197931058e-03 -1.999799906274021821e-01 1.278586123790726170e-01
3.565405696769985248e-03 2.157432891551392395e-01 5.224390176337157660e-02
3.496517305238595885e-03 2.309617726139136518e-01 -2.868977142100733249e-02
2.536987081594787447e-03 2.140622099227165176e-01 -1.092835089079086108e-01
9.805559896888976432e-03 1.802046700296716653e-01 -1.889231570615435563e-01
9.805559896888976432e-03 1.802046700296716653e-01 -1.889231570615435563e-01
4.543690117431695846e-03 2.877246545855564192e-02 -2.450012538199359824e-01
7.529495672321433533e-04 1.919944922826574418e-01 1.092449210929956199e-01
5.017492145733080250e-03 2.349648389048293318e-01 3.910498054176858584e-02
8.235383749558674443e-03 2.478134472182397241e-01 -4.218958699381560734e-02
9.916729552286529872e-03 2.285842330800965938e-01 -1.222624205435543093e-01
8.081888024052545291e-03 2.146770227669852205e-01 -1.092489441196845962e-01
-6.275933264343982500e-04 2.359060396747737487e-01 -3.006363947161828920e-02
-9.698039982799520897e-03 2.250337317725074615e-01 5.115433030604273068e-02
3.095074773986012176e-05 1.675999090754921594e-01 -2.026738563182911845e-01
3.095074773986012176e-05 1.675999090754921594e-01 -2.026738563182911845e-01
-1.982801200208903023e-03 9.908682154076728366e-02 -2.479784273243122450e-01
-3.912643228210509888e-03 1.844792481001263085e-02 -2.636068168216977314e-01
3.720917932995031728e-03 2.143144710306455480e-01 2.656337669191220080e-02
3.117781298959077137e-03 2.299606636084272071e-01 -5.409290265760893085e-02
1.822037136267450758e-03 2.135566909097105226e-01 -1.345903140523422303e-01
-5.059631999739545166e-02 2.689553310212417503e-01 9.923299062846011043e-02
2.255667532509694762e-02 -1.064314853508471492e-01 2.074019352394410876e-01
2.255667532509694762e-02 -1.064314853508471492e-01 2.074019352394410876e-01
-2.593743795596225102e-02 2.135121805638636738e-01 -6.404761739421052646e-02
-1.614127861943520648e-02 2.540641024550418514e-01 7.012506211324515126e-03
-4.145101166084033673e-03 2.640881004228950446e-01 8.791723700561704380e-02
8.224785132437940904e-03 2.420581116445854331e-01 1.663495631284468979e-01
1.908517722047930326e-02 1.913280022092651023e-01 2.303688739184201750e-01
2.678267885233517887e-02 1.196209714088742188e-01 2.702288096442608811e-01
3.014541518258154543e-02 3.785376465691978054e-02 2.798610564229267461e-01
2.866144008821915404e-02 -4.152530204018838045e-02 2.577991919989005565e-01
-5.041034571355173036e-03 -1.796224405155295578e-01 -6.717144684939740928e-02
3.722931500714696772e-04 -2.283398476055623350e-01 -8.591004912687910666e-04
5.526216992988678724e-03 -2.479117225796974855e-01 7.908085152982126387e-02
9.636098772748284691e-03 -2.353584248926113287e-01 1.604782761761315291e-01
1.207624624455299646e-02 -1.925910803212358413e-01 2.309411534147530476e-01
1.247516907581245650e-02 -1.261206293896190433e-01 2.797421489336784362e-01
1.077213488171189192e-02 -4.606659569596124881e-02 2.994517535472772662e-01
7.226415180259697715e-03 3.538351982150038377e-02 2.870693586211400250e-01
2.377813653972824133e-03 1.058296754223684022e-01 2.444800715360813392e-01
-3.035514067453825952e-03 1.545470825124012904e-01 1.781677251779525406e-01
2.047801183443755113e-03 1.876185079876418749e-01 -1.651099655353471807e-01
2.047801183443755113e-03 1.876185079876418749e-01 -1.651099655353471807e-01
4.925947284477874381e-03 1.921115958700594928e-01 1.339094106665345840e-01
6.138156800546436948e-03 2.368786009605044207e-01 6.460759957856135327e-02
6.016857237776248798e-03 2.517448036427635261e-01 -1.655443909086785903e-02
4.580515355015796555e-03 2.344469593209259073e-01 -9.722052069004534502e-02
2.390879014280987251e-03 5.129085130913681179e-02 -2.533844613132807400e-01
-4.517742617398540217e-05 1.320747596736407958e-01 -2.370483561174415166e-01
-2.740943376225731584e-03 2.004427991219163985e-01 -1.910332870363594948e-01
-5.286012907158063601e-03 2.459865554057846238e-01 -1.223446312099895072e-01
-7.292922253999285440e-03 2.617724044862053123e-01 -4.143961382368069324e-02
-8.456137661371349035e-03 2.453970939397627227e-01 3.936470963131017547e-02
-8.598570128075785912e-03 1.993536163545928663e-01 1.077666134019771016e-01
3.050684394298929999e-03 -2.283334738941281972e-01 1.042379865232594127e-01
-3.380090560761204489e-03 -2.410861964689439418e-01 2.273101813556392681e-02
1.048638921407786008e-02 4.373236199516714051e-02 2.302511356845719226e-01
1.231596996298640022e-02 -3.802379744544014117e-02 2.428984960080083355e-01
7.963665863027201766e-03 -6.520353205709683575e-02 -2.524940393394901061e-01
1.744156869389902262e-02 1.303586158151259083e-02 -2.755944032740221816e-01
1.990648340346480583e-02 2.423609214641851417e-01 -8.582704747570654713e-02
1.118423213412486801e-02 2.344240981036603555e-01 -4.551040310892678908e-03
5.826341313198589097e-04 1.959416985353389373e-01 6.722340650806613027e-02
5.207433356173744865e-02 -4.467226042590070889e-02 -2.928013959564252366e-01
4.954886743937209070e-02 -1.223812164385377488e-01 -2.667186876580492916e-01
-8.221217223652609735e-03 1.582549415406214743e-01 -1.660384843340372840e-01
-5.784958862761485285e-03 2.266413632688339397e-01 -1.194693935428463999e-01
-2.924491877786511863e-03 2.719817019846541006e-01 -5.027842836334704690e-02
-7.529643699234192175e-05 2.873733021297923407e-01 3.100071397354318276e-02
2.328863281781098048e-03 2.704729321073541248e-01 1.119940208442927465e-01
3.921975755112679270e-03 2.238535200510198275e-01 1.803709954839852747e-01
4.461504050538194106e-03 1.546124488403435859e-01 2.257218633425461807e-01
3.865309875915288150e-03 7.329104389527774099e-02 2.411423658951502014e-01
