-1.725406099409360350e-01 1.052030536120550364e-01 6.750970554926263856e-02
-1.725406099409360350e-01 1.052030536120550364e-01 6.750970554926263856e-02
-1.923937577223963358e-01 9.068686213957878606e-02 -1.027953005619535939e-02
-1.834231735844088218e-01 6.276316742986171038e-02 -8.640986804153046041e-02
-1.469945476434344478e-01 2.568309887353541557e-02 -1.492911545717077459e-01
-8.865380797267000124e-02 -1.490823922335798510e-02 -1.893502837927895921e-01
-1.728280332686733811e-02 -5.283118359696252486e-02 -2.004886164177769325e-01
5.625287781641825219e-02 -8.231230973874371915e-02 -1.810104422737521812e-01
1.207580946057311838e-01 -9.886338344068944239e-02 -1.338811368040546956e-01
1.664125125261447513e-01 -9.996465376753507770e-02 -6.627570953822803368e-02
1.862656603076050799e-01 -8.544846229505884128e-02 1.151352606722993305e-02
1.772950761696175936e-01 -5.752476758534176560e-02 8.764386405256505141e-02
1.408664502286432474e-01 -2.044469902901548120e-02 1.505251505827422398e-01
8.252571055787878695e-02 2.014663906787790559e-02 1.905842798038241415e-01
1.115470591207599720e-02 5.806958344148251128e-02 2.017226124288115097e-01
-6.238097523120949423e-02 8.755070958326369168e-02 1.822444382847867583e-01
-1.268861920205223703e-01 1.041017832852093594e-01 1.351151328150893560e-01
3.914249229772026606e-02 -1.610343957235962076e-01 1.228372149468008878e-01
3.914249229772026606e-02 -1.610343957235962076e-01 1.228372149468008878e-01
4.893209781627359811e-02 -1.945361332241022090e-01 4.893143398782660858e-02
5.127132866218617191e-02 -1.980061382606180254e-01 -3.269426242582531422e-02
4.580405814434820866e-02 -1.709161340220081982e-01 -1.096131019539569457e-01
3.336262863816991109e-02 -1.173903280821010364e-01 -1.701148885494268848e-01
1.584113500412761763e-02 -4.557753918260844250e-02 -2.049887736531360860e-01
-4.092934184731092731e-03 3.358938655107439331e-02 -2.089255243906004422e-01
-2.340479759718964298e-02 1.080580023259630901e-01 -1.813258061487753592e-01
-3.915439909117898742e-02 1.664911364500137603e-01 -1.263914258379098543e-01
-4.894400460973229172e-02 1.999928739505197617e-01 -5.248564487893556119e-02
-5.128323545564486552e-02 2.034628789870355781e-01 2.914005153471638590e-02
-4.581596493780693002e-02 1.763728747484257786e-01 1.060588910628479375e-01
-3.337453543162863245e-02 1.228470688085186724e-01 1.665606776583179738e-01
-1.585304179758630083e-02 5.103427990902593275e-02 2.014345627620271750e-01
4.081027391272391315e-03 -2.813264582465677122e-02 2.053713134994915313e-01
2.339289080373090773e-02 -1.026012615995453986e-01 1.777715952576664760e-01
1.636302091392443925e-01 -1.286390531592499220e-01 -3.808012766284482598e-02
1.636302091392443925e-01 -1.286390531592499220e-01 -3.808012766284482598e-02
1.412767174330775977e-01 -1.106832796558354648e-01 -1.145035440600039450e-01
9.767563632714434951e-02 -7.596503145447658367e-02 -1.741375606579140811e-01
3.946483517503862615e-02 -2.976984712212646031e-02 -2.079034390132502019e-01
-2.449361923005803632e-02 2.086947528700332927e-02 -2.106606302348617288e-01
-8.446263198980256959e-02 6.824355798272355167e-02 -1.819893769532590355e-01
-1.313124645319782291e-01 1.051401263217398574e-01 -1.262546175750079158e-01
-1.579106545468284273e-01 1.259420122426618271e-01 -5.194146397859519815e-02
-1.602078687177850291e-01 1.274823171835945679e-01 2.963657985134013004e-02
-1.378543770116182621e-01 1.095265436801801662e-01 1.060599962484992248e-01
-9.425329590568498617e-02 7.480829547882125730e-02 1.656940128464094997e-01
-3.604249475357931137e-02 2.861311114647118251e-02 1.994598912017455372e-01
2.791595965151735109e-02 -2.202621126265867299e-02 2.022170824233571196e-01
8.788497241126197457e-02 -6.940029395837896131e-02 1.735458291417543431e-01
1.347348049534375647e-01 -1.062968622973951838e-01 1.178110697635032650e-01
1.613329949682877629e-01 -1.270987482183171813e-01 4.349791616709064446e-02
-6.887283895924924126e-02 1.684013706744746652e-01 -1.015736924988745044e-01
-6.887283895924924126e-02 1.684013706744746652e-01 -1.015736924988745044e-01
-5.087954896269106242e-02 1.193037994006797692e-01 -1.643352443409192565e-01
-2.495416210721070061e-02 5.178870722562205209e-02 -2.023211499441088523e-01
4.956416472661993693e-03 -2.386534509288054315e-02 -2.097483995234494525e-01
3.429857232821141577e-02 -9.614071389502809595e-02 -1.854862616586715196e-01
5.860522821773535979e-02 -1.540341294585432508e-01 -1.332284269028601309e-01
7.417591612243813748e-02 -1.887318440689998433e-01 -6.093067687913580194e-02
7.864013995746609031e-02 -1.949514452125220565e-01 2.040031135212543034e-02
7.131826211222604128e-02 -1.717460549958333416e-01 9.838263209995824765e-02
5.332497211566784856e-02 -1.226484837220384178e-01 1.611441839420029998e-01
2.739958526018749368e-02 -5.513339154698065903e-02 1.991300895451926234e-01
-2.510993319685165485e-03 2.052066077152187029e-02 2.065573391245331958e-01
-3.185314917523460188e-02 9.279602957366940574e-02 1.822952012597552907e-01
-5.615980506475858752e-02 1.506894451371846855e-01 1.300373665039437909e-01
-7.173049296946133746e-02 1.853871597476411948e-01 5.773961648021955217e-02
-7.619471680448933193e-02 1.916067608911634079e-01 -2.359137175104158990e-02
-1.693838398524968036e-01 8.671563432320097964e-02 8.381729850699101703e-02
-1.693838398524968036e-01 8.671563432320097964e-02 8.381729850699101703e-02
-2.004043045455567162e-01 5.318778528221328183e-02 1.639160850409309561e-02
-2.007566690612979654e-01 1.179365719096195711e-02 -5.374405690423286752e-02
-1.703872890963913367e-01 -3.116486918736551329e-02 -1.159121784409593431e-01
-1.139196274513789159e-01 -6.914774763168014815e-02 -1.606482231575448449e-01
-3.995037373108632772e-02 -9.637242921448542499e-02 -1.811415337791444091e-01
4.025932371852655040e-02 -1.086942029571524720e-01 -1.742721895359429229e-01
1.144982655634742413e-01 -1.042371905045173797e-01 -1.410859858182071658e-01
1.714642458855470397e-01 -8.367993159957524962e-02 -8.663522130827654155e-02
2.024847105786069246e-01 -5.015208255858751019e-02 -1.920953130537860626e-02
2.028370750943482015e-01 -8.757954467336178522e-03 5.092613410294735687e-02
1.724676951294415450e-01 3.420057191099125371e-02 1.130942556396737908e-01
1.160000334844291381e-01 7.218345035530585041e-02 1.578303003562593065e-01
4.203077976413640421e-02 9.940813193811119663e-02 1.783236109778588985e-01
-3.817891768547639758e-02 1.117299056807782576e-01 1.714542667346573845e-01
-1.124178595304239636e-01 1.072728932281431236e-01 1.382680630169216829e-01
-9.855603403482679492e-02 -6.868036218862212661e-02 1.587047690301828795e-01
-9.855603403482679492e-02 -6.868036218862212661e-02 1.587047690301828795e-01
-1.523797853087346388e-01 -8.681508315517653951e-02 9.986121291354649321e-02
-1.827156245352485886e-01 -9.156829625201431955e-02 2.406165997382812144e-02
-1.849451951871992628e-01 -8.221636787312591732e-02 -5.715409497855854920e-02
-1.587290653439354937e-01 -6.018304433875524412e-02 -1.314216894747646802e-01
-1.080584031242853571e-01 -2.882269942443500821e-02 -1.874345554901634125e-01
-4.064735752049377510e-02 7.090338638864070002e-03 -2.166652419318051415e-01
3.324135085691218294e-02 4.208863535850543985e-02 -2.146636417657823148e-01
1.023588359602817383e-01 7.084401731927354728e-02 -1.817344804728213414e-01
1.561825872341895682e-01 8.897873828582793243e-02 -1.228909243561849274e-01
1.865184264607035458e-01 9.373195138266575410e-02 -4.709137141646654173e-02
1.887479971126542477e-01 8.438002300377733800e-02 3.412438353592006646e-02
1.625318672693905064e-01 6.234669946940665786e-02 1.083919780321262183e-01
1.118612050497403004e-01 3.098635455508639419e-02 1.644048440475249784e-01
4.445015944594873231e-02 -4.926683508212652794e-03 1.936355304891667073e-01
-2.943854893145714247e-02 -3.992498022785400530e-02 1.916339303231439084e-01
1.676942232231211083e-01 -4.755302679487441453e-02 -1.227736945616429293e-01
1.676942232231211083e-01 -4.755302679487441453e-02 -1.227736945616429293e-01
1.117036517264530793e-01 -3.085372985784062480e-02 -1.798440240149031255e-01
3.896958468674730641e-02 -9.443496331102346070e-03 -2.102116138239825682e-01
-3.943487552516047184e-02 1.341815981514477875e-02 -2.092532737233359641e-01
-1.115733605802090855e-01 3.425075867406364438e-02 -1.771149023059122030e-01
-1.664634400657627744e-01 4.988272591736274408e-02 -1.186892752849516286e-01
-1.957485969599556397e-01 5.793423623638577213e-02 -4.287116474476770217e-02
-1.949704315962550727e-01 5.717952017218423666e-02 3.879680927778020316e-02
-1.642474125971979670e-01 4.773347640401466585e-02 1.138814380597871073e-01
-1.082568411005299380e-01 3.103417946698087959e-02 1.709517675130473036e-01
-3.552277406082419986e-02 9.623945940242597391e-03 2.013193573221267463e-01
4.288168615108357840e-02 -1.323771020600449620e-02 2.003610172214802532e-01
1.150201712061322129e-01 -3.407030906492335143e-02 1.682226458040564920e-01
1.699102506916859989e-01 -4.970227630822250664e-02 1.097970187830957789e-01
1.991954075858787809e-01 -5.775378662724553469e-02 3.397890824291193573e-02
1.984172422221782695e-01 -5.699907056304399922e-02 -4.768906577963587246e-02
-1.063338960374066444e-01 -6.285685122311836237e-02 1.696995712888683672e-01
-1.063338960374066444e-01 -6.285685122311836237e-02 1.696995712888683672e-01
-1.190899290758868634e-01 -1.250997869705905430e-01 1.186390563191953018e-01
-1.138749674508545973e-01 -1.681879867486222868e-01 4.964422438629741141e-02
-9.148294179597614428e-02 -1.855616627365118398e-01 -2.678108678775049933e-02
-5.532283503298875138e-02 -1.745758302578680754e-01 -9.900181637387064915e-02
-1.089969562437317734e-02 -1.369029827207451089e-01 -1.560230129751201678e-01
3.502345615167036519e-02 -7.827846965745660635e-02 -1.891637163073932315e-01
7.545523673164683531e-02 -7.627341749353861236e-03 -1.933785547095750179e-01
1.042402740372583569e-01 6.429440723362374321e-02 -1.680258572425386843e-01
1.169963070757385759e-01 1.265373429810958961e-01 -1.169653422728655912e-01
1.117813454507063098e-01 1.696255427591276399e-01 -4.797051033996768687e-02
8.938931979582788456e-02 1.869992187470172207e-01 2.845480083408011632e-02
5.322921303284049166e-02 1.760133862683735118e-01 1.006755304202003043e-01
8.806073624224844756e-03 1.383405387312504620e-01 1.576967270214499339e-01
-3.711707815181867348e-02 7.971602566796202882e-02 1.908374303537229144e-01
-7.754885873179505340e-02 9.064897759859344428e-03 1.950522687559047563e-01
8.409672571158642584e-02 8.471634952749422520e-02 -1.717570413338323498e-01
8.409672571158642584e-02 8.471634952749422520e-02 -1.717570413338323498e-01
1.344883622035856867e-02 5.654691909014528117e-02 -2.015585806283937687e-01
-5.940090549222083738e-02 1.959950560848391574e-02 -2.007992292734306905e-01
-1.233617866349647763e-01 -2.050098214404412478e-02 -1.695945916291989597e-01
-1.686963428607217985e-01 -5.764960841894317678e-02 -1.126952909062882563e-01
-1.885027989428959827e-01 -8.619083161899558643e-02 -3.876372984631626384e-02
-1.797658014889478018e-01 -1.017795092388259631e-01 4.094468157060615621e-02
-1.438154791601616578e-01 -1.020424064225296662e-01 1.142950602648014485e-01
-8.612494264061185123e-02 -8.693949945705668758e-02 1.701204760029169372e-01
-1.547705314938402528e-02 -5.877006901970772967e-02 1.999220152974784115e-01
5.737268856319541893e-02 -2.182265553804637118e-02 1.991626639425153056e-01
1.213335697059392954e-01 1.827783221448163464e-02 1.679580262982836025e-01
1.666681259316963593e-01 5.542645848938070052e-02 1.110587255753728853e-01
1.864745820138705434e-01 8.396768168943316568e-02 3.712716451540078177e-02
1.777375845599223347e-01 9.955635930926351462e-02 -4.258124690152156888e-02
1.417872622311362740e-01 9.981925649296724545e-02 -1.159316255957167779e-01
-1.675064484043622404e-01 5.561904184052321454e-02 1.068573411078569541e-01
-1.675064484043622404e-01 5.561904184052321454e-02 1.068573411078569541e-01
-1.925449212547863942e-01 7.361458498345106738e-02 3.124052029590627944e-02
-1.882552083740465787e-01 8.050671973417145022e-02 -5.001688015091940859e-02
-1.552903796618913534e-01 7.524618105424420167e-02 -1.245441576147602730e-01
-9.866903146282993142e-02 5.863383827078644250e-02 -1.809952096931990162e-01
-2.701125076636984659e-02 3.319876998131723878e-02 -2.107758754373547649e-01
4.877371489585238806e-02 2.813234763440101895e-03 -2.093523184500870327e-01
1.171482914941879977e-01 -2.789684509148585359e-02 -1.769412623781311256e-01
1.677030695586206044e-01 -5.425613831311527913e-02 -1.184769967014874109e-01
1.927415424090447860e-01 -7.225168145604313197e-02 -4.286017588953675017e-02
1.884518295283049982e-01 -7.914381620676352869e-02 3.839722455728894479e-02
1.554870008161498007e-01 -7.388327752683629401e-02 1.129245020211297745e-01
9.886565261708842034e-02 -5.727093474337853485e-02 1.693755540995685316e-01
2.720787192062824530e-02 -3.183586645390931724e-02 1.991562198437243358e-01
-4.857709374159392690e-02 -1.450331236032199878e-03 1.977326628564566313e-01
-1.169516703399294810e-01 2.925974861889373696e-02 1.653216067845007797e-01
-4.901786984168333278e-02 1.662839054733629973e-01 -1.223566349309576778e-01
-4.901786984168333278e-02 1.662839054733629973e-01 -1.223566349309576778e-01
-1.182597601881707483e-01 1.520074073114704161e-01 -8.273495665610616778e-02
-1.690574244812853566e-01 1.146661589069852549e-01 -3.180987798364941221e-02
-1.936773788143739128e-01 5.994502683023068823e-02 2.266571949551885248e-02
-1.883714583206654858e-01 -3.825192608404960788e-03 7.239841988771608672e-02
-1.539474412970382178e-01 -6.693606157786806399e-02 1.098168703862819340e-01
-9.564607228084789914e-02 -1.197795223790097535e-01 1.292244511019082220e-01
-2.234320620158330301e-02 -1.543106371320213110e-01 1.276665338007980655e-01
5.480146007232324784e-02 -1.652723566410912726e-01 1.053802972694900669e-01
1.240433504188106634e-01 -1.509958584791987191e-01 6.575861899463857074e-02
1.748410147119252855e-01 -1.136546100747135440e-01 1.483354032218181170e-02
1.994609690450138695e-01 -5.893347799795900510e-02 -3.964205715698643218e-02
1.941550485513054980e-01 4.836741440676636979e-03 -8.937475754918365600e-02
1.597310315276781467e-01 6.794761041013984426e-02 -1.267932080477495727e-01
1.014296625114878281e-01 1.207910712112814783e-01 -1.462007887633757774e-01
2.812679643222332215e-02 1.553221859642929803e-01 -1.446428714622657041e-01
4.338270215804716778e-02 7.915690109494696869e-02 -2.056157484650170952e-01
6.903240966222556896e-02 1.979382862428053468e-03 -2.144294195110326984e-01
8.461838455463197017e-02 -7.540157374570061188e-02 -1.929533268973319393e-01
5.680543926147510470e-02 -2.012972884831659981e-01 1.074222235311797502e-03
-5.094859164008988528e-02 2.025834697859686673e-01 -3.201427989666669194e-02
-1.243682665623155326e-01 -3.976272930378652037e-02 1.654516392783552947e-01
-1.243682665623155326e-01 -3.976272930378652037e-02 1.654516392783552947e-01
-1.650474767147352417e-01 -7.715050932978641252e-02 1.052166322569325213e-01
-1.806676016819508956e-01 -1.027356310472052892e-01 2.917510710467399043e-02
-1.688506190344891689e-01 -1.126229916042719992e-01 -5.109630329213096789e-02
-1.313955572592117593e-01 -1.053073299853197753e-01 -1.233770043627160501e-01
-7.400460998042418526e-02 -8.190238935519640606e-02 -1.766629145952715030e-01
-5.415028671089221202e-03 -4.597135975852301160e-02 -2.028417371948698922e-01
6.393104468054976175e-02 -2.984414735798711794e-03 -1.979279837323401625e-01
1.234762990304260344e-01 4.051407301089367252e-02 -1.626697286290664235e-01
1.641555091828457713e-01 7.790185303689359242e-02 -1.024347216076436640e-01
1.797756341500613697e-01 1.034869747543124691e-01 -2.639319645538508799e-02
1.679586515025996984e-01 1.133743353113791791e-01 5.387821394141976278e-02
1.305035897273222889e-01 1.060586736924269691e-01 1.261589150120049074e-01
7.311264244853458993e-02 8.265373306230354433e-02 1.794448252445604575e-01
4.523061139199735167e-03 4.672270346563019150e-02 2.056236478441588189e-01
-6.482301221243920442e-02 3.735758442905926392e-03 2.007098943816290892e-01
-9.595811233083466341e-02 -7.167401625946427657e-02 1.705389539570412172e-01
-9.595811233083466341e-02 -7.167401625946427657e-02 1.705389539570412172e-01
-1.192204608241214381e-01 -1.259768065382838031e-01 1.142666609734527133e-01
-1.242619574346435357e-01 -1.607757639279537021e-01 4.064521896341436596e-02
-1.103150800047295460e-01 -1.707730626192309475e-01 -3.911717490707918715e-02
-7.950311419432513904e-02 -1.544467045121069582e-01 -1.128774192191462494e-01
-3.651690248689881679e-02 -1.142822296295865347e-01 -1.694061854145543222e-01
1.209929405607326064e-02 -5.639431518066190252e-02 -2.000974812745941744e-01
5.894410021784272924e-02 1.040412861506929444e-02 -2.002788352218645151e-01
9.688581890950544173e-02 7.594364421910788920e-02 -1.699226377618709982e-01
1.201481674027922164e-01 1.302464344979274435e-01 -1.136503447782825221e-01
1.251896640133143279e-01 1.650453918875973702e-01 -4.002890276824416782e-02
1.112427865834003798e-01 1.750426905788746434e-01 3.973349110224929509e-02
8.043082077299598676e-02 1.587163324717506541e-01 1.134937354143164268e-01
3.744460906556956736e-02 1.185518575892301057e-01 1.700225016097245967e-01
-1.117158747740245109e-02 6.066394314030561230e-02 2.007137974697643934e-01
-5.801639363917185377e-02 -6.134500655425520477e-03 2.008951514170347619e-01
