-1.483627306048445615e-01 3.344888283566838094e-02 1.513734309961533575e-01
-1.483627306048445615e-01 3.344888283566838094e-02 1.513734309961533575e-01
-1.818827767826239894e-01 4.196702560099957457e-02 7.855173538989460025e-02
-1.857360600487186764e-01 4.340185681363158132e-02 -1.960655397884921575e-03
-1.593359529559654209e-01 3.753493642821849330e-02 -7.790645971638569811e-02
1.162478673065194951e-01 -2.826415542461681307e-02 -1.493477276736324966e-01
1.743315532253920663e-01 -4.256879972378196930e-02 -9.530317027463293400e-02
2.078515994031715219e-01 -5.108694248911316294e-02 -2.248147466837419756e-02
2.117048826692662089e-01 -5.252177370174515580e-02 5.803091611940536243e-02
1.853047755765129812e-01 -4.665485331633208166e-02 1.339767204379060939e-01
1.326704551122167286e-01 -3.437936677778734296e-02 1.937938780300670349e-01
6.181501943576340335e-02 -1.756414563404176676e-02 2.283757688963653498e-01
-1.647443367723059465e-02 1.230845126128531607e-03 2.324576136380284708e-01
-9.027904468597189314e-02 1.914423853650321777e-02 2.054179883951529895e-01
-6.518766327350007835e-03 -2.067875098263252318e-02 -2.812575297282695619e-01
-1.791906989740786604e-02 -9.764591174173876953e-02 -2.608056185965373919e-01
-2.702983548243389003e-02 -1.610532091843130398e-01 -2.121363263556236556e-01
-3.246403161140352933e-02 -2.012474570633059900e-01 -1.426591115609745497e-01
-3.339435118479175402e-02 -2.121094455009053803e-01 -6.295125035255497159e-02
-2.967916148091814463e-02 -1.919855352216570110e-01 1.485245795421437365e-02
-2.188406645391891697e-02 -1.439394091418754740e-01 7.890710406199985538e-02
3.061546701719272678e-02 1.358806112334087213e-01 -1.611954626239831267e-01
3.061546701719272678e-02 1.358806112334087213e-01 -1.611954626239831267e-01
-3.322244408892876394e-02 -1.472311052480254623e-01 -1.342510721811495111e-01
-4.236087094093736460e-02 -1.844368150011972685e-01 -6.354798732567630559e-02
-4.503408043169271346e-02 -1.923736977704126883e-01 1.643052062848152431e-02
-4.083510064893169228e-02 -1.698334351020801825e-01 9.350844885228351555e-02
3.343472290538833380e-02 1.628641388219707054e-01 1.290069910439813894e-01
4.257314975739696916e-02 2.000698485751425670e-01 5.830390618850806589e-02
4.524635924815231802e-02 2.080067313443579868e-01 -2.167460176564967728e-02
4.104737946539131765e-02 1.854664686760255643e-01 -9.875252998945155403e-02
6.666082994870256573e-02 -1.670422542790695949e-02 -2.646589296893652743e-01
-7.755250645764405482e-03 -6.863056310499344309e-04 -2.909163767589163507e-01
-8.628987666420620539e-02 1.641247844952688911e-02 -2.860456035779612716e-01
-1.569868632134728548e-01 3.198899193841936439e-02 -2.507881412096315543e-01
-2.090832349612173624e-01 4.367185185838998868e-02 -1.905116186898131447e-01
-2.346477915636315248e-01 4.968244869201215302e-02 -1.143925901641112408e-01
-2.297885610212805629e-01 4.910572355756283314e-02 -3.401948770485190010e-02
-1.952453171352027395e-01 4.202947762873560783e-02 3.837161242253064874e-02
-1.362769556517678671e-01 2.953100520186531866e-02 9.175982145059916051e-02
-1.432568789247733732e-01 2.778651725550378149e-02 -1.682021656351459504e-01
-1.952144737068791103e-01 3.922122957991387715e-02 -1.077238423288944119e-01
-2.205419740133829909e-01 4.514444475145236446e-02 -3.149126962093237031e-02
-2.153834975169816868e-01 4.465440695433178092e-02 4.888983434394540695e-02
-1.805243755025464081e-01 3.782572000095999615e-02 1.211821751436081562e-01
-1.212715932980469868e-01 2.569798957778650708e-02 1.743798992230084499e-01
1.799544733767420857e-01 -3.910691602231092245e-02 2.300828081247533602e-02
1.747959968803407815e-01 -3.861687822519035279e-02 -5.737282315240234409e-02
1.635690123602408508e-01 -4.294187803064156150e-02 -1.170598119923558084e-01
1.635690123602408508e-01 -4.294187803064156150e-02 -1.170598119923558084e-01
-1.685462309614647602e-01 4.367510276816002901e-02 -1.041971715193968778e-01
-1.958592986092781985e-01 5.001935821498885992e-02 -2.864433394138866246e-02
-1.931450584020292516e-01 4.846818005175131117e-02 5.188337094333280580e-02
-1.608167288066228162e-01 3.925772109233521823e-02 1.251263300515312038e-01
1.712985145150828503e-01 -4.735925970646637229e-02 1.122636895785721900e-01
1.986115821628962608e-01 -5.370351515329520320e-02 3.671085200056407177e-02
1.958973419556473416e-01 -5.215233699005766832e-02 -4.381685288415727852e-02
-1.927882368165885138e-02 5.097760468406688228e-03 -2.620267592019931979e-01
5.905120549856900103e-02 -1.370954453114472775e-02 -2.660725659533602627e-01
1.328858337772210740e-01 -3.160636354409888937e-02 -2.389833008994360908e-01
1.909844083114444757e-01 -4.586806811080186563e-02 -1.848830590798815066e-01
2.245019477932934382e-01 -5.432344299364695595e-02 -1.120081118918103136e-01
2.283357106739084263e-01 -5.568523401488516961e-02 -3.145300943156510709e-02
2.019020413078629061e-01 -4.974612083619937147e-02 4.451846418510403691e-02
1.492252262343277125e-01 -3.741027960084940263e-02 1.043403407831825641e-01
-1.307703326080068840e-01 3.239267015726159799e-02 -9.852438387038287004e-02
-1.840058872075316654e-01 4.598893006013355517e-02 -3.963668813625695342e-02
-2.114063727024987349e-01 5.277326595017067801e-02 3.579427001032675637e-02
-2.088003135623189566e-01 5.171282418827281846e-02 1.162848109748893521e-01
-1.765844586670996808e-01 4.296904741976041026e-02 1.895809795441469048e-01
-1.196633798871862692e-01 2.787309639510567386e-02 2.445240984848525700e-01
-4.670279547595640457e-02 8.723192812675494012e-03 2.727495759988974311e-01
3.118970697932466410e-02 -1.156526410141336079e-02 2.699603389993588953e-01
1.021557000771337320e-01 -2.990354069731084030e-02 2.365810235349204427e-01
1.553912546766586245e-01 -4.349980060018281136e-02 1.776933278007944428e-01
1.827917401716256385e-01 -5.028413649021994808e-02 1.022623696542108163e-01
1.801856810314458879e-01 -4.922369472832206772e-02 2.177182868964829682e-02
1.613072321918040120e-01 -2.834824887673396965e-02 -1.735809470208143357e-01
1.613072321918040120e-01 -2.834824887673396965e-02 -1.735809470208143357e-01
1.334376794646419950e-01 -2.328508673584472194e-02 1.171043785223733341e-01
1.837948979416562101e-01 -3.169082732537649438e-02 5.476183087559186036e-02
2.067744092807779488e-01 -3.560474839106207712e-02 -2.237261315039552195e-02
1.988777911904150708e-01 -3.443099093043361369e-02 -1.025559336781087794e-01
1.965321010542601665e-01 -4.321258071429791292e-02 -4.870034424885301416e-02
1.965321010542601665e-01 -4.321258071429791292e-02 -4.870034424885301416e-02
1.371961537142681875e-01 -2.968801791057443240e-02 -1.017035864737793199e-01
-1.587492748509858886e-01 3.258825097916311087e-02 1.319655732017372962e-01
-1.237969225369607712e-01 2.419476699526587962e-02 2.042213316328041484e-01
-6.446097519696883382e-02 1.067020419154240951e-02 2.572245738577303986e-01
1.022520706817817496e-02 -5.926445345607531112e-03 2.829060367233584006e-01
8.889133004053970111e-02 -2.306849217315551370e-02 2.773559503114367275e-01
1.595611896077544500e-01 -3.814621505464887985e-02 2.414192649665219403e-01
2.114759402745861050e-01 -4.886416736127849325e-02 1.805670152655133587e-01
2.367320318603960971e-01 -5.359063801283957262e-02 1.040634045983725720e-01
2.314844533682853256e-01 -5.160606469819514763e-02 2.355541418221393513e-02
-3.271356634998019708e-02 -1.602829230237489133e-01 5.059694548228443889e-02
-3.271356634998019708e-02 -1.602829230237489133e-01 5.059694548228443889e-02
-3.961607436647109071e-02 -2.098044127099679967e-01 -1.249453163767783037e-02
-4.151020507662137038e-02 -2.318210758160132168e-01 -8.990406501287988295e-02
-3.810759425014829949e-02 -2.229810749655372903e-01 -1.698467549061146720e-01
-2.992625854063841323e-02 -1.846302201532178111e-01 -2.401520514634256365e-01
-1.821173214587174655e-02 -1.226070813728659115e-01 -2.901166106030625413e-01
-4.747445517005301728e-03 -4.635411926263705018e-02 -3.121337811258720896e-01
8.416785760778240297e-03 3.251984393100929016e-02 -3.028516484059043945e-01
1.927682680949001706e-02 1.020069623060972930e-01 -2.636833330070319503e-01
2.617933482598092457e-02 1.515284519923164042e-01 -2.005918558870696811e-01
1.710121710993526833e-01 -3.597218908147698652e-02 -2.161504382271705882e-01
1.710121710993526833e-01 -3.597218908147698652e-02 -2.161504382271705882e-01
1.110975788870704611e-01 -2.405026787223422252e-02 -2.687535016248160380e-01
3.601617089296763052e-02 -9.028658405606838216e-03 -2.939746488381242973e-01
-4.280158913051191477e-02 6.805735448340026819e-03 -2.879741888341380562e-01
-1.133564117045673392e-01 2.104227076448070971e-02 -2.516656372541588582e-01
-1.649069646733578587e-01 3.151356409544677634e-02 -1.905766419383988497e-01
-1.896051436543115809e-01 3.662545595410908461e-02 -1.140074486505609774e-01
-1.836908747871281999e-01 3.559970714440138101e-02 -3.361502296725287636e-02
1.363040309100643221e-01 -2.842198122179213915e-02 7.387681608738361216e-02
1.878545838788549527e-01 -3.889327455275824047e-02 1.278782077162349262e-02
2.125527628598086194e-01 -4.400516641142053487e-02 -6.378137251621429638e-02
2.066384939926252662e-01 -4.297941760171285208e-02 -1.441737981995223072e-01
-1.477144877575055637e-01 3.093629252744742320e-02 -1.167770484146093829e-01
-1.993184136247902472e-01 4.133507810411783667e-02 -5.583785977792275756e-02
-2.242071429487478562e-01 4.597764048718254448e-02 2.060612223009135671e-02
-2.185915923066989452e-01 4.415719163875272968e-02 1.009169943151353999e-01
-1.833266783788021215e-01 3.615087839359193422e-02 1.728681542221296441e-01
-1.237811646333389082e-01 2.317758936586560015e-02 2.255056900941230236e-01
-4.902031575662975371e-02 7.212390206887143648e-03 2.508160142550554528e-01
2.957420671862889469e-02 -9.314162236279684148e-03 2.449458592900847775e-01
1.000370992066995368e-01 -2.388605016773374598e-02 2.087889030795406220e-01
1.516410250739843313e-01 -3.428483574440417680e-02 1.478497144428538024e-01
1.765297543979418848e-01 -3.892739812746887074e-02 7.140573243483978871e-02
1.709142037558930294e-01 -3.710694927903906981e-02 -8.905139650204153823e-03
-3.435977688256711127e-02 -1.626363237274515983e-01 -1.053915332032777930e-01
-4.223280599545148339e-02 -2.008665053703732883e-01 -3.504852382403640665e-02
-4.419997967301624725e-02 -2.097956356809700662e-01 4.487688642833471964e-02
-3.996181355532599233e-02 -1.880643355122213478e-01 1.222167783685603054e-01
-3.016353001472748749e-02 -1.389809983200925581e-01 1.851968545366071695e-01
-1.629682889861540016e-02 -7.001811725052566049e-02 2.242289692517022981e-01
-4.727897499591476697e-04 8.325334203711383038e-03 2.333708368754735529e-01
1.489952091613040708e-02 8.412227574386689499e-02 2.112306909334380756e-01
2.747980815108438252e-02 1.458333101214383254e-01 1.611791679443480285e-01
3.535283726396876852e-02 1.840634917643600987e-01 9.083615856510648956e-02
3.732001094153353932e-02 1.929926220749568488e-01 1.091074831273545001e-02
3.308184482384327746e-02 1.712613219062081860e-01 -6.642914362749004209e-02
-4.243324610906612504e-02 -1.578776505480523340e-01 1.795815660960200233e-01
-4.243324610906612504e-02 -1.578776505480523340e-01 1.795815660960200233e-01
-5.438811647075472711e-02 -2.077412752283996911e-01 1.175760248315572548e-01
-5.931884213607899192e-02 -2.308788248107924157e-01 4.067135083275563723e-02
-5.647476481963268485e-02 -2.237678171137204020e-01 -3.942441642667311730e-02
-4.628886951121977122e-02 -1.874908385976175873e-01 -1.105174224514192671e-01
-3.031186643617516177e-02 -1.275707303899314415e-01 -1.617844015339195696e-01
-5.523434574052102537e-03 -1.125041362334865472e-02 2.248415031893197524e-01
-2.527425169241051886e-02 -8.887923561244967519e-02 2.172481930502607184e-01
-1.698339189942880689e-01 4.169991221365636214e-02 2.855869035609059567e-02
-1.730220839927776588e-01 4.274242455558312226e-02 -5.201188148897965824e-02
1.295506898127443685e-01 -3.253014819988744866e-02 -1.965958580373979581e-01
1.870750027610520727e-01 -4.709014130640391815e-02 -1.419897384531824958e-01
2.199323590560708086e-01 -5.553415640761119598e-02 -6.883264022098722901e-02
2.231205240545603985e-01 -5.657666874953794223e-02 1.173793162408304572e-02
1.961541285362885800e-01 -5.005896527852375655e-02 8.745583789266878072e-02
1.431385617679280242e-01 -3.697330726490144492e-02 1.467937137399075720e-01
5.834251493969043467e-02 -1.102835318451093546e-02 -2.574604954638798349e-01
-1.727845804861359927e-02 2.411805113244619783e-03 -2.816332674821160342e-01
-9.622399984685059415e-02 1.659841435000670648e-02 -2.745739568671629049e-01
-1.664753673593574734e-01 2.937169187141127832e-02 -2.373572796673369956e-01
-2.173374267125872672e-01 3.878702196487354703e-02 -1.756491376162929996e-01
-2.410668904357270437e-01 4.341100597384373039e-02 -9.884403595560163625e-02
-2.340511627850530019e-01 4.253968424947553173e-02 -1.863485517312279266e-02
-1.973583246976507999e-01 3.630570762575290739e-02 5.276728405504541031e-02
-1.365745281509218312e-01 2.565814253249882118e-02 1.044920532934184021e-01
-2.411556613113859798e-02 -1.125396915887957594e-01 -1.965899331169176645e-01
-3.697418092565461084e-02 -1.741120773458783577e-01 -1.464268364641801434e-01
-4.505314177187969699e-02 -2.121807388224453417e-01 -7.601131024252702484e-02
-4.712250011693853297e-02 -2.209500674019651556e-01 3.936519999129733244e-03
-4.286721491157600983e-02 -1.990850123023673590e-01 8.124532183538377139e-02
-3.293511475405213468e-02 -1.499143299553476472e-01 1.441455309926991113e-01
3.389543407675561087e-02 1.727266831057185925e-01 4.921524622097648433e-02
3.596479242181444685e-02 1.814960116852383787e-01 -3.073258402068016967e-02
3.170950721645193066e-02 1.596309565856406099e-01 -1.080413858569340968e-01
1.602908461906857596e-01 -3.396876479565950901e-02 -1.263570628478182523e-01
1.602908461906857596e-01 -3.396876479565950901e-02 -1.263570628478182523e-01
-1.752820757028945853e-01 3.460611629788420268e-02 -1.007856617052147186e-01
-2.000235087671443091e-01 3.945206862566937034e-02 -2.424349156826946169e-02
-1.941897056953613976e-01 3.803261853100432105e-02 5.611991724729419040e-02
-1.586688101216681968e-01 3.056386442345463555e-02 1.280699642454215803e-01
1.769041117719122036e-01 -3.801101667008908308e-02 1.024985631028179772e-01
2.016455448361619551e-01 -4.285696899787425074e-02 2.595639296587278974e-02
1.958117417643790437e-01 -4.143751890320920145e-02 -5.440701584969076521e-02
-3.972584722281272129e-02 -1.701373841456818858e-01 -2.665808805565328399e-04
-4.450797941072586611e-02 -1.923233611077166116e-01 -7.742305599800188010e-02
-4.241670651452455337e-02 -1.840203699462727716e-01 -1.573911429453471733e-01
-3.377040587521939335e-02 -1.464924657988777579e-01 -2.279964253973723876e-01
-1.988539838623416475e-02 -8.545293188067432100e-02 -2.784898891392359466e-01
-2.875550569860526977e-03 -1.019448390595607823e-02 -3.011843620406277067e-01
1.466954243851307030e-02 6.782546164065592076e-02 -2.926248163282200720e-01
3.007879927502589423e-02 1.367290753022575023e-01 -2.541143652442518497e-01
4.100630027157995544e-02 1.860264065116830345e-01 -1.915158758681488604e-01
4.578843245949310026e-02 2.082123834737178159e-01 -1.143594007507034854e-01
4.369715956329178752e-02 1.999093923122740035e-01 -3.439131380335831711e-02
3.505085892398663444e-02 1.623814881648789898e-01 3.621396864866696652e-02
2.079098195989657893e-02 9.429553370848205163e-02 -2.247835498963727252e-01
3.618020694782353441e-02 1.632804303265126822e-01 -1.863180021628745020e-01
4.703143620811370273e-02 2.126834426836738401e-01 -1.237325744408701023e-01
5.169266845252611098e-02 2.349834099880100391e-01 -4.655533076271958781e-02
4.945427332602447823e-02 2.267853643671430830e-01 3.346419313503463944e-02
4.065702619551633118e-02 1.893373839513812773e-01 1.041437501177501779e-01
2.664022818937769599e-02 1.283405842922365481e-01 1.547230183465879982e-01
1.815229383413359265e-01 -4.156814869373871846e-02 -1.255043244033378913e-01
1.815229383413359265e-01 -4.156814869373871846e-02 -1.255043244033378913e-01
1.227456447174724158e-01 -2.749518874491240980e-02 -1.788913719399195523e-01
-1.786253940031082843e-01 3.983773825299802285e-02 -2.801111783998407045e-02
-1.739684402292441256e-01 3.785645409257007432e-02 5.247107016931457091e-02
1.425934542287282947e-01 -3.593936760374893957e-02 1.641215103486232119e-01
1.947848206662486925e-01 -4.721036862198307177e-02 1.036895560729933358e-01
2.205102594225593071e-01 -5.223792715689015015e-02 2.742737181294385707e-02
2.158533056486952040e-01 -5.025664299646218774e-02 -5.305481619635472879e-02
-2.796778396871458378e-02 -9.422971570691568433e-02 2.005675564919729148e-01
-2.796778396871458378e-02 -9.422971570691568433e-02 2.005675564919729148e-01
2.255009006056933607e-02 8.900576155560385727e-02 -1.565959515208857900e-01
3.906170540606110353e-02 1.581141932009362261e-01 -1.188058417906546482e-01
5.047100468481521135e-02 2.080140885322736000e-01 -5.670487967969088661e-02
5.504102550719686127e-02 2.311086408290975447e-01 2.025262627723465117e-02
5.207602363034035536e-02 2.238819138568544642e-01 1.003505934197086724e-01
4.202739371218813802e-02 1.874341112866251824e-01 1.713948323401699170e-01
2.642494856672185019e-02 1.273140806595740582e-01 2.225695016806075732e-01
7.644019030821338698e-03 5.267455164923504768e-02 2.460837219334726655e-01
-1.145616862322278509e-02 -2.512128406158321142e-02 2.383576662222041120e-01
