3.339409420495492720e-02 5.675280176203963828e-02 -2.066302406940728198e-01
2.986776400107712254e-02 -2.371613051465764135e-02 -2.137059723764099806e-01
2.189000475294832285e-02 -1.005330485592734885e-01 -1.897629879173964029e-01
-2.068847986173304003e-03 -1.987685192426704994e-01 -6.756866449487772264e-02
-1.440242333517578396e-02 -2.052316119766637859e-01 1.207969642184907044e-02
3.325635761055338938e-03 1.993130291471766347e-01 4.765180174414863912e-02
1.565921111005780936e-02 2.057761218811698656e-01 -3.199655917257807070e-02
1.700312523114368979e-01 -7.938036576370291475e-02 -1.024238542477524661e-01
1.700312523114368979e-01 -7.938036576370291475e-02 -1.024238542477524661e-01
1.263099610900504099e-01 -5.789327288471715627e-02 -1.670346230669251530e-01
6.348404672956829697e-02 -2.763817678580851242e-02 -2.080874129681632712e-01
-8.881814826957809550e-03 6.778858415093257095e-03 -2.193323088334705462e-01
-7.977057715571550522e-02 4.011815109985190919e-02 -1.990573772025887034e-01
-1.383900688003820434e-01 6.730409617865366900e-02 -1.503492926236066896e-01
-1.758160035450720138e-01 8.419787995445682238e-02 -8.062341943378824316e-02
-1.863506220918496603e-01 8.822757698992660103e-02 -4.948897596687880374e-04
-1.683901242635229833e-01 7.877970244070731098e-02 7.783745412279723108e-02
-1.246688330421364815e-01 5.729260956172158026e-02 1.424482229419699320e-01
-6.184291868165442407e-02 2.703751346281292253e-02 1.835010128432081056e-01
1.052294287487165990e-02 -7.379521738088845248e-03 1.947459087085153806e-01
8.141170520362939200e-02 -4.071881442284748520e-02 1.744709770776335656e-01
1.400311968482960134e-01 -6.790475950164928665e-02 1.257628924986514962e-01
1.774571315929859561e-01 -8.479854327745242615e-02 5.603701930883307758e-02
1.879917501397635748e-01 -8.882824031292219091e-02 -2.409151036528628734e-02
-1.506188200303665570e-01 1.489243643019641516e-01 -3.218027246354387451e-03
-1.506188200303665570e-01 1.489243643019641516e-01 -3.218027246354387451e-03
-1.979927662932946530e-01 7.882103198746123751e-02 -2.831307464060480936e-03
-2.149329586202136932e-01 -4.074212434831016479e-03 -2.260453361985247274e-03
-1.988604062925760918e-01 -8.714131944888059422e-02 -1.592372302364320315e-03
-1.522220097042150111e-01 -1.577340750169985983e-01 -9.287735703550982535e-04
-8.211804195759052349e-02 -2.051053720288619209e-01 -3.706840573685014732e-04
7.788033519238052056e-04 -2.220433599362910404e-01 -3.067832662704671892e-06
8.384823298772854649e-02 -2.059693836236226316e-01 1.181088660002094920e-04
1.544436793140271935e-01 -1.593305602735023419e-01 -2.560201528167913715e-05
2.018176255769552896e-01 -8.922722795899951098e-02 -4.123217975755856524e-04
2.187578179038743575e-01 -6.331983536707235308e-03 -9.831758996508188804e-04
2.026852655762367839e-01 7.673512347734227912e-02 -1.651256959271745622e-03
1.560468689878757031e-01 1.473278790454603804e-01 -2.314855691280967576e-03
8.594290124125114616e-02 1.946991760573237584e-01 -2.872945204267565548e-03
3.046055931736875791e-03 2.116371639647528502e-01 -3.240561428973362350e-03
-8.002337370406781281e-02 1.955631876520844969e-01 -3.361738127636276947e-03
-1.371418466237859235e-01 -1.908527327567306406e-02 1.526723744617620171e-01
-1.371418466237859235e-01 -1.908527327567306406e-02 1.526723744617620171e-01
-1.851877338148713859e-01 -2.830596232987232092e-02 8.821905180801928315e-02
-2.051600857809068590e-01 -3.326571222142148121e-02 9.962005980322164930e-03
-1.940182929848847382e-01 -3.320944598957687593e-02 -7.018483719594943715e-02
-1.534585923793962692e-01 -2.814572965808219418e-02 -1.400198473801507471e-01
-8.965583070702548563e-02 -1.884546813570467036e-02 -1.889112773276808432e-01
-1.232340005891605431e-02 -6.724541932145628592e-03 -2.094158500309444282e-01
6.676553801898692242e-02 6.371747814572717092e-03 -1.984119301702840510e-01
1.355704096473316911e-01 1.844960970867467673e-02 -1.575747647937032758e-01
1.836162968384172089e-01 2.767029876287394746e-02 -9.312144213996058351e-02
2.035886488044526821e-01 3.263004865442309388e-02 -1.486439631226340805e-02
1.924468560084306445e-01 3.257378242257848860e-02 6.528244686400806740e-02
1.518871554029421755e-01 2.751006609108383114e-02 1.351174570482094328e-01
8.808439373057123933e-02 1.820980456870628650e-02 1.840088869957396400e-01
1.075196308246189128e-02 6.088878365147251670e-03 2.045134596990032250e-01
-6.833697499544104381e-02 -7.007411381571079269e-03 1.935095398383428200e-01
1.149552305909076894e-01 5.438066510897354711e-02 -1.623197471607032705e-01
1.149552305909076894e-01 5.438066510897354711e-02 -1.623197471607032705e-01
4.934328861763984803e-02 2.249686912607457359e-02 -1.973376420115621477e-01
-2.340365655013825624e-02 -1.265928981872435459e-02 -2.017741713502137491e-01
-9.221054196333250408e-02 -4.573560521745204110e-02 -1.749539138020871631e-01
-1.466021430537535475e-01 -7.169650788819793841e-02 -1.209600104526444009e-01
-1.782978316164764432e-01 -8.658968573550970826e-02 -4.801254363088553606e-02
-1.824722263899590247e-01 -8.814778743912753123e-02 3.278289611001011794e-02
-1.584898136109213207e-01 -7.613360613890270134e-02 1.091259354819762994e-01
-1.100016982238586766e-01 -5.237619202896974524e-02 1.693940387920063184e-01
-4.438975625059082830e-02 -2.049239604607078560e-02 2.044119336428651401e-01
2.835718891718726209e-02 1.466376289872813911e-02 2.088484629815167970e-01
9.716407433038146135e-02 4.774007829745580134e-02 1.820282054333901833e-01
1.515556754208025603e-01 7.370098096820171252e-02 1.280343020839474488e-01
1.832513639835254837e-01 8.859415881551351013e-02 5.508683526218843829e-02
1.874257587570080652e-01 9.015226051913133309e-02 -2.570860447870711163e-02
1.634433459779703890e-01 7.813807921890651709e-02 -1.020516438506731682e-01
1.093351182749198874e-01 5.864651961412480075e-02 -1.725971984751355770e-01
1.093351182749198874e-01 5.864651961412480075e-02 -1.725971984751355770e-01
4.435258144341186481e-02 2.489605465869708378e-02 -2.070233970430189474e-01
-2.724317170826226139e-02 -1.261006008145000752e-02 -2.108084483431525991e-01
-9.455233677987863461e-02 -4.816185863090587105e-02 -1.833761126266667818e-01
-1.473277035483844810e-01 -7.634690193837223582e-02 -1.289027143316538448e-01
-1.775347008331658039e-01 -9.287427265834113932e-02 -5.568133454594435816e-02
-1.805745871247269596e-01 -9.522782841968599477e-02 2.514073541154808814e-02
-1.559845672918155901e-01 -8.304926169277812575e-02 1.012590680436838420e-01
-1.075082489449075834e-01 -5.819264886280698518e-02 1.610853372216237700e-01
-4.252571211339960244e-02 -2.444218390737926822e-02 1.955115357895071404e-01
2.907004103827454805e-02 1.306393083276785431e-02 1.992965870896408476e-01
9.637920610989089698e-02 4.861572938222365192e-02 1.718642513731550303e-01
1.491545728783967573e-01 7.680077268969004445e-02 1.173908530781420934e-01
1.793615701631781356e-01 9.332814340965894795e-02 4.416947329243244708e-02
1.824014564547392636e-01 9.568169917100380339e-02 -3.665259666505985003e-02
1.578114366218279219e-01 8.350313244409598989e-02 -1.127709292971955379e-01
-1.618511825668341730e-01 1.653271769564475246e-01 2.326313954579805818e-02
-9.550789241588457379e-02 2.155508337897768523e-01 3.792428852387104421e-02
-1.423635453768571507e-02 2.370355802670378875e-01 4.641781210614723263e-02
6.959057615413191678e-02 2.265105584967793961e-01 4.745064832120809983e-02
1.432110093547583340e-01 1.855781076339633462e-01 4.086555721799420282e-02
1.954169014802868698e-01 1.204698222688622422e-01 2.766505922297034237e-02
2.182603787021962782e-01 4.109784864023648121e-02 9.858810493066678601e-03
-5.092079622151458873e-02 -1.118712914364483474e-01 1.775264440214983086e-01
-5.092079622151458873e-02 -1.118712914364483474e-01 1.775264440214983086e-01
-6.878634651780875242e-02 -1.627743349009617424e-01 1.173060372716072108e-01
-7.597609271350155846e-02 -1.886899948976642205e-01 4.105984899285641115e-02
-7.139546112551038715e-02 -1.856728471181007534e-01 -3.960432982273223712e-02
-5.574181138957809423e-02 -1.541822249611970452e-01 -1.124061091730871598e-01
-3.139826977731219326e-02 -9.901229018714116648e-02 -1.662620781018900040e-01
-2.070919824425932095e-03 -2.856216524857888711e-02 -1.929731535453046154e-01
2.777541529184313421e-02 4.644275696456660191e-02 -1.884728164035729681e-01
5.359690160774456535e-02 1.145836569666568022e-01 -1.534462022108659396e-01
7.146245190403872904e-02 1.654867004311702250e-01 -9.322579546097488346e-02
7.865219809973154896e-02 1.914023604278727031e-01 -1.697960718222399357e-02
7.407156651174037765e-02 1.883852126483092637e-01 6.368457163336456450e-02
5.841791677580809861e-02 1.568945904914056111e-01 1.364863509837195010e-01
3.407437516354215601e-02 1.017246557173495797e-01 1.903423199125224285e-01
4.747025210655917392e-03 3.127453077878734888e-02 2.170533953559370122e-01
-2.509930990561310901e-02 -4.373039143435802911e-02 2.125530582142054203e-01
1.590461324447599578e-01 -1.376330527880263166e-01 3.313548999582086735e-03
1.590461324447599578e-01 -1.376330527880263166e-01 3.313548999582086735e-03
8.799939018806311741e-02 -1.834495680219271063e-01 7.107721220683252059e-04
4.837393064354026176e-03 -1.985718945958110104e-01 -2.283317778203476905e-03
-7.777919872966369830e-02 -1.806977953730359576e-01 -5.212897655409471677e-03
-7.115957541877046544e-02 2.197821733565409053e-01 -4.429934913343170147e-03
1.200242170493859978e-02 2.349044999304248094e-01 -1.435845013071367603e-03
9.461901349895628088e-02 2.170304007076497843e-01 1.493734864134621965e-03
1.641125727839131410e-01 1.688810452657702743e-01 3.912802738677915657e-03
2.099033351193579644e-01 9.778673649581848260e-02 5.453077455564177278e-03
2.250200720340135019e-01 1.457093843650598963e-02 5.880066151772553491e-03
2.071613973661849128e-01 -6.809749801072503828e-02 5.128763668967488767e-03
-1.659952498777018393e-01 1.753694873211515959e-01 -9.607046387501028822e-03
-1.659952498777018393e-01 1.753694873211515959e-01 -9.607046387501028822e-03
-2.146432844138659313e-01 1.062158896990446910e-01 -9.966468322582470313e-03
-2.331438558696422025e-01 2.371725173394540268e-02 -9.139363641969051877e-03
-2.186804199489866263e-01 -5.956675679597534662e-02 -7.251651535561576441e-03
-1.734549036594459359e-01 -1.309569005634544647e-01 -4.590719059407720112e-03
-1.043524818857765601e-01 -1.795846773331580271e-01 -1.561669061588950424e-03
-2.189337192800649978e-02 -1.980469489037927355e-01 1.374353054133439084e-03
6.136877421648701675e-02 -1.835330017896381061e-01 3.770364535747468097e-03
1.327580495704391017e-01 -1.382524528695659172e-01 5.261594355075566685e-03
1.814060841066031660e-01 -6.909885524745898455e-02 5.621016290157006441e-03
1.999066555623794650e-01 1.339978271764031767e-02 4.793911609543591475e-03
1.854432196417239442e-01 9.668379124756093512e-02 2.906199503136119508e-03
1.402177033521832539e-01 1.680739350150401157e-01 2.452670269822649143e-04
7.111528157851376708e-02 2.167017117847437335e-01 -2.783782970836513881e-03
-1.134382837925619093e-02 2.351639833553784420e-01 -5.719805086558900353e-03
-9.460597452374963634e-02 2.206500362412238680e-01 -8.115816568172928500e-03
1.412426074857440206e-01 1.382587630537552431e-02 -1.498671467846902638e-01
1.412426074857440206e-01 1.382587630537552431e-02 -1.498671467846902638e-01
7.240226025902236906e-02 6.679950492968328955e-03 -1.917787750802337210e-01
-7.162350582026098811e-03 -1.468603702079460506e-03 -2.040146246477428926e-01
-8.533823429184507481e-02 -9.379242770399542212e-03 -1.847118983088170407e-01
-1.502238212417651708e-01 -1.584764362396191839e-02 -1.368092611689075699e-01
-1.919408690079713875e-01 -1.988905086901145147e-02 -6.759945549407878063e-02
-2.041383352340385982e-01 -2.088819688793727009e-02 1.238095319012740177e-02
-1.849592662573546764e-01 -1.869297075663912261e-02 9.095567268575083242e-02
-1.373235014709266177e-01 -1.363757575383273135e-02 1.561624142311886787e-01
-6.848315424420492459e-02 -6.491649941425538597e-03 1.980740425267321636e-01
1.108145659684355369e-02 1.656904253622256502e-03 2.103098920942413352e-01
8.925734030666246377e-02 9.567543321942331702e-03 1.910071657553155111e-01
1.541429272565825459e-01 1.603594417550470788e-02 1.431045286154060681e-01
1.958599750227888459e-01 2.007735142055424790e-02 7.389472294057718160e-02
2.080574412488560287e-01 2.107649743948005958e-02 -6.085685743628940075e-03
1.888783722721721625e-01 1.888127130818193292e-02 -8.466040523925223715e-02
-3.174626451647324238e-02 -1.260701335182388139e-01 1.702361761031747911e-01
-3.174626451647324238e-02 -1.260701335182388139e-01 1.702361761031747911e-01
-4.233357909937586483e-02 -1.762619398517298874e-01 1.076591193094163373e-01
-4.635144936076077138e-02 -1.993837271578806081e-01 3.022245899663490026e-02
-4.318819097541668622e-02 -1.919154129188533620e-01 -5.028477526762225452e-02
-3.332538135750365282e-02 -1.549939802771028718e-01 -1.216060868665179706e-01
-1.826454386475704142e-02 -9.424038265871534370e-02 -1.728834526384199211e-01
-2.985544786157103524e-04 -1.890380456835644152e-02 -1.963103584750343078e-01
1.783742777897968923e-02 5.954644290749775554e-02 -1.883202703281668666e-01
3.338236401239878803e-02 1.291670207439126195e-01 -1.501296066878486657e-01
4.396967859530141742e-02 1.793588270774036930e-01 -8.755254989409022581e-02
4.798754885668631009e-02 2.024806143835544137e-01 -1.011588958130880435e-02
4.482429047134226657e-02 1.950123001445271953e-01 7.039134468294828972e-02
3.496148085342920542e-02 1.580908675027767329e-01 1.417126562818440128e-01
1.990064336068258014e-02 9.733726988438909378e-02 1.929900220537460742e-01
1.934653974541256875e-03 2.200069179403028180e-02 2.164169278903604332e-01
-1.620132828305411582e-02 -5.644955568182382505e-02 2.084268397434930475e-01
1.397677962638978477e-01 -1.504857761594529109e-01 3.449373937956483685e-03
1.397677962638978477e-01 -1.504857761594529109e-01 3.449373937956483685e-03
1.329315730817359764e-01 -1.411240886159663421e-01 -7.662798516899597956e-02
1.057059667801362596e-01 -1.100667489779051100e-01 -1.462050402857399956e-01
6.223582911778169358e-02 -6.204195566967917602e-02 -1.946893154883264643e-01
9.139094495986464090e-03 -4.361048126630458037e-03 -2.146995193882108022e-01
-4.550074056217902341e-02 5.419457835654072075e-02 -2.031892798345856510e-01
-9.336525648044720349e-02 1.047103604558474732e-01 -1.619109264589090880e-01
-1.271675146031790993e-01 1.394957282733754467e-01 -9.714871437342266491e-02
-1.417614275494216980e-01 1.532549248890504590e-01 -1.876210329722729359e-02
-1.349252043672597989e-01 1.438932373455638625e-01 6.131525580972518874e-02
-1.076995980656600960e-01 1.128358977075026581e-01 1.308923109264691631e-01
-6.422946040330555773e-02 6.481110439927678657e-02 1.793765861290556318e-01
-1.113272578151027446e-02 7.130196856228083330e-03 1.993867900289399697e-01
4.350710927665524252e-02 -5.142542962694324205e-02 1.878765504753148186e-01
9.137162519492333934e-02 -1.019412117262498974e-01 1.465981970996382833e-01
1.251738833176552490e-01 -1.367265795437778708e-01 8.183598501415197124e-02
-1.034629045329782948e-01 -6.199642274164723910e-02 1.696197777171472298e-01
-1.034629045329782948e-01 -6.199642274164723910e-02 1.696197777171472298e-01
-1.503139868607478447e-01 -9.044743262753229818e-02 1.101117079074756117e-01
-1.740613112044347155e-01 -1.050324798347913730e-01 3.415754254598481199e-02
-1.710895627027438359e-01 -1.035311231399013987e-01 -4.667938521726170548e-02
-1.418511631260903627e-01 -8.617193048982708936e-02 -1.200923859188846449e-01
-9.079739376326766143e-02 -5.559768160406899917e-02 -1.749049956925703697e-01
-2.570072819619372353e-02 -1.646302871922746339e-02 -2.027724915778201797e-01
4.352845634528733354e-02 2.527413201949217994e-02 -1.994522999455841106e-01
1.063506440788555552e-01 6.325969623792411511e-02 -1.654498898742579605e-01
1.532017264066251327e-01 9.171070612380918807e-02 -1.059418200645863145e-01
1.769490507503120313e-01 1.062957533310682628e-01 -2.998765470309549749e-02
1.739773022486211795e-01 1.047943966361783164e-01 5.084927306015094017e-02
1.447389026719677063e-01 8.743520398610400701e-02 1.242622737617738449e-01
9.368513330914488013e-02 5.686095510034583356e-02 1.790748835354596946e-01
2.858846774207098040e-02 1.772630221550435328e-02 2.069423794207094769e-01
-4.064071679940997606e-02 -2.401085852321524147e-02 2.036221877884734632e-01
