3.790518726505845426e-02 1.302368801056048853e-01 -1.776939985175577386e-01
3.790518726505845426e-02 1.302368801056048853e-01 -1.776939985175577386e-01
1.540881914066558750e-02 5.892383302403870343e-02 -2.168453238941499550e-01
-9.441024785744767112e-03 -2.138696970078427656e-02 -2.244033503638891702e-01
-3.286118104077282581e-02 -9.846893637324929949e-02 -1.992174369104381670e-01
-5.128614313883568532e-02 -1.605870363172415272e-01 -1.451219105462109304e-01
-6.191087762320059834e-02 -1.982843519182663217e-01 -7.035232478299335845e-02
-6.311786498208096785e-02 -2.058218086030845773e-01 1.370832873474734856e-02
-5.472335233145488725e-02 -1.820518969186476210e-01 9.426257752065694828e-02
-3.800532812593350462e-02 -1.305933704441251120e-01 1.590467674231642037e-01
-1.550896000154066562e-02 -5.928032336255891627e-02 1.981980927997564201e-01
9.340883924869720217e-03 2.103047936226405332e-02 2.057561192694956353e-01
3.276104017989776157e-02 9.811244603472907277e-02 1.805702058160446877e-01
5.118600227796063495e-02 1.602305459787213282e-01 1.264746794518174511e-01
6.181073676232555492e-02 1.979278615797461227e-01 5.170509368859976806e-02
6.301772412120593136e-02 2.054653182645643783e-01 -3.235555982914084527e-02
5.462321147057983689e-02 1.816954065801274776e-01 -1.129098086150503721e-01
-1.479523988975709470e-01 -1.127980033867810247e-02 1.449839370836873420e-01
-1.479523988975709470e-01 -1.127980033867810247e-02 1.449839370836873420e-01
-1.964464883978033205e-01 -2.132166937864618181e-02 7.664300833126883039e-02
-2.151544354205225384e-01 -2.816114052755910521e-02 -5.370604841264177420e-03
-2.012281246194815021e-01 -3.075696630295520276e-02 -8.857107328364828558e-02
-1.567877105718170905e-01 -2.871395576174969391e-02 -1.602918798896550701e-01
-8.859884346292960788e-02 -2.234313873890445001e-02 -2.096141820042509152e-01
-7.042660176527651937e-03 -1.261441437454750847e-02 -2.290291062382706078e-01
7.546464969067673279e-02 -1.008892762046255474e-03 -2.155809063738111375e-01
1.463620961420279420e-01 1.070659063741138950e-02 -1.713169489320010563e-01
1.948561856422603711e-01 2.074845967737947230e-02 -1.029760201795826141e-01
2.135641326649795335e-01 2.758793082629239224e-02 -2.096240700704958895e-02
1.996378218639385804e-01 3.018375660168849325e-02 6.223806143533443247e-02
1.551974078162741411e-01 2.814074606048299829e-02 1.339588680413413280e-01
8.700854070738653356e-02 2.176992903763772316e-02 1.832811701559372008e-01
5.452357420984677364e-03 1.204120467328079896e-02 2.026960943899568934e-01
-7.705495244621959894e-02 4.356830607795678708e-04 1.892478945254974509e-01
9.147227216723689824e-02 -1.774882809817684426e-01 7.946740844895722189e-02
9.147227216723689824e-02 -1.774882809817684426e-01 7.946740844895722189e-02
9.925508702011744122e-02 -1.932533973441377950e-01 -3.092832134557927520e-03
9.197749860600473726e-02 -1.797311226952716667e-01 -8.609577919884338348e-02
7.074745378944422014e-02 -1.389801007707350544e-01 -1.569049864769504754e-01
3.879703444292167958e-02 -7.720430524960494867e-02 -2.047403940478497719e-01
9.904022806726197302e-04 -3.808541000992604359e-03 -2.223194947379213138e-01
-3.691672566857452653e-02 7.003335220251051541e-02 -2.069660298220463435e-01
-6.915333280351748657e-02 1.330796154990998570e-01 -1.610174251541606760e-01
-9.081168791343252611e-02 1.757320268176696398e-01 -9.146893926981142231e-02
-9.859450276631306909e-02 1.914971431800389923e-01 -8.908698686296272901e-03
-9.131691435220035125e-02 1.779748685311728640e-01 7.409424837798922470e-02
-7.008686953563988964e-02 1.372238466066363072e-01 1.449034556560962195e-01
-3.813645018911736295e-02 7.544805108550622919e-02 1.927388632269955437e-01
-3.298180268682263452e-04 2.052286836893731353e-03 2.103179639170671411e-01
3.757730992237887785e-02 -7.178960636660931816e-02 1.949644990011921153e-01
6.981391705732181707e-02 -1.348358696631986320e-01 1.490158943333065589e-01
-7.442425779140098008e-02 -1.017252501023167277e-01 1.678215916269745200e-01
-7.442425779140098008e-02 -1.017252501023167277e-01 1.678215916269745200e-01
-1.074635245529066557e-01 -1.490940438200392959e-01 1.062648693186892812e-01
-1.241458496746369322e-01 -1.737937018143988765e-01 2.729492091270392662e-02
-1.219315003824621158e-01 -1.720639250587114866e-01 -5.706579481053519060e-02
-1.011575912829895535e-01 -1.441680563835652518e-01 -1.339741236139572744e-01
-6.498676172065902257e-02 -9.435298891807189503e-02 -1.917214696129779239e-01
-1.892569260694881503e-02 -3.020261510914171166e-02 -2.215163228602413659e-01
3.001323583020995903e-02 3.851675215540238673e-02 -2.188226870398690127e-01
7.437951536875085645e-02 1.013432121521490176e-01 -1.840506437876430201e-01
1.074187821302565599e-01 1.487120058698715996e-01 -1.224939214793577813e-01
1.241011072519868363e-01 1.734116638642312080e-01 -4.352397307337237814e-02
1.218867579598120754e-01 1.716818871085438458e-01 4.083674264986660030e-02
1.011128488603394854e-01 1.437860184333976110e-01 1.177450714532887049e-01
6.494201929800887119e-02 9.397095096790412938e-02 1.754924174523094793e-01
1.888095018429872957e-02 2.982057715897401540e-02 2.052872706995729213e-01
-3.005797825285995775e-02 -3.889879010557001360e-02 2.025936348792005681e-01
-1.263644146247865363e-01 1.690192182029172929e-01 -5.218306950192838634e-02
-1.263644146247865363e-01 1.690192182029172929e-01 -5.218306950192838634e-02
-1.077902513581174004e-01 1.421709889374179747e-01 -1.300223306566917203e-01
-7.273936784945136957e-02 9.354544450770253816e-02 -1.894510234493557432e-01
-2.654794337593260889e-02 3.054538326153728722e-02 -2.214216681246790608e-01
2.375179641265122432e-02 -3.723800657332655001e-02 -2.210670238454593151e-01
7.050217210176479288e-02 -9.948531835248981825e-02 -1.884410819883493571e-01
1.065858627859515573e-01 -1.467199631308613583e-01 -1.285108464461947597e-01
1.265094536580147477e-01 -1.717508944240553059e-01 -5.040015231135051843e-02
1.272397586154835891e-01 -1.707673798486400718e-01 3.399935530935888073e-02
1.086655953488144533e-01 -1.439191505831407536e-01 1.118386164641222147e-01
7.361471184014839464e-02 -9.529360615342534480e-02 1.712673092567862654e-01
2.742328736662966171e-02 -3.229354490726013549e-02 2.032379539321095552e-01
-2.287645242195414375e-02 3.548984492760371562e-02 2.028833096528898650e-01
-6.962682811106783720e-02 9.773715670676709488e-02 1.702573677957798237e-01
-1.057105187952545600e-01 1.449718014851385517e-01 1.103271322536252957e-01
-1.256341096673176394e-01 1.700027327783325271e-01 3.221643811878115160e-02
1.580013011644887111e-01 -9.168485417208785404e-03 -1.593290182294161139e-01
1.580013011644887111e-01 -9.168485417208785404e-03 -1.593290182294161139e-01
8.932462858453253662e-02 -6.105682636657844796e-03 -2.083026109806721538e-01
7.166577683788442898e-03 -2.150976545027142531e-03 -2.272418262868164673e-01
-7.596503305269126927e-02 2.093564704732537099e-03 -2.132633403019029428e-01
-1.474141694802055258e-01 5.981748184207532314e-03 -1.684952508018435491e-01
-1.963033482656998119e-01 8.921633205118777860e-03 -9.975309358928058368e-02
-2.151896351205919156e-01 1.046564892315662160e-02 -1.750223895061982227e-02
-2.011977640758412234e-01 1.037873294178713948e-02 6.573536610125675639e-02
-1.564578706613841130e-01 8.674117431278497575e-03 1.372875507479695001e-01
-8.778119808142796632e-02 5.611314650727557835e-03 1.862611434992255399e-01
-5.623147180683880399e-03 1.656608559096854920e-03 2.052003588053698813e-01
7.750846355579579794e-02 -2.587932690662822759e-03 1.912218728204563845e-01
1.489575999833100961e-01 -6.476116170137817540e-03 1.464537833203970463e-01
1.978467787688044932e-01 -9.416001191049069158e-03 7.771162610783394209e-02
2.167330656236965414e-01 -1.096001690908691290e-02 -4.539228530826730848e-03
2.027411945789458769e-01 -1.087310092771742384e-02 -8.777683358270320368e-02
-9.172446065780893998e-02 -8.497352821934364697e-02 1.649577461120919630e-01
-9.172446065780893998e-02 -8.497352821934364697e-02 1.649577461120919630e-01
-1.321218030498205742e-01 -1.267326675918490075e-01 1.037334662351799552e-01
-1.524073830941565233e-01 -1.492128925222364622e-01 2.494693077854098773e-02
-1.494929051183076507e-01 -1.489917925486008987e-01 -5.940732443627406989e-02
-1.238220719742883225e-01 -1.261030281376520346e-01 -1.364871287260372990e-01
-7.930303530159354963e-02 -8.403120618379089635e-02 -1.945577806177981040e-01
-2.271341486756871600e-02 -2.918138019747705189e-02 -2.247785497728062021e-01
3.733153260289258368e-02 3.009606102978397424e-02 -2.225485980391661567e-01
9.169050816621679423e-02 8.477666442248443790e-02 -1.882074153537618422e-01
1.320878505582284423e-01 1.265358037949898540e-01 -1.269831354768498899e-01
1.523734306025644192e-01 1.490160287253772808e-01 -4.819660002021090156e-02
1.494589526267155466e-01 1.487949287517417452e-01 3.615765519460410055e-02
1.237881194826962461e-01 1.259061643407929365e-01 1.132374594843673643e-01
7.926908281000136225e-02 8.383434238693167340e-02 1.713081113761282803e-01
2.267946237597662923e-02 2.898451640061790180e-02 2.015288805311363507e-01
-3.736548509448460453e-02 -3.029292482664305494e-02 1.992989287974963053e-01
-1.477423372106141108e-01 -1.063501012787433989e-02 1.869926826074473636e-01
-1.477423372106141108e-01 -1.063501012787433989e-02 1.869926826074473636e-01
-1.912020462928240849e-01 -4.269427183301435780e-02 1.215710031858378559e-01
-2.054520237894976176e-01 -6.832589198727728741e-02 4.196888699195331501e-02
-1.883228398031338569e-01 -8.362768877339191165e-02 -3.969496537866765845e-02
1.925282768277938317e-01 4.174611276959125372e-02 -6.471840411946677696e-02
2.067782543244673921e-01 6.737773292385422497e-02 1.488371207441780211e-02
1.896490703381036591e-01 8.267952970996882145e-02 9.654756444503861945e-02
1.437484878541870070e-01 8.532194327838246717e-02 1.678405717536341490e-01
7.606445446607724981e-02 7.490269011684273781e-02 2.179090199101910985e-01
-3.098749300176035539e-03 5.300800706842907078e-02 2.391304415544864281e-01
-8.168924328739024521e-02 2.297116115146628779e-02 2.282740676138424740e-01
4.181698335183450105e-02 -1.698232849927096555e-01 1.122133523467210708e-01
4.181698335183450105e-02 -1.698232849927096555e-01 1.122133523467210708e-01
4.919829429592501024e-02 -2.046145842405844573e-01 3.566864880408210370e-02
4.907575999068469058e-02 -2.082971974015804806e-01 -4.865473609411512246e-02
4.146803517331016514e-02 -1.803104800049075973e-01 -1.279193313905075680e-01
2.753332698304947548e-02 -1.249151560739841238e-01 -1.900578209865651791e-01
9.393068423425542102e-03 -5.054466151743148422e-02 -2.256101831280990233e-01
-1.019105058171222711e-02 3.147877003872728841e-02 -2.291638929620260223e-01
-2.823752544431248901e-02 1.086678146843256532e-01 -2.001779303805905075e-01
-4.199894395824634724e-02 1.692711400925033249e-01 -1.430651454284110058e-01
-4.938025490233684950e-02 2.040624393403781267e-01 -6.652044188577202477e-02
-4.925772059709652290e-02 2.077450525013741778e-01 1.780294301242519098e-02
-4.164999577972199052e-02 1.797583351047012667e-01 9.706753830881757750e-02
-2.771528758946132862e-02 1.243630111737778904e-01 1.592060279048752303e-01
-9.575029029837374417e-03 4.999251661722506346e-02 1.947583900464091855e-01
1.000908997530038785e-02 -3.203091493893363284e-02 1.983120998803361013e-01
2.805556483790062894e-02 -1.092199595845318866e-01 1.693261372989006974e-01
1.487837935133344280e-01 7.522539394491308505e-03 -1.748539597522323352e-01
1.487837935133344280e-01 7.522539394491308505e-03 -1.748539597522323352e-01
7.744451193063210670e-02 7.623393863509788856e-03 -2.199497005882866674e-01
-5.711485458305120069e-03 6.537643573015523152e-03 -2.343312983601042454e-01
-8.802445186200501259e-02 4.430584162385372941e-03 -2.158092851764343290e-01
-1.569629843144027814e-01 1.622996326346650689e-03 -1.672034696420229838e-01
-2.020318161789736999e-01 -1.457690137910850042e-03 -9.591364655916941040e-02
-2.163696263543151421e-01 -4.342468642696272439e-03 -1.279304524838248761e-02
-1.977936132138041758e-01 -6.592157811238299157e-03 6.950397623089771271e-02
-1.491318063661052351e-01 -7.864262861109500014e-03 1.384484423828081234e-01
-7.779252478340289989e-02 -7.965117330127982967e-03 1.835441832188624556e-01
5.363472605534311266e-03 -6.879367039633717262e-03 1.979257809906800336e-01
8.767643900923415001e-02 -4.772307629003566185e-03 1.794037678070101727e-01
1.566149714616319466e-01 -1.964719792964845883e-03 1.307979522725988275e-01
2.016838033262028929e-01 1.115966671292662436e-03 5.950812918974512922e-02
2.160216135015443628e-01 4.000745176078079196e-03 -2.361247212104173460e-02
1.974456003610334243e-01 6.250434344620104180e-03 -1.059094936003217996e-01
6.203463398689952613e-02 1.121318452709459401e-01 -1.913567462796312291e-01
6.203463398689952613e-02 1.121318452709459401e-01 -1.913567462796312291e-01
2.180765035835958293e-02 4.711134642140919065e-02 -2.271022899139803486e-01
-2.174466419396577088e-02 -2.508659717435250680e-02 -2.308801477576666594e-01
-6.199186458219951151e-02 -9.347050307987295192e-02 -2.021151752003555180e-01
-9.280667938901315805e-02 -1.476295415226873964e-01 -1.451865785587720115e-01
-1.094978323970611095e-01 -1.793184898527833415e-01 -6.876122061258360674e-02
-1.095242468665468399e-01 -1.837129929479355828e-01 1.552583068849751335e-02
-9.288190143393897091e-02 -1.601440275481770259e-01 9.484263584790447732e-02
-6.210444232811497545e-02 -1.121997549824174656e-01 1.571139302887467337e-01
-2.187745869957504613e-02 -4.717925613288077163e-02 1.928594739230958810e-01
2.167485585275030768e-02 2.501868746288098480e-02 1.966373317667821918e-01
6.192205624098402750e-02 9.340259336840139870e-02 1.678723592094710781e-01
9.273687104779769486e-02 1.475616318112158432e-01 1.109437625678875994e-01
1.094280240558456463e-01 1.792505801413118438e-01 3.451840462169901425e-02
1.094544385253313629e-01 1.836450832364640573e-01 -4.976864667938196707e-02
9.281209309272356323e-02 1.600761178367055559e-01 -1.290854518387888616e-01
3.762893421466719651e-02 1.301448948189491417e-01 -1.798078458805929536e-01
3.762893421466719651e-02 1.301448948189491417e-01 -1.798078458805929536e-01
1.497452305967730130e-02 5.889871670080382149e-02 -2.189872336966443844e-01
-9.980087108814476859e-03 -2.137522494107431045e-02 -2.265784388366288427e-01
-3.343578310675975745e-02 -9.845595017680239258e-02 -2.014257691324295996e-01
-5.182164784488507009e-02 -1.606086173277550544e-01 -1.473584905369923481e-01
-6.233860008508973483e-02 -1.983710462355305071e-01 -7.260785609537145913e-02
-6.338552918521202229e-02 -2.059942494161904059e-01 1.144602771488482940e-02
-5.480304968019425460e-02 -1.823176632899881633e-01 9.200671903401921869e-02
-3.789776627430496703e-02 -1.309458334658504530e-01 1.568095828931788116e-01
-1.524335511931507181e-02 -5.969965534770515364e-02 1.959889707092302424e-01
9.711255049176706344e-03 2.057428629417303728e-02 2.035801758492147007e-01
3.316695104712195918e-02 9.765501152990102574e-02 1.784275061450155131e-01
5.155281578524729957e-02 1.598076786808537153e-01 1.243602275495782616e-01
6.206976802545197125e-02 1.975701075886292235e-01 4.960959310795730326e-02
6.311669712557425871e-02 2.051933107692891223e-01 -3.444429070229890893e-02
5.453421762055652572e-02 1.815167246430869352e-01 -1.150049820214332497e-01
-1.748544932944784691e-01 7.921859006921065649e-02 1.145925672620274199e-01
-1.748544932944784691e-01 7.921859006921065649e-02 1.145925672620274199e-01
-1.953341957470007273e-01 8.798038076661895968e-02 3.266889202593810382e-02
-1.856879704520321417e-01 8.315898450157400978e-02 -5.154144123887796636e-02
1.799525591196964591e-01 -8.170112257469280825e-02 -7.929477250824400192e-02
2.004322615722187173e-01 -9.046291327210112532e-02 2.628902727845315937e-03
1.907860362772501317e-01 -8.564151700705616155e-02 8.683923599266145377e-02
1.524824335926996122e-01 -6.797094765484504308e-02 1.605159674152079607e-01
9.135282980426698285e-02 -4.014138921523179721e-02 2.124424825176358111e-01
1.670365294750277008e-02 -6.389639685072072764e-03 2.347134400906318308e-01
-6.010043649762371321e-02 2.814590303003858610e-02 2.239382887304405267e-01
-1.273667121438967487e-01 5.820751561719895301e-02 1.817574475546607227e-01
1.016785620236006077e-01 -1.922759665865698131e-01 1.593605223356041670e-02
3.695573198348012234e-02 -7.327876181282576284e-02 2.161322840538657253e-01
-2.120095155604204227e-03 3.368466019542495416e-04 2.322098535563494603e-01
-4.087501601578935606e-02 7.390571246926143367e-02 2.151703584315521056e-01
-1.017029837053426422e-01 1.923355996169796300e-01 1.342241944739922845e-02
1.257945170158391961e-02 -1.589562507772344646e-01 1.338324024809592894e-01
1.257945170158391961e-02 -1.589562507772344646e-01 1.338324024809592894e-01
1.709049530186275423e-02 -2.025647178553986183e-01 6.170594765671091886e-02
1.898939549953441303e-02 -2.153438739807055635e-01 -2.170484749325507501e-02
1.798706195307651218e-02 -1.953482084764160964e-01 -1.037014455280973607e-01
1.423609085876106906e-02 -1.456218801543991415e-01 -1.718006076980232721e-01
8.307533563059946516e-03 -7.373527173139299284e-02 -2.156348538831038830e-01
1.103959171737946190e-03 9.367532313927702872e-03 -2.285308174600918507e-01
-6.277953414690635309e-03 9.103488339445749145e-02 -2.085252048765917354e-01
-1.271437492214627651e-02 1.588336676245667711e-01 -1.586636892971116930e-01
-1.722541852242511634e-02 2.024421347027309248e-01 -8.653723447286332249e-02
-1.912431872009676126e-02 2.152212908280378978e-01 -3.126439322897293926e-03
-1.812198517363887429e-02 1.952256253237485140e-01 7.887015871194490158e-02
-1.437101407932342423e-02 1.454992970017315312e-01 1.469693208818708408e-01
-8.442456783622301689e-03 7.361268857872527160e-02 1.908035670669515349e-01
-1.238882392300308952e-03 -9.490115466595320029e-03 2.036995306439394748e-01
6.143030194128264523e-03 -9.115746654712506003e-02 1.836939180604393873e-01
1.056013562819233670e-01 6.935396950869401889e-02 -1.818816319051610730e-01
1.056013562819233670e-01 6.935396950869401889e-02 -1.818816319051610730e-01
4.047164593332586158e-02 2.872212925183818127e-02 -2.169788689743447352e-01
-3.084799593375813637e-02 -1.632046344505654056e-02 -2.200309485496295403e-01
-9.749980035922850563e-02 -5.891648215600746308e-02 -1.905732191828486133e-01
-1.493366343194191259e-01 -9.258106916614344817e-02 -1.330903531351126379e-01
-1.784668097459609359e-01 -1.121890962734124753e-01 -5.633359567871114998e-02
-1.804555214958607490e-01 -1.147554190979411942e-01 2.801153266535771902e-02
-1.550000062329132400e-01 -9.988933825346943407e-02 1.071042506972019609e-01
-1.059756354010816803e-01 -6.985407978720958866e-02 1.689034090737476235e-01
-4.084592505248417493e-02 -2.922223953035371635e-02 2.040006461429312856e-01
3.047371681459979872e-02 1.582035316654101242e-02 2.070527257182161185e-01
9.712552124007013676e-02 5.841637187749190024e-02 1.775949963514351915e-01
1.489623552002607709e-01 9.208095888762790615e-02 1.201121303036992299e-01
1.780925306268026365e-01 1.116889859948969332e-01 4.335537284729765878e-02
1.800812423767024217e-01 1.142553088194256800e-01 -4.098975549677113389e-02
1.546257271137549683e-01 9.938922797495390593e-02 -1.200824735286153133e-01
