1.496263134300090392e-01 8.429529829474268626e-03 -1.579233689757075787e-01
1.496263134300090392e-01 8.429529829474268626e-03 -1.579233689757075787e-01
1.370429396977292658e-01 -7.519781497754586541e-02 -1.509920758997970458e-01
1.035520572929901489e-01 -1.472274353617268883e-01 -1.211590153674725057e-01
5.425234946630824728e-02 -1.966934745697120068e-01 -7.296600040741312021e-02
-3.350750168668524456e-03 -2.160651765428474314e-01 -1.374998067651935808e-02
-6.048769186591336500e-02 -2.023933752606391079e-01 4.747394161573562782e-02
-1.084598941996870597e-01 -1.577594785331159211e-01 1.013849792965936941e-01
-1.399640242337696350e-01 -8.895859252976190401e-02 1.397756655839178519e-01
-1.502038637561218803e-01 -6.465028463003009464e-03 1.568013665029006354e-01
-1.376204900238421347e-01 7.716231634401714279e-02 1.498700734269901580e-01
-1.041296076191030456e-01 1.491919367281982212e-01 1.200370128946655623e-01
-5.482989979242115092e-02 1.986579759361832842e-01 7.184399793460621853e-02
2.773199842555608245e-03 2.180296779093187642e-01 1.262797820371251538e-02
5.991014153980057239e-02 2.043578766271103575e-01 -4.859594408854263359e-02
1.078823438735741630e-01 1.597239798995872262e-01 -1.025069817694006652e-01
1.393864739076567660e-01 9.092309389623326465e-02 -1.408976680567247397e-01
1.782740170374267907e-01 -1.255352560487915936e-01 -8.292347940147457019e-02
1.782740170374267907e-01 -1.255352560487915936e-01 -8.292347940147457019e-02
1.251574527833007600e-01 -1.914500239805406179e-01 -7.756099668262947389e-02
-1.625865178680370171e-01 -1.707302785788687993e-01 2.871120003141702792e-02
-1.976815983820861544e-01 -9.846360406529959530e-02 5.592783702115549510e-02
-2.025406088218562051e-01 -1.585029513036713064e-02 7.453733607235404901e-02
-1.764238088949315053e-01 6.453252083209547185e-02 8.170656964999672978e-02
-1.233072446408054468e-01 1.304472887638444822e-01 7.634408693115159183e-02
1.644367260105323858e-01 1.097275433621726498e-01 -2.992810978289491691e-02
1.995318065245814676e-01 3.746086884860354294e-02 -5.714474677263334246e-02
2.043908169643515460e-01 -4.515244008632886275e-02 -7.575424582383188943e-02
4.843356575993069957e-02 7.278804082135829912e-02 -1.725690582607753709e-01
4.843356575993069957e-02 7.278804082135829912e-02 -1.725690582607753709e-01
5.735759962791645017e-02 -4.909057038260590533e-03 -2.054063343149961363e-01
5.769597137379414015e-02 -8.971380299629914956e-02 -2.070810469767340456e-01
4.939716696660131912e-02 -1.687154432375824742e-01 -1.773382364245476295e-01
3.372460414848382770e-02 -2.298866941870272573e-01 -1.207059759457581871e-01
1.306428853636434906e-02 -2.639147874063513255e-01 -4.580601382554179424e-02
-9.438434104039324785e-03 -2.656192541683456976e-01 3.595880967314601939e-02
-3.035772823841446574e-02 -2.347406048595264694e-01 1.121405413726007244e-01
-4.650882096867597210e-02 -1.759798339215082330e-01 1.711412032106979231e-01
-5.543285483666175739e-02 -9.828273606188937805e-02 2.039784792649187162e-01
-5.577122658253941268e-02 -1.347799010385079127e-02 2.056531919266566255e-01
-4.747242217534657777e-02 6.552365013743245703e-02 1.759103813744702649e-01
-3.179985935722911411e-02 1.266949010868773096e-01 1.192781208956808087e-01
-1.113954374510960424e-02 1.607229943062014332e-01 4.437815877546429089e-02
1.136317889529405920e-02 1.624274610681957776e-01 -3.738666472322339784e-02
3.228247302966915505e-02 1.315488117593765771e-01 -1.135683964226780751e-01
-4.201764313524097849e-02 -1.234286971777403541e-01 1.704253949529906942e-01
-4.201764313524097849e-02 -1.234286971777403541e-01 1.704253949529906942e-01
-3.282412658983713261e-02 -1.805232709235075617e-01 1.083325626371394318e-01
-1.871688036464638771e-02 -2.093192513630971197e-01 2.977297991707584385e-02
-1.843604814948591455e-03 -2.054327115107942303e-01 -5.329336888246104242e-02
1.522689681343855628e-02 -1.694553418275404344e-01 -1.282203851550687557e-01
2.989579539207569761e-02 -1.068643707119429492e-01 -1.836011098883365278e-01
3.992988408626205188e-02 -2.718870612778531010e-02 -2.110043297691443498e-01
4.380156385154831966e-02 5.744175425369245358e-02 -2.062581529814459524e-01
4.092140654053408322e-02 1.341427900164441078e-01 -1.700851419169687462e-01
3.172788999513025121e-02 1.912373637622113431e-01 -1.079923096011174838e-01
1.762064376993952020e-02 2.200333442018009011e-01 -2.943272688105393053e-02
7.473682202417241544e-04 2.161468043494980118e-01 5.363362191848287247e-02
-1.632313340814542379e-02 1.801694346662442991e-01 1.285606381910905927e-01
-3.099203198678258941e-02 1.175784635506466613e-01 1.839413629243585591e-01
-4.102612068096893327e-02 3.790279896648914015e-02 2.113445828051663256e-01
-4.489780044625520106e-02 -4.672766141498856107e-02 2.065984060174679560e-01
-2.325704788451845792e-02 1.069571988132695661e-01 -1.404755473340310312e-01
-2.325704788451845792e-02 1.069571988132695661e-01 -1.404755473340310312e-01
-3.118884491048725879e-02 4.002643435505062741e-02 -1.919619291859256949e-01
-3.421614135180042759e-02 -4.174339306640820202e-02 -2.142782673923410430e-01
-3.187805876777864006e-02 -1.259035684715212322e-01 -2.040271017594598724e-01
-2.453054903706781628e-02 -1.996414680687498555e-01 -1.627690793278404879e-01
-1.329220391082707939e-02 -2.517311650801403733e-01 -9.678536000779226767e-02
1.260404413256424865e-04 -2.742424753299878004e-01 -1.612136692188754009e-02
1.368137795346307389e-02 -2.637482558982884306e-01 6.694253820346313111e-02
2.531013136880281081e-02 -2.218461565631825450e-01 1.397606287890998944e-01
3.324192839477160127e-02 -1.549153921049635785e-01 1.912470106409945581e-01
3.626922483608478048e-02 -7.314556468350470742e-02 2.135633488474099340e-01
3.393114225206299989e-02 1.101461072160822563e-02 2.033121832145287911e-01
2.658363252135216917e-02 8.475251031883687669e-02 1.620541607829094066e-01
1.534528739511142187e-02 1.368422073302274500e-01 9.607044146286110309e-02
1.927043042958711053e-03 1.593535175800748493e-01 1.540644837695641367e-02
-1.162829446917870713e-02 1.488592981483755628e-01 -6.765745674839412915e-02
-8.317979961535933164e-02 1.346345765140927742e-01 -9.476818482322259263e-02
-8.317979961535933164e-02 1.346345765140927742e-01 -9.476818482322259263e-02
-1.096787776679419568e-01 7.386808029888652927e-02 -1.477062335790725323e-01
-1.194202665840089078e-01 -4.659399227019189738e-03 -1.782960727284907954e-01
-1.109212129829058174e-01 -8.899276515917975416e-02 -1.818806765585608831e-01
-8.547552073128801553e-02 -1.662930270182896575e-01 -1.579143216306691799e-01
-4.695706580868957980e-02 -2.247919206649180990e-01 -1.100456682270388453e-01
-1.229933806412755477e-03 -2.555835198351572579e-01 -4.556228489794886954e-02
4.474433394567964295e-02 -2.539800826818798263e-01 2.571881778807226862e-02
8.396657194010651026e-02 -2.202257179764783024e-01 9.294573811188276691e-02
1.104655499926891493e-01 -1.594592217612720575e-01 1.458837868677327343e-01
1.202070389087560448e-01 -8.093174223536628298e-02 1.764736260171510251e-01
1.117079853076530238e-01 3.401623696794232876e-03 1.800582298472211129e-01
8.626229305603522191e-02 8.070188555590418478e-02 1.560918749193294097e-01
4.774383813343673066e-02 1.392007792025326540e-01 1.082232215156989641e-01
2.016706131159932795e-03 1.699923783727717574e-01 4.373983818660907158e-02
-4.395756162093239494e-02 1.683889412194943536e-01 -2.754126449941196597e-02
-1.753771250329486664e-01 4.992710282804212890e-02 7.432896064105774803e-02
-1.753771250329486664e-01 4.992710282804212890e-02 7.432896064105774803e-02
-1.972120994554440454e-01 -3.131201819879865511e-02 8.521432295407689594e-02
-1.888031977666172478e-01 -1.156895462801287300e-01 8.302911513732047499e-02
-1.514305990217085229e-01 -1.903597676497623403e-01 6.810601527193152482e-02
-9.078394259617895978e-02 -2.439548179914150239e-01 4.271693003417829232e-02
-1.609613216750589368e-02 -2.683153367309113468e-01 1.072711749887796454e-02
6.126229017323259196e-02 -2.597326557188153195e-01 -2.299326336384273362e-02
1.295142058805039964e-01 -2.195134103370213752e-01 -5.331059024364832866e-02
1.782688794930326892e-01 -1.537806161065404520e-01 -7.560932495034092260e-02
2.001038539155280960e-01 -7.254149507969967492e-02 -8.649468726336005664e-02
1.916949522267012984e-01 1.183603300163042077e-02 -8.430947944660364957e-02
1.543223534817926568e-01 8.650625437126396866e-02 -6.938637958121468552e-02
9.367569705626309362e-02 1.401013047129167077e-01 -4.399729434346147383e-02
1.898788662758994425e-02 1.644618234524130584e-01 -1.200748180816110788e-02
-5.837053571314851363e-02 1.558791424403170589e-01 2.171289905455957986e-02
-1.266224514204198348e-01 1.156598970585231700e-01 5.203022593436511245e-02
1.300545998370531602e-03 1.414815713455379875e-01 -1.546939814060324103e-01
1.300545998370531602e-03 1.414815713455379875e-01 -1.546939814060324103e-01
-2.361858030926518174e-04 7.075975227074293716e-02 -2.015452781543350669e-01
-1.727366761340041502e-03 -1.250972333992900719e-02 -2.177610746425946153e-01
-2.945978093067518674e-03 -9.564983266442923793e-02 -2.008726628520347557e-01
-3.706497269758805575e-03 -1.660032477250703853e-01 -1.534511503839341151e-01
-3.893142140886157385e-03 -2.128592988341654058e-01 -8.271603263447996346e-02
-3.477497716760406636e-03 -2.290845769615156846e-01 5.639099344123798532e-04
-2.522842093128609391e-03 -2.122089305947445215e-01 8.371006100118841275e-02
-1.174512934713930774e-03 -1.648015239150776856e-01 1.540641727876677913e-01
3.622188667492537298e-04 -9.407970484028264913e-02 2.009154695359704756e-01
1.853399824996643415e-03 -1.081022922961069783e-02 2.171312660242300518e-01
3.072011156724119285e-03 7.232988009488948433e-02 2.002428542336702200e-01
3.832530333415406620e-03 1.426832951555306872e-01 1.528213417655695239e-01
4.019175204542759297e-03 1.895393462646257354e-01 8.208622401611528896e-02
3.603530780417007681e-03 2.057646243919759865e-01 -1.193718552776935199e-03
2.648875156785212605e-03 1.888889780252048789e-01 -8.433986961955292072e-02
1.617671943532660861e-01 -2.023183209488659817e-01 -1.497156598491951665e-02
1.617671943532660861e-01 -2.023183209488659817e-01 -1.497156598491951665e-02
9.382266730995492132e-02 -2.528619551366890206e-01 -1.019548433154327319e-02
1.179254987209459558e-02 -2.734958244291193497e-01 -3.931943865865223514e-03
-7.183481618526690871e-02 -2.610786092728754060e-01 2.865488155350864787e-03
-1.443279224638573388e-01 -2.175007181131595746e-01 9.161964325749560878e-03
-1.946503506844061149e-01 -1.493964898444715694e-01 1.399890322608627821e-02
-2.151409673242825338e-01 -6.713417585435256518e-02 1.663992475574507107e-02
-2.026802617479677715e-01 1.676253226193522017e-02 1.668295732775517543e-02
-1.591652634228784002e-01 8.952112121923978816e-02 1.412144962311927959e-02
-9.122073637956720771e-02 1.400647554070628686e-01 9.345367969743043068e-03
-9.190618941706878500e-03 1.606986246994932532e-01 3.081827504064992961e-03
7.443674711565449742e-02 1.482814095432493096e-01 -3.715604517151092304e-03
1.469298533942449136e-01 1.047035183835335198e-01 -1.001208068754979100e-02
1.972522816147938285e-01 3.659929011484540362e-02 -1.484901958788651527e-02
2.177428982546702196e-01 -4.566302387527357287e-02 -1.749004111754530119e-02
2.052821926783554851e-01 -1.295597319915612611e-01 -1.753307368955540901e-02
1.573626696762500665e-01 -1.591526818852361802e-01 -1.026461251822363870e-02
1.573626696762500665e-01 -1.591526818852361802e-01 -1.026461251822363870e-02
-1.430153018738510584e-01 -1.658158653751844458e-01 5.532507942112693117e-02
-1.928844713167133518e-01 -9.717275587945276016e-02 5.493053761531659085e-02
-2.135664103888419985e-01 -1.535657951357933745e-02 4.613639828929400749e-02
-2.019124813487499781e-01 6.717689253621736412e-02 3.028148943637463605e-02
-1.596968892496614112e-01 1.378626873181428847e-01 9.779577204308801883e-03
-9.334657530336724907e-02 1.859395333449744558e-01 -1.224810811986866768e-02
1.406810823004396582e-01 1.445258708080912335e-01 -5.581011473504176451e-02
1.905502517433020349e-01 7.588276131235946464e-02 -5.541557292923140338e-02
2.112321908154306815e-01 -5.933415053513892146e-03 -4.662143360320884083e-02
1.995782617753386612e-01 -8.846688710331049310e-02 -3.076652475028951450e-02
-9.492229987767507315e-02 1.230695156859553385e-01 -1.547843210262467850e-01
-9.115420703966850557e-02 4.721570262687815878e-02 -1.926124178956212796e-01
-7.351792832382569864e-02 -3.533896412843583884e-02 -2.011360944481546120e-01
-4.469842729136906667e-02 -1.120262849264078014e-01 -1.790576981960439462e-01
9.480123087596140086e-02 -1.166677024368775184e-01 1.545337409591464040e-01
9.103313803795481940e-02 -4.081388937780037335e-02 1.923618378285208985e-01
7.339685932211208186e-02 4.174077737751356876e-02 2.008855143810542032e-01
4.457735828965547764e-02 1.184280981754855799e-01 1.788071181289435929e-01
8.962142723349084822e-03 1.775731235969184862e-01 1.294878847604122862e-01
-1.027591568490010543e-01 1.503051447742346503e-01 -7.338491773000953289e-02
-1.027591568490010543e-01 1.503051447742346503e-01 -7.338491773000953289e-02
-1.549811711755424426e-01 8.864567872748400912e-02 -9.923303737200910024e-02
-1.835045670106926763e-01 9.476958726840668118e-03 -1.099979566011572985e-01
-1.839869159037772206e-01 -7.514829527383129482e-02 -1.040408140490521605e-01
-1.563547846083276072e-01 -1.523466554827674901e-01 -8.226853066761995181e-02
-1.048149146281820709e-01 -2.103653713630351807e-01 -4.799573923544343812e-02
-3.721378395773295572e-02 -2.403716193628328834e-01 -6.440161564443468330e-03
3.615694806421944352e-02 -2.377972202315067618e-01 3.607174234721987477e-02
1.041272525946747851e-01 -2.030341028998150499e-01 7.306792050036441111e-02
1.563492669212162012e-01 -1.413746368530643949e-01 9.891604014236396458e-02
1.848726627563664626e-01 -6.220591685242106428e-02 1.096809593715121905e-01
1.853550116494510069e-01 2.241933714825085702e-02 1.037238168194070526e-01
1.577228803540013935e-01 9.961769735718704888e-02 8.195153343797487167e-02
1.061830103738557740e-01 1.576364132374548921e-01 4.767874200579827471e-02
3.858187970340670042e-02 1.876426612372525116e-01 6.123164334798350018e-03
-3.478885231854559473e-02 1.850682621059264177e-01 -3.638873957686492022e-02
1.032309959507718422e-01 -1.295056202721361072e-01 7.199965858086460058e-02
1.032309959507718422e-01 -1.295056202721361072e-01 7.199965858086460058e-02
-1.141908154964698940e-01 -1.357044019093956444e-01 -3.314181215718386975e-02
-1.667220786241664088e-01 -7.762981166700397284e-02 -6.577256908288729720e-02
-1.940380321771799366e-01 -5.736690506955369195e-04 -8.842532833517387225e-02
-1.919800698467997446e-01 8.373292674186899598e-02 -9.765141266565695310e-02
-1.608614977423512837e-01 1.624550607424657400e-01 -9.204623436968320527e-02
-1.054198363761782165e-01 2.236080016674254489e-01 -7.246313103174686909e-02
-3.409557611136856958e-02 2.578817686137130361e-01 -4.188345261377492135e-02
4.225281098278972636e-02 2.600584912562271533e-01 -4.962677949428414767e-03
1.120019750710634365e-01 2.298067833046850417e-01 3.267833970630155960e-02
1.645332381987599513e-01 1.717321930622934256e-01 6.530909663200502868e-02
1.918491917517735901e-01 9.467605044598487174e-02 8.796185588429164537e-02
1.897912294213934259e-01 1.036945465342039435e-02 9.718794021477468459e-02
1.586726573169449928e-01 -6.835267934717625948e-02 9.158276191880096451e-02
-1.643723961747718398e-01 1.358349525578400330e-01 2.296059149150510292e-02
-1.643723961747718398e-01 1.358349525578400330e-01 2.296059149150510292e-02
-2.047917006746953761e-01 6.169105898698690887e-02 3.119696083208768275e-02
-2.140649178266985087e-01 -2.257816761139746706e-02 3.459987167135052111e-02
-1.907802843813115878e-01 -1.041435013901503837e-01 3.265126168147941543e-02
-1.384826747048669704e-01 -1.705873596730486108e-01 2.564778906923870574e-02
-6.513392579159107965e-02 -2.117942673515961771e-01 1.465566905320470764e-02
1.809928024453444709e-02 -2.214908462732824435e-01 1.348352262002542202e-03
9.854544229540111722e-02 -1.982008801969875333e-01 -1.224824295403439262e-02
1.639573614350393893e-01 -1.454700553337590629e-01 -2.406415822670701643e-02
2.043766659349629533e-01 -7.132616176290590415e-02 -3.230052756728959973e-02
2.136498830869660859e-01 1.294306483547846831e-02 -3.570343840655243461e-02
1.903652496415791928e-01 9.450839861423132593e-02 -3.375482841668134282e-02
1.380676399651345754e-01 1.609522568971295808e-01 -2.675135580444061925e-02
6.471889105185858748e-02 2.021591645756772027e-01 -1.575923578840661421e-02
-1.851431498426683864e-02 2.118557434973634135e-01 -2.451918997204457443e-03
-9.896047703513342897e-02 1.885657774210685311e-01 1.114467621883246350e-02
