-2.561798307941887121e-02 1.590152572290365607e-01 -1.243142954136223499e-01
-2.561798307941887121e-02 1.590152572290365607e-01 -1.243142954136223499e-01
-1.420334892283815764e-02 9.463483382953230549e-02 -1.776093751265175880e-01
-4.463990233769829594e-04 1.501244689369190047e-02 -2.018275530046095279e-01
1.355849570383307889e-02 -6.773011694623783108e-02 -1.932818310042877519e-01
2.567921699126112997e-02 -1.409960524088366973e-01 -1.532732178329384853e-01
3.407049489750830357e-02 -1.936312849772827416e-01 -8.789266216691804523e-02
3.745483342847214653e-02 -2.176225776326015382e-01 -7.093760930165164680e-03
3.531699772191858322e-02 -2.093174735496302619e-01 7.682258560788826629e-02
2.798245388464144778e-02 -1.699803495390452557e-01 1.510808743903992446e-01
1.656781972806073075e-02 -1.055999261395410421e-01 2.043759541032944826e-01
2.810869828599548911e-03 -2.597753920370058506e-02 2.285941319813864503e-01
-1.119402489861049538e-02 5.676502463622909445e-02 2.200484099810646743e-01
-2.331474618603853952e-02 1.300309600988279746e-01 1.800397968097153800e-01
-3.170602409228575475e-02 1.826661926672741021e-01 1.146592411436948844e-01
-3.509036262324958383e-02 2.066574853225928154e-01 3.386033990694207324e-02
-3.295252691669601358e-02 1.983523812396215946e-01 -5.005600663111126752e-02
2.343969090906842731e-02 -1.518806873742445940e-01 1.492480767156616761e-01
2.343969090906842731e-02 -1.518806873742445940e-01 1.492480767156616761e-01
2.992542458088499543e-02 -1.918032014685818187e-01 7.522442635914763920e-02
3.158112001640248079e-02 -2.006928586359151279e-01 -8.642166233194047142e-03
2.815471259447982835e-02 -1.771962891574607180e-01 -8.958377259173437579e-02
2.016784178464415406e-02 -1.248906327393807664e-01 -1.552777668858744131e-01
8.836436266528741382e-03 -5.173895141937163988e-02 -1.957228340018724033e-01
-4.114400189180141866e-03 3.112207444323766489e-02 -2.047615791067642077e-01
-1.671302013172564632e-02 1.110776047979348119e-01 -1.810179351947583948e-01
-2.704139788162938582e-02 1.759551349469047343e-01 -1.281066568147898321e-01
-3.352713155344595741e-02 2.158776490412420146e-01 -5.408300645827578135e-02
-3.518282698896343930e-02 2.247673062085752682e-01 2.978358613406595704e-02
-3.175641956704079727e-02 2.012707367301210248e-01 1.107251924926061920e-01
-2.376954875720513338e-02 1.489650803120409761e-01 1.764191867867462016e-01
-1.243814323908969642e-02 7.581339899203173860e-02 2.168642539027443028e-01
5.126932166191824902e-04 -7.047626870577465563e-03 2.259029990076360794e-01
1.311131315916466353e-02 -8.700315722527458828e-02 2.021593550956303220e-01
4.045497333470515072e-02 -1.819719640270118233e-01 1.212995777075214499e-01
4.045497333470515072e-02 -1.819719640270118233e-01 1.212995777075214499e-01
4.701705712573255036e-02 -2.181916961551307599e-01 4.540764872447450307e-02
4.682681308081816651e-02 -2.232888466945305017e-01 -3.878556767365978764e-02
3.991320413123366356e-02 -1.964874206813722046e-01 -1.184624175036726595e-01
2.732876456753207534e-02 -1.418676922706273158e-01 -1.814928226513868870e-01
1.098936123505826583e-02 -6.774501998376081247e-02 -2.182809753051085655e-01
-6.617479825878676974e-03 1.459609124724937576e-02 -2.232262127087427939e-01
-2.281127667016278476e-02 9.261995366151401510e-02 -1.955756672962749299e-01
-3.512667052538571977e-02 1.544481414945353681e-01 -1.395388839539348502e-01
-4.168875431641311941e-02 1.906678736226543325e-01 -6.364695497088794507e-02
-4.149851027149872862e-02 1.957650241620541021e-01 2.054626142724635257e-02
-3.458490132191423955e-02 1.689635981488958327e-01 1.002231112572591343e-01
-2.200046175821265132e-02 1.143438697381509439e-01 1.632535164049734588e-01
-5.661058425738814057e-03 4.022119745128432261e-02 2.000416690586951929e-01
1.194578263519810619e-02 -4.211991377972575112e-02 2.049869064623293935e-01
2.813957947948219490e-02 -1.201437761939903592e-01 1.773363610498615572e-01
-2.969267702417074939e-02 1.587708582871353857e-01 -1.277634729381881273e-01
-2.969267702417074939e-02 1.587708582871353857e-01 -1.277634729381881273e-01
-1.817455143068789220e-02 9.534135675735247450e-02 -1.821631028933918539e-01
-3.656723541456067227e-03 1.628603816001023344e-02 -2.077517311414720513e-01
1.165059895182665381e-02 -6.635964188669347952e-02 -2.006337209931512156e-01
2.541701496078197994e-02 -1.400136277806033613e-01 -1.618927249685884195e-01
3.554671244091832383e-02 -1.934627678444163501e-01 -9.742670852452002539e-02
4.049753677682123298e-02 -2.185699150210781150e-01 -1.705003827866103522e-02
3.951576984268385245e-02 -2.115127337497978710e-01 6.700066634038674696e-02
3.275087675448919156e-02 -1.733656159056204682e-01 1.419294474759078273e-01
2.123275116100632742e-02 -1.099361143758375292e-01 1.963290774311115816e-01
6.714923271774516332e-03 -3.088079577849526386e-02 2.219177056791917790e-01
-8.592399221508211643e-03 5.176488426820836236e-02 2.147996955308709710e-01
-2.235881523046354125e-02 1.254188701621183066e-01 1.760586995063082028e-01
-3.248851271059988860e-02 1.788680102259313509e-01 1.115926830622396421e-01
-3.743933704650279082e-02 2.039751574025930880e-01 3.121601281638073863e-02
-3.645757011236540335e-02 1.969179761313128163e-01 -5.283469180266688742e-02
-2.698696536051693046e-02 1.577713304749143730e-01 -1.422126949705721510e-01
-2.698696536051693046e-02 1.577713304749143730e-01 -1.422126949705721510e-01
-1.585879616657286800e-02 9.370914767575957982e-02 -1.959493421327899165e-01
-2.076638826146112032e-03 1.425950089073420649e-02 -2.207128723257266167e-01
1.226129814125078918e-02 -6.848212136998314825e-02 -2.127332625594678395e-01
2.497219380605391476e-02 -1.419190571718719207e-01 -1.732253360855838253e-01
3.412092952785310274e-02 -1.948711987465752138e-01 -1.082038165694781673e-01
3.831469322650028070e-02 -2.192770625517031502e-01 -2.756764093593566667e-02
3.691502239543901359e-02 -2.114210770626313851e-01 5.640706404358919457e-02
3.013500423065068601e-02 -1.724992448553852586e-01 1.309359107685598989e-01
1.900683503670661662e-02 -1.084370620562303822e-01 1.846725579307776921e-01
5.224677696279848502e-03 -2.898741527120502620e-02 2.094360881237143923e-01
-9.113259271117040566e-03 5.375420698951230425e-02 2.014564783574556706e-01
-2.182415493592016614e-02 1.271911427914010628e-01 1.619485518835716842e-01
-3.097289065771937494e-02 1.801432843661044392e-01 9.692703236746580409e-02
-3.516665435636654596e-02 2.045491481712323201e-01 1.629085673392339367e-02
-3.376698352530527192e-02 1.966931626821605827e-01 -6.768384824560130797e-02
-1.514186960698352125e-01 -2.456732657071578757e-02 1.711079832390654254e-01
-1.514186960698352125e-01 -2.456732657071578757e-02 1.711079832390654254e-01
-2.019379323033337337e-01 -3.486116800982977382e-02 1.043408083917341800e-01
-2.234077148814190561e-01 -4.014119662643405445e-02 2.293330399477253034e-02
-2.125594640306415206e-01 -3.960357592722925368e-02 -6.072097536824713759e-02
-1.710447276033930930e-01 -3.333015379012550100e-02 -1.338864239922358812e-01
-1.051837478886994970e-01 -2.227600186678358601e-02 -1.854242655706347942e-01
-2.500326201685506428e-02 -8.124014581395579832e-03 -2.074883309148299604e-01
5.728997787606637110e-02 6.971296289922407352e-03 -1.967195660874180296e-01
1.291675720064447697e-01 2.071180650634598525e-02 -1.547574179142762463e-01
1.796868082399432909e-01 3.100564794545997149e-02 -8.799024306694502862e-02
2.011565908180286411e-01 3.628567656206425907e-02 -6.582738669983347751e-03
1.903083399672511056e-01 3.574805586285945136e-02 7.707154069303624733e-02
1.487936035400026780e-01 2.947463372575571255e-02 1.502369893170250603e-01
8.293262382530899868e-02 1.842048180241377675e-02 2.017748308954240288e-01
2.752137953464630152e-03 4.268494517025787048e-03 2.238388962396191395e-01
-7.954110193945673757e-02 -1.082681635429218019e-02 2.130701314122072088e-01
-1.394900239135450637e-01 -2.391595527375840052e-02 1.579104954739759537e-01
-1.394900239135450637e-01 -2.391595527375840052e-02 1.579104954739759537e-01
-1.905576030148484479e-01 -3.232562137023672899e-02 9.129068847425349242e-02
-2.126036136245197383e-01 -3.582508320103090782e-02 9.936241841660087282e-03
-2.022717504748202666e-01 -3.388157942510297560e-02 -7.376736740388704916e-02
-1.611349460717190762e-01 -2.679099087443237784e-02 -1.470770235298607398e-01
-9.545590597952784140e-02 -1.563279537951344292e-02 -1.988319959447690244e-01
-1.523366867030167410e-02 -2.105727055153528825e-03 -2.211530592584354526e-01
6.731865744202199242e-02 1.173084056944328005e-02 -2.106420339222969673e-01
1.396332290455414293e-01 2.377041550222997249e-02 -1.688991282610989020e-01
1.907008081468448690e-01 3.218008159870831830e-02 -1.022793212613763852e-01
2.127468187565161317e-01 3.567954342950248325e-02 -2.092487462878299051e-02
2.024149556068166600e-01 3.373603965357455103e-02 6.277873461676408695e-02
1.612781512037154974e-01 2.664545110290395674e-02 1.360883907427377637e-01
9.559911111152415153e-02 1.548725560798500100e-02 1.878433631576461316e-01
1.537687380229805709e-02 1.960187283625106427e-03 2.101644264713125043e-01
-6.717545231002548800e-02 -1.187638034097168727e-02 1.996534011351741300e-01
-2.857884329885605063e-02 1.710208020194398104e-01 -1.376126915780878646e-01
-2.857884329885605063e-02 1.710208020194398104e-01 -1.376126915780878646e-01
-1.774645280397081984e-02 1.067549635534090630e-01 -1.911649721795561085e-01
-4.327522183731419281e-03 2.717337917331003050e-02 -2.157004396451743800e-01
9.635038017839676200e-03 -5.560837630784604135e-02 -2.074837914678686890e-01
2.201555458097669005e-02 -1.289875310365352912e-01 -1.677659378485325536e-01
3.092920608860412826e-02 -1.817927738890087463e-01 -1.025935619574703944e-01
3.501896990113782804e-02 -2.059849853216958182e-01 -2.188856723503773000e-02
3.366221655192082329e-02 -1.978811204469126950e-01 6.206244246487400973e-02
2.706549943937166733e-02 -1.587149192301270106e-01 1.364786869332512975e-01
1.623310894448643307e-02 -9.444908076409626319e-02 1.900309675347195693e-01
2.814178324247020371e-03 -1.486749638399721338e-02 2.145664350003378407e-01
-1.114838187732405429e-02 6.791425909715881337e-02 2.063497868230321497e-01
-2.352889844046107334e-02 1.412934138258480632e-01 1.666319332036960421e-01
-3.244254994808852544e-02 1.940986566783216016e-01 1.014595573126337580e-01
-3.653231376062221480e-02 2.182908681110086457e-01 2.075456259020121499e-02
-3.517556041140522394e-02 2.101870032362255503e-01 -6.319644710971047963e-02
2.380161590538659722e-02 -1.711249755194547695e-01 1.224486008084541555e-01
2.380161590538659722e-02 -1.711249755194547695e-01 1.224486008084541555e-01
3.128057603451234875e-02 -2.118043176562173502e-01 4.893475513992186915e-02
3.426732743723213265e-02 -2.215234443694409638e-01 -3.480082342892949765e-02
3.230716428745077085e-02 -1.988027067211403376e-01 -1.160101521259022384e-01
2.569850365579924578e-02 -1.471011310542695849e-01 -1.823298468212801171e-01
1.544745421578874039e-02 -7.428981358815933689e-02 -2.236633351872212294e-01
3.114645318666237148e-03 8.546382629211589019e-03 -2.337179683090161719e-01
-9.422364678172388819e-03 8.879639763573722588e-02 -2.109630194393479208e-01
-2.025492965098708853e-02 1.542428941148714094e-01 -1.588627232694982960e-01
-2.773388978011283312e-02 1.949222362516339901e-01 -8.534887760096596110e-02
-3.072064118283262396e-02 2.046413629648576038e-01 -1.613299032114563075e-03
-2.876047803305126216e-02 1.819206253165570331e-01 7.959602966485809783e-02
-2.215181740139975791e-02 1.302190496496863081e-01 1.459157243602359766e-01
-1.190076796138921957e-02 5.740773218357588664e-02 1.872492127261771722e-01
4.320409357332570099e-04 -2.542846403379498549e-02 1.973038458479721147e-01
1.296905093257187495e-02 -1.056784790403204610e-01 1.745488969783038913e-01
2.952871626688435489e-02 -1.634195510299579768e-01 1.293858290617248830e-01
2.952871626688435489e-02 -1.634195510299579768e-01 1.293858290617248830e-01
3.641338975178960713e-02 -2.020294828038780299e-01 5.470479770420932919e-02
3.774829981139888463e-02 -2.095665736558880998e-01 -2.929991812665361239e-02
3.333021849012648280e-02 -1.848833698276682036e-01 -1.098393619502603807e-01
2.383175861912924590e-02 -1.317376653482651150e-01 -1.746521335363431793e-01
1.069897461001335232e-02 -5.822041195765709914e-02 -2.138710759401583894e-01
-4.068786220816811468e-03 2.447605495099731618e-02 -2.215254607013233401e-01
-1.822326615695265065e-02 1.037619479361948094e-01 -1.964499771271212836e-01
-2.960957393879760577e-02 1.675667085193486838e-01 -1.424621402818998794e-01
-3.649424742370285801e-02 2.061766402932687370e-01 -6.778110892438436730e-02
-3.782915748331212857e-02 2.137137311452787791e-01 1.622360690647859510e-02
-3.341107616203974756e-02 1.890305273170589662e-01 9.676305073008532875e-02
-2.391261629104251413e-02 1.358848228376558775e-01 1.615758223161681550e-01
-1.077983228192658065e-02 6.236756944704774375e-02 2.007947647199834207e-01
3.987928548903558849e-03 -2.032889746160660913e-02 2.084491494811483436e-01
1.814240848503938588e-02 -9.961479044680404682e-02 1.833736659069463426e-01
1.463137427099604759e-02 -1.470470992152046186e-01 1.466813710898930978e-01
1.463137427099604759e-02 -1.470470992152046186e-01 1.466813710898930978e-01
2.019356842639286748e-02 -1.894428599736145691e-01 7.398009191031437726e-02
2.236511910070735840e-02 -2.009465424132871603e-01 -9.546934772369411459e-03
2.081542738893102720e-02 -1.798068151639232171e-01 -9.118347632010195825e-02
1.578041980619147508e-02 -1.292420100671337335e-01 -1.585011093193330334e-01
8.026630614503394226e-03 -5.695016032780526177e-02 -2.012513343817923239e-01
-1.265496069972750319e-03 2.606295525849923467e-02 -2.129258172734757038e-01
-1.068131819286362479e-02 1.071593423595315897e-01 -1.917472238035753118e-01
-1.878736219059917723e-02 1.739928111797393040e-01 -1.409398028434555583e-01
-2.434955634599599711e-02 2.163885719381492545e-01 -6.823852366387685164e-02
-2.652110702031049150e-02 2.278922543778218734e-01 1.528850301880697177e-02
-2.497141530853416724e-02 2.067525271284580135e-01 9.692504456653946998e-02
-1.993640772579461165e-02 1.561877220316685022e-01 1.642426775657705174e-01
-1.218261853410652212e-02 8.389587229233988475e-02 2.069929026282298912e-01
-2.890491849630388854e-03 8.827567060354906542e-04 2.186673855199132710e-01
6.525330273260474337e-03 -8.021363039499679326e-02 1.974887920500128791e-01
-2.571709368931326609e-02 1.553099410925235513e-01 -1.441731166343293014e-01
-2.571709368931326609e-02 1.553099410925235513e-01 -1.441731166343293014e-01
-1.472294934065727923e-02 9.103646861910234811e-02 -1.976848104017862040e-01
-1.191945343546294955e-03 1.145721153511499411e-02 -2.221696141870652119e-01
1.281594560231623034e-02 -7.131260965616333103e-02 -2.138999385691565669e-01
2.516814908227032674e-02 -1.446720399886580466e-01 -1.741347666960907092e-01
3.398415408949637811e-02 -1.974527711991387047e-01 -1.089279855133613167e-01
3.792180377892861998e-02 -2.216194154193295296e-01 -2.820673635509553245e-02
3.638162668023431356e-02 -2.134928201378818724e-01 5.573990233430652086e-02
2.959810079494948690e-02 -1.743101858186264508e-01 1.301318157925579755e-01
1.860395644629349657e-02 -1.100367133452052892e-01 1.836435095600149059e-01
5.072952449182507526e-03 -3.045745626121793004e-02 2.081283133452938860e-01
-8.934938496679999120e-03 5.231236493006030663e-02 1.998586377273852688e-01
-2.128714197663410593e-02 1.256717952625550638e-01 1.600934658543194666e-01
-3.010314698386016771e-02 1.784525264730358329e-01 9.488668467158990760e-02
-3.404079667329239917e-02 2.026191706932266023e-01 1.416543551332424648e-02
-3.250061957459809969e-02 1.944925754117789729e-01 -6.978120317607770795e-02
-1.294846008881231636e-01 -1.856020673387443962e-02 1.736288760573183321e-01
-1.294846008881231636e-01 -1.856020673387443962e-02 1.736288760573183321e-01
-1.799898658802470686e-01 -2.669040366495483221e-02 1.065556446282846237e-01
-2.012576367555510837e-01 -3.045041746082054190e-02 2.501274495795163116e-02
-1.900500881910932027e-01 -2.926782010566091746e-02 -5.858565566709866834e-02
-1.480734678591314468e-01 -2.332265132652733622e-02 -1.315124585730911844e-01
-8.171833568619610300e-02 -1.352000917695366997e-02 -1.826652191007030190e-01
-1.086659034845617947e-03 -1.352257063040155499e-03 -2.042563931605342331e-01
8.154612025272102438e-02 1.132817505681747022e-02 -1.929989202264557335e-01
1.535999105979812263e-01 2.259080634077427832e-02 -1.506066485034347480e-01
2.041051755901051590e-01 3.072100327185466745e-02 -8.353341707440098407e-02
2.253729464654091741e-01 3.448101706772036673e-02 -1.990517404068014098e-03
2.141653979009513764e-01 3.329841971256077005e-02 8.160788322098219694e-02
1.721887775689895927e-01 2.735325093342717839e-02 1.545346861269747130e-01
1.058336453960541379e-01 1.755060878385349479e-02 2.056874466545866864e-01
2.520196874470370663e-02 5.382856669939990735e-03 2.272786207144178450e-01
-5.743081054286280906e-02 -7.297575449917615038e-03 2.160211477803394009e-01
-1.335555393275813796e-01 -2.371512484763825535e-02 1.781729232303803923e-01
-1.335555393275813796e-01 -2.371512484763825535e-02 1.781729232303803923e-01
-1.846613485281169420e-01 -3.271580126149349621e-02 1.116667464050689340e-01
-2.068154824238438438e-01 -3.659666585127920035e-02 3.036471256068086488e-02
-1.966451749568615959e-01 -3.476689216332561755e-02 -5.335568065474775856e-02
-1.556987632449514380e-01 -2.750504665468388177e-02 -1.267487623014223463e-01
-9.020996729110525303e-02 -1.591667947525125110e-02 -1.786411010085784401e-01
-1.014886262188245160e-02 -1.766014479286260198e-03 -2.011325586132734489e-01
7.229597333254887681e-02 1.279263786367303493e-02 -1.907990145807633431e-01
1.445730616624255060e-01 2.554285470892320858e-02 -1.492136573161879365e-01
1.956788708629610685e-01 3.454353112277844251e-02 -8.270748049087649212e-02
2.178330047586879981e-01 3.842439571256416053e-02 -1.405446646488436868e-03
2.076626972917057778e-01 3.659462202461058467e-02 8.231494656894011719e-02
1.667162855797956478e-01 2.933277651596885582e-02 1.557080282156147188e-01
1.012274896259493517e-01 1.774440933653620434e-02 2.076003669227709514e-01
2.116638495672664572e-02 3.593744340571227314e-03 2.300918245274658769e-01
-6.127845099770460463e-02 -1.096490800238805394e-02 2.197582804949558544e-01
