5.407687665000251998e-02 3.962408405489198371e-03 2.281008703802703264e-01
1.313659771753346306e-01 2.604649772995192361e-02 -1.673701865766418218e-01
1.313659771753346306e-01 2.604649772995192361e-02 -1.673701865766418218e-01
6.187425821980931107e-02 1.109349484608859564e-02 -2.069635761220690595e-01
-1.720555412581878038e-02 -5.602240435960729840e-03 -2.163424618291489854e-01
-9.383427529221183283e-02 -2.149893376672127807e-02 -1.940789933687893098e-01
-1.563458771228736222e-01 -3.417645769046860627e-02 -1.435625819952355831e-01
-1.952235349081676008e-01 -4.170477411185274236e-02 -7.248389340770204636e-02
-2.045484776771282209e-01 -4.293776510007627639e-02 8.335986386275952287e-03
-1.829010674239978651e-01 -3.768771895427328045e-02 8.659296332210000835e-02
-1.335769261255530804e-01 -2.675390760835546014e-02 1.503731220625533216e-01
1.541349281726551446e-01 3.346904781206506280e-02 1.265655174811471939e-01
1.930125859579491787e-01 4.099736423344924052e-02 5.548682889361350457e-02
2.023375287269097711e-01 4.223035522167273986e-02 -2.533305090036441429e-02
1.806901184737794430e-01 3.698030907586976473e-02 -1.035900278361883836e-01
-7.502122697033734855e-02 -1.081536132566076475e-02 2.296240194619086628e-01
2.599327289396000454e-03 -4.467388682494885521e-02 2.389022721802160076e-01
6.291311864250867525e-02 -1.071394286104499979e-02 2.254039469544615037e-01
5.513729128940517837e-02 1.724914885619943661e-02 -1.808253949591976939e-01
-2.208127949275952295e-02 -7.214946079924807083e-03 -1.876135082012082567e-01
-1.970728468977641090e-01 -6.266532302866781312e-02 4.282843615253927039e-02
1.976012643225912857e-01 6.237722155749789166e-02 -4.046646184952661790e-03
-7.551251788857553382e-02 -1.631073956926066826e-01 1.062559151003930197e-01
-8.812746164071823263e-02 -1.866660377200590193e-01 2.943027189470345806e-02
-8.729599788116634840e-02 -1.818097270936771814e-01 -5.176117340054868510e-02
-7.314470943007383985e-02 -1.492777930837623224e-01 -1.249577592414457261e-01
-4.782800167237035577e-02 -9.402292774060788672e-02 -1.790159689624139239e-01
-1.520011386763890464e-02 -2.445718342610747609e-02 -2.057059301723274114e-01
1.977165383838963911e-02 4.882868590289886346e-02 -2.009643382220776264e-01
5.176316683233607441e-02 1.146775709791295894e-01 -1.655130575034520490e-01
7.590400726465955372e-02 1.630645759713582887e-01 -1.047492241392015133e-01
8.851895101680226641e-02 1.866232179988106810e-01 -2.792358093351193782e-02
8.768748725725036830e-02 1.817669073724288709e-01 5.326786436174014289e-02
7.353619880615790139e-02 1.492349733625140396e-01 1.264644502026371908e-01
5.126284346160576988e-02 8.937968236984308174e-03 2.163493165489515646e-01
8.787723532727412246e-02 6.886650151479098425e-02 2.233580436130820357e-01
8.809068987840947690e-03 4.838479539649290229e-02 2.475578361803183747e-01
-7.298321432104074025e-02 2.629558065255179627e-02 2.386699704517215581e-01
5.491078323208560541e-02 -1.678377535182086489e-01 1.082160072898892406e-01
5.491078323208560541e-02 -1.678377535182086489e-01 1.082160072898892406e-01
6.246496750999526448e-02 -1.965618652021919044e-01 3.246459396698388178e-02
6.057041034507333610e-02 -1.954963474800726630e-01 -4.887231178734700865e-02
4.951554089147576498e-02 -1.648034157661012744e-01 -1.234119033928932074e-01
3.098336281087157862e-02 -1.091557906816110896e-01 -1.798062037307908700e-01
7.795232221420151340e-03 -3.702531869873821463e-02 -2.094696917902006128e-01
-1.651866819556174759e-02 4.060678968748174245e-02 -2.078863704142662749e-01
-3.825676750764477052e-02 1.119217497120617993e-01 -1.752972859296296759e-01
-5.410963715092526050e-02 1.660625051829819898e-01 -1.166638310282904351e-01
-6.166382142883493345e-02 1.947866168669652731e-01 -4.091241770538504852e-02
-5.976926426391300506e-02 1.937210991448460040e-01 4.042448804894582109e-02
-4.871439481031543395e-02 1.630281674308746709e-01 1.149640796544919852e-01
-4.247460371866753487e-02 -3.895851439994565176e-03 2.368430676747265706e-01
-7.198476378285117994e-02 3.114211536908255418e-02 2.381447557556210237e-01
-2.627728876137120154e-02 -4.020490448434362041e-02 2.469553679751367303e-01
1.841518106344131045e-02 -1.085453783972129271e-01 2.226786266614905196e-01
-7.910145340289188864e-02 -9.165556890790674260e-02 1.479607803761463503e-01
-7.910145340289188864e-02 -9.165556890790674260e-02 1.479607803761463503e-01
-1.192236593727792060e-01 -1.307646164363208130e-01 8.891604492909249702e-02
-1.412345280692037242e-01 -1.500142481217508761e-01 1.295182220756102912e-02
-1.417831042621565119e-01 -1.464738820384359763e-01 -6.836702349648861310e-02
-1.207858721991159484e-01 -1.206825068290623415e-01 -1.426604350817868294e-01
-8.143947012129741647e-02 -7.656662556985863177e-02 -1.986179141059250253e-01
-2.973403106902575838e-02 -2.084248127107914822e-02 -2.277204416432887235e-01
2.645876057296290412e-02 3.800643023841292212e-02 -2.255374216913833552e-01
7.858406166610046317e-02 9.102089564800862342e-02 -1.924011992487613398e-01
1.187062676359877528e-01 1.301299431764227355e-01 -1.333564638017074866e-01
1.407171363324123403e-01 1.493795748618527985e-01 -5.739224108017597359e-02
1.412657125253651280e-01 1.458392087785379265e-01 2.392660462387357842e-02
1.202684804623245785e-01 1.200478335691642778e-01 9.822001620917181208e-02
8.092207838450597712e-02 7.593195230996049871e-02 1.541774952333101190e-01
2.921663933223435372e-02 2.020780801118106373e-02 1.832800227706737617e-01
1.819406562745542327e-02 -1.144498376370760295e-01 2.227814809210511282e-01
-2.813302576189198601e-02 -4.756640394092331858e-02 2.480326090163542385e-01
-7.499953698364920929e-02 2.314774622092410222e-02 2.402704145805888425e-01
-6.180268851501537208e-02 -1.321008685532495119e-01 2.009270475104136811e-01
-3.901629046054754663e-02 -6.172367630048748721e-02 2.429716431033953072e-01
-1.643262870928353589e-02 1.961068386299219882e-02 2.536775864508132861e-01
2.510138958550262034e-03 9.951979290011050971e-02 2.314149947276412655e-01
4.392243808345973333e-02 2.027178624685811899e-03 2.371084446610856322e-01
-1.914590333740461836e-01 -7.422386042211917339e-04 8.614946599696558793e-02
-2.082288761057966564e-01 2.031156811887147896e-03 6.615581919770262276e-03
-1.932691674951537986e-01 4.481187827843146655e-03 -7.328912714103533177e-02
-1.488573875679918002e-01 6.234859431053969142e-03 -1.413998935689349812e-01
-8.175482722443341843e-02 7.025191017003436927e-03 -1.873474706009160551e-01
-2.177242990561190170e-03 6.731861766104410387e-03 -2.041367561496824634e-01
7.776039930661526878e-02 5.399528397769985145e-03 -1.892117336856870002e-01
1.458883182638827103e-01 3.231026589697019637e-03 -1.448446025834074502e-01
1.918346558011204406e-01 5.564910846467804656e-04 -7.778985636412091842e-02
2.086044985328709411e-01 -2.216904331461559598e-03 1.744027713074403334e-03
1.936447899222281388e-01 -4.666935347417557056e-03 8.164873677387997353e-02
2.255308136771758988e-03 -4.600834089019197742e-02 2.211235989175696082e-01
-6.724757288632210450e-02 -5.079197993250182674e-02 2.386942440907509622e-01
1.668564020074010668e-02 -4.242380319990026599e-02 2.506425724101123964e-01
9.871081839157984372e-02 -3.355837608264719552e-02 2.294094017716242773e-01
3.769849661347018238e-02 -8.116693416011125373e-02 2.360975192900542641e-01
4.025286777782576680e-02 2.550417323455454396e-03 2.516654977951286454e-01
4.266547181510772085e-02 8.585389100171463006e-02 2.339965328821052293e-01
5.080641416524735859e-02 8.173082841658945580e-03 2.140907513626613967e-01
-7.590152457898681482e-02 -1.639186600535525173e-01 1.040074664369390889e-01
-8.851740818583871129e-02 -1.874790572771505293e-01 2.717609946870466753e-02
-8.768588247950805104e-02 -1.826223848396895943e-01 -5.402139485567566957e-02
-7.353353971098430808e-02 -1.500880270939278782e-01 -1.272234340824340837e-01
-4.821494577546861504e-02 -9.482904508197019522e-02 -1.812856713174344769e-01
-1.558462708601765674e-02 -2.525811789121781142e-02 -2.079776210170490580e-01
1.938974613147516693e-02 4.803321147556276205e-02 -2.032356758026380439e-01
5.138364259812924772e-02 1.138870025098342176e-01 -1.677817538472551051e-01
7.552628160229023224e-02 1.622776124927310937e-01 -1.070133933780044594e-01
8.814216520914214259e-02 1.858380097163291333e-01 -3.018202640977003109e-02
8.731063950281146846e-02 1.809813372788682817e-01 5.101546791461025049e-02
7.315829673428776714e-02 1.484469795331065656e-01 1.242175071413686438e-01
3.046778000327416552e-02 -3.821380683042681359e-02 2.104255905922990944e-01
-5.276327651595541512e-02 2.427467971107655914e-02 2.307039792371682052e-01
-2.566393034746005872e-02 -5.647661023370015992e-02 2.292994694240674536e-01
1.202442128152745177e-01 -1.640706630593556925e-01 3.012926712418742201e-02
1.202442128152745177e-01 -1.640706630593556925e-01 3.012926712418742201e-02
1.199277130188431545e-01 -1.659157924178632226e-01 -5.123615289555263907e-02
1.013125334086363571e-01 -1.424398295108154355e-01 -1.269077493048139937e-01
6.723266633328484065e-02 -9.721677688067667522e-02 -1.853652075150162559e-01
2.287646262024640997e-02 -3.713143434239257745e-02 -2.177089094318344631e-01
-2.500324780515664896e-02 2.866874937756948988e-02 -2.190148196348210008e-01
-6.911721306131261844e-02 9.016629278799609404e-02 -1.890841251336765616e-01
-1.027494818320626030e-01 1.379987523812690464e-01 -1.324735028437791784e-01
-1.207798460743354924e-01 1.648840697866384708e-01 -5.780140683219670006e-02
-1.204633462779041292e-01 1.667291991451460287e-01 2.356401318754333327e-02
-1.018481666676973596e-01 1.432532362380982416e-01 9.923560959680470528e-02
1.022138485730016144e-01 -1.371853456539862126e-01 1.048013631357699732e-01
5.510274535086821801e-02 2.913656204719127646e-03 2.163087859710501326e-01
-1.034117550581703238e-01 -1.443062160177292774e-01 1.114780271490700830e-01
-1.214145761426730918e-01 -1.665490530470968844e-01 3.534297892108287376e-02
-1.209484948408643123e-01 -1.635016288045166577e-01 -4.593362846689436757e-02
-1.020844678059068533e-01 -1.356278860059519642e-01 -1.199781683143228278e-01
-6.769437215104215366e-02 -8.717134931637655904e-02 -1.755180306448566041e-01
-2.301378819272988444e-02 -2.550908718717942447e-02 -2.040977748887777277e-01
2.515507019187909060e-02 3.997137994226740432e-02 -2.013663940609759784e-01
6.947893096551660541e-02 9.930124453341825086e-02 -1.677397161324552244e-01
1.032098881221948372e-01 1.434480725288321545e-01 -1.083370979912383208e-01
1.212127092066976053e-01 1.656909095581997615e-01 -3.220204976325109769e-02
1.207466279048887980e-01 1.626434853156196181e-01 4.907455762472608118e-02
1.018826008699313668e-01 1.347697425170548968e-01 1.231190974721545622e-01
-1.697300830016191531e-01 1.161372459841675808e-01 -1.057659018413021484e-02
-1.476301365305802138e-01 1.018323790633737097e-01 -8.750713619531379217e-02
-1.029413000638078890e-01 7.195222633253307853e-02 -1.485106617430308473e-01
-4.246704384805685684e-02 3.104577018065717356e-02 -1.842999330609775277e-01
2.458597480832245413e-02 -1.465935226107930277e-02 -1.894263580215488352e-01
8.800954165202409807e-02 -5.820495041888863741e-02 -1.631094848956558541e-01
1.381479935671595938e-01 -9.296160171507467096e-02 -1.093558190536667446e-01
1.673682057558479597e-01 -1.136379210596216022e-01 -3.634886884183011896e-02
1.712216657942444986e-01 -1.170861262636238298e-01 4.479671937975356066e-02
2.413314246337209742e-02 -6.557303962310966072e-02 2.278071445543742302e-01
-4.611943630703493890e-02 -1.768701183659317222e-02 2.331781864637432755e-01
-2.065414005007672887e-02 2.780226345423733592e-02 -1.836698467559187975e-01
5.449620623459224683e-02 1.232303242224691564e-02 2.339245838485470297e-01
-1.255024586439298234e-02 6.480450852802546735e-02 2.311545328170068747e-01
2.204062043462522158e-02 4.374638683916907966e-02 2.226192057764580789e-01
4.252278111155569779e-02 9.266422441678969293e-04 2.244998262041078274e-01
1.249396056826048290e-01 4.382220240737755290e-03 2.183102245256092200e-01
4.945334956732592296e-02 2.852385693520345655e-02 2.495504318255609699e-01
-3.182005512283266058e-02 5.400790812681420527e-02 2.480872634599760596e-01
-1.065074692690426567e-01 7.695465803514667247e-02 2.141434735488606522e-01
5.227099352098918406e-03 1.258672859249121145e-01 2.186589310584911572e-01
2.927775809434829402e-02 5.036103843282985215e-02 2.499280690257620896e-01
5.456209383127061385e-02 -3.097800464538320864e-02 2.484966281603801508e-01
7.723079564999368873e-02 -1.057667113413310878e-01 2.145825323580561883e-01
-3.345070631588266397e-02 -1.281569315251859797e-01 1.444194829929614510e-01
-3.345070631588266397e-02 -1.281569315251859797e-01 1.444194829929614510e-01
-4.666468578011545576e-02 -1.781281913851572862e-01 8.155565265788841667e-02
-5.276655908981657539e-02 -2.010265119582943516e-01 3.696605099412605261e-03
-5.082737134720331784e-02 -1.933658315111299597e-01 -7.730432548571167239e-02
-4.114234630730789766e-02 -1.563124191975037713e-01 -1.491154816911635372e-01
-2.518594123748379987e-02 -9.550732115214624618e-02 -2.008042659544148623e-01
-5.387374164439566460e-03 -2.020756235287677824e-02 -2.245015294313819076e-01
1.523920254941124944e-02 5.812315151712925398e-02 -2.165995785739247004e-01
3.355357957976838612e-02 1.275596793408527718e-01 -1.783014137687282674e-01
4.676755904400116404e-02 1.775309392008240228e-01 -1.154375834336552470e-01
5.286943235370229754e-02 2.004292597739611437e-01 -3.757853587517941824e-02
5.093024461108904000e-02 1.927685793267967518e-01 4.342239470994478656e-02
4.124521957119363369e-02 1.557151670131705634e-01 1.152335509153966653e-01
6.645534954231295532e-02 1.034735752530382830e-01 -1.878792036383171438e-01
6.645534954231295532e-02 1.034735752530382830e-01 -1.878792036383171438e-01
2.736594358146523381e-02 4.066856531647477374e-02 -2.218186621350870247e-01
-1.582148744623747272e-02 -2.825092738471694093e-02 -2.248661367609972317e-01
-5.653204866186457844e-02 -9.279253484353751358e-02 -1.965576771296792813e-01
-8.856792616249324623e-02 -1.431303823955100973e-01 -1.412029896031757326e-01
-1.070519480046054767e-01 -1.716009890645711355e-01 -6.722932356590476111e-02
-1.091700894208149086e-01 -1.738699630720483280e-01 1.410150090091158090e-02
-9.459988258150343887e-02 -1.495918736936037996e-01 9.040760303796023523e-02
-6.555950939870230920e-02 -1.024628399556774816e-01 1.500720705114139408e-01
5.742788880547519681e-02 9.380327014089828719e-02 1.587505440027761339e-01
8.946376630610386460e-02 1.441411176928708571e-01 1.033958564762725574e-01
1.079477881482161089e-01 1.726117243619319230e-01 2.942219043900148531e-02
1.100659295644255548e-01 1.748806983694091433e-01 -5.190863402781478730e-02
9.549572272511409887e-02 1.506026089909646148e-01 -1.282147361648633688e-01
4.570570373571657130e-02 1.186518543389410013e-01 -1.550003443895846267e-01
4.570570373571657130e-02 1.186518543389410013e-01 -1.550003443895846267e-01
2.093601811056012424e-02 5.021809146580973049e-02 -1.912762912895868694e-01
-7.011538289773098197e-03 -2.593635485984036732e-02 -1.969416197461459628e-01
-3.388220334856199834e-02 -9.821766052670402591e-02 -1.711338348580811186e-01
-5.558516189379128503e-02 -1.556216519786688679e-01 -1.177819379264476857e-01
-6.881633522475893994e-02 -1.894090918856514150e-01 -4.500827162293681571e-02
-7.156139714271000929e-02 -1.944361488057191889e-01 3.610803305266979679e-02
-6.340243685468477386e-02 -1.699374988931762476e-01 1.132177540346439859e-01
6.894045685709970783e-02 1.884181067081997507e-01 6.458956253819365945e-02
7.168551877505080494e-02 1.934451636282674414e-01 -1.652674213741284898e-02
6.352655848702554175e-02 1.689465137157245556e-01 -9.363646311938697564e-02
-7.016541916773169629e-02 1.694093750911170038e-01 -1.090404869613322836e-01
-7.016541916773169629e-02 1.694093750911170038e-01 -1.090404869613322836e-01
-4.988355205612245158e-02 1.216138151687618518e-01 -1.717012439118245359e-01
-2.198793779556095992e-02 5.529428269999658169e-02 -2.097235329221329991e-01
9.274569217155257186e-03 -1.945267468486830409e-02 -2.173188051633463402e-01
3.914453568467193834e-02 -9.124751030684308262e-02 -1.933307492880541878e-01
6.307452998422995172e-02 -1.491601112642875759e-01 -1.414113293510017855e-01
7.742142740966014014e-02 -1.843738090404659080e-01 -6.946480638689157827e-02
8.000104288288972798e-02 -1.915276373619201888e-01 1.155561367984539109e-02
7.042065333239204417e-02 -1.695324907163242023e-01 8.931530634598522367e-02
5.013878622078278557e-02 -1.217369307939690781e-01 1.519760632964774760e-01
-6.281929581956960384e-02 1.490369956390804329e-01 1.216861487356546701e-01
-7.716619324499977839e-02 1.842506934152587372e-01 4.973962577154456693e-02
-7.974580871822938011e-02 1.914045217367130458e-01 -3.128079429519230875e-02
4.574818009349167214e-02 2.941256924486160274e-02 2.155037947487808692e-01
