8.268760041158961654e-03 5.015205563594821170e-02 2.401334850557440836e-01
-6.609363127616023348e-02 8.815185916830180907e-03 2.357567258565162471e-01
-5.091443913502852192e-02 2.690696737792933751e-03 2.357157312596988019e-01
2.572598047290101247e-03 -6.352685183774478550e-02 2.322841736036474203e-01
5.681102542354728169e-02 -1.633487996346952575e-01 1.769427272530833262e-01
5.681102542354728169e-02 -1.633487996346952575e-01 1.769427272530833262e-01
8.427564611219459656e-02 7.015345008248816128e-02 2.358585556737858580e-01
8.185225430187333118e-02 -1.412418172343319830e-02 2.475044987457873380e-01
8.462720070664597749e-02 -3.918158165951171612e-02 2.260713322939579273e-01
2.456236620908133772e-02 1.810389103487533916e-02 2.452525774867599651e-01
-3.331616170324493142e-02 -5.023909990407829547e-03 2.266873887074517535e-01
8.548195448969772570e-02 8.494672318241031084e-02 -1.770921492184989177e-01
8.548195448969772570e-02 8.494672318241031084e-02 -1.770921492184989177e-01
3.275864160742956999e-02 3.115725116005860565e-02 -2.106435220094491634e-01
-2.515914397986721354e-02 -2.749041036338322960e-02 -2.128187342698813489e-01
-7.945394444256041744e-02 -8.206768656334677281e-02 -1.832866296514929216e-01
-1.218598685937968967e-01 -1.242656818826283344e-01 -1.265432033732385164e-01
-1.459209988922104684e-01 -1.476601340596473688e-01 -5.122712770554220529e-02
-1.479742463645570549e-01 -1.486894498216898564e-01 3.119540757311519558e-02
-1.277070226959065302e-01 -1.271969251747554486e-01 1.081763186287010708e-01
-8.820482896697090514e-02 -8.645460216611883242e-02 1.679959595866989397e-01
1.191369941165236895e-01 1.227578028989197989e-01 1.174470137414385940e-01
1.431981244149373167e-01 1.461522550759389028e-01 4.213093807374222038e-02
1.452513718872839033e-01 1.471815708379814180e-01 -4.029159720491511804e-02
1.249841482186334340e-01 1.256890461910470380e-01 -1.172725082605009655e-01
1.147141711438426359e-02 -1.263672168240642935e-01 2.139936916458634875e-01
-7.931206612527462452e-03 -5.081905287309395475e-02 2.480616418799219403e-01
-3.119998787515382982e-02 3.103638576941371297e-02 2.497537116762909015e-01
-5.479246565828742310e-02 1.067373505915362453e-01 2.188122987471240455e-01
-1.129657387843060190e-01 1.712602383180170107e-01 -6.815748603081828172e-02
-1.129657387843060190e-01 1.712602383180170107e-01 -6.815748603081828172e-02
-9.281327208671788509e-02 1.394863100694442859e-01 -1.415424741879228454e-01
-5.869863019758285450e-02 8.670889669685968859e-02 -1.949446910298913704e-01
-1.581545809452290091e-02 2.096288095779566540e-02 -2.202341331348353637e-01
2.930767000669423292e-02 -4.774250224059208708e-02 -2.135607121916405227e-01
6.980116689483301107e-02 -1.089474811221987083e-01 -1.759403960441968673e-01
9.950026474313772296e-02 -1.533341524768146724e-01 -1.131005367969376008e-01
1.138835451271964228e-01 -1.741450479568775467e-01 -3.460793337551526516e-02
1.107612839932974602e-01 -1.682118973767850467e-01 4.758762688638035199e-02
9.060881729570935406e-02 -1.364379691282123219e-01 1.209726150434849296e-01
-7.200562168584159761e-02 1.119958220634307139e-01 1.553705368997589376e-01
-1.017047195341462817e-01 1.563824934180466086e-01 9.253067765249974042e-02
-1.160879999182049538e-01 1.771933888981095107e-01 1.403807423107748809e-02
1.194461736044316741e-01 3.751962203615098052e-03 2.186488405943840529e-01
4.587128630583671429e-02 -2.824959503288562712e-02 2.472827818917704978e-01
-3.288879695949950555e-02 -6.044421045099784146e-02 2.430848868357552151e-01
-1.014587316148670287e-01 1.713181685479971406e-01 -9.151124795269621748e-02
-1.014587316148670287e-01 1.713181685479971406e-01 -9.151124795269621748e-02
-7.995394506691730352e-02 1.352284164971931379e-01 -1.624925958732069686e-01
-4.626515093688624708e-02 7.850137278373177374e-02 -2.119939641549970222e-01
-5.521162741391814725e-03 9.773215581055689702e-03 -2.324792182081847902e-01
3.607511666197466688e-02 -6.049281619902407287e-02 -2.208296638024628555e-01
7.219103080526244332e-02 -1.215993561811546664e-01 -1.788188399926286809e-01
9.732825915173289044e-02 -1.642434875852210041e-01 -1.128425138746633749e-01
1.076598865551783163e-01 -1.819330279749678536e-01 -3.294498302314155525e-02
1.016130163998597569e-01 -1.719749051821390928e-01 4.871007776271330664e-02
8.010822985191003165e-02 -1.358851531313350902e-01 1.196914256832240508e-01
4.641943572187894052e-02 -7.915810941787368438e-02 1.691927939650141599e-01
5.675447526384570611e-03 -1.042995221519769575e-02 1.896780480182019279e-01
-7.203674602026977070e-02 1.209426195470127974e-01 1.360176698026457354e-01
-9.717397436674016231e-02 1.635867509510790518e-01 7.004134368468045713e-02
-1.075056017701856020e-01 1.812762913408259013e-01 -9.856187166841235900e-03
-3.984287027125957281e-02 -1.228699212141538960e-01 1.944349046101349898e-01
-3.984287027125957281e-02 -1.228699212141538960e-01 1.944349046101349898e-01
-3.324714419092314466e-02 -1.782824898420244386e-01 1.343962557263679303e-01
-2.128167611580863983e-02 -2.065151266366536120e-01 5.838019480750995804e-02
-5.768100093114092788e-03 -2.032696685755489285e-01 -2.204052195885101637e-02
2.533007056199727478e-02 2.070148462369530151e-01 5.159173954452020427e-04
9.816494539302731206e-03 2.037693881758483316e-01 8.093663416180608972e-02
-2.222717164429773712e-02 1.095375873946644318e-01 2.072121011265904700e-01
-3.387890410530774998e-02 3.289718213011939146e-02 2.338425561695838539e-01
-4.006471485149257217e-02 -4.871348201044962967e-02 2.293558014179651050e-01
-5.165904003647425746e-02 -1.164598724998253398e-01 1.582009868574801026e-01
-5.165904003647425746e-02 -1.164598724998253398e-01 1.582009868574801026e-01
-7.673596529756547546e-02 -1.651397306757551309e-01 9.653455515915521090e-02
-9.016498690904302393e-02 -1.886041052404814622e-01 1.862169308986754909e-02
-8.990165806494357370e-02 -1.832807578716099117e-01 -6.367607238218732368e-02
-7.598606819469934381e-02 -1.499801199497869941e-01 -1.378296524949908231e-01
-5.053673971091870998e-02 -9.377191172757591564e-02 -1.925498368802461557e-01
-1.742810217652008414e-02 -2.321332337813189137e-02 -2.195059735050049754e-01
1.829935447443099827e-02 5.095373963753839497e-02 -2.145942349261347193e-01
5.120644883702821226e-02 1.174380143013995237e-01 -1.785623888172472862e-01
7.628337409811940251e-02 1.661178724773293147e-01 -1.168959571189224222e-01
8.971239570959697873e-02 1.895822470420556460e-01 -3.898309504963477778e-02
8.944906686549754238e-02 1.842588996731840956e-01 4.331467042242004989e-02
7.553347699525329861e-02 1.509582617513612057e-01 1.174682505352235562e-01
7.476605121238560914e-02 9.632525234063826769e-02 -1.758738330073316425e-01
7.476605121238560914e-02 9.632525234063826769e-02 -1.758738330073316425e-01
2.835883009416295675e-02 3.715570332903460338e-02 -2.096946676312432256e-01
-2.247731592767086839e-02 -2.771418285055200076e-02 -2.121642185022379057e-01
-7.000304445210289717e-02 -8.840855407426197188e-02 -1.829065188867411984e-01
-1.069829941330901896e-01 -1.356872425191307241e-01 -1.263757883295050233e-01
-1.277873028557811041e-01 -1.623524964518049674e-01 -5.117831810551988492e-02
-1.292487032086741539e-01 -1.643447726821639088e-01 3.123775861037739535e-02
-1.111447102356685895e-01 -1.413607652141644078e-01 1.083253412417874290e-01
-7.623149275379945133e-02 -9.689958083426282454e-02 1.683485441337546074e-01
1.055175525916763474e-01 1.351129140255062089e-01 1.188504994559280437e-01
1.263218613143673175e-01 1.617781679581804799e-01 4.365302923194284979e-02
1.277832616672603949e-01 1.637704441885393936e-01 -3.876304748395432986e-02
1.096792686942548029e-01 1.407864367205399481e-01 -1.158506301153643114e-01
4.169594574217673488e-02 3.199707916196359997e-02 2.305649435980669515e-01
8.054452619383443979e-02 9.242013094463173706e-02 -1.814315390226401425e-01
8.054452619383443979e-02 9.242013094463173706e-02 -1.814315390226401425e-01
3.381285488393127175e-02 3.336111298591621505e-02 -2.150125227527046046e-01
-1.807385055822918751e-02 -3.068849769271475569e-02 -2.172298058239087171e-01
-6.721630958323404625e-02 -8.997772847660617801e-02 -1.877458269883827413e-01
-1.061330282820267396e-01 -1.354803314371260392e-01 -1.310492547509017613e-01
-1.288992890136494984e-01 -1.602689477556581976e-01 -5.577162827891518626e-02
-1.320491349583803875e-01 -1.605697353070725808e-01 2.662671619060036701e-02
-1.151030306245585111e-01 -1.363369019133123250e-01 1.036013776550137599e-01
1.060366876956711224e-01 1.366407855943621297e-01 1.130513774116735093e-01
1.288029484272940062e-01 1.614294019128943158e-01 3.777375093968679542e-02
1.319527943720247842e-01 1.617301894643086713e-01 -4.462459352982862948e-02
1.150066900382029633e-01 1.374973560705484987e-01 -1.215992549942419843e-01
-8.858688350872244432e-02 1.735082987379337471e-01 -9.463625729179232782e-02
-8.858688350872244432e-02 1.735082987379337471e-01 -9.463625729179232782e-02
-6.717913074914742821e-02 1.315437441057988877e-01 -1.623221198699814904e-01
-3.563579979200798276e-02 6.969740910398281031e-02 -2.068276345351725554e-01
1.240923165478640235e-03 -2.615162401910897227e-03 -2.213772401230852116e-01
3.783689134136112436e-02 -7.438503691520292893e-02 -2.037558910754629082e-01
6.858070032413897399e-02 -1.346859016367771833e-01 -1.566462780468792226e-01
8.879188388950669253e-02 -1.743374965414738187e-01 -8.722041257123054614e-02
9.539347255447229446e-02 -1.873032257476557327e-01 -6.047753320146544154e-03
8.738043428834504911e-02 -1.716091745183096207e-01 7.451389816738360206e-02
6.597268152877004688e-02 -1.296446198861747889e-01 1.421997607455727786e-01
-6.978714954451639696e-02 1.365850258564013653e-01 1.365239189224705108e-01
-8.999833310988410162e-02 1.762366207610979452e-01 6.709805344682183426e-02
-9.659992177484968967e-02 1.892023499672798592e-01 -1.407460580426203936e-02
-3.069138446068338938e-02 -9.739622750364492626e-03 2.082298610020946183e-01
-4.028355150614355840e-02 -1.712190784296755558e-02 2.206095265560552576e-01
-2.122617458072287994e-02 -1.754749590017681132e-02 2.177739542085295743e-01
-9.600276698393990504e-02 1.720664456992489488e-01 -7.734284776278466111e-02
-9.600276698393990504e-02 1.720664456992489488e-01 -7.734284776278466111e-02
-7.616475607009964843e-02 1.325721997958193565e-01 -1.469446664223893195e-01
-4.473886033895893566e-02 7.288149136733461375e-02 -1.943491778324207553e-01
-6.509387539129760959e-03 2.081689674412186535e-03 -2.123394748536675813e-01
3.270357164664786098e-02 -6.904857727700104697e-02 -1.981766978470936580e-01
6.693019964869938165e-02 -1.296803711410279281e-01 -1.540170012260565768e-01
9.095980261886796314e-02 -1.705830509304504805e-01 -8.658329849246254595e-02
1.011340913338387992e-01 -1.855295544310447409e-01 -6.141759599463677589e-03
9.590412256691444037e-02 -1.722444119752368219e-01 7.506112036084677808e-02
7.606611165307421152e-02 -1.327501660718072296e-01 1.446629390204514365e-01
-6.702884406572487408e-02 1.295024048650401105e-01 1.517352738241186660e-01
-9.105844703589342781e-02 1.704050846544626074e-01 8.430157109052466291e-02
-1.012327357508642917e-01 1.853515881550568678e-01 3.860032197525921187e-03
1.714742588235194376e-01 -8.481447035745366680e-02 -1.071978590830917899e-01
1.714742588235194376e-01 -8.481447035745366680e-02 -1.071978590830917899e-01
1.264384131101265185e-01 -6.773128377501627662e-02 -1.741526367319059243e-01
6.198256879231780342e-02 -4.023335540515836362e-02 -2.176533606520616171e-01
-1.208045612620405398e-02 -6.506995572849394449e-03 -2.310774399617595010e-01
-8.447523748458692083e-02 2.831326316765478412e-02 -2.123811802756800371e-01
-1.441803260813441234e-01 5.892635206954394134e-02 -1.644109176490127222e-01
-1.821061634055953782e-01 8.067170585584733378e-02 -9.446968971515412594e-02
-1.924788845232948131e-01 9.023879153472327830e-02 -1.320541440822409554e-02
-1.737193366732238120e-01 8.617110703741052979e-02 6.701015901878726311e-02
-1.286834909598309484e-01 6.908792045497315348e-02 1.339649366676014253e-01
1.419352482316398045e-01 -5.756971538958711998e-02 1.242232175847081399e-01
1.798610855558909760e-01 -7.931506917589048467e-02 5.428198965084963384e-02
1.902338066735904387e-01 -8.888215485476642919e-02 -2.698228565608030982e-02
-1.239781369241324677e-01 -4.019086764785735622e-02 1.588394564234532347e-01
-1.239781369241324677e-01 -4.019086764785735622e-02 1.588394564234532347e-01
-1.752594229350204480e-01 -5.508118536527896458e-02 9.599922198156446429e-02
-1.997356621576772406e-01 -6.148867502650572081e-02 1.751199556143694450e-02
-1.936805690481142872e-01 -5.843785441465419728e-02 -6.467325410294402777e-02
-1.580159766427069734e-01 -4.639318331212113899e-02 -1.380445677613199307e-01
-9.817149583484326147e-02 -2.718835370905175672e-02 -1.914318280218175461e-01
-2.325790633595097370e-02 -3.747126820299504467e-03 -2.167073084664955240e-01
5.531987694614348000e-02 2.036178305557403631e-02 -2.100230463204524334e-01
1.255990988161203026e-01 4.146801293777931108e-02 -1.723966599024361057e-01
1.768803848270082968e-01 5.635833065520093332e-02 -1.095564254605472521e-01
2.013566240496650617e-01 6.276582031642764792e-02 -3.106919904041973227e-02
1.953015309401021915e-01 5.971499970457615214e-02 5.111605062396116367e-02
1.596369385346947944e-01 4.767032860204312161e-02 1.244873642823370874e-01
9.270454440070569416e-03 3.388819243972031325e-02 2.099832264770837564e-01
1.391408957982681605e-01 -1.570827241859768797e-01 1.096239608534397766e-02
1.391408957982681605e-01 -1.570827241859768797e-01 1.096239608534397766e-02
1.326255990514800809e-01 -1.506188463694456969e-01 -7.098108701010252819e-02
1.058425789302198661e-01 -1.211465211982543366e-01 -1.431823135379614864e-01
6.286930745926727626e-02 -7.315264301242363487e-02 -1.946493012651147048e-01
1.024807566639900774e-02 -1.394384470015723639e-02 -2.175466678595086301e-01
-4.401001092057481301e-02 4.746587092459558094e-02 -2.083884968222918244e-01
-9.164465046956717098e-02 1.017274313384245732e-01 -1.685690366748534008e-01
-1.254039009183267606e-01 1.405800058505943528e-01 -1.041504392603357365e-01
-1.401482224143973110e-01 1.581086421910919415e-01 -2.493985207905937904e-02
-1.336329256676092592e-01 1.516447643745607587e-01 5.700363101638714763e-02
-1.068499055463489888e-01 1.221724392033693707e-01 1.292048575442461544e-01
9.063732385343802045e-02 -1.007015133333095530e-01 1.545915806811380411e-01
1.243965743021975823e-01 -1.395540878454792633e-01 9.017298326662043229e-02
4.054311491832555958e-02 7.808502140790146186e-03 2.321449028957900951e-01
-1.499588119473209136e-01 -3.721953050068657620e-02 2.096960529419071850e-01
-1.165680567733549250e-01 3.687070820201600319e-02 2.350209702619810437e-01
-7.005154428529700161e-02 1.079797029430705907e-01 2.299828781384898879e-01
-1.749099183621833503e-02 1.652817538777941186e-01 1.953487804268163597e-01
-1.707395219394426955e-01 1.087688198894366798e-01 6.311026457120157140e-02
-1.707395219394426955e-01 1.087688198894366798e-01 6.311026457120157140e-02
-1.778317582434893462e-01 1.131830038301859104e-01 -1.891903963606294398e-02
-1.578949843430698108e-01 1.004166824236442240e-01 -9.790092153673411735e-02
-1.139643933372174317e-01 7.241341237696584388e-02 -1.618111055839771550e-01
-5.272801947477416540e-02 3.343643770448247177e-02 -2.009198456038603364e-01
1.649145443281437029e-02 -1.058035052707556947e-02 -2.092731904499675610e-01
8.315599095921137607e-02 -5.293579532263249787e-02 -1.855994190927385823e-01
1.371165187338013458e-01 -8.718166416512795891e-02 -1.335026486180397876e-01
1.701580365563053199e-01 -1.081043339628661448e-01 -6.091414007224366101e-02
1.772502728603519984e-01 -1.125185179036153754e-01 2.111516413502084050e-02
1.573134989599324352e-01 -9.975219649707368907e-02 1.000970460356920416e-01
-1.376980041169386659e-01 8.784615009169847999e-02 1.356987731169977673e-01
-3.467278297828349509e-02 -1.519956552138449109e-02 2.184844559782777862e-01
-3.857690129526456652e-02 -6.853938053408469011e-02 2.322336529591324805e-01
-2.900307680621806022e-02 1.515405647689848159e-02 2.449341395454994741e-01
-2.314999725882505369e-02 3.896445241414299432e-02 2.296189593650667105e-01
-2.450439753943052176e-02 -2.397259452840897614e-02 2.344140723125081871e-01
1.132792281315855160e-02 -2.830463929981786447e-02 2.191504109371451570e-01
