-1.535030305278890783e-02 -1.534228352433963383e-01 2.411219002648270215e-01
-1.535030305278890783e-02 -1.534228352433963383e-01 2.411219002648270215e-01
-3.851192996507373650e-02 -1.996168526783915209e-01 1.780700622239887454e-01
7.813446298133994161e-02 1.256188148884962164e-01 2.145929096204787223e-01
6.259032490434504603e-02 6.389269011422052391e-02 2.655256866911481772e-01
3.936584299852739777e-02 -1.081249833272718112e-02 2.884525431623040648e-01
1.199673410359492452e-02 -8.712356271551904840e-02 2.798830729686844210e-01
6.310908190067507362e-02 -1.970324180059644381e-01 -1.118348908539597564e-01
5.650861493516140532e-02 -1.898659262938653947e-01 -1.894683643327051137e-01
1.356399965649655523e-02 -9.984638491886493883e-02 -3.061206904740836343e-01
-1.624222027438477697e-02 -3.069799440113270966e-02 -3.273802839376617202e-01
-4.577023731265904283e-02 4.117922609624739827e-02 -3.182346644749974862e-01
-9.193875124551986744e-02 1.714852628968510928e-01 -1.434902304280982754e-01
-8.533828428000619915e-02 1.643187711847521049e-01 -6.585675694935291813e-02
-4.282663037268461675e-02 -1.479458408278348444e-02 -2.834379256191849050e-01
2.893775377200714580e-02 1.461667604371223381e-02 -2.794950375930820297e-01
-3.075713955500666841e-02 -2.773170504676864684e-02 -3.195203973703216183e-01
4.489782120168821222e-02 -6.504994217408716084e-03 -3.244878513677549314e-01
-2.761234900200638942e-02 -3.518098774878918034e-02 -3.313339689782145991e-01
3.934035746175625764e-02 -1.158225276874376430e-03 -3.175797923897216157e-01
-3.122817203598719782e-02 -3.439815168095180370e-02 -3.229102179786030868e-01
-2.890625764257787750e-02 -2.143525918669114683e-02 -3.084815607372768387e-01
1.806962784418184031e-02 2.136524754151764710e-02 -2.922562562926249163e-01
1.934611604728264309e-02 2.102041234806693165e-02 -2.840982503710809404e-01
-2.110712719450561631e-02 -4.516775412922201249e-02 -2.864848249333429298e-01
-3.382440200114635032e-02 -3.096576337656627848e-02 -3.166993419113219854e-01
-3.225883750849772857e-02 -2.878293602138673468e-02 -3.180873389616827862e-01
-4.579481221880111336e-03 4.389903866364762430e-02 -3.113198626598693286e-01
-1.712893646054785557e-01 1.026957171946571296e-01 -6.613400341743068400e-02
-1.712893646054785557e-01 1.026957171946571296e-01 -6.613400341743068400e-02
-1.697030556806505830e-01 1.060935725756561171e-01 -1.440088338646658417e-01
-9.929289922464092089e-02 6.046438719965818720e-02 -2.718727735722664685e-01
-4.118835974422903334e-02 1.838397628656157287e-02 -3.023957571016496204e-01
2.104646992017305054e-02 -2.857097005266532458e-02 -3.031767854647570148e-01
7.793690111229591155e-02 -7.325198688552365944e-02 -2.740969541733453974e-01
1.431725612769233491e-01 -1.299648835061892604e-01 -1.479353285989861155e-01
1.415862523520953764e-01 -1.333627388871882480e-01 -7.006049815175097173e-02
2.025031097318159834e-02 -3.325094360354932665e-02 -2.929963455137682415e-01
-5.489082561290264256e-02 -1.295106836111681141e-02 -2.931823518233939163e-01
1.442062886003735167e-01 -1.271842288674048804e-01 -1.461396561268108740e-01
1.442062886003735167e-01 -1.271842288674048804e-01 -1.461396561268108740e-01
1.170297076195565278e-01 -1.101372720670514976e-01 -2.171363851744225748e-01
6.990549976484072836e-02 -7.845050924027165140e-02 -2.704745415078108062e-01
1.000789850009866158e-02 -3.694796278622230340e-02 -2.980338743368083354e-01
-5.354422935522025473e-02 8.051980818988016542e-03 -2.956187250641745257e-01
-1.110756484366173108e-01 4.969848808697055476e-02 -2.635967782732852038e-01
-1.538277217125625096e-01 8.165125581270353539e-02 -2.068430850833827273e-01
-1.752918335753025081e-01 9.904576476250483152e-02 -1.339978808091198681e-01
-1.722002675663936444e-01 9.923385863038346189e-02 -5.615118745783204829e-02
-1.450236865855766555e-01 8.218690183003005134e-02 1.484554158977968719e-02
1.472978546092823249e-01 -1.269961349995262778e-01 -6.829296277552290850e-02
-2.988771847828807643e-02 -4.729103736966253774e-02 -2.751672456587116455e-01
3.201351128496197213e-02 3.285009232618679720e-03 -3.157230424134329083e-01
-3.558663188020878831e-02 -3.573917332841544670e-02 -3.196224924662479649e-01
-9.995050235203503664e-02 -7.146732410985573436e-02 -2.933800971707050120e-01
-1.817586360007602542e-01 -1.126082551245386476e-01 -1.704310325072968813e-01
-1.867483524222189606e-01 -1.117577015542641772e-01 -9.244224369838910382e-02
1.531005169854052494e-01 8.443011258275148756e-02 -7.283838445029958142e-02
1.580902334068639281e-01 8.357955901247698938e-02 -1.508271732592072478e-01
6.602581177464142415e-02 -1.856416704748314536e-02 -2.931239099122231462e-01
-1.161728902408616371e-01 -1.030033407123747136e-01 2.497767425716130862e-01
-1.161728902408616371e-01 -1.030033407123747136e-01 2.497767425716130862e-01
-1.221219668716586604e-01 -1.625162998609561149e-01 1.943616303622609509e-01
-1.061283114299614930e-02 1.665856583028519078e-01 1.904948941824335940e-01
-4.166486781412576806e-02 1.168955574300925698e-01 2.471930720577828478e-01
-7.262982200184854575e-02 4.821326678814662203e-02 2.783689127823306686e-01
-9.879356012909257245e-02 -2.900495747926488954e-02 2.792761772154648270e-01
-1.886399277225897855e-02 -8.230716753885362891e-02 -2.585132718532348051e-01
-2.328508979097128340e-02 -5.854113554204110753e-03 -2.698507576767841809e-01
8.401625983021618338e-03 2.990454758081912898e-02 -2.817425257191065735e-01
7.658579583408479940e-02 5.949971210081141104e-02 -2.953480909387906084e-01
7.658579583408479940e-02 5.949971210081141104e-02 -2.953480909387906084e-01
2.497440319223324587e-02 1.006073949807381393e-02 -3.272517460279983359e-01
-3.252106108910626792e-02 -4.299969467038514126e-02 -3.294088235473717763e-01
-8.714743377078136566e-02 -9.160362029645106874e-02 -3.014909279985427126e-01
-1.562303092691290363e-01 -1.476488885014564101e-01 -1.763627842951896452e-01
-1.601695705290039906e-01 -1.465578470478052231e-01 -9.820216173005394400e-02
1.288796476706852434e-01 1.201949691166322165e-01 -8.735780072933108098e-02
1.328189089305601700e-01 1.191039276629810018e-01 -1.655184232944666989e-01
-4.686748628704418690e-02 -2.476684223094447607e-02 -3.144540958748966997e-01
1.496948203602643281e-02 2.283635946131454264e-02 -3.125319292225645640e-01
1.135736578318242984e-02 -3.078395747224190945e-02 -2.895640852173775315e-01
-6.468706881142083365e-02 -1.483357486860780589e-02 -2.864733572177264875e-01
-2.166154848584110268e-02 -3.506736453812775434e-03 -2.879792786430095397e-01
-4.108959559101609677e-02 -1.423459716477747106e-02 -2.983470293191820555e-01
3.164923994857248013e-02 1.320905720307680165e-02 -2.939089789835029332e-01
-3.885132219063409942e-02 1.622712821475047126e-02 -3.274287839350918938e-01
2.320902742772176439e-02 -3.148428901163984051e-02 -3.271818040131478922e-01
1.542824873619630388e-02 2.706232079417004305e-02 -2.807847763979011146e-01
-1.599356673749345939e-02 -4.377992086967023161e-02 -2.843174500795162540e-01
8.149776781361872668e-02 -1.898721253768954620e-01 -1.337937941280926413e-01
1.278136970671510039e-02 -7.993684586284396931e-02 -3.149740609208737663e-01
-2.458730035340639386e-02 -1.242488893879143373e-02 -3.278588994545742485e-01
-6.035276415041937459e-02 5.489132556992644407e-02 -3.102617474856413926e-01
-1.096109337184681398e-01 1.624508654552262454e-01 -1.214799257013647743e-01
-4.901243292148398795e-02 2.377621218396905670e-02 -3.272610930169430610e-01
1.502592170598228763e-02 -2.105614043522363935e-02 -3.318794062739808259e-01
-3.106721037563793877e-02 -3.024349588662385291e-02 -2.707650427387104375e-01
2.116921129551482261e-01 -9.582748781393135573e-02 8.573385617918274915e-04
2.116921129551482261e-01 -9.582748781393135573e-02 8.573385617918274915e-04
1.935624821379652860e-01 -8.629139850026493197e-02 -8.142116399140009175e-02
-9.777310938425291809e-02 1.896011701830405682e-01 -6.597814115248731848e-02
-1.036472589760716739e-01 2.027964766475121028e-01 1.757274603156831067e-02
-8.551762815888873381e-02 1.932603873338457345e-01 9.985124858476021603e-02
2.058179633633294703e-01 -8.263218134945976567e-02 8.440822574584758153e-02
-1.553090163739659010e-03 5.463173363246225794e-02 -2.740878424895499821e-01
-3.410027961986283537e-03 -2.205512661352650172e-02 -2.859692940008572437e-01
3.646917286996515656e-02 -6.425884604114272258e-05 -2.762769241698597722e-01
-3.188027282792330053e-02 -3.653878664807096166e-02 -2.808390074729132380e-01
-4.711871358121012821e-02 6.098371166458887993e-02 -3.165288926581594220e-01
-8.323943194162202255e-03 -4.970982374148136609e-03 -3.331676997803355023e-01
2.954099020135179249e-02 -7.209433205129238409e-02 -3.192893524489969215e-01
8.572911929262477804e-02 -1.865221818875051341e-01 -1.363213991062994235e-01
-1.145923404287530201e-01 1.612275048272346079e-01 -1.291079700488221016e-01
-1.302008736184111920e-02 -1.517706781157078522e-01 -2.611379601622864643e-01
-1.709697192331852481e-02 -8.537114117268698732e-02 -3.019949833804337347e-01
-2.067007775994380431e-02 -8.361012866563582308e-03 -3.143030658134575717e-01
-1.755812727869904000e-01 -1.275581658133621565e-01 -8.979494586202274586e-02
-1.049579484439164129e-01 -6.941528310577406435e-02 -2.927557298584225753e-01
-4.555851336702638338e-02 -2.684955105002827594e-02 -3.205263200453206118e-01
1.862913449169122104e-02 1.771562192558610513e-02 -3.182391094641333629e-01
1.473673382145498645e-01 1.001258614069096831e-01 -1.563862258874379740e-01
-4.549735015907605679e-02 3.519975096697802730e-02 -2.840970716024252551e-01
5.867245226518689322e-03 -2.271864087818154312e-02 -2.918142294341322107e-01
4.418401107887954399e-04 5.278826440599938830e-02 -3.236890625590221338e-01
-2.219550504632711307e-03 -2.465107878849790227e-02 -3.350367355840560002e-01
-6.623333455889625007e-03 -1.004661694048881448e-01 -3.159217339352772824e-01
-3.773033867897933324e-02 -1.004426505926611993e-02 -2.700803300622414693e-01
3.745494751772183994e-02 7.361333128888470495e-03 -2.632835513478646305e-01
-2.998719576639426176e-02 -3.318004172841333005e-02 -2.906595425272203714e-01
3.629095692981983146e-02 -4.538879482269732313e-02 -2.780474433599479656e-01
-3.579937628549181849e-02 -1.750186119417483990e-02 -2.861514654219868836e-01
1.026809408154930603e-01 -1.707852696654111602e-01 -5.567581648424217017e-02
1.026809408154930603e-01 -1.707852696654111602e-01 -5.567581648424217017e-02
1.002173547796911396e-01 -1.731777523730349544e-01 -1.334360548539045566e-01
4.614736961911070773e-02 -1.085977003474430519e-01 -2.607832237114260376e-01
2.772635589394585945e-03 -5.145689311549427047e-02 -2.909827021456879992e-01
-4.315538746602509690e-02 1.138286973601918689e-02 -2.914610367097524857e-01
-1.306784093220867415e-01 1.427390690862014033e-01 -1.358408050982749526e-01
-1.282148232862848070e-01 1.451315517938252531e-01 -5.808056672861254544e-02
-3.475215882788487698e-02 -3.145345234926725381e-02 -3.275085395871233929e-01
-2.178072085213455730e-03 3.943429674490241121e-02 -3.220034216794541715e-01
6.362646702210500438e-02 6.354350751142147369e-02 2.617423393947642118e-01
4.009556394706415006e-02 -1.103889206534395401e-02 2.846864434546332312e-01
1.223902952053406747e-02 -8.715742878150319062e-02 2.761628588096827208e-01
-3.118956659378205667e-02 4.799488298726436314e-02 -3.015291884223250118e-01
3.178687597326309427e-03 -2.138453866720890773e-02 -3.110895167694059937e-01
-1.781665813236242846e-01 7.405972743656685786e-02 -5.061512922542513171e-02
-1.781665813236242846e-01 7.405972743656685786e-02 -5.061512922542513171e-02
-1.896758222124479976e-01 8.433198764132311676e-02 -1.273062620756073571e-01
-7.720763837375277383e-02 3.087396026980756755e-02 -3.120242791416017458e-01
-9.846049274111399324e-03 -5.945864388372725830e-03 -3.270651780345344428e-01
5.679233997973436032e-02 -4.389397057402329855e-02 -3.116127307212118724e-01
1.489737549205332190e-01 -1.007737709558957501e-01 -2.029219670771199580e-01
1.604829958093568765e-01 -1.110460311606519535e-01 -1.262308342269377326e-01
-4.339198395001104408e-02 -2.213266542114796648e-02 -2.724918402916026716e-01
2.325798476192257602e-02 1.734622020987729163e-02 -2.698128953231391236e-01
3.626109121849477313e-02 -6.107436532140717717e-04 -3.230650435698572687e-01
-3.400958373136345192e-02 -3.467882932894127829e-02 -3.281171143582005123e-01
-1.013316097792027609e-01 -6.562852016880263428e-02 -3.029380142055183578e-01
-1.944148058302388182e-01 -9.914536071267621153e-02 -1.032453608755901642e-01
1.651322488915621112e-01 7.075427699507783053e-02 -1.558398231964391589e-01
-2.431333765384379592e-02 -3.450895561815540968e-03 -2.734411143685208101e-01
-2.895615476915690961e-02 -2.191909451865574343e-02 -3.171316610183302354e-01
4.145566534261135860e-02 -3.459098847366719187e-03 -2.653642292936330138e-01
-3.055491671304599519e-02 -3.132553106851021507e-02 -2.718737941778541223e-01
2.060188500342109430e-01 -1.012047303138763482e-01 -4.119397065717760736e-02
2.060188500342109430e-01 -1.012047303138763482e-01 -4.119397065717760736e-02
-1.066234443232033369e-01 2.013679639331846238e-01 -3.112437054682427526e-02
-6.956743054255397352e-02 2.133223008386091468e-01 4.432384702374633084e-02
2.192763862116300644e-01 -6.621841847304597850e-02 3.502074958121765419e-02
-2.338331893639617950e-02 -2.930548660225244101e-02 -2.917325794083207025e-01
1.228270622924292760e-02 -9.723914747974223005e-02 -2.817242424298231351e-01
-1.944293783296334108e-02 -2.866643976410304662e-02 -3.005731506484676796e-01
-5.024135202964094549e-02 4.193309165382741455e-02 -2.891198575766166790e-01
-4.320557071425536189e-02 -1.636591827151437709e-02 -3.155372786784061967e-01
2.929952817136790427e-02 1.236708841239314918e-02 -3.112336011783611855e-01
3.732402706072792536e-02 -4.582254307162746121e-02 -2.798205586051829563e-01
-3.478481351604273408e-02 -1.792845018141721661e-02 -2.879266611689880184e-01
-1.575675496219575145e-02 -3.602265902742406850e-02 -2.734404710931721549e-01
-4.351225755217772578e-02 3.595780427110326083e-02 -2.657984192320387296e-01
1.403038692142941080e-01 -1.495086252840940877e-01 -1.518529264941254620e-01
1.403038692142941080e-01 -1.495086252840940877e-01 -1.518529264941254620e-01
8.470894326439888655e-02 -1.046145061033467716e-01 -2.879796441863751166e-01
3.241799801100098133e-02 -5.985223891442906924e-02 -3.254628473462396476e-01
-2.631859014885653408e-02 -8.625490096254443198e-03 -3.337590787417902272e-01
-8.255870811633300721e-02 4.126693221524442567e-02 -3.116053123485791332e-01
-1.277403077488190597e-01 8.222935899907629631e-02 -2.623742582755802522e-01
-1.549849000744892291e-01 1.080256321027262822e-01 -1.935608982247911669e-01
-1.601447428846047016e-01 1.147285027899616894e-01 -1.156414424692824156e-01
1.078994340785084244e-01 -1.170094814932087224e-01 -5.120110687827583718e-03
1.351440264041786077e-01 -1.428057545968586806e-01 -7.393347073861654406e-02
2.032203512909844245e-02 2.058050691848855099e-02 -2.683193637705104662e-01
-4.688035921059619318e-03 1.767262479264657821e-03 -2.960474361213434324e-01
-3.004698402893512393e-02 -4.674729703405429426e-02 -2.692009678939909501e-01
1.825869763722356293e-02 1.924063836997950624e-02 -2.849735634212471891e-01
-2.220036854451965663e-02 -4.695705539580946608e-02 -2.873604815129585655e-01
-3.287273032723221633e-02 -6.615943319418167261e-03 -2.729765859273016182e-01
4.343623449907195455e-02 3.673582088088864217e-03 -2.640928487185333351e-01
2.066233498784560696e-01 -1.057111276369895742e-01 1.221821939352787240e-02
2.066233498784560696e-01 -1.057111276369895742e-01 1.221821939352787240e-02
1.925203714595321303e-01 -9.973264676989433697e-02 -7.118803520459003609e-02
-8.530225908928429357e-02 1.900020308931174018e-01 -8.310008231878530938e-02
-9.408969849229828486e-02 2.078954276196852136e-01 -6.752874923925981585e-04
-7.998672007337437329e-02 2.019169467525899764e-01 8.273096710572531987e-02
1.978359104754420505e-01 -8.781773091042173462e-02 9.464301421992070418e-02
2.055400414971617351e-01 -1.061037106464998436e-01 2.862691019048858171e-02
2.055400414971617351e-01 -1.061037106464998436e-01 2.862691019048858171e-02
1.948176091278409905e-01 -9.778393324708306578e-02 -5.504029226794606572e-02
-8.120641623857707825e-02 1.932574728631233085e-01 -7.005767301173440598e-02
-9.322621065275901731e-02 2.089172372893186302e-01 1.237221440459091576e-02
