-1.564668758312269536e-01 1.272075918060071864e-01 2.912298745736896510e-02
-1.564668758312269536e-01 1.272075918060071864e-01 2.912298745736896510e-02
-1.969149332672817110e-01 5.495721366170845668e-02 1.386676015206218283e-02
-2.060260683731307829e-01 -2.689087318867562290e-02 -3.648743264930638056e-03
-1.824131934215540429e-01 -1.058760394769289043e-01 -2.075694617680622078e-02
-1.296711545726845494e-01 -1.699735096379803023e-01 -3.485327977647707104e-02
1.086852589689302206e-01 -1.950321512800044788e-01 -4.174406714243680122e-02
1.743123886531050548e-01 -1.433789469629517255e-01 -3.106973825800411065e-02
2.147604460891598399e-01 -7.112856881865295411e-02 -1.581351095269731971e-02
2.238715811950089396e-01 1.071951803173108037e-02 1.701992464295500312e-03
2.002587062434322274e-01 8.970468431998435133e-02 1.881019537617106135e-02
-1.002467979776072368e-02 2.020530944930585826e-01 4.426467699573769649e-02
-9.083974614705199457e-02 1.788607961230600230e-01 3.979731634180167649e-02
-1.820365287051066983e-01 1.010693157948739929e-01 1.699120361362621220e-02
-1.820365287051066983e-01 1.010693157948739929e-01 1.699120361362621220e-02
-2.247842862455685653e-01 2.814085924386913740e-02 2.108755370054601896e-02
-2.365139811898844258e-01 -5.566980298739600264e-02 2.203506969228641310e-02
-2.154398738127316082e-01 -1.376032573197563391e-01 1.968950086835878979e-02
-1.647703059250225921e-01 -2.051858780597231036e-01 1.440793881957176323e-02
-9.221925991688428859e-02 -2.481288238376188615e-01 6.994453490373990848e-03
-8.831974866186061493e-03 -2.598944204375319145e-01 -1.422319181276042151e-03
7.269659098572470168e-02 -2.386914624325242040e-01 -9.561001854353873633e-03
1.399544525461843825e-01 -1.877479079735652756e-01 -1.618255386922555841e-02
1.827022100866462773e-01 -1.148194514225604479e-01 -2.027890395614537211e-02
1.944319050309621377e-01 -3.100878919129528011e-02 -2.122641994788576972e-02
1.733577976538093479e-01 5.092466514106497311e-02 -1.888085112395813600e-02
-1.651240510057376543e-01 7.730432294208265664e-02 2.246234449972212346e-02
-1.651240510057376543e-01 7.730432294208265664e-02 2.246234449972212346e-02
-2.058088928530007466e-01 3.133133558279529995e-03 2.445726132903410302e-02
-2.152678273843572077e-01 -8.092918821509870186e-02 2.229948481113185055e-02
-1.920608175628630288e-01 -1.620849159148995966e-01 1.631751686057316547e-02
-1.397209202617727686e-01 -2.279788256773321309e-01 7.422057871156081434e-03
-6.621641038282694014e-02 -2.685791670708453371e-01 -3.032639163517179132e-03
1.726231676494625888e-02 -2.777049061612880676e-01 -1.345494139198223985e-02
9.800638170984447839e-02 -2.539667318971712828e-01 -2.225814777836026409e-02
1.637232325107781938e-01 -2.009785661231212051e-01 -2.810204995158980049e-02
2.044080743580413140e-01 -1.268073767393181062e-01 -3.009696678090177310e-02
2.138670088893977750e-01 -4.274505496593987430e-02 -2.793919026299953451e-02
1.906599990679036238e-01 3.841067273386097880e-02 -2.195722231244084943e-02
1.383201017668133914e-01 1.043045824962935270e-01 -1.306176332302376800e-02
-1.520252233637004180e-01 1.409321804487823349e-01 1.258256143474108593e-02
-1.520252233637004180e-01 1.409321804487823349e-01 1.258256143474108593e-02
1.650208588751187200e-01 -1.498263947429169241e-01 -1.370494561237874630e-02
2.050981668562460725e-01 -8.502590757369804519e-02 2.185327518704854866e-02
2.149403720034643861e-01 -7.958028488169477735e-03 5.399909653137689031e-02
-1.025461827819725176e-03 1.271044979220243287e-01 -1.443010425207266745e-01
-1.025461827819725176e-03 1.271044979220243287e-01 -1.443010425207266745e-01
-3.293915695726084940e-03 6.020558090122346551e-02 -1.906329570792192341e-01
-4.430606580162990693e-03 -1.935186813756943625e-02 -2.078543833974828559e-01
-4.262483598103447915e-03 -9.945594876826960307e-02 -1.933435154311801962e-01
-2.815141949527397852e-03 -1.679115408601520032e-01 -1.493095012868351779e-01
-3.089262802458258433e-04 -2.142969010687152398e-01 -8.245612044859214340e-02
2.874614792994762899e-03 -2.315502787865428569e-01 -2.961194121667200078e-03
6.250816000665184238e-03 -2.170450036583541076e-01 7.707289578396708807e-02
9.305681314237774365e-03 -1.729893723317692533e-01 1.454616845910094158e-01
1.157413518214413413e-02 -1.060904553109684179e-01 1.917935991495020032e-01
1.271082606658104075e-02 -2.653300627217549876e-02 2.090150254677656250e-01
1.254270308452150318e-02 5.357107435852453969e-02 1.945041575014630209e-01
1.109536143594545138e-02 1.220266664504070508e-01 1.504701433571180302e-01
1.889781643805593658e-01 -1.675388785772241318e-01 -3.315582817384222364e-02
1.889781643805593658e-01 -1.675388785772241318e-01 -3.315582817384222364e-02
1.240979350781822727e-01 -2.215086011891541085e-01 -2.686981461780107300e-02
4.383367746574366730e-02 -2.464736658150778748e-01 -1.706759151730087576e-02
-3.959510283256972851e-02 -2.386333676745728827e-01 -5.241458482019123455e-03
-1.134871303001164372e-01 -1.991813210870513329e-01 6.808162937585484492e-03
-1.665930135878594121e-01 -1.341237425117705606e-01 1.724682711046829353e-02
-1.908278633712706118e-01 -5.336505853839873526e-02 2.448534204303428469e-02
8.568989797461494529e-02 1.766524219417840991e-01 -2.305475668251174420e-03
1.595819254421616817e-01 1.372003753542626048e-01 -1.435509708785578410e-02
2.126878087299047260e-01 7.214279677898169374e-02 -2.479376126073860875e-02
2.369226585133158980e-01 -8.615887194390055293e-03 -3.203227619330458603e-02
2.285969386023313232e-01 -9.278089901020029895e-02 -3.496864360437183794e-02
-1.832457392032645349e-01 1.615411344115527947e-01 1.647686085034726078e-02
-1.832457392032645349e-01 1.615411344115527947e-01 1.647686085034726078e-02
-2.268459902718867605e-01 9.087403091253402898e-02 2.481525551062090107e-04
-2.394956994679690587e-01 8.731711778419623537e-03 -1.558903935646096736e-02
-2.192690632363073489e-01 -7.238039952459859872e-02 -2.862364598032034191e-02
-1.692454035882580698e-01 -1.401137193337561315e-01 -3.687126661699261648e-02
4.994786047562859571e-02 2.151538008810056912e-01 4.471595950186307844e-02
-3.344598663426062018e-02 2.288008612455561253e-01 4.054266455198605318e-02
-1.153326892500398659e-01 2.099745963666388715e-01 3.062641180491879056e-02
-6.639656671852203762e-02 1.956451476223043107e-01 -1.276326739804813648e-01
-6.639656671852203762e-02 1.956451476223043107e-01 -1.276326739804813648e-01
-1.337853419345750861e-01 2.043959492893110408e-01 -7.713429386707769397e-02
-2.198699836312404954e-01 8.586013594531455295e-02 1.143559719449036005e-01
-1.952313375587452771e-01 1.824376628943841921e-02 1.589527613280761198e-01
-1.466796289410187137e-01 -4.757440051621901478e-02 1.808299288242315728e-01
-8.160641529277493089e-02 -1.015741452186643412e-01 1.766568739990974912e-01
-9.918503501808523942e-03 -1.355344961958548644e-01 1.470689066209643348e-01
5.291345072444546271e-03 1.616847966451137597e-01 -1.572206413586145768e-01
-9.083703547478583218e-02 -1.458649107926983657e-01 -1.167809230994133057e-01
-1.590281349328258598e-01 -9.668900844329963995e-02 -1.263539758119853473e-01
-2.083896628647470273e-01 -2.868573354755956165e-02 -1.164074729545908904e-01
-2.314067741062791617e-01 4.779203174286757172e-02 -8.845567942199532296e-02
-2.245753221215321671e-01 1.211012409351829300e-01 -4.675400239589690837e-02
-1.889353335479171947e-01 1.800812314794926761e-01 2.348855823124424043e-03
-1.299126735684662248e-01 2.157528344703713297e-01 5.137743018974086362e-02
-5.649300712330561358e-02 2.226853717163439494e-01 9.286756470176843470e-02
2.014618712222258912e-02 1.998234272653178212e-01 1.205027624887568399e-01
1.612256085644979409e-01 -1.913824635645011707e-01 -2.886252569416643612e-02
1.612256085644979409e-01 -1.913824635645011707e-01 -2.886252569416643612e-02
9.574284748903473530e-02 -2.446957812884720807e-01 -2.333670424739772362e-02
1.511486645664329373e-02 -2.688479630771087314e-01 -1.458242889453142607e-02
-6.838345531496292651e-02 -2.601620581931644027e-01 -3.932458700337758926e-03
-1.420402552502286198e-01 -2.199604169172958423e-01 6.991844915337518986e-03
-1.946419532595636270e-01 -1.543633747049682203e-01 1.652735575606672364e-02
-2.181804176566266018e-01 -7.335748659434015995e-02 2.322237873596985636e-02
-2.090721306136757995e-01 1.072483526994966185e-02 2.605765729689108953e-02
-1.687037462661728215e-01 8.508281959220877211e-02 2.460154597979434879e-02
1.345621175485537113e-01 1.136607729450034437e-01 -1.125282462970960545e-02
1.871638155578887741e-01 4.806373073267573848e-02 -2.078833547043882485e-02
2.107022799549517211e-01 -3.294215737795224558e-02 -2.748335845034194022e-02
2.015939929120009466e-01 -1.170244792422419494e-01 -3.031863701126318034e-02
-2.146510740573239276e-02 -1.730499432467292875e-01 -5.323680453711288063e-04
-1.047880744889336802e-01 -1.638608749773702300e-01 1.108938777520625946e-02
-1.782108424667750712e-01 -1.231808587529993337e-01 2.188079407917354474e-02
-2.305554604936792817e-01 -5.720305827851180497e-02 3.019895708109347071e-02
-2.538529349801942336e-01 2.402800441410238991e-02 3.477751186825909363e-02
-2.445564366278801804e-01 1.081456363913096963e-01 3.491941497902693869e-02
-2.040812730379094331e-01 1.823436907128130058e-01 3.060306295113753711e-02
-1.385894209585834536e-01 2.353261862152007389e-01 2.248558125300845201e-02
-5.805142118386212580e-02 2.590270182457520831e-01 1.180278288802501241e-02
2.527154589933909568e-02 2.498379499763930811e-01 1.810270674476345543e-04
9.869431387718050064e-02 2.091579337520222681e-01 -1.061037923651967675e-02
1.510389319040848499e-01 1.431801332775345659e-01 -1.892854223843960099e-02
1.743364063905997741e-01 6.194907058492045426e-02 -2.350709702560521697e-02
1.650399080382857209e-01 -2.216856139228675499e-02 -2.364900013637307591e-02
-1.892864253073355818e-01 -1.473576667989849875e-01 4.867851547670492413e-02
1.925674663007972132e-01 -1.831131301968389746e-01 -3.553854727071294184e-02
1.925674663007972132e-01 -1.831131301968389746e-01 -3.553854727071294184e-02
1.278781572183245729e-01 -2.373394264255255792e-01 -2.951482749873526185e-02
4.771389437577783221e-02 -2.626371899620821848e-01 -1.975792045296398403e-02
-3.572103989991746997e-02 -2.551550656328653854e-01 -7.753226784535152336e-03
-1.097244332048494253e-01 -2.160321390413726395e-01 4.671647718352029896e-03
-1.630299397507728731e-01 -1.512245211109459753e-01 1.562512854440082505e-02
-1.875222793816911648e-01 -7.059858418897338450e-02 2.343964753139624740e-02
-1.794727154124086121e-01 1.357110370411303280e-02 2.692551500235926959e-02
8.818178521294522954e-02 1.605124060227381411e-01 -2.233281251874685760e-03
1.621851785178771987e-01 1.213894794312453951e-01 -1.465815575476187189e-02
2.154906850638007576e-01 5.658186150081860599e-02 -2.561163658081067745e-02
2.399830246947189938e-01 -2.404407542115389110e-02 -3.342615556780609287e-02
2.319334607254365244e-01 -1.082137633142402494e-01 -3.691202303876911506e-02
-1.783643459802480014e-01 1.016429081215313029e-01 2.877527720790899399e-02
-1.783643459802480014e-01 1.016429081215313029e-01 2.877527720790899399e-02
-2.176551894731468817e-01 2.683123810994326314e-02 3.340882313385946933e-02
-2.257194733362570260e-01 -5.741095191501568995e-02 3.291198741856211918e-02
-2.013294834543351841e-01 -1.382585521793997518e-01 2.736040879584400454e-02
-1.481983746910951472e-01 -2.034032484282778941e-01 1.759926478582837794e-02
-7.441487672103985762e-02 -2.429273511959004761e-01 5.114601079049360677e-03
8.788141738964340421e-03 -2.508136741227806610e-01 -8.192905448894279713e-03
8.874377536562245983e-02 -2.258615960329963812e-01 -2.029730756197019662e-02
1.532795037388993697e-01 -1.718698446245661149e-01 -2.935581976514096622e-02
1.925703472317982778e-01 -9.705817461297812365e-02 -3.398936569109145545e-02
2.006346310949084222e-01 -1.281598458801914281e-02 -3.349252997579411917e-02
-1.138286176069709665e-01 1.556346595299616387e-01 1.971676500473819663e-02
-1.466581906425791781e-01 1.463096376641606911e-01 7.851518488041960009e-02
-1.466581906425791781e-01 1.463096376641606911e-01 7.851518488041960009e-02
8.608379989054042170e-02 -1.555017616631232669e-01 -4.528460291137399035e-02
1.561035725279156239e-01 -1.139620685791139509e-01 -6.835492907745110980e-02
2.069472204648354630e-01 -4.755547023120344080e-02 -8.122511833163087447e-02
2.308742592017203332e-01 3.360823075945203187e-02 -8.193580102852057734e-02
2.242420139900257181e-01 1.171725966678068276e-01 -7.037878216987342173e-02
1.880601840417795712e-01 1.904157102971771043e-01 -4.831351311228164469e-02
1.278371249774971352e-01 2.421869715479698648e-01 -1.909923104760142057e-02
5.274125161632536862e-02 2.646046752024036053e-01 1.281645440794608112e-02
-2.579477006828410565e-02 2.542559290960805241e-01 4.257466946016268822e-02
-9.581454270565918641e-02 2.127162360120713469e-01 6.564499562623979378e-02
-1.792603092678748955e-01 9.045401573362585324e-02 2.082568997754565693e-02
-1.792603092678748955e-01 9.045401573362585324e-02 2.082568997754565693e-02
-2.212398659993675687e-01 1.697176720566450497e-02 2.010739831171823311e-02
-2.320258392822985016e-01 -6.688076843019609419e-02 1.625317688690121332e-02
-2.099761624594327636e-01 -1.483378027485245387e-01 9.849795976418740731e-03
-1.584476989462334784e-01 -2.149982406842101401e-01 1.872112277099269306e-03
-8.528519020590039079e-02 -2.567136348399194912e-01 -6.465344185718619775e-03
-1.626964974355946461e-03 -2.671331946064354756e-01 -1.389327124480194478e-02
7.979077032059753161e-02 -2.446706364628505603e-01 -1.928083433973173944e-02
1.465729035339115860e-01 -1.927456812629288752e-01 -2.180782582768601291e-02
1.885524602654042592e-01 -1.192634327349675061e-01 -2.108953416185860297e-02
1.993384335483352199e-01 -3.541089709910687916e-02 -1.723531273704156930e-02
1.772887567254694818e-01 4.604613721922149600e-02 -1.083193182655909845e-02
-1.872373327574660407e-01 1.111618499717950403e-01 3.000606223317558302e-02
-1.872373327574660407e-01 1.111618499717950403e-01 3.000606223317558302e-02
-2.270988984351727247e-01 3.651408675124972331e-02 3.112201205760770778e-02
-2.356590059139157256e-01 -4.761288482418052359e-02 2.767882608840919675e-02
-2.116144564276239148e-01 -1.284114959450328719e-01 2.020069817683198266e-02
-1.586258146712013761e-01 -1.935808905093912013e-01 9.826105508015355386e-03
-8.476012100882979183e-02 -2.331996189568648348e-01 -1.865514230130079030e-03
-1.262757706424862819e-03 -2.412360890259936108e-01 -1.309421791726851983e-02
7.915455857870559719e-02 -2.164668209995352921e-01 -2.215053720548553623e-02
1.442490204269377685e-01 -1.626627114005443075e-01 -2.765572957888887129e-02
1.841105861046444525e-01 -8.801494817999899745e-02 -2.877167940332100993e-02
-1.221428709092338000e-01 1.649659595707860527e-01 2.450086985977224102e-02
