-1.515695362240616073e-01 -2.780480721566692352e-04 1.352858549550419454e-01
-1.515695362240616073e-01 -2.780480721566692352e-04 1.352858549550419454e-01
-1.977855436901246600e-01 2.048783196821281263e-03 6.588908612919711083e-02
-2.139207279516511517e-01 3.957121307268030540e-03 -1.592325455256095312e-02
-1.975186534706331043e-01 5.156439080996106164e-03 -9.769597985214967251e-02
-1.510763874016301522e-01 5.464151258798104031e-03 -1.669799336143073798e-01
-8.166434375345769936e-02 4.833411451021507599e-03 -2.132272619393504043e-01
1.501230501924947450e-04 3.360244075729709907e-03 -2.293972283228662146e-01
8.191150208845317249e-02 1.268925511515371900e-03 -2.130281019640747897e-01
1.511723645714957154e-01 -1.122159948069864112e-03 -1.666119339646021658e-01
1.973883720375587958e-01 -3.448991217047813092e-03 -9.721516513875737286e-02
2.135235562990852876e-01 -5.357329327494561068e-03 -1.540282445699928983e-02
1.971214818180672679e-01 -6.556647101222635825e-03 6.636990084258934108e-02
1.506792157490643158e-01 -6.864359279024637162e-03 1.356538546047471594e-01
6.356981574688824743e-02 3.937824240411746425e-03 -2.199898801057962039e-01
1.729414946330295327e-02 -6.535366674548080679e-02 -2.190784576938668571e-01
-1.083270870147545056e-01 -1.810781870355403778e-01 -5.434321367250283946e-02
-1.244356506793366929e-01 -1.692561597073907464e-01 2.655383541068270792e-02
1.082078339525683330e-01 1.790956893942691197e-01 2.197180552518158969e-02
1.243163976171504648e-01 1.672736620661194329e-01 -5.892524355800382585e-02
4.033464868981945228e-02 1.268679958079595854e-02 2.358626210306214444e-01
1.739299977224696148e-01 -7.869863246197217332e-02 -1.104470825742467632e-01
1.739299977224696148e-01 -7.869863246197217332e-02 -1.104470825742467632e-01
1.265595328090984018e-01 -5.893747729028498555e-02 -1.761901399829307602e-01
5.987622185729277180e-02 -3.029219745525306429e-02 -2.172924243591969895e-01
-1.596800552625386033e-02 2.876222858348325903e-03 -2.274964854998947628e-01
-8.942655325202988892e-02 3.551819233025223232e-02 -2.052488475963973880e-01
-1.493160233321792207e-01 6.266426700855134979e-02 -1.539365118441725078e-01
-1.865187868463972776e-01 8.018170310325443972e-02 -8.137131621401447190e-02
-1.953710602935355145e-01 8.540362976489654367e-02 1.399346064521633792e-03
-1.745251652873256731e-01 7.753505599612574295e-02 8.177439197745059452e-02
-1.271547003739544046e-01 5.777390082443854130e-02 1.475174493861345637e-01
1.487208557673232456e-01 -6.382784347439782180e-02 1.252638212473762558e-01
1.859236192815412470e-01 -8.134527956910087010e-02 5.269862561721832400e-02
1.947758927286794839e-01 -8.656720623074298793e-02 -3.007203666131766373e-02
-7.905830423798746939e-03 -1.479738257194757878e-01 1.480226024924436445e-01
-7.905830423798746939e-03 -1.479738257194757878e-01 1.480226024924436445e-01
-1.327526229861251267e-02 -1.957876557923211303e-01 7.990541129253658781e-02
-1.663467379878859689e-02 -2.139327506002392798e-01 -1.423641146564343790e-03
-1.747262497656626445e-02 -1.996466839444185903e-01 -8.358294384070238947e-02
-1.566154536117520674e-02 -1.551043799696912029e-01 -1.540644877306285021e-01
-1.147715540658112224e-02 -8.708700067921824883e-02 -2.021380966758878628e-01
-5.556490551781561281e-03 -5.949575490895669949e-03 -2.204849995029149745e-01
1.199081650040801413e-03 7.595545812294540733e-02 -2.063120465713832452e-01
7.761086570573014556e-03 1.461588012655762603e-01 -1.617769414869801858e-01
1.313051844538678549e-02 1.939726313384216028e-01 -9.365975028707318462e-02
1.648992994556286451e-02 2.121177261463397246e-01 -1.233069784797219404e-02
1.732788112334053554e-02 1.978316594905191184e-01 6.982860484616575103e-02
1.551680150794948129e-02 1.532893555157917032e-01 1.403101487360919331e-01
1.594864822630406298e-01 -1.413673050493802763e-01 -3.601500368735080504e-02
1.594864822630406298e-01 -1.413673050493802763e-01 -3.601500368735080504e-02
1.319952296449660445e-01 -1.372706676793672420e-01 -1.146117622775448264e-01
8.438086823063646602e-02 -1.123772457860782586e-01 -1.783549344819915505e-01
2.389225292012255725e-02 -7.047683719333522334e-02 -2.175402001658587603e-01
-4.026177293621324704e-02 -1.794839928123352635e-02 -2.262019578440958301e-01
-9.831434045943632238e-02 3.721108944958476106e-02 -2.030215334292199414e-01
-1.414274724919710180e-01 8.660409686186307243e-02 -1.515279364073253698e-01
-1.630375855033790455e-01 1.227109853258091660e-01 -7.956060013437613043e-02
-1.598547356838357358e-01 1.400348083825462830e-01 1.924100827599049823e-03
-1.323634830657611783e-01 1.359381710125332210e-01 8.052085941779310585e-02
1.626693320825838840e-01 -1.240434819926431592e-01 4.546969727462451399e-02
-1.844726562065874820e-01 -4.373754023869780294e-02 9.998502317576669907e-02
-2.085693867455778172e-01 -4.658966883966013384e-02 2.021325262339979806e-02
-2.010431965443302826e-01 -4.248556041209781281e-02 -6.272549099111404680e-02
-1.630398798359007084e-01 -3.205002826027159718e-02 -1.362045357940482315e-01
-1.003450970882237142e-01 -1.687178755596258073e-02 -1.890373633033558265e-01
-2.250356064501228201e-02 7.384121446928470361e-04 -2.131806544615186816e-01
5.863406120553971840e-02 1.809957757412768847e-02 -2.049588120491859511e-01
1.307153010510593572e-01 3.256862867506701842e-02 -1.656235370424481990e-01
1.827664435431325674e-01 4.194278357966767234e-02 -1.011632684859253284e-01
2.068631740821228748e-01 4.479491218063000324e-02 -2.139149793355841003e-02
1.993369838808753403e-01 4.069080375306765446e-02 6.154724568095540360e-02
1.613336671724457938e-01 3.025527160124146658e-02 1.350262904838896438e-01
-4.598395125470599969e-03 3.181625094823193473e-02 2.325988110241764550e-01
-4.439781683055077366e-02 -1.235827640479692097e-01 1.577569263049927173e-01
-4.439781683055077366e-02 -1.235827640479692097e-01 1.577569263049927173e-01
-6.525436030230791218e-02 -1.739086868251442375e-01 9.460176563575967146e-02
-7.613208898664526603e-02 -1.977306927593115438e-01 1.541555926076934591e-02
-7.537496729822858177e-02 -1.914220973940157500e-01 -6.774631072413431210e-02
-6.309826015079404715e-02 -1.559433271860637127e-01 -1.422232034779782883e-01
-4.117098491891125339e-02 -9.669570328376334012e-02 -1.966766872137039324e-01
-1.293137048538930620e-02 -2.269913934519183357e-02 -2.228167126546063137e-01
1.732135784501034198e-02 5.478105855052594481e-02 -2.166636978872286401e-01
4.498149642564957390e-02 1.239492326335096956e-01 -1.791543836326865424e-01
6.583803989740670548e-02 1.742751554106846679e-01 -1.159992229634535243e-01
7.671576858174405933e-02 1.980971613448520019e-01 -3.681301658846322655e-02
7.595864689332737507e-02 1.917885659795562359e-01 4.634885339644030655e-02
6.368193974589289597e-02 1.563097957716042263e-01 1.208257461502843522e-01
3.174989873042166795e-03 -1.531385449410371247e-01 1.347500195536623369e-01
3.174989873042166795e-03 -1.531385449410371247e-01 1.347500195536623369e-01
2.196066314272055418e-03 -1.987442429290236789e-01 6.491504263740280334e-02
8.748103539412932202e-04 -2.141514888239373915e-01 -1.705222545066274048e-02
-5.876287652048639695e-04 -1.970146691053094867e-01 -9.867301117926187415e-02
-1.968607944320044725e-03 -1.499427092296434505e-01 -1.675212898154804786e-01
-3.057885621991390454e-03 -8.010188837963061470e-02 -2.131155350481542254e-01
-3.689629146120178282e-03 1.875161578932110990e-03 -2.285144363534708234e-01
-3.767661291927106460e-03 8.350817791366203779e-02 -2.113736505990837233e-01
-3.280102372576235072e-03 1.523692738927322488e-01 -1.643027070344886265e-01
-2.301178813806122395e-03 1.979749718807188030e-01 -9.446773011822912069e-02
-9.799228534753613891e-04 2.133822177756325156e-01 -1.250046203016351096e-02
4.825162656707954753e-04 1.962453980570046386e-01 6.912032369843550128e-02
1.863495444785974713e-03 1.491734381813386301e-01 1.379686023346541335e-01
1.552003621772585218e-02 -2.907180250875109062e-02 2.334830024020246031e-01
2.988742368875616298e-02 2.053488398814744265e-03 2.421789802710700434e-01
-7.789509746731987372e-02 -1.667697927175345318e-01 1.020475121118654960e-01
-9.078090142432278242e-02 -1.910215339931978229e-01 2.330550630299840775e-02
-8.979814247708330088e-02 -1.861850870517770817e-01 -5.994194016329339181e-02
-7.509643676658663003e-02 -1.529967570976028535e-01 -1.350211582024983814e-01
-4.891398571596174139e-02 -9.650916651323795947e-02 -1.905020174629540042e-01
-1.523683015315648731e-02 -2.532203890386822837e-02 -2.179380600574974403e-01
2.080798827156747979e-02 4.972703086489857482e-02 -2.131523972094548636e-01
5.373297270013854821e-02 1.172125022422792207e-01 -1.768736027052990600e-01
7.852559271903389315e-02 1.668603239683889849e-01 -1.146247941401966203e-01
9.141139667603677410e-02 1.911120652440522760e-01 -3.588278833132953899e-02
9.042863772879732032e-02 1.862756183026315349e-01 4.736465813496221200e-02
7.572693201830064946e-02 1.530872883484573344e-01 1.224438761741673126e-01
3.403366809215871425e-02 -1.886409648943497899e-02 2.340874960821096862e-01
-5.137174096999998739e-03 -3.241921149376998657e-02 2.432271135238704696e-01
-1.858761872686852112e-01 -9.960764943192997045e-02 4.182651902203823185e-02
-1.835953762186683658e-01 -9.619438252178195981e-02 -4.143371595938235424e-02
-1.532804981218204576e-01 -7.820534772271994783e-02 -1.169752410444543506e-01
-9.954671836333235657e-02 -4.837921251189467031e-02 -1.732975438246056044e-01
-3.057451781350745135e-02 -1.125673560056530270e-02 -2.018260642645041680e-01
4.313571122849846340e-02 2.751052241760950853e-02 -1.982175937388573339e-01
1.103622545759300466e-01 6.202059793543163169e-02 -1.630214891743279604e-01
1.608704804142738753e-01 8.701964478992627039e-02 -1.015960384373833930e-01
1.869709692178494476e-01 9.870178471442063450e-02 -2.329270957962585598e-02
1.846901581678326021e-01 9.528851780427263773e-02 5.996752540179470237e-02
-3.022942548298586732e-02 -2.569806408332528727e-02 2.391680426446356478e-01
-1.997639709036260203e-01 -6.638743066780543323e-02 1.831810086460737910e-02
-2.057040703425865036e-01 -4.785889449866281842e-02 -6.291702762213990940e-02
-1.279001526760350227e-01 7.495389018560952125e-03 -1.960752288059151027e-01
-5.600107674098561000e-02 3.589394848897439760e-02 -2.277261724548127753e-01
2.428239200880469295e-02 5.895755678711031567e-02 -2.283362150319420414e-01
1.007278232276367785e-01 7.317498862170737639e-02 -1.978124830849846416e-01
1.979081826680856304e-01 6.808969432947734046e-02 -6.598391876201997741e-02
2.038482821070461137e-01 4.956115816033473953e-02 1.525120972472726946e-02
-1.682487635482654287e-01 1.267727260265189004e-01 5.244275911964427217e-02
-1.682487635482654287e-01 1.267727260265189004e-01 5.244275911964427217e-02
-1.668656690413508614e-01 1.277708455123297004e-01 -3.089818442993853137e-02
-9.243453283269177645e-02 7.423615205901197556e-02 -1.662889747306457999e-01
-3.071795689878555752e-02 2.785351090494653931e-02 -1.977268009790579539e-01
3.551068701801999433e-02 -2.276413273706650794e-02 -1.972339097852790490e-01
9.616868824554343498e-02 -6.991070147261296830e-02 -1.648853393654921284e-01
1.660882080315460863e-01 -1.267012333675155422e-01 -2.842025306613273072e-02
1.647051135246315468e-01 -1.276993528533262867e-01 5.492069048345007282e-02
5.178763134108064353e-04 3.786185770771235276e-02 2.308508788391800126e-01
-2.600522254959204693e-02 6.734337652094902343e-03 2.433725437061559638e-01
2.997427971314198941e-02 -1.499745684534708459e-03 2.347235231992182147e-01
-4.962648101490428967e-03 5.572066702613795788e-04 -1.965465249908991130e-01
-3.360221502171843733e-02 -2.193544746115307087e-03 2.373236188877072272e-01
4.049691849812083605e-02 -1.676996171736367947e-01 1.307222627997637610e-01
4.049691849812083605e-02 -1.676996171736367947e-01 1.307222627997637610e-01
4.692706403079353189e-02 -2.025175010841379908e-01 5.523727715645669611e-02
4.619715424783078089e-02 -2.065721366119806224e-01 -2.803722093024364065e-02
3.841831129704000036e-02 -1.792462422534132072e-01 -1.064234440118420610e-01
2.477479350229210703e-02 -1.246999377146783966e-01 -1.679878001970468715e-01
7.343702769040722292e-03 -5.123740339831675539e-02 -2.033576743389391983e-01
-1.122123535180763465e-02 2.995735578553765377e-02 -2.071483237281234735e-01
-2.809367732293693853e-02 1.065231737834679004e-01 -1.787826563574186345e-01
-4.070494680331008391e-02 1.668035988761574495e-01 -1.225790879485995077e-01
-4.713509233598280057e-02 2.016214827866586734e-01 -4.709410230529244984e-02
-4.640518255302004957e-02 2.056761183145013050e-01 3.618039578140789386e-02
-3.862633960222926210e-02 1.783502239559338898e-01 1.145666188630062310e-01
-1.357311624286334228e-01 -1.190861104463543235e-01 9.705287381517981038e-02
-1.673994023368026440e-01 -1.281597054000150337e-01 2.044623304280192982e-02
-1.736251330897596035e-01 -1.178310310386515986e-01 -6.206645517677558677e-02
-1.534605436167562897e-01 -8.967253440411533660e-02 -1.379233820415034506e-01
-1.099755098725988256e-01 -4.797109135160682741e-02 -1.955760180809811288e-01
-4.979023405202259722e-02 9.246314386521523390e-04 -2.262472720806453508e-01
1.793262118217361228e-02 4.957070341267556107e-02 -2.252677236546570538e-01
8.288286502979477777e-02 9.056120109015883268e-02 -1.927865001712443793e-01
1.351724116404672271e-01 1.176556927794919077e-01 -1.337485734627328060e-01
1.668406515486365038e-01 1.267292877331526457e-01 -5.714193269035489769e-02
1.730663823015934633e-01 1.164006133717891828e-01 2.537075552922259114e-02
1.529017928285901495e-01 8.824211673725292082e-02 1.012276823939504411e-01
-3.594633799915472605e-02 -1.934214610467373946e-02 2.343242434090910820e-01
7.099179170699246311e-02 3.222155655670203012e-02 2.427839099402773204e-01
9.833203157221107049e-02 -4.718496169480937419e-02 2.284624116815729411e-01
-2.079261837914816308e-02 -4.544181118943090708e-02 2.417630365383375002e-01
2.389789245276992269e-02 -1.977226164892125632e-02 2.106941656964328446e-01
6.301004113990671396e-02 1.080617317188026505e-01 -1.734160662395204111e-01
6.301004113990671396e-02 1.080617317188026505e-01 -1.734160662395204111e-01
2.546371274702190907e-02 4.243625073464818431e-02 -2.085806936245976906e-01
-1.600129592365930054e-02 -2.982023929358271208e-02 -2.121351632136918852e-01
-5.507231318326528263e-02 -9.770734276580506084e-02 -1.835383392332104457e-01
-8.580113083367446603e-02 -1.508898635764985008e-01 -1.271438289033267333e-01
-1.035095649450377131e-01 -1.812712450329865277e-01 -5.153718520425647903e-02
-1.055016669512549299e-01 -1.842261972164276618e-01 3.177116573674874239e-02
-9.147415738032921295e-02 -1.593048554436011510e-01 1.100982826810028153e-01
8.524857456883809526e-02 1.486503272084069571e-01 1.252473347746326793e-01
1.029570086802013978e-01 1.790317086648950673e-01 4.964069107556225158e-02
1.049491106864185730e-01 1.819866608483361459e-01 -3.366765986544288658e-02
9.092160111549288382e-02 1.570653190755097184e-01 -1.119947768096969110e-01
4.751144521894266892e-02 1.213462661899040590e-01 -1.812378178549416963e-01
4.751144521894266892e-02 1.213462661899040590e-01 -1.812378178549416963e-01
2.308433342827685003e-02 5.075006077232844387e-02 -2.183286521031401750e-01
-4.846339934238767799e-03 -2.763208259207495035e-02 -2.240168048911833631e-01
-3.202838304134565661e-02 -1.018671931119747021e-01 -1.974363065203250112e-01
-5.432357623582122902e-02 -1.606536481536686989e-01 -1.426337969147106199e-01
-6.833767846023612591e-02 -1.950417428376009232e-01 -6.795246137580837620e-02
-7.193716968907619413e-02 -1.997962014769973371e-01 1.523814374857643608e-02
-6.457406001221976943e-02 -1.741932008432847123e-01 9.427300295296955901e-02
-4.736931613121282691e-02 -1.221305656911670506e-01 1.571197753762849092e-01
5.446570532355107103e-02 1.598693486524056240e-01 1.185157544360539578e-01
6.847980754796598180e-02 1.942574433363379038e-01 4.383441889715153361e-02
7.207929877680602226e-02 1.990119019757343177e-01 -3.935618622723317805e-02
6.471618909994962532e-02 1.734089013420217484e-01 -1.183910454316262212e-01
-1.296977567943357473e-02 4.865544735020380790e-02 -1.916585301712743494e-01
1.607974839291466049e-02 -2.939153196892509493e-02 -1.951681613316921249e-01
-2.552599802043494653e-02 2.138332696406263639e-02 2.405090439784060008e-01
