-2.583412709048530376e-01 -5.376914818434381377e-02 1.489383071119419200e-01
-2.583412709048530376e-01 -5.376914818434381377e-02 1.489383071119419200e-01
-2.886207144138505098e-01 -1.123383473516119113e-01 9.510370052619364356e-02
-2.908562381947081277e-01 -1.618906000102362241e-01 2.593045897692784763e-02
-2.647075040168639370e-01 -1.948820248852299319e-01 -4.805041856697582492e-02
-2.141554196200291249e-01 -2.062899766073865715e-01 -1.155760141377830258e-01
-1.468960815978355705e-01 -1.943776979403476490e-01 -1.663661679308864882e-01
-7.316911445674481596e-02 -1.609587253260948425e-01 -1.926885394451768319e-01
-4.198780607366461859e-03 -1.111207944014069582e-01 -1.905357862304953576e-01
4.951481183936483343e-02 -5.245127836759894135e-02 -1.602356454490207749e-01
7.979425534836227796e-02 6.117920799669190890e-03 -1.064010388632724846e-01
5.328960554540962402e-03 1.000695500554438649e-01 1.042786758007041570e-01
-6.193037746765273077e-02 8.815727138840491472e-02 1.550688295938076611e-01
-1.356573446087434021e-01 5.473829877415213596e-02 1.813912011080979492e-01
-2.046276784581216868e-01 4.900367849464355718e-03 1.792384478934165026e-01
7.018603951655945361e-02 -2.067642892172426861e-01 2.082793060464401685e-02
-1.604698199593496410e-01 -1.586409061261566111e-01 7.017224488260681570e-02
-2.291924153001298481e-01 -8.799996657040141945e-03 5.224664508037821231e-02
-1.093947563283391156e-01 1.847888766542405692e-01 -2.601391904493039614e-02
-4.710728030726274440e-02 -1.220775271626990538e-01 1.705788578681655399e-01
-4.710728030726274440e-02 -1.220775271626990538e-01 1.705788578681655399e-01
-1.724618760971011189e-01 -1.118885704858901681e-01 6.222355557556354805e-02
-1.959317328943895598e-01 -3.549782665842672602e-02 -8.328273685922582548e-02
-1.037685268942308697e-01 6.234604262533184615e-02 -1.807044067385286390e-01
-2.919859294578679501e-02 1.009342660299829275e-01 -1.913102844757266496e-01
5.003978578026745117e-02 1.243274257340202249e-01 -1.729731611160838789e-01
1.067010323672356320e-01 -6.009614405401066117e-02 1.783101034906103000e-01
3.213109841879163708e-02 -9.868436745866168702e-02 1.889159812278083383e-01
1.144453692591171703e-02 -1.274758642621217630e-01 1.660898997333951910e-01
1.144453692591171703e-02 -1.274758642621217630e-01 1.660898997333951910e-01
-6.229545258118351220e-02 -1.370026967832377041e-01 1.263250571760023144e-01
-1.216064609925034123e-01 -1.235830751096812230e-01 6.791523497650318875e-02
-1.643946317712832728e-01 -3.925889119401804184e-02 -6.778513754679894865e-02
-1.413576830134080087e-01 1.880807844755965144e-02 -1.244165362808693220e-01
-9.185524527735483558e-02 7.610072418311550346e-02 -1.615197800314421006e-01
-2.342361596772232074e-02 1.238967600585381135e-01 -1.734462362792346390e-01
5.351910968736240531e-02 1.549196728839384585e-01 -1.583802101741156598e-01
1.272590991944576033e-01 1.644465054050543995e-01 -1.186153676167227972e-01
1.865701076057775520e-01 1.510268837314978907e-01 -6.020554541722367842e-02
2.224225715463287734e-01 1.167038236138946278e-01 7.956890480864625345e-03
2.293582783845574125e-01 6.670269981583473728e-02 7.549482710607839653e-02
2.063213296266821206e-01 8.635730174256991964e-03 1.321262258401488809e-01
1.568188918906290030e-01 -4.865691556129882189e-02 1.692294695907216040e-01
8.838726258099656452e-02 -9.645295143672137639e-02 1.811559258385141702e-01
-1.236613502311933455e-01 -1.638177428922956980e-01 1.682989243318181449e-01
-1.236613502311933455e-01 -1.638177428922956980e-01 1.682989243318181449e-01
-1.910936020163686577e-01 -1.782166375799363045e-01 1.183916102513752344e-01
-2.410956064175280578e-01 -1.713558371241084843e-01 4.985034005056288714e-02
-2.660550115338936594e-01 -1.442798362009009017e-01 -2.689009921070679987e-02
-2.621719741940695125e-01 -1.011107105063124151e-01 -1.001466713087197646e-01
-2.300376516332228727e-01 -4.842056809824520081e-02 -1.587667272140332320e-01
-1.745442031628831048e-01 5.768994479002788334e-03 -1.938258948071932830e-01
-1.041400032632963935e-01 5.320810755265360792e-02 -1.999867336342869284e-01
-2.954345315351349088e-02 8.667459619387482550e-02 -1.763113118320321915e-01
3.788879863166180750e-02 1.010734908815154598e-01 -1.264039977515893087e-01
7.683284824851599470e-02 -2.872257860017567860e-02 1.507543397138192409e-01
2.133939977817626843e-02 -8.291214117742362610e-02 1.858135073069792087e-01
-4.906480012141034575e-02 -1.303512542510744110e-01 1.919743461340728818e-01
-1.451191407430944269e-01 9.659510336428202282e-02 9.518657725177843976e-02
-1.451191407430944269e-01 9.659510336428202282e-02 9.518657725177843976e-02
-1.771294434947293384e-01 2.896132914811069825e-02 5.636677674042590153e-02
-1.774351249303391664e-01 -4.080733005326418750e-02 9.057110066278782970e-03
-1.459896478223614014e-01 -1.020892283309038501e-01 -3.953995488272039893e-02
-8.758030100652589023e-02 -1.455547521938289068e-01 -8.202595550157727733e-02
-1.109937805349609993e-02 -1.645866696498640425e-01 -1.119327833326255600e-01
7.180959381842208500e-02 -1.562875437910892229e-01 -1.247073949446575181e-01
1.485244752134308177e-01 -1.219208412977396405e-01 -1.184049715218839782e-01
2.073661208612714302e-01 -6.671858108949392518e-02 -9.398499989881152483e-02
2.393764236129063694e-01 9.151931266774063212e-04 -5.516519938745900048e-02
2.396821050485161975e-01 7.068385232805231289e-02 -7.855532713311881923e-03
2.082366279405384879e-01 1.319657506056918783e-01 4.074153223568725141e-02
1.498272811247029213e-01 1.754312744686170322e-01 8.322753285454415062e-02
7.334635817167303729e-02 1.944631919246521123e-01 1.131343606855924749e-01
-9.562613700245050502e-03 1.861640660658772928e-01 1.259089722976244052e-01
-8.627749509525367566e-02 1.517973635725278214e-01 1.196065488748508654e-01
-2.470351864229216876e-01 5.818259963399983331e-02 8.323097610655440237e-02
-2.470351864229216876e-01 5.818259963399983331e-02 8.323097610655440237e-02
-2.811602771476402474e-01 -6.565721050789015412e-03 3.977993369616984742e-02
-1.935498066651176463e-01 -1.847996780427068608e-01 -9.918384668920093850e-02
-1.159168514289435903e-01 -2.085633675027773193e-01 -1.247430184199729702e-01
-3.113424618957211926e-02 -2.057400442123601125e-01 -1.317286200005273189e-01
4.789062596153299822e-02 -1.767595335489318409e-01 -1.190771569148605658e-01
1.091269446016157330e-01 -1.260338555520161274e-01 -8.871469973196703662e-02
1.432520353263343205e-01 -6.128553486722727872e-02 -4.526365732158249555e-02
5.564156484381177492e-02 1.169484221246905875e-01 9.370012306378827649e-02
-2.199139039236240600e-02 1.407121115847611015e-01 1.192592947945603638e-01
-1.067739956317338701e-01 1.378887882943438670e-01 1.262448963751147124e-01
-1.857988677828388280e-01 1.089082776309156231e-01 1.135934332894479870e-01
-3.372515103702643235e-02 1.996764675372358355e-01 -9.470337908091075452e-02
-3.372515103702643235e-02 1.996764675372358355e-01 -9.470337908091075452e-02
-1.019670438922132133e-01 1.503104790144003944e-01 -9.152994174751644119e-02
-1.476659666204678811e-01 8.164726047168141543e-02 -7.418063776619450433e-02
-1.638646724981797642e-01 4.140164498581747066e-03 -4.529674139626903295e-02
-1.027635920870678538e-01 -1.306566539290439921e-01 2.839899662024476107e-02
-3.476589140816260803e-02 -1.674247827141659151e-01 6.199133020734752531e-02
4.554401311194230390e-02 -1.751178281983171714e-01 8.638730846104562822e-02
1.259396665211582333e-01 -1.525645939441667154e-01 9.787286484230714456e-02
1.941815593763450143e-01 -1.031986054213312742e-01 9.469942750891280348e-02
2.398804821045996682e-01 -3.453538687861226752e-02 7.735012352759088050e-02
2.560791879823115513e-01 4.297170909448733839e-02 4.846622715766543688e-02
2.403115708812335050e-01 1.175229297396378769e-01 1.244504978828494916e-02
1.949781075711995437e-01 1.777685275221131955e-01 -2.522951085884843000e-02
1.269804068922943951e-01 2.145366563072350630e-01 -5.882184444595116302e-02
4.667050237218962200e-02 2.222297017913863471e-01 -8.321782269964923817e-02
-1.043123425546646360e-01 -2.731458756982151070e-02 1.723967871690129106e-01
-1.043123425546646360e-01 -2.731458756982151070e-02 1.723967871690129106e-01
-1.495643613778825376e-01 -5.977716354164206575e-02 1.091132986957628059e-01
-1.683080966033820292e-01 -8.122448950715394078e-02 2.977195664527492597e-02
-1.576899844554637831e-01 -8.839140450860197284e-02 -5.354823888632060519e-02
-1.193265362552220071e-01 -8.018681070526198496e-02 -1.281625434287917420e-01
-5.905823922561970196e-02 -5.785978312886445180e-02 -1.827116054959021796e-01
1.393960474405934145e-02 -2.480940933290690098e-02 -2.088908248764134168e-01
8.855373563653488878e-02 1.393269087456063850e-02 -2.027146527348572536e-01
1.534248284022083353e-01 5.246838393496416897e-02 -1.651233552926457127e-01
1.986768472254262230e-01 8.493095990678473095e-02 -1.018398668193956497e-01
2.174205824509257146e-01 1.063782858722965852e-01 -2.249852476890778358e-02
2.068024703030074962e-01 1.135452008737446450e-01 6.082167076268768513e-02
1.684390221027657897e-01 1.053406070704046849e-01 1.354359753051588289e-01
1.081707250731633596e-01 8.301357949400706149e-02 1.899850373722694330e-01
3.517288110348438385e-02 4.996320569804958006e-02 2.161642567527806147e-01
-3.944124978899109235e-02 1.122110549058208222e-02 2.099880846112244792e-01
9.592745664034960096e-02 -6.344847325492200540e-02 -1.418799913253297740e-01
9.592745664034960096e-02 -6.344847325492200540e-02 -1.418799913253297740e-01
4.175274331218889468e-02 -1.233701293383231423e-01 -1.687086488854044886e-01
-2.949690258000433468e-02 -1.699098227324079002e-01 -1.703897787028821054e-01
-1.069743683287920077e-01 -1.959823070012980395e-01 -1.466674440025313997e-01
-1.788844121088971617e-01 -1.976182827627134819e-01 -1.011531551989811456e-01
-2.342793816209688962e-01 -1.745686875371360025e-01 -4.077605017451654129e-02
-2.647258949134433381e-01 -1.303426132525586367e-01 2.527200415070770395e-02
-2.655887463358717060e-01 -7.167307880844661638e-02 8.693579023277961393e-02
-2.367365745809567046e-01 -7.491988983261883145e-03 1.348275556243165030e-01
-1.825618612527959705e-01 5.242966710013924336e-02 1.616562131843912453e-01
-1.113122153606027065e-01 9.896936049422401516e-02 1.633373430018688344e-01
-3.383474961181514445e-02 1.250418447631141405e-01 1.396150083015181564e-01
3.807529416829005808e-02 1.266778205245296385e-01 9.410071949796791624e-02
1.247796283952646301e-01 7.326165702628353871e-04 -9.398822593379277390e-02
-9.273404585633920894e-02 -1.134985990185747723e-01 1.737980112511797459e-01
-9.273404585633920894e-02 -1.134985990185747723e-01 1.737980112511797459e-01
-1.449283788705778842e-01 -1.434634191296707273e-01 1.144703865125348552e-01
-1.782716989944655162e-01 -1.530008052156094922e-01 3.740439420733746717e-02
-1.717431316848605505e-01 -1.083162955476407174e-01 -1.220979743447656307e-01
-1.328651594426452920e-01 -6.089721132459261638e-02 -1.802515608721850238e-01
-7.697269011462533339e-02 -5.620649750172908299e-03 -2.112747701379393273e-01
-1.257484548949548350e-02 4.909803375919143814e-02 -2.104445997574097282e-01
5.052438635648337506e-02 9.492841566530089981e-02 -1.778874356455185657e-01
9.065549994278938872e-02 4.232702797131867450e-02 1.761621364778463150e-01
3.476303061476951339e-02 -1.294953360310095378e-02 2.071853457436005630e-01
-2.963481401036026364e-02 -6.766821711246523430e-02 2.063551753630709362e-01
-2.227091918134266324e-01 4.057911728178101307e-02 1.092026511690047108e-01
-2.227091918134266324e-01 4.057911728178101307e-02 1.092026511690047108e-01
-2.545768851250874709e-01 -2.387444815121976191e-02 6.364641505809945365e-02
-2.547999379711589629e-01 -8.829198013681802126e-02 8.009067503268811963e-03
-2.233443925778057504e-01 -1.428664933765880218e-01 -4.923910968407574362e-02
-1.649990705859367690e-01 -1.792895129489692208e-01 -9.938260048317952566e-02
-8.864651836715328748e-02 -1.920159642995611926e-01 -1.347875129717549525e-01
-5.910719859155630362e-03 -1.791083605758050923e-01 -1.500637701697473958e-01
7.061254961709476086e-02 -1.425317674369237508e-01 -1.428857003983788343e-01
-8.752515598526711127e-02 1.318328382369169383e-01 1.449203216277765160e-01
-1.640484254615173776e-01 9.525624509803556905e-02 1.377422518564079823e-01
-3.158081749529973586e-02 -1.060408845543642925e-01 1.748092103940810105e-01
-3.158081749529973586e-02 -1.060408845543642925e-01 1.748092103940810105e-01
-1.044944985812489985e-01 -1.033208625784763079e-01 1.326407387049299835e-01
-1.409938332094995972e-01 4.099515293288129303e-02 -1.340799914515627134e-01
-7.926949636320183845e-02 8.251707655130022245e-02 -1.736782175931780858e-01
-1.825898605254609730e-03 1.131699110563299110e-01 -1.865186349058705895e-01
7.954687433365648097e-02 1.282870402632162454e-01 -1.706464062524556680e-01
1.889598900478562937e-01 -1.874899722402940255e-02 1.382427955931881114e-01
1.272355532015586321e-01 -6.027092084244826953e-02 1.778410217348034006e-01
4.979195544361147974e-02 -9.092375534747793031e-02 1.906814390474959320e-01
-9.447527088342332069e-02 -3.396477499502549569e-02 1.762031813411533421e-01
-9.447527088342332069e-02 -3.396477499502549569e-02 1.762031813411533421e-01
-1.413519920742028479e-01 -6.457260018581924277e-02 1.131752465013357439e-01
-1.624228558792017163e-01 -8.313512088886237938e-02 3.368790130512949038e-02
-1.544800142919649788e-01 -8.682636159678588927e-02 -5.015762649592137024e-02
-1.187326929421110150e-01 -7.508436437298861288e-02 -1.255966153557091236e-01
-6.062309745488025925e-02 -4.969674185332392802e-02 -1.811441630764679955e-01
1.100211302159131987e-02 -1.452852942703949241e-02 -2.083436590574864467e-01
8.523864947641075773e-02 2.506623136460241902e-02 -2.030542265996995166e-01
1.507846721902104670e-01 6.305959711847465565e-02 -1.660811338459805553e-01
1.976613933809899526e-01 9.366742230926838886e-02 -1.030531990061629016e-01
2.187322571859888765e-01 1.122299430123115810e-01 -2.356585380995669318e-02
2.107894155987521390e-01 1.159211837202350215e-01 6.027967399109412927e-02
1.750420942488981890e-01 1.041791864964378006e-01 1.357186628508819104e-01
1.169324987616673361e-01 7.879156397677306023e-02 1.912662105716408656e-01
4.530728828519583334e-02 4.362335155048863156e-02 2.184657065526592612e-01
-2.892924816962350390e-02 4.028590758846792991e-03 2.131762740948723311e-01
-1.513160396159869414e-01 -4.875296410448504147e-02 1.666486274381561161e-01
-1.513160396159869414e-01 -4.875296410448504147e-02 1.666486274381561161e-01
-1.782708775154599468e-01 -1.068082674788639053e-01 1.114262630689724642e-01
-1.173961013015934612e-01 -1.696030699964038990e-01 -1.128664016743337328e-01
2.937278920004622595e-03 -9.568961839964762461e-02 -1.997839203154208598e-01
6.243355494675535688e-02 -3.563762327481165282e-02 -2.004488135972950225e-01
-4.503275787906937944e-02 7.521824036692872917e-02 1.955100247425728133e-01
-1.045290339058200374e-01 1.516624524209287186e-02 1.961749180244469482e-01
-1.043033491957446879e-01 1.787625272210177640e-01 -9.310697873960447138e-04
-1.043033491957446879e-01 1.787625272210177640e-01 -9.310697873960447138e-04
-1.517878095502192271e-01 1.091030964364285150e-01 -1.221202487666670292e-03
-1.690036111437704103e-01 2.657506935241974247e-02 -1.033132061979526520e-03
-1.071525838720004675e-01 -1.267838475914671303e-01 5.946469715768830724e-04
-3.750201322784787322e-02 -1.742672325486825102e-01 1.786540977440868351e-03
4.501823969047052260e-02 -1.914786499757630822e-01 2.998736431962406926e-03
1.278452144240962707e-01 -1.757978175913233465e-01 4.046687565769754164e-03
1.983692548982304016e-01 -1.296119999787947452e-01 4.770853318441423650e-03
2.458537152527049685e-01 -5.995256919420551001e-02 5.060986018712050963e-03
2.630695168462561240e-01 2.257545788980324514e-02 4.872915593024906324e-03
2.473957099478959476e-01 1.054079372681194504e-01 4.235274058828208607e-03
2.012184895744862367e-01 1.759343748336901214e-01 3.245136559468497599e-03
1.315679189303335106e-01 2.234177597909055568e-01 2.053242553604510585e-03
4.904766601201524662e-02 2.406291772179861010e-01 8.410470990829722274e-04
-3.377930872161041126e-02 2.249483448335464209e-01 -2.069040347243730586e-04
1.413394422149079621e-01 4.743516708751260857e-02 -1.693536521070006240e-01
1.413394422149079621e-01 4.743516708751260857e-02 -1.693536521070006240e-01
8.209126598996303870e-02 -1.104529797936461624e-03 -2.049450018094420012e-01
1.235903209877830568e-02 -4.855475447856279214e-02 -2.093135791131034706e-01
-5.724115897298774625e-02 -8.769164038409875406e-02 -1.817943077247545780e-01
-1.161133090619618086e-01 -1.125569514121807779e-01 -1.265767472504550073e-01
-1.546308429137517315e-01 -7.757119302795650873e-02 1.082437703242928456e-01
-1.148867220992395716e-01 -3.533175277504625733e-02 1.696394320697058034e-01
-5.563854587429462040e-02 1.320794411040283195e-02 2.052307817721471528e-01
1.409368801689015772e-02 6.065816879102915726e-02 2.095993590758086778e-01
8.369387908865609516e-02 9.979505469656509142e-02 1.820800876874597574e-01
2.216575862616120274e-01 -4.682902762144705577e-02 -1.033204889863347936e-01
2.216575862616120274e-01 -4.682902762144705577e-02 -1.033204889863347936e-01
1.677761409157904060e-01 -1.101627942472593324e-01 -1.171198209737188828e-01
9.542211684121851278e-02 -1.531874136879254888e-01 -1.128099447495367197e-01
1.561075831238833631e-02 -1.693527776527506412e-01 -9.104699989979474217e-02
-5.950737882645243393e-02 -1.561978560174792918e-01 -5.514419749627987727e-02
-1.184962391435240708e-01 -1.157253663514199726e-01 -1.056741374521295504e-02
-1.523753033909028276e-01 -5.409687832219785275e-02 3.589694011685698460e-02
-1.559867911514074557e-01 1.930522943137326364e-02 7.717508741484643831e-02
-1.287808861517192316e-01 9.330615139557582594e-02 1.069828044099735698e-01
-7.489944080589765185e-02 1.566399180213881026e-01 1.207821363973576728e-01
-2.545416731325751691e-03 1.996645374620542868e-01 1.164722601731755375e-01
7.726594179750434499e-02 2.158299014268794114e-01 9.470931532343355996e-02
1.523840789363451464e-01 2.026749797916080620e-01 5.880651291991866730e-02
2.113729392534168805e-01 1.622024901255486873e-01 1.422972916885170344e-02
2.452520035007955679e-01 1.005740020963266229e-01 -3.223462469321820151e-02
2.488634912613002514e-01 2.717189434275561755e-02 -7.351277199120760664e-02
-2.005373577059925694e-01 -6.833721267250320031e-02 1.655281633312260525e-01
-2.005373577059925694e-01 -6.833721267250320031e-02 1.655281633312260525e-01
-2.359361345855018333e-01 -1.175700591867001321e-01 1.057957104481637156e-01
-1.858570090594227620e-01 -1.690089861199390864e-01 -1.257219229115359715e-01
-1.255886498544142305e-01 -1.453210071461176200e-01 -1.809624609135764006e-01
-5.636142088909208703e-02 -1.045955735164897510e-01 -2.091394432456971653e-01
1.128545977296675773e-02 -5.303276332419108730e-02 -2.059631797728138092e-01
6.705336777146393701e-02 1.517452997039196727e-03 -1.719172278157727329e-01
5.237301912489417122e-02 1.021892264444751036e-01 1.193328584269892773e-01
-7.895340080114401915e-03 7.850124747065362341e-02 1.745733964290297480e-01
-7.712256904543651759e-02 3.777581384102579598e-02 2.027503787611504849e-01
-1.447694497074952791e-01 -1.378699635127280526e-02 1.995741152882671565e-01
