2.682981247819801185e-01 2.464726298825406156e-02 -2.304258496317078062e-02
6.940092714280531993e-04 5.346665135921912365e-02 -1.910516198672839450e-01
5.575271330625047005e-03 -2.443236837751332560e-02 -2.074818432747708719e-01
-2.876367695187405371e-03 -1.076763732582478594e-01 1.846839571803912117e-01
-7.757629754384403296e-03 -2.977735352151539283e-02 2.011141805878781663e-01
-1.388681632167830873e-02 1.153199134888594768e-01 1.429007905563530745e-01
-9.955813546184352075e-03 -2.521534719260869889e-02 -2.151925815007540432e-01
-4.039245834216871611e-02 -2.683292544932044596e-02 -2.229144497196833830e-01
-4.274155622247167823e-03 6.197115631744311987e-02 -1.787196254167243981e-01
8.565131564008871858e-04 -1.563541662681443983e-02 -1.963118278045772880e-01
9.380322866348720159e-03 -2.116148676701868625e-01 8.121192008230976311e-02
5.780363475960137790e-03 -1.692023682477634683e-01 1.486419556469913417e-01
1.055381559050978454e-03 -1.042485143397515468e-01 1.946556592526049734e-01
-4.075287219597076988e-03 -2.664194139549400792e-02 2.122478616404578911e-01
-8.830545048063149355e-03 5.180245335958146707e-02 1.987403094707112239e-01
-1.248644702848285097e-02 1.191422219242239677e-01 1.561894051149436136e-01
-1.448641522517125392e-02 1.651254949709888009e-01 9.107313803641196859e-02
1.820335338833305346e-03 6.588436559952813576e-02 -1.958345613115985706e-01
7.511040799842853485e-03 -1.208921811253373287e-02 -2.119782977816410674e-01
1.175632338689856435e-02 -9.038853467231838801e-02 -1.970090387890678640e-01
4.828930888507187470e-04 -1.601190570087485110e-01 1.358126075066663774e-01
-5.786876926047424333e-03 -9.434197743227437649e-02 1.806116019050960919e-01
-1.147758238705697334e-02 -1.636839372021248878e-02 1.967553383751385609e-01
-1.572286497411268247e-02 6.193092283957213340e-02 1.817860793825654131e-01
-1.787641889691781588e-02 1.286356110859245561e-01 1.379827589123250597e-01
-1.364163350971343489e-02 6.766815476059100110e-02 -2.030766606856510281e-01
-7.754185952592324710e-03 -1.300117316208756341e-02 -2.197785269998667190e-01
-3.362133197850747726e-03 -9.400749534175925626e-02 -2.042917428231815768e-01
-4.401613390343815657e-02 6.834281982836069858e-02 -2.106292769168980616e-01
-3.794378915598010243e-02 -1.485995436871094880e-02 -2.278556707321946762e-01
-3.341380256721547537e-02 -9.841030623616041362e-02 -2.118825191010495212e-01
1.002549549651573085e-01 -1.212637538850197816e-01 -1.792661629594334838e-01
1.146152562089794574e-01 -8.944153650179906268e-03 -1.567056977135606322e-01
1.146152562089794574e-01 -8.944153650179906268e-03 -1.567056977135606322e-01
4.736331602119994710e-02 -1.416117883944375926e-02 -1.991136645696704455e-01
-3.097907300770674777e-02 -1.983821079454189257e-02 -2.124822042483050510e-01
-1.854628531938668501e-01 4.266968860006540437e-02 -2.942314548387828330e-03
9.709450906387828706e-02 -2.405174766185470270e-01 -2.312511587520521116e-03
1.677259287633509344e-01 1.125129739330713308e-01 -3.503672118508622830e-03
-6.304304779997686736e-02 1.980828417439410571e-01 -1.792354589470298576e-01
-6.304304779997686736e-02 1.980828417439410571e-01 -1.792354589470298576e-01
-4.834346282430979080e-02 -3.810179895167449537e-02 -2.286122439791565542e-01
-4.611041227475269622e-02 -1.091113101599484325e-01 -1.821526863552511977e-01
2.702178010456553481e-01 -8.988003568177455049e-02 -5.372367295198768322e-02
2.723922452498281355e-01 -1.665417771178703821e-02 -1.283431903051689138e-02
-3.717919403435935438e-02 -1.830346527896603015e-01 -1.174740175311667356e-01
-6.128718101834610549e-02 2.504952978248610462e-02 -2.380928874847297316e-01
-7.002373022662285174e-02 1.065470657262229115e-01 -2.160329355683784369e-01
4.281028722695549849e-02 -1.580542982495334869e-01 -1.744161391211486722e-01
3.838556825950641127e-02 -8.556267063297558206e-02 -2.189332797229087968e-01
3.476335492772959779e-02 -1.511243518162541308e-03 -2.322984280699288695e-01
3.249509637594244493e-02 8.130391524475952258e-02 -2.124768614817464651e-01
1.233521009226956275e-02 -1.546723906366014867e-01 -1.683538530467586503e-01
8.044796351847360166e-03 -8.438112977242133439e-02 -2.115197474520729704e-01
4.532529479369528866e-03 -2.880948529636349897e-03 -2.244792182190705199e-01
2.333120267392334996e-03 7.742048929852222983e-02 -2.052593034013708850e-01
-3.133286811372790887e-03 -1.504876193531066164e-01 -1.626131787791662009e-01
-7.281933967553582375e-03 -8.251896711309054944e-02 -2.043527582004704690e-01
-1.067814628035940530e-02 -3.711766782843024803e-03 -2.168840138778825311e-01
-1.280488121190684857e-02 7.393629977640578388e-02 -1.982991757306319380e-01
5.999068444400512679e-03 -1.893938964486262602e-02 1.918903256816631986e-01
8.125803375947955945e-03 -9.658745620411138266e-02 1.733054875344126611e-01
2.667716026813753971e-01 -4.067819433897564008e-03 -3.723326622112292997e-03
2.664879069317838689e-01 7.627032100881944721e-02 -2.786220651320964886e-02
2.581468095249760293e-03 6.380420939193698349e-02 -1.978641748632186670e-01
8.910678384279930794e-03 -1.413359011495408935e-02 -2.140209683405841501e-01
1.360766465804069507e-02 -9.242633242014938744e-02 -1.990681661749119369e-01
-6.202754404406404624e-03 -9.673429842960981628e-02 1.785112106670192211e-01
-1.253196469343657513e-02 -1.879649892271872957e-02 1.946680041443847320e-01
-1.722895096719734287e-02 5.949624338247656158e-02 1.797152019787125465e-01
-1.957863964379523078e-02 1.262245681954865806e-01 1.359292327522370614e-01
-1.282740136202398760e-02 6.547861324549245077e-02 -2.051782664926871946e-01
-6.280076735434538676e-03 -1.514504290606356017e-02 -2.218918479649950037e-01
-1.421225078341203235e-03 -9.613587373159043770e-02 -2.064237491998918705e-01
-4.309822728815294185e-02 6.594438705062460881e-02 -2.128932591476764280e-01
-3.634591413510739055e-02 -1.720349470674503028e-02 -2.301301219040523538e-01
-3.133493792359506869e-02 -1.007300469168443402e-01 -2.141777363571301107e-01
8.536351650844534178e-02 2.846455927246889228e-01 -2.025962514790994873e-01
8.536351650844534178e-02 2.846455927246889228e-01 -2.025962514790994873e-01
2.568541848147458048e-02 2.349583373471955949e-01 -2.357689133564250528e-01
-3.515856412986103491e-02 1.764210654004020051e-01 -2.372255533637591673e-01
-8.790548652506140204e-02 1.179455458965158465e-01 -2.067444112644597765e-01
-1.245251079214995671e-01 6.843414659809951561e-02 -1.489659646309039465e-01
-1.394424229192623432e-01 3.542452922638464341e-02 -7.268645820012767378e-02
-4.930898832325944503e-02 6.900778431440997285e-02 1.477140617628843466e-01
1.036910970371131974e-02 1.186950396919033424e-01 1.808867236402099121e-01
7.121309231504693860e-02 1.772323116386969599e-01 1.823433636475440545e-01
1.239600147102472710e-01 2.357078311425830630e-01 1.518622215482446636e-01
1.605796361066854361e-01 2.852192304409993939e-01 9.408377491468893072e-02
1.754969511044482400e-01 3.182288478127143216e-01 1.780426848391244987e-02
1.664409337209234729e-01 3.297112682458107624e-01 -6.536343436544629626e-02
1.347902805097508372e-01 3.179183973177502898e-01 -1.427578047916763793e-01
-2.552579320574109856e-01 -4.016501142167941407e-02 -6.361106694983839627e-02
-2.645323271740960269e-01 4.317142513543981153e-02 -6.435598603495226722e-02
-2.420895709871445922e-01 1.236821406244667937e-01 -5.758262989190755798e-02
7.191631040643325923e-03 -1.747163481773357507e-01 1.417030858864979925e-01
7.191631040643325923e-03 -1.747163481773357507e-01 1.417030858864979925e-01
2.245895504688615041e-03 -1.982987877481810074e-02 -2.026797606287689957e-01
-3.888889645219663262e-03 5.764369105203899502e-02 -1.848077457266798784e-01
-1.450677902256340863e-02 1.133750255681705288e-01 1.502927950084728403e-01
-1.027875898197383626e-02 4.590971259675570570e-02 1.925982783341408100e-01
-4.670449226301642484e-03 -3.253064553321556585e-02 2.058215761580268477e-01
1.464335923606626712e-03 -1.100042153600725714e-01 1.879495612559377860e-01
-1.331319984949131396e-01 -2.376076789968895042e-02 -1.533235577007099337e-01
-6.866057052114739323e-02 -1.897469898991809359e-02 -1.999127861545790252e-01
8.700925470648265131e-03 -1.347882268765067913e-02 -2.182163915396913012e-01
8.717490299943043974e-02 -8.109836339664167060e-03 -2.054478158587594305e-01
5.597100339516469791e-02 -2.012466712510074807e-01 -1.726273478134233152e-01
5.913878190743152713e-02 -1.320865575914266787e-01 -2.217184874558914276e-01
6.148785646916642145e-02 -4.937686417156526147e-02 -2.406045827802610337e-01
6.247847797670040559e-02 1.061782445921089363e-01 -1.812968661619817068e-01
6.096921177798377695e-02 1.553418047372246424e-01 -1.121321164486758781e-01
-2.654986857417164781e-01 -8.646372230887428359e-03 -2.679299062120164485e-03
-2.489302073391132519e-01 -9.147586914436181549e-02 -2.799360295316113013e-03
-2.019254325496180613e-01 -1.616598310023818763e-01 -2.930108592949389086e-03
1.674820632919718777e-01 -8.180071867684771819e-03 -3.059818254779040486e-03
8.478198322808698506e-02 -1.140060569708302614e-02 -2.067398223537183222e-01
6.420115803094140344e-03 -1.687663035685335600e-02 -2.201214424204317455e-01
-7.110494138941005071e-02 -2.200817392973698772e-02 -2.024248428635963548e-01
-1.359907011582603686e-01 -2.601400542432069640e-02 -1.563441705456657393e-01
-2.030654091220885360e-01 -1.088913220416538527e-02 -1.520010322118413564e-03
2.299178657931327252e-01 -7.067713526273943468e-03 -4.306314421409182178e-03
-7.117233038540572709e-02 1.902943295918312905e-01 -1.428262149919651801e-04
-3.955041427112565219e-03 5.934492007675395975e-02 -1.849487680927039690e-01
1.341118316176196854e-03 -1.825040902012173977e-02 -2.025675148985239815e-01
6.113442097452563562e-03 -1.719610598078543107e-01 1.423541422148888180e-01
1.210484611010875528e-03 -1.070302894377556935e-01 1.883917432787815538e-01
-4.085675132277888713e-03 -2.943496034087999397e-02 2.060104900846015941e-01
-8.968744821305638798e-03 4.901174203118326134e-02 1.925280881455003201e-01
-1.269532136105486382e-02 1.163670183634154393e-01 1.499971109384279078e-01
1.437253130756200974e-02 -1.799024033628578850e-02 -2.277979724402230954e-01
1.991803689959505824e-02 -9.932982497104081432e-02 -2.145303628079371916e-01
-1.161405036578138338e-02 1.312524308798407313e-01 -1.636609303461821763e-01
-1.161405036578138338e-02 1.312524308798407313e-01 -1.636609303461821763e-01
-6.766671030283349757e-03 6.298970894673988630e-02 -2.129389170719259150e-01
-1.079243246703300279e-03 -1.889617683614243718e-02 -2.322772505740648696e-01
4.582373661569941886e-03 -1.019388426557654992e-01 -2.187318448793281467e-01
9.356249842936847569e-03 -1.734957954247318135e-01 -1.743648652153309830e-01
1.251560592407966084e-02 -2.226731377493584851e-01 -1.059307820482448120e-01
7.065776319598823796e-02 -1.713754610972383907e-01 -1.184937984853120657e-01
7.047055744046656911e-02 -1.230746344036094120e-01 -1.882890877256050977e-01
6.704265116575067185e-02 -5.187945405596132431e-02 -2.343746934963515383e-01
6.089591202811826115e-02 3.137125912369347763e-02 -2.497345000860118902e-01
4.446052924365724579e-02 1.834367996856184346e-01 -1.839568737325362746e-01
3.667402363864688541e-02 2.291010269948932920e-01 -1.128334881260491945e-01
5.376072787074246025e-03 -1.414646163007455826e-01 -1.760609160535772100e-01
-1.530142202258236162e-04 -6.959796416412916686e-02 -2.198408963815242090e-01
-6.176626547077969029e-03 1.353001254637059385e-02 -2.327066941620568319e-01
-1.177772382090066378e-02 9.526383293356548154e-02 -2.126996083118362912e-01
-1.610358975582763114e-02 1.631602637624319230e-01 -1.628655362868737799e-01
4.649693843344348404e-02 8.485639623244081720e-02 -1.779524098500199492e-01
4.649693843344348404e-02 8.485639623244081720e-02 -1.779524098500199492e-01
5.190644656838890036e-02 1.600949571423963824e-02 -2.273095575955834391e-01
5.792897631199499936e-02 -6.646073647066694234e-02 -2.464844490335419136e-01
6.364765210516581950e-02 -1.499989550666432914e-01 -2.325578807632899536e-01
6.819185739831629123e-02 -2.218872235682893546e-01 -1.876500465593176348e-01
7.086977812888776984e-02 -2.711812047650061785e-01 -1.185977570886490168e-01
4.207764991741576310e-02 -1.462917727256162793e-02 -2.020497299033210126e-01
-3.626781555117991607e-02 -2.031601984279809980e-02 -2.154350331445582523e-01
3.473411462663706512e-02 -8.454348781227636819e-03 -2.332649368922170563e-01
4.273813097385411458e-02 -9.257448231635176383e-02 -2.224949352384193724e-01
-2.784420966833689448e-02 -1.961512480155732166e-02 -2.097206966198210121e-01
2.063382341338750731e-02 -2.076316328877525486e-02 -1.163657207966868889e-01
1.916858402133343742e-02 2.692462943011816878e-02 -1.855559048329645799e-01
1.727172773461224664e-02 9.745521476033018604e-02 -2.312220031670170484e-01
1.523203372783218240e-02 1.800909504466841893e-01 -2.464117662916970874e-01
1.336002692365328981e-02 2.622512948257421650e-01 -2.288126904668177919e-01
1.194070338822787215e-02 3.314280802511689883e-01 -1.811040754506973161e-01
1.119014226362455983e-02 3.770897682310648258e-01 -1.105491253998680257e-01
1.122260967721067093e-02 3.922847806947228344e-01 -2.788919187735371813e-02
1.203316275958555073e-02 3.746998147376821020e-01 5.429149955220597540e-02
1.349840215163962236e-02 3.270120220187887616e-01 1.234816835884837150e-01
1.539525843836081660e-02 2.564814366885765917e-01 1.691477819225362667e-01
1.743495244514087911e-02 1.738457010022226301e-01 1.843375450472163057e-01
1.930695924931976823e-02 9.168535662316472379e-02 1.667384692223370379e-01
2.736676092049766806e-01 -9.028007829437599552e-02 2.797848916178048706e-03
2.706564888827508453e-01 -2.208155468620986994e-02 -4.596757748728204362e-02
1.804979082489290010e-01 -5.365113358909269492e-02 -2.074072293158075661e-03
1.345604402192544791e-01 1.824669366486470767e-01 -3.653875205556592152e-03
-1.011681203997472356e-01 2.303826406900183199e-01 -4.441817923592650957e-03
7.008608292014575913e-02 -2.199386081255217118e-01 -6.062909261003411598e-03
4.612240588110949613e-02 6.423932367277589151e-02 -2.156673269527144554e-01
-3.764290104769911494e-02 5.853775200335609857e-02 -2.300697220222088224e-01
-7.750874286446933492e-02 2.013836335458884519e-01 -1.749049777008934992e-01
-7.750874286446933492e-02 2.013836335458884519e-01 -1.749049777008934992e-01
-7.355457381987307031e-02 1.338857079334236366e-01 -2.262406067850438462e-01
-6.023541133886561177e-02 -3.179840466730078641e-02 -2.363396418915010844e-01
-5.289813965167926291e-02 -1.047606874423209905e-01 -1.935655613668310626e-01
-4.659420445223019097e-02 -1.557759370127976273e-01 -1.260033164326396782e-01
-7.874950715332924844e-02 2.442208946976224260e-01 -1.016220889117485093e-01
6.616720938677527614e-03 -8.232159675080419695e-04 -2.105933451880597218e-01
1.278967022362501385e-02 -7.916348412822085678e-02 -1.966735422802033395e-01
3.631994427764995668e-03 -1.535329388527726102e-01 1.351029069092284929e-01
-4.185494187876348700e-03 -8.854796913493248600e-02 1.807636604496181687e-01
-1.175706461901257147e-02 -1.098090934253357839e-02 1.979417391468781817e-01
-1.793001390396005423e-02 6.735935881817914361e-02 1.840219362390218549e-01
-8.663418668952963322e-03 -2.006598395078771843e-03 -2.184257632456195752e-01
-2.275997676065275033e-03 -8.306870507046916485e-02 -2.040223335062389953e-01
-3.885731280121606374e-02 -4.499105818211249393e-03 -2.265283301328939736e-01
-3.226847518949018528e-02 -8.811737020743297399e-02 -2.116707123697381676e-01
4.118914994773188731e-02 2.024372977272361762e-01 -1.804269530968852231e-01
4.118914994773188731e-02 2.024372977272361762e-01 -1.804269530968852231e-01
4.576931163421513876e-02 1.330858050840695861e-01 -2.291530920080712130e-01
5.859757255183876273e-02 -1.046453657473105370e-01 -1.873358936995064561e-01
3.764279891058106703e-02 2.478702927472172246e-01 -1.088161272118459560e-01
9.948896671501905598e-02 1.715754162064673238e-01 -1.568549892562957904e-01
9.948896671501905598e-02 1.715754162064673238e-01 -1.568549892562957904e-01
9.907818342914291587e-02 8.705021365536518008e-02 -1.672956981589387160e-01
-7.664733962642679421e-02 -8.503680214076220212e-02 9.966038313535362236e-02
-1.077934208238161551e-01 -3.141505938525654407e-02 1.580411791346421069e-01
-1.244272441903586657e-01 4.334952866178951036e-02 1.952871091937597725e-01
-1.240164609044824839e-01 1.278747312128916402e-01 2.057278180964026981e-01
-1.066236089977025403e-01 2.092923524025137039e-01 1.877738025574054448e-01
-7.489659250623095788e-02 2.752072974571095898e-01 1.441583986890241642e-01
-3.366556208477352458e-02 3.155846135125821572e-01 8.152165635559928403e-02
7.965449265362887360e-03 -1.460801428046044348e-01 1.484194770776285366e-01
7.965449265362887360e-03 -1.460801428046044348e-01 1.484194770776285366e-01
1.024948379929337128e-02 -1.875955761708669733e-01 8.039624761599135916e-02
-3.532535495863247874e-05 -6.672668547391967520e-02 -1.818687838873202789e-01
-1.151794236876662984e-02 1.419854922210112003e-01 1.601070839671067392e-01
-6.579079902620348086e-03 7.413888655746796175e-02 2.016805551381249673e-01
3.965255667391575159e-03 -8.176111170453276289e-02 1.953552678694975842e-01
2.669004470047714461e-01 5.410044003040608007e-02 -2.404058651751585229e-02
-1.852164676374517538e-01 2.197890947102629222e-01 1.212018121067796883e-01
-1.852164676374517538e-01 2.197890947102629222e-01 1.212018121067796883e-01
-2.031589256581741443e-01 1.366436511070447668e-01 1.170413525555504541e-01
-1.913202159389795487e-01 5.444710978568297055e-02 9.817393189269757459e-02
-1.515026747164444909e-01 -1.428685095114762271e-02 6.747194388054614245e-02
1.251438877034694863e-01 -5.472201484057276355e-03 -6.914560821499113330e-02
1.701359368792408622e-01 6.596400432775047229e-02 -8.032550202740046386e-02
1.880783948999632527e-01 1.491094479309686693e-01 -7.616504247617122969e-02
4.346660985977872718e-04 3.589062635606110607e-01 5.052553048701881322e-02
-7.503240976392983042e-02 3.400767537784386008e-01 8.520370860527198831e-02
-1.402244184616803502e-01 2.912253005220708513e-01 1.100219182943703022e-01
1.160984675455847270e-01 -3.818791554402007488e-02 -1.910138057874156137e-01
1.160984675455847270e-01 -3.818791554402007488e-02 -1.910138057874156137e-01
3.810398749988721384e-02 -4.599248808036727337e-02 -2.237163900654755566e-01
-4.530036919026352027e-02 -6.199604808252984212e-02 -2.247693102413291233e-01
-1.214170452811681178e-01 -8.376219861281118673e-02 -1.940122687629478038e-01
