-1.593318349783248156e-01 -1.399585641425487442e-02 1.776840125962560191e-01
-1.593318349783248156e-01 -1.399585641425487442e-02 1.776840125962560191e-01
-2.085495628421817071e-01 -1.396539139685020262e-02 1.103540298176284851e-01
-2.283024615524621714e-01 -1.198720439572710864e-02 2.935019031666263878e-02
-2.155833313409986629e-01 -8.362456449496763478e-03 -5.299540564425306299e-02
-1.723285444832839686e-01 -3.642982574550783590e-03 -1.241463875447554877e-01
-1.051232501727858704e-01 1.452720113787521299e-03 -1.732706633757501169e-01
-2.419884525076783019e-02 6.148877073878536610e-03 -1.928895074546373989e-01
5.812466321495043942e-02 9.730540979317265499e-03 -1.800161286156711504e-01
1.293142673249257635e-01 1.165243596836480246e-02 -1.366103820896141796e-01
1.785319951887827106e-01 1.162197095096013238e-02 -6.928039931098665949e-02
1.982848938990631749e-01 9.643783949837038405e-03 1.172344018997923711e-02
1.855657636875996386e-01 6.019036003606695849e-03 9.406903615089486081e-02
1.423109768298849442e-01 1.299562128660712492e-03 1.652200180513973549e-01
7.510568251938674889e-02 -3.796140559677599335e-03 2.143442938823920119e-01
-5.818722402631214957e-03 -8.492297519768607708e-03 2.339631379612792661e-01
-8.814223086834939436e-02 -1.207396142520733226e-02 2.210897591223130176e-01
1.861295322145102571e-01 -1.138698418764032445e-02 -1.786200875369829411e-01
1.861295322145102571e-01 -1.138698418764032445e-02 -1.786200875369829411e-01
1.193979675885925157e-01 -3.183289919944371285e-03 -2.279779107335675181e-01
3.889007458679678841e-02 5.746543104119120234e-03 -2.478609254531697892e-01
-4.313754988722093286e-02 1.404302875577442648e-02 -2.352421229447075879e-01
1.892525405482440096e-02 -2.573786411751204962e-03 1.791177610989547198e-01
1.009528785288420494e-01 -1.087027206340650080e-02 1.664989585904925740e-01
1.720122722311801799e-01 -1.727034561001881269e-02 1.232994371461496597e-01
2.212852866256655449e-01 -2.079965387092757440e-02 5.609593230119010870e-02
2.412705519317255298e-01 -2.092089165666848743e-02 -2.488043153302911537e-02
2.289254926733937656e-01 -1.761560161338576042e-02 -1.073017370153145078e-01
1.292846962019421429e-03 1.396011797155864154e-01 -1.518837940449703494e-01
1.292846962019421429e-03 1.396011797155864154e-01 -1.518837940449703494e-01
-3.147958012317757237e-03 7.315319811869387678e-02 -1.955659439908138120e-01
-7.255590737571838804e-03 -4.978986107895429919e-03 -2.104546770594450389e-01
-1.040470136710626610e-02 -8.290045618569701069e-02 -1.942833186078662400e-01
-1.211586635433336070e-02 -1.487483746552507868e-01 -1.495138113666008850e-01
-1.212857634169703901e-02 -1.924979928424345177e-01 -8.296190697653793578e-02
-1.044089634883750735e-02 -2.074888279695259463e-01 -4.759529586548807978e-03
-7.309760355810388313e-03 -1.914386612806842913e-01 7.318771775205701324e-02
-3.211855433735607765e-03 -1.467909851591622794e-01 1.390130732255333568e-01
1.020956786998085744e-02 1.853081873988586814e-01 7.009118615710092925e-02
8.521887877121322313e-03 2.002990225259501378e-01 -8.111191232888111807e-03
5.390751884094208482e-03 1.842488558371085106e-01 -8.605843857149383935e-02
1.668702595363386609e-01 1.226576741069748677e-02 -1.581750902482410015e-01
1.668702595363386609e-01 1.226576741069748677e-02 -1.581750902482410015e-01
9.607972092275166021e-02 6.896471172999731232e-03 -2.020199164821533666e-01
1.394993901068565523e-02 6.303910620455856857e-04 -2.153590937390708060e-01
-6.701557141207425961e-02 -5.578519027429825437e-03 -1.961618532015704797e-01
-1.344905453378426319e-01 -1.078500881821400394e-02 -1.473508007180680812e-01
-1.782025296485829080e-01 -1.419643743660752716e-02 -7.635697655588420674e-02
-1.914967709831093823e-01 -1.529344580013742606e-02 6.011453116907279799e-03
-5.288472546823135695e-02 -4.884642407120601791e-03 1.987349656593443425e-01
1.776855407923629282e-01 1.279683758409313164e-02 1.440658498952590294e-01
2.213975251031032321e-01 1.620826620248666181e-02 7.307202573307503002e-02
2.346917664376297064e-01 1.730527456601654857e-02 -9.296403939716316872e-03
2.155443370653586654e-01 1.592085309574097635e-02 -9.049959237710711313e-02
-1.124807389617053788e-02 1.586900841294450470e-01 -1.360970446198601636e-01
-1.124807389617053788e-02 1.586900841294450470e-01 -1.360970446198601636e-01
-7.511373492685745508e-03 9.397997969669127927e-02 -1.826149372645704538e-01
-2.916225524696028533e-03 1.643048351420531294e-02 -2.007873102164708934e-01
1.837800384792236813e-03 -6.215219661216285496e-02 -1.878475844266056793e-01
6.026946886411645513e-03 -1.298045599869429301e-01 -1.457657158475753612e-01
9.013454399998248670e-03 -1.762271475565257428e-01 -8.094828749744881202e-02
1.034265422936650816e-02 -1.943525411852465856e-01 -3.263165271081532818e-03
9.812187749721560867e-03 -1.814213140002350899e-01 7.546279518994862545e-02
-9.772207108683437018e-03 1.490925159978449821e-01 1.529129512857737572e-01
-1.275871462227004018e-02 1.955151035674278781e-01 8.809552293564705538e-02
-1.408791445163829793e-02 2.136404971961486932e-01 1.041040070927988677e-02
-1.355744797199335584e-02 2.007092700111372530e-01 -6.831555975175017392e-02
-2.720766620475309136e-02 6.048941282951261766e-03 -1.968715285913360813e-01
-1.087866069397862567e-01 6.407516887865210425e-03 -1.795521362771302643e-01
-1.775377630261967266e-01 5.521052572421136784e-03 -1.323535535034139898e-01
-2.209425839184848694e-01 -2.460291981561016361e-03 1.010071865431348276e-01
1.718888901078714504e-01 -1.080852304051004627e-03 -6.758640709425631221e-02
1.236233474140066013e-01 3.832941063292236335e-03 -1.560476396100520247e-01
1.236233474140066013e-01 3.832941063292236335e-03 -1.560476396100520247e-01
5.361634607995501706e-02 -1.426354234987570321e-03 -2.010949389358707706e-01
-2.830923434557123392e-02 -6.736090416480450087e-03 -2.158565639478366993e-01
-1.096809669000215759e-01 -1.128790828043245605e-02 -1.980851910523419579e-01
-1.781107429385735408e-01 -1.438883481938858788e-02 -1.504863506748291835e-01
-2.231807493768219741e-01 -1.556678207776183986e-02 -8.030653477821222963e-02
-2.380294862951693180e-01 -1.464241826358338161e-02 1.770015848864349255e-03
-2.203963681019326104e-01 -1.175646938818303636e-02 8.324789039921227929e-02
-1.729658771974175724e-01 -7.348295006648803383e-03 1.517228210713131575e-01
-1.029588758633659951e-01 -2.088999708368997378e-03 1.967701203971319035e-01
1.886869565117583747e-01 1.112706432022681977e-02 -6.094834387603156531e-03
1.710538383185216671e-01 8.241115444826476247e-03 -8.757270893795102151e-02
-1.167278827590145368e-01 -8.417549381137076625e-03 1.510583303851455728e-01
-1.167278827590145368e-01 -8.417549381137076625e-03 1.510583303851455728e-01
-1.653267566667499244e-01 -8.492747610700322053e-03 8.324676602779895740e-02
-1.843063051447196010e-01 -7.037353258674810402e-03 2.019165870483305078e-03
-1.707770639871880602e-01 -4.272936921973766178e-03 -8.025830429287908463e-02
-1.267987375175129994e-01 -6.203559283634329548e-04 -1.510596454770406216e-01
-5.906662727618025577e-02 3.364317376608174683e-03 -1.996059953024687250e-01
2.210766694567547347e-02 7.074452603412590898e-03 -2.185066120819990909e-01
1.043660946995863537e-01 9.945215296228422305e-03 -2.048840482454659384e-01
1.751855560345237095e-01 1.153955785860307122e-02 -1.608122156481327780e-01
2.237844299422590832e-01 1.161475608816631838e-02 -9.300065129078617654e-02
2.427639784202287321e-01 1.015936173614080500e-02 -1.177305113347053810e-02
2.292347372626972746e-01 7.394945399439764241e-03 7.050441902989171283e-02
1.852564107930222415e-01 3.742364405829431886e-03 1.413057602140533053e-01
1.175243005516894146e-01 -2.423088991421839915e-04 1.898521100394815475e-01
3.635000632983371310e-02 -3.952444125946594569e-03 2.087527268190118857e-01
-4.590842142407701443e-02 -6.823206818762422507e-03 1.951301629824787887e-01
1.911280218899302427e-02 1.334385539251001229e-01 -1.462101873121933460e-01
1.911280218899302427e-02 1.334385539251001229e-01 -1.462101873121933460e-01
8.925456022071533851e-03 6.535232403013944980e-02 -1.860062334695192776e-01
-2.790310354529458581e-03 -1.260522768982605575e-02 -1.964275079130770874e-01
-1.425087771365909743e-02 -8.856577067239772283e-02 -1.758874660779232157e-01
-2.371147856519172786e-02 -1.509650008325159609e-01 -1.275131431375169377e-01
-2.973182219004180671e-02 -1.903032010287326048e-01 -5.866909124520568175e-02
-3.139536584587671042e-02 -2.005914868828465591e-01 2.016380677129063492e-02
-2.844885009115642391e-02 -1.802635601371123664e-01 9.698395681096057264e-02
2.750376913972959331e-02 1.913275915883794198e-01 7.255509133967069646e-02
2.916731279556451090e-02 2.016158774424933187e-01 -6.277806676825517865e-03
2.622079704084421051e-02 1.812879506967592369e-01 -8.309795671649536364e-02
1.490960928092640025e-01 1.879768405345322302e-02 -1.892692841998846742e-01
1.490960928092640025e-01 1.879768405345322302e-02 -1.892692841998846742e-01
7.741119561073232791e-02 1.276227562776548370e-02 -2.315761241283987026e-01
-4.859948309740997827e-03 4.849105438465602623e-03 -2.431459107097391492e-01
-8.519230308004070717e-02 -3.737118086191907121e-03 -2.222172488172734217e-01
-1.513559959009980749e-01 -1.168922024888801453e-02 -1.719763375053369459e-01
-1.932782043159912699e-01 -1.779656558133783928e-02 -1.000719000861769181e-01
-2.045766521196032417e-01 -2.112936611989921221e-02 -1.745073534151210526e-02
-1.835312530544183640e-01 -2.118023319448826547e-02 6.330883335900581999e-02
-6.166108115256185851e-02 -1.190601432842226283e-02 1.722187336965501914e-01
2.061006276791146202e-02 -3.992844139122380884e-03 1.837885202778906657e-01
1.009424175382111349e-01 4.593379385535121054e-03 1.628598583854249382e-01
1.671061103591685026e-01 1.254548154823123020e-02 1.126189470734885040e-01
2.090283187741617810e-01 1.865282688068106709e-02 4.071450965432835134e-02
2.203267665777737250e-01 2.198562741924243308e-02 -4.190665509033637132e-02
1.992813675125889306e-01 2.203649449383149328e-02 -1.226662237908541786e-01
1.760461482671390743e-01 1.035736948192692887e-02 -1.739011157073353520e-01
1.760461482671390743e-01 1.035736948192692887e-02 -1.739011157073353520e-01
1.053738115427803601e-01 9.981836581887162593e-03 -2.182421507104572167e-01
2.313118430633763836e-02 8.341935039109397987e-03 -2.321816118322422851e-01
-5.816103897671306977e-02 5.687324997737049775e-03 -2.135973424784285146e-01
-1.261268542273664972e-01 2.422146772469101726e-03 -1.653186291913128214e-01
-1.704190821853600046e-01 -9.565058508117143393e-04 -9.469546842123285901e-02
-1.842946326541354540e-01 -3.934263637773197445e-03 -1.247959619488664580e-02
-1.656410788569999404e-01 -6.057789958792014588e-03 6.881236623000222541e-02
-1.172982552646811283e-01 -7.003797181307088240e-03 1.368044544877188851e-01
1.169089319791710019e-01 -2.333752697117209146e-03 1.765006812588121032e-01
1.848747472298243877e-01 9.314255281507368431e-04 1.282219679716964100e-01
2.291669751878180339e-01 4.310078151431561908e-03 5.759880720161628803e-02
2.430425256565934000e-01 7.287835938393035472e-03 -2.461706502472980548e-02
2.243889718594579419e-01 9.411362259411852615e-03 -1.059090274496186090e-01
-1.629595987378784638e-02 1.598143334518632441e-01 -1.806157172742710038e-01
-1.629595987378784638e-02 1.598143334518632441e-01 -1.806157172742710038e-01
-7.723352908452223338e-03 9.639043900062634063e-02 -2.282454542624750560e-01
1.698438351711439951e-03 1.961337764272372969e-02 -2.477694016554590206e-01
1.053503159609369029e-02 -5.882823901589827320e-02 -2.362152154476650501e-01
1.744113560715456271e-02 -1.269923859139902300e-01 -1.953419157502709336e-01
2.136535865319879116e-02 -1.745016895958479142e-01 -1.313720919248204944e-01
2.171027334863663560e-02 -1.941232892488188311e-01 -5.404456976084161951e-02
1.842336955774719412e-02 -1.828699741959819991e-01 2.486823646793397125e-02
1.200504858683631819e-02 -1.424549596425767894e-01 9.335256735954490515e-02
-1.482594288304520808e-02 7.618761282518467237e-02 1.489520655329389931e-01
-2.173204689410608570e-02 1.443517597232766569e-01 1.080787658355448905e-01
-2.565626994015032108e-02 1.918610634051344244e-01 4.410894201009435411e-02
-2.600118463558816900e-02 2.114826630581053135e-01 -3.321858015388444441e-02
-2.271428084469872752e-02 2.002293480052685370e-01 -1.121313863826599311e-01
1.872853384035686741e-01 -1.482073695225129273e-01 -1.200899380622194070e-02
1.872853384035686741e-01 -1.482073695225129273e-01 -1.200899380622194070e-02
2.315001347065481496e-01 -7.995863706183535535e-02 -1.532235183636846548e-02
-2.128641424429178752e-01 -1.460934504345100075e-02 2.055735763578923903e-02
-1.997855762986492367e-01 -1.258241169500070103e-02 -6.181575889190048245e-02
-1.562413201300058563e-01 -8.689950231521473972e-03 -1.328737223875447737e-01
-8.886059220899861222e-02 -3.524552625576998430e-03 -1.817986020509748391e-01
-7.901497553781175812e-03 2.127396161773567780e-03 -2.011420284585720697e-01
7.431067557041021177e-02 7.405438162699454901e-03 -1.879591402883767637e-01
1.452598690606224929e-01 1.150603932812956955e-02 -1.442569127611223745e-01
1.941447113640114852e-01 1.380492030266931500e-02 -7.668861385615427517e-02
2.135229283820851698e-01 1.395209729735292885e-02 4.459095426400935119e-03
8.951937814816575412e-02 2.867304879478920453e-03 2.068150551131650583e-01
8.560283492948435671e-03 -2.784643907871642721e-03 2.261584815207622334e-01
-7.365188963124284782e-02 -8.062685908797519868e-03 2.129755933505670107e-01
1.279851968978543142e-01 1.023643739988965365e-02 -1.612113427816087019e-01
1.279851968978543142e-01 1.023643739988965365e-02 -1.612113427816087019e-01
5.731579975648873337e-02 3.232011718541592457e-03 -2.049951422370284715e-01
-2.468981549996992347e-02 -4.452137228453361371e-03 -2.182721783359501400e-01
-1.055470373314792432e-01 -1.164616742089889107e-02 -1.990211426889448854e-01
-1.729460866867331137e-01 -1.725485297604124890e-02 -1.501728309621964685e-01
-2.166260692752978723e-01 -2.042432236097118520e-02 -7.916395580505392049e-02
-2.299371037080928937e-01 -2.067205259314462695e-02 3.195025236864082810e-03
-2.108527056575525971e-01 -1.796032899039332748e-02 8.436570388594780145e-02
-1.622783017263726979e-01 -1.270198688940048053e-02 1.519905801319084426e-01
1.823329644467795996e-01 1.795877287146036699e-02 6.994319315535355019e-02
1.956439988795745655e-01 1.820650310363380181e-02 -1.241578788656429871e-02
1.765596008290342689e-01 1.549477950088250060e-02 -9.358646653564792195e-02
-1.837624133903123513e-01 3.025964506021073912e-03 1.575596026638455549e-01
-1.837624133903123513e-01 3.025964506021073912e-03 1.575596026638455549e-01
-2.286686824220825476e-01 8.629643981954307139e-03 8.752412747608018240e-02
-2.433570483057696798e-01 1.260954064852964386e-02 5.540261154778076090e-03
-2.255913404859506699e-01 1.435975131611408329e-02 -7.591069583824137934e-02
-1.780762269316505386e-01 1.361382227626712488e-02 -1.444285736555548649e-01
-1.080454529559344706e-01 1.048531446344187421e-02 -1.895821465155853591e-01
-2.616056906605846583e-02 5.450514832147042299e-03 -2.044971922685505095e-01
5.511219345406491443e-02 -7.240740143250590493e-04 -1.869030304037878898e-01
-1.495319453774276719e-01 -1.370959168995871877e-02 1.250609894205584882e-01
-1.495319453774276719e-01 -1.370959168995871877e-02 1.250609894205584882e-01
-1.982529729188012291e-01 -2.113207898078636737e-02 5.770876057664243997e-02
-2.176095258650223019e-01 -2.540070260896006016e-02 -2.336069904209532588e-02
-2.046547444976181684e-01 -2.586560332225990716e-02 -1.058052991051834368e-01
-1.613608768443905717e-01 -2.245600420142147141e-02 -1.770735966151773533e-01
-9.431902179565582189e-02 -1.569098580449940217e-02 -2.263156393249062259e-01
-1.373569404665444214e-02 -6.600460857380608184e-03 -2.460347726120425405e-01
6.812102524251321956e-02 3.431620622549929386e-03 -2.332289371880081896e-01
1.387891925930795634e-01 1.287796517101785429e-02 -1.898477054109252160e-01
1.875102201344531205e-01 2.030045246184549942e-02 -1.224954765670091678e-01
2.068667730806741933e-01 2.456907609001919221e-02 -4.142601694827140885e-02
1.939119917132701154e-01 2.503397680331904615e-02 4.101858311481662578e-02
1.506181240600425186e-01 2.162437768248061040e-02 1.122868806248105839e-01
2.992941262306411665e-03 5.768834338439748910e-03 1.812480566216758127e-01
-7.886377802686120320e-02 -4.263247141490780420e-03 1.684422211976415173e-01
-2.011040968555230790e-01 -2.002773236826395353e-02 8.175874234229951742e-02
-2.212213879646242609e-01 -2.128720265258617766e-02 7.810411066187968043e-04
-2.089668940821543808e-01 -1.941013618015520470e-02 -8.174158467275861872e-02
-1.662062508144558359e-01 -1.468229930574870348e-02 -1.532458132903879999e-01
-9.944937847283924492e-02 -7.823462335547086421e-03 -2.028457741266818104e-01
-1.885940571876104643e-02 1.221789772484310711e-04 -2.229903227690789858e-01
6.329457464589265114e-02 7.944972770182587643e-03 -2.106126342975626620e-01
1.345053638382897598e-01 1.445396960208347389e-02 -1.675970995778958417e-01
1.839317647312993520e-01 1.865823370949739463e-02 -1.004924438343545445e-01
2.040490558404005617e-01 1.991770399381961876e-02 -1.951474259867379268e-02
1.917945619579307370e-01 1.804063752138865273e-02 6.300788318070349447e-02
1.035202191112737646e-01 2.286255893099452957e-02 -2.056454930814255455e-01
1.035202191112737646e-01 2.286255893099452957e-02 -2.056454930814255455e-01
3.037121707305957818e-02 2.817646301510614432e-02 -2.453101592883263349e-01
-5.252260178938035484e-02 2.890230497201394522e-02 -2.542760819380736059e-01
-1.325414049885787482e-01 2.492958194355242296e-02 -2.311782805835344567e-01
-1.975030551097149145e-01 1.686310499798091694e-02 -1.795331860988468309e-01
-2.375177298006706794e-01 5.930922127467090632e-03 -1.072032959553571724e-01
-2.464935575736773576e-01 -6.202640926437812466e-03 -2.520018025532480554e-02
-2.230640500163760531e-01 -1.769035917979976807e-02 5.399192999601525045e-02
-1.707961372653510335e-01 -2.678333166496969786e-02 1.183167538911635147e-01
1.557881318622988953e-01 1.376958644582458417e-02 -1.413206691862771980e-01
