-1.434028218037701474e-01 1.707479227625486040e-01 -1.523110667637460856e-02
-1.434028218037701474e-01 1.707479227625486040e-01 -1.523110667637460856e-02
-1.273013533337432890e-01 1.496007103977440300e-01 -9.528750245568248789e-02
-9.267926534295170549e-02 1.066347520424061890e-01 -1.590897424526594717e-01
-4.480745687798416005e-02 4.839122536875282987e-02 -1.969245139965115909e-01
9.026023181392357070e-03 -1.626282066603641427e-02 -2.030318160927455651e-01
6.062551549784971072e-02 -7.748439364355155790e-02 -1.764818673600410670e-01
1.021354651167698802e-01 -1.259530640529069878e-01 -1.213166568170678111e-01
1.272363584973026651e-01 -1.542899161938697805e-01 -4.593458769511455514e-02
1.321068121624269787e-01 -1.581809212021825783e-01 3.818810332215943210e-02
1.160053436924001341e-01 -1.370337088373780599e-01 1.182444991014672681e-01
8.138325570160850897e-02 -9.406775048204021883e-02 1.820467390984442380e-01
3.351144723664102598e-02 -3.582422380838691522e-02 2.198815106422963850e-01
-2.032203282273548767e-02 2.882982222640232892e-02 2.259888127385303869e-01
-7.192152513919292112e-02 9.005139520391758357e-02 1.994388640058258610e-01
-1.134314747581131044e-01 1.385200656132729857e-01 1.442736534628526468e-01
-1.385323681386458339e-01 1.668569177542357507e-01 6.889158434089956429e-02
-1.269463270493352836e-01 1.482831927092737034e-01 -3.305846279739235727e-02
-1.269463270493352836e-01 1.482831927092737034e-01 -3.305846279739235727e-02
-1.105660296946500559e-01 1.288212447727759558e-01 -1.134775151529535814e-01
-7.542607004643968327e-02 8.745598806937003589e-02 -1.780406959486736107e-01
-2.687618841661675376e-02 3.048490795516370019e-02 -2.169188461750953534e-01
2.769233582245106406e-02 -3.341866506658242725e-02 -2.241931198915556589e-01
7.997193952026976360e-02 -9.452599129063947447e-02 -1.987560748661787169e-01
1.220035269296340236e-01 -1.435340342386862977e-01 -1.444802706166909423e-01
1.473881698847569199e-01 -1.729817636308985107e-01 -6.962870632868606302e-02
1.522612866080823302e-01 -1.783860296116433486e-01 1.440314586610711919e-02
1.358809892533970887e-01 -1.589240816751456009e-01 9.482219822166836065e-02
1.007410296051866605e-01 -1.175588249717396949e-01 1.593853790173884455e-01
5.219114797536381078e-02 -6.058774485753337657e-02 1.982635292438101882e-01
-2.377376263704029588e-03 3.315828164212806378e-03 2.055378029602704659e-01
-5.465697996152275862e-02 6.442315438826988483e-02 1.801007579348934962e-01
-9.668856737088700470e-02 1.134311973363166665e-01 1.258249536854057493e-01
-1.220732103260098733e-01 1.428789267285288378e-01 5.097338939740093944e-02
-1.568694005710222217e-01 1.771764542118900443e-01 -2.947956972287605476e-02
-1.568694005710222217e-01 1.771764542118900443e-01 -2.947956972287605476e-02
-1.415952731618111693e-01 1.593561297217954698e-01 -1.104982749517325613e-01
-1.069090110813053357e-01 1.196979263955601780e-01 -1.763692371568109096e-01
-5.809128329951308845e-02 6.423944618709509502e-02 -2.170641994641472894e-01
-2.574146337407835425e-03 1.423739975763987226e-03 -2.263877227632016265e-01
5.119041896662954172e-02 -5.918607039355271160e-02 -2.029203851496421129e-01
9.501724492205754213e-02 -1.083626907214256807e-01 -1.502348760431879704e-01
1.222340945683289409e-01 -1.386194263501097090e-01 -7.635208660996742336e-02
1.286974492681552396e-01 -1.453499635581290694e-01 7.479998207965611601e-03
1.134233218589441455e-01 -1.275296390680345504e-01 8.849870343682214591e-02
7.873705977843835357e-02 -8.787143574179921701e-02 1.543696656419005220e-01
2.991933199664613061e-02 -3.241295553333415486e-02 1.950646279492368462e-01
-2.559780496545910680e-02 3.040275067799696335e-02 2.043881512482911833e-01
-7.936237026949660711e-02 9.101256104731372809e-02 1.809208136347316143e-01
-1.231891962249245798e-01 1.401891813751866278e-01 1.282353045282775827e-01
-1.504060458711959092e-01 1.704459170038706284e-01 5.435251509505709122e-02
1.426521549293960078e-01 -1.665864233907877467e-01 3.600276395424471809e-02
1.426521549293960078e-01 -1.665864233907877467e-01 3.600276395424471809e-02
1.382261295759654174e-01 -1.605291455561074498e-01 -4.801160767381815186e-02
1.131708646609863034e-01 -1.305577016354600717e-01 -1.227688227410320965e-01
7.130079714122229684e-02 -8.123497227394839426e-02 -1.768877729292559209e-01
1.899026524345013428e-02 -2.006989590520759370e-02 -2.021293386618376320e-01
-3.579692674704675059e-02 4.362569905641957430e-02 -1.946507203713548628e-01
-8.471992549684737028e-02 1.001547356800315397e-01 -1.555904698986900203e-01
-1.203306479343826535e-01 1.409111805766763981e-01 -9.089515629625397053e-02
-1.372076843805406232e-01 1.596902344689330455e-01 -1.041405459553943272e-02
-1.327816590271099773e-01 1.536329566342527209e-01 7.360031703252342683e-02
-1.077263941121308632e-01 1.236615127136053149e-01 1.483575320997374269e-01
-6.585632659236689834e-02 7.433878335209373467e-02 2.024764822879611958e-01
-1.354579469459475834e-02 1.317370698335287339e-02 2.277180480205429902e-01
4.124139729590222542e-02 -5.052188797827437267e-02 2.202394297300601933e-01
9.016439604570279653e-02 -1.070509246018862548e-01 1.811791792573953508e-01
1.257751184832380520e-01 -1.478073694985310715e-01 1.164838656549593843e-01
-1.552207475409908000e-01 1.759694606530153860e-01 -2.865303587645619959e-02
-1.552207475409908000e-01 1.759694606530153860e-01 -2.865303587645619959e-02
-1.397672635244691375e-01 1.579913589079117164e-01 -1.096044206963335821e-01
-1.049854944137112167e-01 1.181598396984178817e-01 -1.753222084699014860e-01
-5.617064925830787120e-02 6.253889075055851787e-02 -2.158014617418639314e-01
-7.543457254959133607e-04 -4.037026635125388896e-04 -2.248795811469092021e-01
5.282678632189640594e-02 -6.108550127253309370e-02 -2.011745052989765692e-01
9.641550524382519471e-02 -1.102682513201539566e-01 -1.482951171088661146e-01
1.233758237171477534e-01 -1.404643249543642836e-01 -7.429182407567438973e-02
1.296032776501962469e-01 -1.470766436924447196e-01 9.569043277816838278e-03
1.141497936336745844e-01 -1.290985419473410500e-01 9.052042809769421383e-02
7.936802452291666365e-02 -8.926702273784722919e-02 1.562382158712621594e-01
3.055317936751335978e-02 -3.364607378998793474e-02 1.967174691432245492e-01
-2.486312416529860153e-02 2.929651962408311855e-02 2.057955885482698755e-01
-7.844425621269099369e-02 8.997831823310380173e-02 1.820905127003371871e-01
-1.220329751346197478e-01 1.391610682807246091e-01 1.292111245102267325e-01
-1.489932936079423065e-01 1.693571419149349222e-01 5.520783147703518801e-02
1.056347070481469252e-01 6.061237585799045258e-02 -1.865795732308701549e-01
1.056347070481469252e-01 6.061237585799045258e-02 -1.865795732308701549e-01
5.006882633381069814e-02 8.362253790878199783e-03 -2.207242826395978963e-01
-1.391846888711285868e-02 -4.532165218971320741e-02 -2.234015620743653729e-01
-7.658569296351373790e-02 -9.226645404405828255e-02 -1.942038200108276713e-01
-1.283923291095608044e-01 -1.253252312455215289e-01 -1.375761479999676185e-01
-1.614512866003444125e-01 -1.394650846437416880e-01 -6.213959577431357045e-02
-1.707296388380888097e-01 -1.325333497369300395e-01 2.062130542382747261e-02
-1.548148408030697865e-01 -1.055853203283152325e-01 9.810695861647611427e-02
1.178972599295920465e-01 1.232140174926480147e-01 1.095174502833445029e-01
1.509562174203757656e-01 1.373538708908682293e-01 3.408089805769026759e-02
1.602345696581201628e-01 1.304221359840565531e-01 -4.868000314045066446e-02
1.443197716231011674e-01 1.034741065754418016e-01 -1.261656563330992575e-01
-9.843584385415213300e-02 -8.095326703082814102e-02 1.623761896731795440e-01
-9.843584385415213300e-02 -8.095326703082814102e-02 1.623761896731795440e-01
-1.416230861071434421e-01 -1.188364098678239694e-01 1.016404008263488978e-01
-1.639016192409298578e-01 -1.386789506866460409e-01 2.354400534785228843e-02
-1.618797385412981682e-01 -1.374600425207090360e-01 -6.002352849629710718e-02
-1.358652570163731421e-01 -1.153652530888469030e-01 -1.363398012199082410e-01
-8.981864365646237414e-02 -7.575831379229566731e-02 -1.937863521095462560e-01
-3.075007793202266804e-02 -2.466902210115647781e-02 -2.236174645465444089e-01
3.234778648328166806e-02 3.012474045017721203e-02 -2.212916220820773383e-01
8.986887171578582245e-02 8.028112021995920111e-02 -1.871629131475457397e-01
1.330561139687771455e-01 1.181642630569550434e-01 -1.264271243007150936e-01
1.553346471025635889e-01 1.380068038757770732e-01 -4.833072882221849109e-02
1.533127664029319270e-01 1.367878957098400960e-01 3.523680502193081432e-02
1.272982848780069010e-01 1.146931062779779770e-01 1.115530777455420314e-01
8.125167151809602195e-02 7.508616698142667190e-02 1.689996286351801436e-01
2.218310579365641994e-02 2.399687529028751709e-02 1.988307410721782409e-01
-4.091475862164788840e-02 -3.079688726104604785e-02 1.965048986077111981e-01
1.348644323249175436e-01 -1.499269678787104598e-01 1.422526287633468778e-02
1.348644323249175436e-01 -1.499269678787104598e-01 1.422526287633468778e-02
1.272874574670625758e-01 -1.430500986341695924e-01 -6.951158842875747312e-02
9.892811041838706076e-02 -1.128049791848522998e-01 -1.429795564798986562e-01
5.410384468893063986e-02 -6.379615479422659496e-02 -1.949938091300914278e-01
-3.612515969775645375e-04 -3.484774709665841227e-03 -2.176356479237183672e-01
-5.617536125713538941e-02 5.894730017497749885e-02 -2.074580581532294854e-01
-1.048412920519477126e-01 1.139953524066846108e-01 -1.660104856011008212e-01
-1.389500971756656433e-01 1.532788150450142273e-01 -9.960294746521304587e-02
-1.533090202452915274e-01 1.708171370087562257e-01 -1.834538944092286780e-02
-1.457320453874365596e-01 1.639402677642153860e-01 6.539146186416928963e-02
-1.173726983387610306e-01 1.336951483148980935e-01 1.388594299153105005e-01
-7.254843260930464444e-02 8.468632392427245803e-02 1.908736825655032165e-01
-1.808333632339642963e-02 2.437494383971165052e-02 2.135155213591302115e-01
3.773077333676144035e-02 -3.805713104493177457e-02 2.033379315886413297e-01
8.639670413157374274e-02 -9.310518327663878935e-02 1.618903590365126932e-01
1.205055092552916596e-01 -1.323886459149684058e-01 9.548282090062497340e-02
-9.747299606424426888e-02 -7.883146683402995902e-02 1.591001476278880722e-01
-9.747299606424426888e-02 -7.883146683402995902e-02 1.591001476278880722e-01
-1.405541944012239364e-01 -1.168039560554206963e-01 9.836015549818716286e-02
-1.626496648834102887e-01 -1.368242299071822932e-01 2.026902251366554178e-02
-1.603955724258291360e-01 -1.358443831796184720e-01 -6.328458422666670413e-02
-1.341350821717481323e-01 -1.140135886546681104e-01 -1.395803855119252535e-01
-8.786611571041427760e-02 -7.465538690210969663e-02 -1.970030372195903101e-01
-2.863270375634015957e-02 -2.376170735578295862e-02 -2.268104611648038837e-01
3.454740367268290674e-02 3.091934862573781501e-02 -2.244647472568781221e-01
9.205560794968620231e-02 8.106308595427288988e-02 -1.903230091743452201e-01
1.351368062866658837e-01 1.190355751756636410e-01 -1.295830170446443386e-01
1.572322767688522360e-01 1.390558490274252379e-01 -5.149188406012267238e-02
1.549781843112710555e-01 1.380760022998614167e-01 3.206172268020950067e-02
1.287176940571901074e-01 1.162452077749110274e-01 1.083575239654680361e-01
8.244872759585614164e-02 7.688700602235255810e-02 1.657801756731332177e-01
2.321531564178211035e-02 2.599332647602593804e-02 1.955875996183467358e-01
-3.996479178724089004e-02 -2.868772950549478701e-02 1.932418857104210019e-01
-1.401769190255346687e-01 1.686246715763050075e-01 -2.912024878070483547e-02
-1.401769190255346687e-01 1.686246715763050075e-01 -2.912024878070483547e-02
-1.204322338451236235e-01 1.497687482118707780e-01 -1.089291227031022047e-01
-8.287184272387450312e-02 1.086610779193514925e-01 -1.722870839826478040e-01
-3.321397472420411362e-02 5.155993085882414756e-02 -2.095484573558800134e-01
2.098140990063204758e-02 -1.284156095293315612e-02 -2.150405365019150139e-01
7.146355512388767595e-02 -7.473885418855730212e-02 -1.879272021565903950e-01
1.105470119571081850e-01 -1.247086470532849656e-01 -1.323362136909939368e-01
1.322816783898541626e-01 -1.551434915607617648e-01 -5.673079516544740630e-02
1.333586484829818453e-01 -1.614099585272766868e-01 2.737881381436038999e-02
1.136139633025707724e-01 -1.425540351628424574e-01 1.071876877367577280e-01
7.605357218132167973e-02 -1.014463648703231718e-01 1.705456490163033412e-01
2.639570418165134921e-02 -4.434521780979588240e-02 2.078070223895355506e-01
-2.779968044318481199e-02 2.005627400196141955e-02 2.132991015355706066e-01
-7.828182566644055485e-02 8.195356723758567830e-02 1.861857671902459321e-01
-1.173652824996610083e-01 1.319233601023132862e-01 1.305947787246495295e-01
-1.390999489324069582e-01 1.623582046097900577e-01 5.498936019910308226e-02
-1.405816019260767713e-01 1.645003862453856547e-01 -3.994469695891635086e-02
-1.405816019260767713e-01 1.645003862453856547e-01 -3.994469695891635086e-02
-1.246164937258996686e-01 1.444809583650441265e-01 -1.203140016227183806e-01
-8.986655188099597347e-02 1.026180828440501763e-01 -1.847719607862860769e-01
-4.162214002824499159e-02 4.528500299256341816e-02 -2.235054344798210468e-01
1.277196746445447700e-02 -1.878983950769030215e-02 -2.306176024532960722e-01
6.503476081515117968e-02 -7.985163072594100853e-02 -2.050257016047127845e-01
1.072097034996030152e-01 -1.286042664757258425e-01 -1.506258668471090467e-01
1.328760428109096725e-01 -1.576255999078836068e-01 -7.569997988659998844e-02
1.381263112548699878e-01 -1.624973960864109779e-01 8.345172191933522554e-03
1.221612030546929129e-01 -1.424779682060695052e-01 8.871447685573553843e-02
8.741126120978921776e-02 -1.006150926850754856e-01 1.531724360193032763e-01
3.916684935703825671e-02 -4.328201283358880380e-02 1.919059097128382185e-01
-1.522725813566121536e-02 2.079282966666493732e-02 1.990180776863132994e-01
-6.749005148635799090e-02 8.185462088491572696e-02 1.734261768377299562e-01
-1.096649941708097709e-01 1.306072566347004915e-01 1.190263420801262739e-01
-1.353313334821164282e-01 1.596285900668582003e-01 4.410045511961729892e-02
9.238213796003290346e-02 1.014235625589538087e-01 -1.905956351276942573e-01
9.238213796003290346e-02 1.014235625589538087e-01 -1.905956351276942573e-01
3.506132301645784044e-02 5.087671851983341376e-02 -2.244232383369432482e-01
-2.632431402041090357e-02 -5.802481493388050859e-03 -2.264818442808243237e-01
-8.242936637389541854e-02 -5.998514307692515146e-02 -1.964580488656909596e-01
-1.247123484167438207e-01 -1.034224471717347243e-01 -1.389227027771139378e-01
-1.467360594291191311e-01 -1.295014579895241436e-01 -6.263504089786811613e-02
-1.451475890548246939e-01 -1.342518825401068094e-01 2.079083180030828065e-02
-1.201887675088269686e-01 -1.169505117483622125e-01 9.865408245653724262e-02
-7.565934911922347905e-02 -8.023132248001671463e-02 1.591007369905327318e-01
-1.833853417564844379e-02 -2.968447844089633011e-02 1.929283401997817227e-01
4.304710286122027246e-02 2.699472157232510675e-02 1.949869461436628260e-01
9.915215521470475968e-02 8.117738315586217612e-02 1.649631507285294896e-01
1.414351372575532173e-01 1.246146872506717768e-01 1.074278046399524955e-01
1.634588482699285694e-01 1.506936980684612515e-01 3.114014276070661141e-02
1.618703778956340766e-01 1.554441226190439174e-01 -5.228572993746972986e-02
1.369115563496364485e-01 1.381427518272993482e-01 -1.301489805936986710e-01
