1.430414632823852339e-01 -1.627151580202380599e-01 5.595382050950665868e-03
1.430414632823852339e-01 -1.627151580202380599e-01 5.595382050950665868e-03
7.165449680166240121e-02 -2.080824098293219404e-01 4.350440391584507564e-03
-1.164116580461012698e-02 -2.226797142317823719e-01 2.208549888357607283e-03
-9.416451498168916523e-02 -2.042847639572387408e-01 -5.042060458994941565e-04
-1.633521188933876045e-01 -1.556980234343507408e-01 -3.374834911389938512e-03
-2.086707920313405351e-01 -8.431638346782857618e-02 -5.966309485658270045e-03
-2.232211772250896897e-01 -1.007051666397567463e-03 -7.884101256547646971e-03
-2.047881102284569710e-01 8.154688140414786957e-02 -8.836243811765859962e-03
-1.561778583955112931e-01 1.507773277870838591e-01 -8.677782078474693961e-03
-8.479089191478844656e-02 1.961445795961677119e-01 -7.432840419108531320e-03
-1.495229308515870666e-03 2.107418839986281711e-01 -5.290949915881634942e-03
8.102811986856310600e-02 1.923469337240845400e-01 -2.578193981624535020e-03
1.502157237802615453e-01 1.437601932011965955e-01 2.924348838659102025e-04
1.955343969182145314e-01 7.237855323467430602e-02 2.883909458134244555e-03
2.100847821119636860e-01 -1.093077856675662637e-02 4.801701229023620614e-03
1.916517151153309950e-01 -9.348471163730193156e-02 5.753843784241835339e-03
-7.217749103816024914e-02 -1.170152506643989954e-01 1.739549008428803445e-01
-7.217749103816024914e-02 -1.170152506643989954e-01 1.739549008428803445e-01
-1.029252075952518941e-01 -1.654813121232983075e-01 1.118145249513733119e-01
-1.188508509371857397e-01 -1.900159174167937448e-01 3.244050823312510934e-02
-1.175298862314687748e-01 -1.868838952957013189e-01 -5.208317479376433495e-02
-9.916341837997146025e-02 -1.565620677361061475e-01 -1.288885595975457488e-01
-6.654757562063869092e-02 -1.036666581159053496e-01 -1.862827225843903256e-01
-2.464782435022794607e-02 -3.625051305169223193e-02 -2.155279227189341451e-01
2.015697812253183438e-02 3.542287049938361992e-02 -2.121718433890923128e-01
6.104570677770873588e-02 1.004418696125106980e-01 -1.767254172498983200e-01
9.179342333480038085e-02 1.489079310714100379e-01 -1.145850413583913430e-01
1.077190666767342403e-01 1.734425363649054197e-01 -3.521102464014308486e-02
1.063981019710172754e-01 1.703105142438129938e-01 4.931265838674624841e-02
8.803163411952000250e-02 1.399886866842178779e-01 1.261180431905276345e-01
5.541579136018714991e-02 8.709327706401701064e-02 1.835122061773724056e-01
1.351604008977643975e-02 1.967713199980396233e-02 2.127574063119161696e-01
-3.128876238298326784e-02 -5.199625155127184095e-02 2.094013269820743928e-01
-1.333954680080744193e-01 1.593674832446211054e-01 -1.359417439003966430e-02
-1.333954680080744193e-01 1.593674832446211054e-01 -1.359417439003966430e-02
-1.830835561244587018e-01 9.090130388972564313e-02 -1.398796273906146789e-02
-2.028366616749396611e-01 8.656244616760341154e-03 -1.248998687807785155e-02
-1.896475534018043640e-01 -7.484662985328471851e-02 -9.328300052738608059e-03
-1.455241534800733871e-01 -1.468947638377871290e-01 -4.984240421439155300e-03
-7.718384956821396081e-02 -1.965194820555674071e-01 -1.191516840462405070e-04
4.969166569590881960e-03 -2.161658710071593659e-01 4.526300501311292419e-03
8.842784294530625644e-02 -2.028429460696423992e-01 8.244888150541699462e-03
1.604863526355147230e-01 -1.585790017921382411e-01 1.047049000313061279e-02
2.101744407518989777e-01 -9.011282243724276497e-02 1.086427835215241638e-02
2.299275463023799648e-01 -7.867763164277471674e-03 9.366302491168810446e-03
2.167384380292447510e-01 7.563511130576748565e-02 6.204615665829558285e-03
1.726150381075137463e-01 1.476832452902699655e-01 1.860556034530108128e-03
1.042747341956542367e-01 1.973079635080503269e-01 -3.004532702862814687e-03
2.212171805784945294e-02 2.169543524596422579e-01 -7.649984888220339591e-03
-6.133695831786582786e-02 2.036314275221253189e-01 -1.136857253745074056e-02
-1.854512277205136728e-01 1.132148106000341048e-01 7.105981008779524433e-02
-1.854512277205136728e-01 1.132148106000341048e-01 7.105981008779524433e-02
-1.959328970961621008e-01 1.163996939287298693e-01 -1.281914371699297353e-02
-1.780807579298121224e-01 1.028150200690261390e-01 -9.438166899309241575e-02
-1.346126365794960422e-01 7.452893247068761995e-02 -1.612106106333497380e-01
-7.214616048129819659e-02 3.584773155653872556e-02 -2.031318680789003794e-01
-1.912843611532565047e-04 -7.339720480200863546e-03 -2.137633099008041382e-01
7.029751416422294619e-02 -4.845852556216506679e-02 -1.914863954559364034e-01
1.285889545018918112e-01 -8.124871835852112700e-02 -1.396925830277959135e-01
1.658086932736656527e-01 -1.007182892598617457e-01 -6.626701104648823060e-02
1.762903626493141085e-01 -1.039031725885575519e-01 1.761194275829998726e-02
1.584382234829641578e-01 -9.031849872885380770e-02 9.917446803439948499e-02
1.149701021326481332e-01 -6.203241113051529559e-02 1.660034096746567656e-01
5.250362603445024590e-02 -2.335121021636637692e-02 2.079246671202073793e-01
-1.945125008569479827e-02 1.983624182037322520e-02 2.185561089421111658e-01
-8.994004861107098014e-02 6.095504690233739115e-02 1.962791944972434310e-01
-1.482314889487397758e-01 9.374523969869344442e-02 1.444853820691029966e-01
-6.373690570140630451e-02 -1.189426201869258348e-01 1.839891723476758389e-01
-6.373690570140630451e-02 -1.189426201869258348e-01 1.839891723476758389e-01
-9.506422574493970934e-02 -1.665648158132628509e-01 1.214827795983806635e-01
-1.124307729424088020e-01 -1.895923188243164026e-01 4.195630114355262258e-02
-1.131926479111411976e-01 -1.845194006314881674e-01 -4.248307758138295670e-02
-9.723386209356124632e-02 -1.521183670435183599e-01 -1.189802266104290490e-01
-6.698399596364182362e-02 -9.732198170807446203e-02 -1.758891484522960014e-01
-2.704831742394379207e-02 -2.847249756200789794e-02 -2.045459756372207949e-01
1.649332848569124918e-02 4.394837555557080944e-02 -2.005879660010839172e-01
5.701212088152442237e-02 1.089152162093598442e-01 -1.646176906315404975e-01
8.833944092505784107e-02 1.565374118356968325e-01 -1.021112978822453499e-01
1.057059881225269199e-01 1.795649148467503842e-01 -2.258481942741732973e-02
1.064678630912593293e-01 1.744919966539221490e-01 6.185455929751822179e-02
9.050907727367937805e-02 1.420909630659523415e-01 1.383517083265643488e-01
6.025921114375989984e-02 8.729457773050842972e-02 1.952606301684313983e-01
2.032353260406193074e-02 1.844509358444192809e-02 2.239174573533561363e-01
-2.321811330557306541e-02 -5.397577953313673071e-02 2.199594477172193141e-01
-6.147526439060355813e-02 -1.102036129246463381e-01 1.682471216266908098e-01
-6.147526439060355813e-02 -1.102036129246463381e-01 1.682471216266908098e-01
-9.529028143755821634e-02 -1.564229468630598807e-01 1.059795600954713396e-01
-1.144452199831302447e-01 -1.785231111738966592e-01 2.659692664589367872e-02
-1.160239142737066881e-01 -1.731395561793200311e-01 -5.781549238470810870e-02
-9.978602241444661791e-02 -1.410918793252067815e-01 -1.344066713994089002e-01
-6.820361624406609535e-02 -8.725904889968152944e-02 -1.915162976939871475e-01
-2.608483080678081559e-02 -1.983662533920751633e-02 -2.204499483651449210e-01
2.015813062232343217e-02 5.091093855492467152e-02 -2.168027373823948611e-01
6.348519635915467196e-02 1.142129675080971185e-01 -1.811299195558107866e-01
9.730021340610930936e-02 1.604323014465107167e-01 -1.188623580245912886e-01
1.164551519516813932e-01 1.825324657573474674e-01 -3.947972457501359306e-02
1.180338462422578505e-01 1.771489107627708670e-01 4.493269445558808334e-02
1.017959543829977664e-01 1.451012339086576175e-01 1.215238734702888956e-01
7.021354821261723000e-02 9.126840348313228213e-02 1.786334997648672818e-01
2.809476277533194677e-02 2.384597992265833494e-02 2.075671504360249442e-01
-1.814819865377223854e-02 -4.690158397147380087e-02 2.039199394532749676e-01
-1.591401299894519006e-01 1.520591560830107936e-01 3.240998617911965661e-03
-1.591401299894519006e-01 1.520591560830107936e-01 3.240998617911965661e-03
-2.050246520752933566e-01 8.099409960188186375e-02 3.235030303999936185e-03
-2.202279112656837790e-01 -2.216176208187532141e-03 2.498440231519069750e-03
-2.024353491667738592e-01 -8.490366115814292070e-02 1.143367561798946941e-03
-1.543557220681456010e-01 -1.544799352282712757e-01 -6.238901749598856549e-04
-8.330871735266021094e-02 -2.003526414018904356e-01 -2.534284008567169039e-03
-1.105974455488365794e-04 -2.155380760011839647e-01 -4.296973795619423581e-03
8.257247809016590723e-02 -1.977243942647168573e-01 -5.643605994860652515e-03
1.521527605281176310e-01 -1.496235677554391685e-01 -6.369168061207663642e-03
1.980372826139590869e-01 -7.855851127431025260e-02 -6.363199747295632432e-03
2.132405418043494816e-01 4.651764535759162801e-03 -5.626609674814766864e-03
1.954479797054396173e-01 8.733924948571446245e-02 -4.271537005094644922e-03
1.473683526068114147e-01 1.569155235558427897e-01 -2.504279268335815253e-03
7.632134789132594133e-02 2.027882297294620606e-01 -5.938854347285274244e-04
-6.876772015785365816e-03 2.179736643287555897e-01 1.168804352323723865e-03
-8.955984755150005194e-02 2.001599825922885378e-01 2.515436551564953667e-03
-1.663157270224198681e-01 1.078387482325871699e-01 5.156032987965450398e-02
-1.663157270224198681e-01 1.078387482325871699e-01 5.156032987965450398e-02
-1.733398912180945106e-01 1.108723124238893409e-01 -3.269007264421426584e-02
-1.527377594581047493e-01 9.618861076498216867e-02 -1.134156125452931985e-01
-1.076458195441195864e-01 6.602310372534732352e-02 -1.783265581524845211e-01
-4.492891056858998311e-02 2.496821630076690585e-02 -2.175408064162805410e-01
2.586488660715519430e-02 -2.072581706184791275e-02 -2.250883435165640378e-01
9.395785811047822900e-02 -6.410249400048295687e-02 -1.998201253484110096e-01
1.489834662943219645e-01 -9.855810866178671414e-02 -1.455830090709546998e-01
1.825645611210765518e-01 -1.188471060545003288e-01 -7.063410397675443098e-02
1.895887253167512221e-01 -1.218806702458024860e-01 1.361629854711431803e-02
1.689865935567614608e-01 -1.071969685868953415e-01 9.434183844819324372e-02
1.238946536427763534e-01 -7.703146154726053796e-02 1.592527840553845386e-01
6.117774466724676397e-02 -3.597657412268012722e-02 1.984670323191805863e-01
-9.616052508498531409e-03 9.717459239934765972e-03 2.060145694194640831e-01
-7.770902401182148977e-02 5.309413617856981182e-02 1.807463512513111104e-01
-1.327346321956652253e-01 8.754975083987351359e-02 1.265092349738548838e-01
1.455321865088705646e-01 -1.553612961003958126e-01 -1.636738355859007621e-03
1.455321865088705646e-01 -1.553612961003958126e-01 -1.636738355859007621e-03
7.521604207121598829e-02 -2.023847626863883864e-01 -1.902881928882227576e-03
-7.742883426262624907e-03 -2.189199110039992124e-01 -2.110152671940275677e-03
-9.071484560110643081e-02 -2.024494146133648531e-01 -2.226995493316529830e-03
-1.610681153549056166e-01 -1.554807572845377239e-01 -2.235622132639267234e-03
-2.080920451216226041e-01 -8.516449132389289356e-02 -2.134719262272282217e-03
-2.246276678672596561e-01 -2.205630805400320311e-03 -1.939648429542150309e-03
-2.081575849245869136e-01 8.076608978094285130e-02 -1.680107400410531899e-03
-1.611892171199526547e-01 1.511189781163858881e-01 -1.395608943817428513e-03
-9.087307268229807833e-02 1.981424447023784619e-01 -1.129465370794208341e-03
-7.914147184819480749e-03 2.146775930199892879e-01 -9.221946277361600230e-04
7.505781499002425750e-02 1.982070966293549563e-01 -8.053518063599064128e-04
1.454110847438234433e-01 1.512384393005278549e-01 -7.967251670371687912e-04
1.924350145105405419e-01 8.092217333988294126e-02 -8.976280374041540255e-04
2.089706372561775660e-01 -2.036687178609584287e-03 -1.092698870134285608e-03
1.925005543135048514e-01 -8.500840776495266482e-02 -1.352239899265903584e-03
-1.770156487070239648e-01 1.152039461834404172e-01 5.054409959170792777e-02
-1.770156487070239648e-01 1.152039461834404172e-01 5.054409959170792777e-02
-1.826865184016311094e-01 1.199999633198503418e-01 -3.372374320956451899e-02
-1.609499090166456592e-01 1.067574232931727402e-01 -1.143983043793181664e-01
-1.151150222880769625e-01 7.749238277854494927e-02 -1.791976132961761170e-01
-5.215980422606657924e-02 3.666017890606619589e-02 -2.182565625847448232e-01
1.833138390991705113e-02 -9.522855429528442536e-03 -2.256287812860966746e-01
8.562689773038220653e-02 -5.402577190089347808e-02 -2.001919159322798625e-01
1.394816052915149873e-01 -9.007340489520596072e-02 -1.458184986876543410e-01
1.716966155612725808e-01 -1.121778290616886470e-01 -7.078638943145953988e-02
1.773674852558797255e-01 -1.169738461980985994e-01 1.348145336981294851e-02
1.556308758708942752e-01 -1.037313061714209561e-01 9.415601453956659594e-02
1.097959891423255785e-01 -7.446626565679322074e-02 1.589553234564244633e-01
4.684077108031522302e-02 -3.363406178431446042e-02 1.980142727449932527e-01
-2.365041705566853225e-02 1.254897255128028036e-02 2.053864914463451041e-01
-9.094593087613361826e-02 5.705188902264521356e-02 1.799496260925282920e-01
-1.448006384372663158e-01 9.309952201695767537e-02 1.255762088479027982e-01
-1.502877899872713807e-01 1.539275894162357716e-01 2.687356486597647712e-03
-1.502877899872713807e-01 1.539275894162357716e-01 2.687356486597647712e-03
-1.962572032855186555e-01 8.294011390160796471e-02 4.603838169521983978e-03
-2.115725861286776033e-01 -2.498051399660206236e-04 5.582592065951695430e-03
-1.939023103131684855e-01 -8.297725665290058006e-02 5.474611767581524270e-03
-1.459365151504533609e-01 -1.526477360705668362e-01 4.296336295994486291e-03
-7.497755814303978805e-02 -1.986545444660936521e-01 2.227147410645962181e-03
8.171702749240616903e-03 -2.139935623140188092e-01 -4.179396379136910387e-04
9.085254630546517329e-02 -1.963295631955387366e-01 -3.236234324315072353e-03
1.604775635979118764e-01 -1.483517308518912670e-01 -5.798676830458518797e-03
2.064469768961591234e-01 -7.736425533726344617e-02 -7.715158513382853328e-03
2.217623597393180990e-01 5.825663704310601182e-03 -8.693912409812563913e-03
2.040920839238090090e-01 8.855311521724505697e-02 -8.585932111442394488e-03
1.561262887610939398e-01 1.582235946349113132e-01 -7.407656639855358244e-03
8.516733175368022823e-02 2.042304030304382401e-01 -5.338467754506829796e-03
2.018070861399898740e-03 2.195694208783633972e-01 -2.693380705947180480e-03
-8.066277269482451107e-02 2.019054217598833245e-01 1.249139804541973646e-04
-1.661385564873741616e-01 1.058566184733603921e-01 6.340434363318617206e-02
-1.661385564873741616e-01 1.058566184733603921e-01 6.340434363318617206e-02
-1.738881656930180153e-01 1.092802777800111064e-01 -2.077016235795205515e-02
-1.538454492155109932e-01 9.518401283530134038e-02 -1.017436776302384493e-01
-1.090617289508763466e-01 6.571385219410308398e-02 -1.671887185102111928e-01
-4.635492034396949956e-02 2.535636066636740016e-02 -2.071418707846673646e-01
2.472843343344346967e-02 -1.974439950437970048e-02 -2.155206291960481968e-01
9.336653614095802300e-02 -6.272224642155097007e-02 -1.910494037298551828e-01
1.491098588473055708e-01 -9.703419248715956791e-02 -1.374537166311048664e-01
1.834719859849232859e-01 -1.174565549512822382e-01 -6.289302541446864514e-02
1.912215951905671396e-01 -1.208802142579330080e-01 2.128148057666959941e-02
1.711788787130601175e-01 -1.067839493132232004e-01 1.022549958489560179e-01
1.263951584484254709e-01 -7.731378867202499949e-02 1.677000367289286920e-01
6.368834984151862388e-02 -3.695629714428928791e-02 2.076531890033848915e-01
-7.395003935894421676e-03 8.144463026457894259e-03 2.160319474147657237e-01
-7.603310664340889868e-02 5.112230994362912395e-02 1.915607219485727097e-01
-1.317764293497563910e-01 8.543425600923765240e-02 1.379650348498225043e-01
-1.725704973252080998e-01 1.050712770938632135e-01 7.120838812359404912e-02
-1.725704973252080998e-01 1.050712770938632135e-01 7.120838812359404912e-02
-1.806813980517721907e-01 1.119386396482917323e-01 -1.271762032958796522e-02
-1.608238272313171069e-01 1.014370973542557536e-01 -9.427690407148278662e-02
-1.160209200119294570e-01 7.516541482930440277e-02 -1.610528014891351167e-01
-5.309351287839570582e-02 3.712321758446631564e-02 -2.028792875257248718e-01
1.837826687156982053e-02 -6.897914703108670893e-03 -2.133886588402213735e-01
8.751348866433165952e-02 -5.019616369519514648e-02 -1.909809589176806877e-01
1.437869416942880452e-01 -8.617976348235248385e-02 -1.390675569450040006e-01
1.786315028577500352e-01 -1.093705371891302985e-01 -6.555179777637061556e-02
1.867424035843141261e-01 -1.162378997435588174e-01 1.837421067681139705e-02
1.668848327638590701e-01 -1.057363574495228525e-01 9.993349441870626182e-02
1.220819255444714618e-01 -7.946467492457150172e-02 1.667093918363584948e-01
5.915451841093764818e-02 -4.142247767973341460e-02 2.085358778729483054e-01
-1.231726133902798746e-02 2.598654607841663876e-03 2.190452491874447793e-01
-8.145248313178971022e-02 4.589690359992807528e-02 1.966375492649041212e-01
-1.377259361617460265e-01 8.188050338708535714e-02 1.447241472922274896e-01
