2.441824214439531626e-01 -1.730584143343544545e-01 4.783149556731278867e-02
2.441824214439531626e-01 -1.730584143343544545e-01 4.783149556731278867e-02
1.676931414787307673e-01 -2.098643111802076522e-01 4.456748659725952300e-02
8.342369120311401987e-02 -2.150361646610013111e-01 3.519468399606767717e-02
4.203330517096592889e-03 -1.877866069672531057e-01 2.114001199510150142e-02
-5.790735879923322726e-02 -1.322641362399806508e-01 4.543167000589188285e-03
-9.345258733226499692e-02 -5.692154533496063262e-02 -1.206913178782928302e-02
-6.806909983919087748e-02 1.060718954532637592e-01 -3.560647871829012573e-02
-1.100478968201840102e-02 1.689084715156810856e-01 -3.894817915675107683e-02
6.548449028320396659e-02 2.057143683615342833e-01 -3.568417018669780422e-02
1.497539405588207417e-01 2.108862218423279422e-01 -2.631136758550594451e-02
2.289743012448380854e-01 1.836366641485797924e-01 -1.225669558453979478e-02
2.910849905611679889e-01 1.281141934213072819e-01 4.340149409972512279e-03
3.266302190941998140e-01 5.277160251628721516e-02 2.095244819839102435e-02
3.301985480180784638e-01 -3.092088208347819681e-02 3.505112888104246899e-02
3.012467316011256946e-01 -1.102218382719370310e-01 4.448979512885184451e-02
2.658618238513836274e-01 -1.392811817353293014e-01 -2.246651432801142698e-02
2.658618238513836274e-01 -1.392811817353293014e-01 -2.246651432801142698e-02
1.991304996866684052e-01 -1.912977008907466303e-01 -3.013645845562672176e-02
1.173653993372278381e-01 -2.142317393282229254e-01 -3.260914495763499871e-02
3.301451812878385128e-02 -2.045917975932285970e-01 -2.950812972906440013e-02
-4.108048691732026081e-02 -1.638454694286270719e-01 -2.130551422769178666e-02
-9.363932295570832898e-02 -9.819601393109439469e-02 -9.250072306706451711e-03
-1.066389211861592939e-01 6.556444300569151673e-02 1.877081852076278867e-02
-6.510061238928739613e-02 1.387443993685579247e-01 3.047034080877237053e-02
1.630711775427826082e-03 1.907609185239752259e-01 3.814028493638769307e-02
8.339581212486844863e-02 2.136949569614515210e-01 4.061297143839594226e-02
1.677466933333123800e-01 2.040550152264572481e-01 3.751195620982535756e-02
2.418416983794164921e-01 1.633086870618557229e-01 2.930934070845273715e-02
2.944005344178046712e-01 9.765923156432286534e-02 1.725389878746736577e-02
3.174215951086672982e-01 1.710118321956241236e-02 3.180962196486186982e-03
3.074001326482556085e-01 -6.610122537246289343e-02 -1.076699204000183124e-02
-3.386939322933799068e-02 1.685834069287646675e-01 -3.276187668626011351e-02
-3.386939322933799068e-02 1.685834069287646675e-01 -3.276187668626011351e-02
-8.990199028139578274e-02 1.057965979584785665e-01 -2.106583743527771710e-02
-1.117071347574578877e-01 -5.623471296677115538e-02 1.127529983090733851e-02
-7.416004659910865882e-02 -1.308114166508566600e-01 2.699675287047272401e-02
-1.030990959887158331e-02 -1.855255112284066032e-01 3.916887293395646119e-02
7.012267168790060901e-02 -2.120472717844914534e-01 4.593856508223631563e-02
1.548925658834617858e-01 -2.063390006948054856e-01 4.627520505314881849e-02
2.310943250375421809e-01 -1.692697304871470798e-01 4.012754246277147607e-02
2.871269220896000007e-01 -1.064829215168609511e-01 2.843150321178908660e-02
3.144599020752164575e-01 -2.753729628583257566e-02 1.296770325130387237e-02
3.089320665656621334e-01 5.554838940838868755e-02 -3.909634054395968138e-03
2.713849784073130156e-01 1.301250930924741644e-01 -1.963108709396135104e-02
2.075348414070757319e-01 1.848391876700242187e-01 -3.180320715744510557e-02
1.271022601203036229e-01 2.113609482261090688e-01 -3.857289930572495307e-02
4.233236592474256405e-02 2.056526771364231287e-01 -3.890953927663744899e-02
-1.617331911426325430e-01 1.472069583604883602e-01 3.879938668120626842e-03
-1.617331911426325430e-01 1.472069583604883602e-01 3.879938668120626842e-03
-2.065785645142196592e-01 -9.120255752399655802e-02 4.386898919780953844e-03
-1.585269504610467006e-01 -1.615359334057813456e-01 3.372436749601685334e-03
-8.722195091320393556e-02 -2.081229061094152510e-01 1.950633904183936718e-03
-3.519105670419836636e-03 -2.238710313527293161e-01 3.379469780676705752e-04
7.983858584727325514e-02 -2.063827998245397755e-01 -1.220107063289301106e-03
1.501606707456618617e-01 -1.583206362437998560e-01 -2.486328615885434554e-03
1.469544300640761303e-01 1.504222555224698221e-01 -1.978826697366495215e-03
7.564943051623318482e-02 1.970092282261038386e-01 -5.570238519487438885e-04
-8.053414726550784872e-03 2.127573534694178758e-01 1.055663074167520520e-03
-9.141110624424382547e-02 1.952691219412283630e-01 2.613717115524492093e-03
1.339495663496383382e-01 -1.674614444731105101e-01 2.220315140840451590e-02
1.339495663496383382e-01 -1.674614444731105101e-01 2.220315140840451590e-02
5.973377914987411386e-02 -2.090449988483959465e-01 2.670275576000159107e-02
-2.483584846308016514e-02 -2.193006679848970575e-01 2.717269134364472608e-02
-1.068843573107356032e-01 -1.966671192244538180e-01 2.354141472670095644e-02
-1.739206056926214938e-01 -1.445901051922132141e-01 1.636175485649543626e-02
-1.505011465913776714e-01 1.609281052194562189e-01 -2.173568534314619660e-02
-7.628535939161343316e-02 2.025116595947416553e-01 -2.623528969474327524e-02
8.284268221340845839e-03 2.127673287312427941e-01 -2.670522527838642413e-02
9.033277706899620063e-02 1.901337799707995546e-01 -2.307394866144264756e-02
1.573690254508821329e-01 1.380567659385589785e-01 -1.589428879123713084e-02
1.865128323028347190e-01 -1.008807240568187491e-01 1.435890226236913141e-02
2.441414715875871860e-02 -1.262738757477313567e-01 1.761521176492411023e-01
2.441414715875871860e-02 -1.262738757477313567e-01 1.761521176492411023e-01
-5.294206938752252234e-02 -1.053498583517245707e-01 1.480411121112841233e-01
-1.110019890824877897e-01 -6.886385612997251993e-02 9.794276142399013785e-02
-1.409265154670612530e-01 -2.237053217430312255e-02 3.348408533681975635e-02
-1.381599106656986875e-01 2.705192640606408905e-02 -3.552166703530907493e-02
-1.031233651800727291e-01 7.187939830797090979e-02 -9.856899543244274087e-02
-4.115087545329408625e-02 1.052873072963966677e-01 -1.460595156315727394e-01
3.832280873575350660e-02 1.221896020713027220e-01 -1.707632264350192053e-01
1.231985394000286449e-01 1.200130614728932982e-01 -1.689192118126534303e-01
2.005547559463099205e-01 9.908904407688652605e-02 -1.408082062746964513e-01
2.586146756412751602e-01 6.260304185513446140e-02 -9.070985558740249366e-02
2.885392020258485957e-01 1.610971789946509525e-02 -2.625117950023214339e-02
2.857725972244861135e-01 -3.331274068090213369e-02 4.275457287189673300e-02
2.507360517388600440e-01 -7.814021258280903770e-02 1.058019012690304822e-01
1.887635620120814983e-01 -1.115481215712347401e-01 1.532924214681604391e-01
1.092898778230339957e-01 -1.284504163461407666e-01 1.779961322716068495e-01
-1.403687470496502443e-01 -1.759495992977440637e-01 2.122374180064717092e-02
-6.617065551700927750e-02 -2.158532717631019004e-01 8.663245846300836675e-03
1.750835644205253269e-02 -2.239237719364767232e-01 -5.052289376016764338e-03
9.792891780890032594e-02 -1.989324393257383972e-01 -1.783479796034419945e-02
1.628477271296356610e-01 -1.446839777738775645e-01 -2.773825884844646414e-02
1.325789625525198578e-01 1.624377062011784500e-01 -1.907108319232790269e-02
5.838087101987871064e-02 2.023413786665363978e-01 -6.510587237981556308e-03
-2.529814093918297813e-02 2.104118788399112205e-01 7.204947984336029093e-03
-9.990207530808002667e-02 -5.186614971811738528e-02 -1.668303605543348389e-01
-2.332911731378309664e-02 -6.997438000329705976e-02 -1.989294525872347397e-01
6.126542858599109964e-02 -7.790864247721360214e-02 -2.005067580110618253e-01
2.037437323739434702e-01 -6.015637501348190808e-02 -1.158187102367709415e-01
2.155178433776274438e-01 2.004814489030650598e-02 1.122042558837621495e-01
1.586240120078467319e-01 4.557352907734700531e-02 1.699383387427197967e-01
8.205105401354964578e-02 6.368175936252670755e-02 2.020374307756197529e-01
-2.543491886224446413e-03 7.161602183644322217e-02 2.036147361994468385e-01
-1.105088339042057666e-01 1.507487051983974202e-01 7.634364575105480420e-04
-1.105088339042057666e-01 1.507487051983974202e-01 7.634364575105480420e-04
-1.579795252375095216e-01 8.042414820337601133e-02 -4.234083690380552670e-03
-1.587067291622646925e-01 -8.617591936350837978e-02 -1.056201073914544986e-02
-1.118525315482921112e-01 -1.570880798816864654e-01 -1.092904810964634432e-02
-4.147490933448835793e-02 -2.047134640572270681e-01 -9.256285873203047576e-03
4.171178247182900922e-02 -2.218015388745868122e-01 -5.798386916686629373e-03
1.250431241323872456e-01 -2.057507998466066024e-01 -1.081785010294605918e-03
1.958326742798595088e-01 -1.590048264899848185e-01 4.175459961827580543e-03
2.433033656131632638e-01 -8.868026949496345124e-02 9.172980109718679304e-03
2.602282156996915674e-01 -5.483405170337745868e-03 1.314994829349521929e-02
2.440305695379184903e-01 7.791979807192092600e-02 1.550090715848357822e-02
1.971763719239459089e-01 1.488319585900990671e-01 1.586794452898447616e-02
1.267987497101420447e-01 1.964573427656397253e-01 1.419518229254117248e-02
4.361205790382477465e-02 2.135454175829994694e-01 1.073728333602475687e-02
-3.971928375673337841e-02 1.974946785550192874e-01 6.020681429632743394e-03
-2.803360120191839555e-01 9.873122274337121917e-02 -1.484028070293564455e-02
-3.046632895725492896e-01 1.868396893199436928e-02 1.266467527818111987e-03
-2.959119612229432761e-01 -6.462060859486890019e-02 1.684106959845091053e-02
-2.554143373806044837e-01 -1.385001430666293887e-01 2.951243352782827525e-02
-1.893358141636544700e-01 -1.917071450796093424e-01 3.735145902390252237e-02
-1.077362477285694481e-01 -2.161413309000067562e-01 3.916472551583945194e-02
-2.303843236317934529e-02 -2.080828172331123382e-01 3.467617961754332345e-02
1.456523545137093645e-02 1.862833894221493924e-01 -4.180936595435706671e-02
-6.703433098371400223e-02 2.107175752425468063e-01 -4.362263244629398240e-02
-1.517321463491040356e-01 2.026590615756523883e-01 -3.913408654799787473e-02
1.001060547110710491e-01 -1.746725361691428835e-01 6.650845963731943922e-02
1.001060547110710491e-01 -1.746725361691428835e-01 6.650845963731943922e-02
2.009715900564381166e-02 -2.039542976212254943e-01 6.569569759892283922e-02
-6.437550406719361185e-02 -2.018866484317393961e-01 5.475953976896410363e-02
-1.404517373011993642e-01 -1.687843694464973565e-01 3.536491704053680574e-02
-1.965496238192675493e-01 -1.096869825680961558e-01 1.046448491135119029e-02
-1.819170656060073998e-01 1.224300907660832854e-01 -5.867446617673469783e-02
-1.185525663566960042e-01 1.786033801184835068e-01 -6.810883558253991166e-02
-3.854367065126877712e-02 2.078851415705661176e-01 -6.729607354414333942e-02
4.592899242156868456e-02 2.058174923810800472e-01 -5.635991571418457607e-02
1.220052256555742842e-01 1.727152133958380353e-01 -3.696529298575729899e-02
1.781031121736425249e-01 1.136178265174368623e-01 -1.206486085657168354e-02
-9.033583021114523215e-02 1.991838465072856904e-02 1.451743930168105379e-01
-9.033583021114523215e-02 1.991838465072856904e-02 1.451743930168105379e-01
-1.325334907464932876e-01 2.751075422758442364e-03 7.353249083410950959e-02
-1.211826656199509328e-01 -3.123563564047046950e-02 -8.910331829933963721e-02
-6.936224018809063196e-02 -4.288086880665564760e-02 -1.553373976068012086e-01
4.206627409345714552e-03 -4.837464604464277590e-02 -1.973536009244640510e-01
8.832374398409380267e-02 -4.688058957116299219e-02 -2.087553421750454885e-01
1.701830410612089062e-01 -3.862615594064790214e-02 -1.878068096101863649e-01
2.373221827170760578e-01 -2.486800784671627448e-02 -1.376972274139658670e-01
2.795198432524241272e-01 -7.700698618746148680e-03 -6.605532523126485256e-02
2.903518113734916972e-01 1.026220453534971641e-02 1.621206676606101044e-02
2.681690181258818417e-01 2.628601244448276406e-02 9.658048390218422485e-02
2.163485926940214576e-01 3.793124561066794215e-02 1.628145632096458240e-01
1.427797250965850417e-01 4.342502284865507045e-02 2.048307665273087497e-01
5.866260852183702301e-02 4.193096637517525899e-02 2.162325077778901594e-01
-2.319668855527802498e-02 3.367653274466021751e-02 1.952839752130310913e-01
1.138104878184186125e-01 -4.624320766324296200e-02 -1.292739102064644485e-01
1.138104878184186125e-01 -4.624320766324296200e-02 -1.292739102064644485e-01
4.971494078646795933e-02 -5.812055498289378508e-02 -1.836043137362062816e-01
-3.071274793299562031e-02 -6.127904587132448205e-02 -2.104839361095574013e-01
-1.152281918112476877e-01 -5.523782872256271376e-02 -2.058205984845587755e-01
-1.909646806522308782e-01 -4.091662408373758497e-02 -1.703242517413554591e-01
-2.463920205828865062e-01 -2.049570553906690518e-02 -1.093988928964157448e-01
-2.730719015488597967e-01 2.916027179110788556e-03 -3.231985554412855621e-02
-2.669425535268047378e-01 2.575434999233851968e-02 4.917827560183411773e-02
-2.289371141904009144e-01 4.454233528221420574e-02 1.226881488568978829e-01
-1.648415671584502751e-01 5.641968260186502881e-02 1.770185523866396882e-01
-8.441387843898662258e-02 5.957817349029573967e-02 2.038981747599908634e-01
1.015654392653303484e-04 5.353695634153396443e-02 1.992348371349922098e-01
7.583805428024857631e-02 3.921575170270882871e-02 1.637384903917888934e-01
1.312653942109042737e-01 1.879483315803812463e-02 1.028131315468491375e-01
1.518159271548225053e-01 -2.745522237336723778e-02 -5.576403695140059319e-02
1.080085796440244383e-01 -1.686606220259218858e-01 4.409021905056590557e-02
1.080085796440244383e-01 -1.686606220259218858e-01 4.409021905056590557e-02
3.057860983963110041e-02 -2.041924024207444621e-01 4.532724592323061213e-02
-5.432989140402531142e-02 -2.081227743479450443e-01 3.945047210686488531e-02
-1.337903744700786601e-01 -1.798533743105175386e-01 2.735458314192306881e-02
-1.957057011227949506e-01 -1.236879622014107338e-01 1.088106847381105011e-02
-2.032607872050482822e-01 1.137019723617137129e-01 -3.872773181454809005e-02
-1.450973598382128138e-01 1.754257697554379714e-01 -4.689023324855658842e-02
-6.766739003381952444e-02 2.109575501502605754e-01 -4.812726012122132274e-02
1.724111120983692902e-02 2.148879220774611576e-01 -4.225048630485558204e-02
9.670159427589020140e-02 1.866185220400336520e-01 -3.015459733991377594e-02
1.586169209286064918e-01 1.304531099309270137e-01 -1.368108267180176071e-02
1.935610439489435231e-01 5.494236060302377239e-02 4.662114424042749020e-03
1.661720070108599623e-01 -1.069368246321974747e-01 3.592771761655736557e-02
-2.033646979591968440e-01 -1.386766385393819190e-01 1.352921126333264668e-02
-1.392689643648152287e-01 -1.933199736726415596e-01 2.628254110336126353e-02
-5.864473513074212885e-02 -2.194116907821921092e-01 3.498659304386869673e-02
2.623368170259286758e-02 -2.129795624601091009e-01 3.831625407934000777e-02
1.024443165970790048e-01 -1.750028219360412196e-01 3.576461350057712901e-02
1.583847912411564807e-01 -1.112630836947676727e-01 2.772013545501725990e-02
1.797720365658375397e-01 5.224532887948064863e-02 7.012478120071522760e-04
1.419627930216200984e-01 1.271213296054770903e-01 -1.415978106862120396e-02
7.786705942723831653e-02 1.817646647387368142e-01 -2.691311090864986419e-02
-2.757169806834696563e-03 2.078563818482873637e-01 -3.561716284915728697e-02
-8.763558664016959932e-02 2.014242535262043832e-01 -3.894682388462859801e-02
