1.587618125017447035e-01 -2.963084875326190901e-02 -1.357354004612921772e-01
1.587618125017447035e-01 -2.963084875326190901e-02 -1.357354004612921772e-01
1.016828209161781404e-01 -1.584463279388457612e-03 -1.872395992581335489e-01
2.873890572999826531e-02 2.687987171286848609e-02 -2.110358254933751565e-01
-4.896488320793688370e-02 5.142871925077702883e-02 -2.035013194360294209e-01
-1.195988484184274392e-01 6.832473983254772065e-02 -1.657831413328597903e-01
-1.724096089966652146e-01 7.499566748741387512e-02 -1.036235418839378808e-01
-1.993572053753503992e-01 7.042591395203198767e-02 -2.648575662718992765e-02
-1.963391102863976112e-01 5.531118277724493548e-02 5.388668588780887864e-02
-1.638148013479997500e-01 3.195255476903478831e-02 1.252578098661556172e-01
-1.067358097624332564e-01 3.906169295161352091e-03 1.767620086629970166e-01
-3.379189457625336040e-02 -2.455816569709559638e-02 2.005582348982385965e-01
4.391189436168171922e-02 -4.910701323500411830e-02 1.930237288408929164e-01
1.145458595721722678e-01 -6.600303381677483094e-02 1.553055507377233413e-01
1.673566201504101958e-01 -7.267396147164101317e-02 9.314595128880134856e-02
1.943042165290953527e-01 -6.810420793625912572e-02 1.600816603205346481e-02
1.912861214401425647e-01 -5.298947676147210128e-02 -6.436427648294527903e-02
-1.176550113439437800e-01 1.682620245621920807e-01 -5.483726175344471460e-02
-1.176550113439437800e-01 1.682620245621920807e-01 -5.483726175344471460e-02
-1.567206560663768344e-01 1.087627593274039517e-01 -9.514109278031010475e-02
-1.720459301794463047e-01 3.293718563514415332e-02 -1.217174789925121042e-01
-1.612976996233932425e-01 -4.767094028047781651e-02 -1.305204065047837481e-01
-1.261122850674240570e-01 -1.207897619632895964e-01 -1.202097094021182810e-01
-7.184634692110780652e-02 -1.752876016358522193e-01 -9.235509785169467023e-02
-6.761382345266959797e-03 -2.028676572321648219e-01 -5.119718395938236549e-02
5.923401280009985004e-02 -1.993311153015154269e-01 -3.001887017867369868e-03
1.160926378538572473e-01 -1.652163822940128923e-01 4.489349590495932824e-02
1.551582825762903017e-01 -1.057171170592247494e-01 8.519732693182474614e-02
1.704835566893597998e-01 -2.989154336696496495e-02 1.117737131440267179e-01
1.597353261333067098e-01 5.071658254865690774e-02 1.205766406562983756e-01
1.245499115773375381e-01 1.238354042314687570e-01 1.102659435536329641e-01
7.028397343102125994e-02 1.783332439040314354e-01 8.241133200320929775e-02
5.199008855180488678e-03 2.059132995003440381e-01 4.125341811089702770e-02
-6.079638629018627172e-02 2.023767575696946430e-01 -6.941878830617909807e-03
1.597714924785677004e-01 -1.279987362302422715e-01 -3.836806884848931176e-02
1.597714924785677004e-01 -1.279987362302422715e-01 -3.836806884848931176e-02
1.186699881933494655e-01 -1.357418097457469275e-01 -1.087146139533245320e-01
5.916648394089352864e-02 -1.226424268869650142e-01 -1.633558474730571475e-01
-9.680151156972956888e-03 -9.069484994794473065e-02 -1.939731369283231033e-01
-7.738864100290106240e-02 -4.476280791214575644e-02 -1.959052775459783069e-01
-1.336509817968370983e-01 8.160962195479317532e-03 -1.688581184318829753e-01
-1.699017421722936738e-01 6.001929613121531615e-02 -1.169493443780502823e-01
-1.806220724760686513e-01 1.029172326503142443e-01 -4.808159567996758699e-02
-1.641798995994484256e-01 1.303239497885061438e-01 2.726063721077846488e-02
-1.230783953142302045e-01 1.380670233040107997e-01 9.760718231561370251e-02
-6.357489106177421911e-02 1.249676404452288864e-01 1.522484158353463457e-01
5.271744036092204828e-03 9.302006350620865838e-02 1.828657052906122737e-01
7.298023388202032335e-02 4.708802147040971192e-02 1.847978459082674774e-01
1.292425746759564842e-01 -5.835748637215445317e-03 1.577506867941721180e-01
1.654933350514129764e-01 -5.769408257295141618e-02 1.058419127403394527e-01
1.762136653551879539e-01 -1.005920190920503304e-01 3.697416404225686848e-02
-7.377401407833539260e-02 -9.793913537507195621e-02 1.628659329144461210e-01
-7.377401407833539260e-02 -9.793913537507195621e-02 1.628659329144461210e-01
-8.112935202336468699e-02 -1.570047784487723364e-01 1.064192469860080897e-01
-7.613994170823681906e-02 -1.922524759301798558e-01 3.251535569965188777e-02
-5.956537562431291066e-02 -1.983160853989235084e-01 -4.759454343671754711e-02
-3.392898120905464554e-02 -1.742724772801438060e-01 -1.217144444776320361e-01
-3.133667117691031536e-03 -1.237820729540746456e-01 -1.785602643881883389e-01
2.813225923958520905e-02 -5.453157878270505077e-02 -2.094777423956449836e-01
5.510884400120703852e-02 2.293624525366686623e-02 -2.097599727410028314e-01
7.368914668056728012e-02 9.682762519307702709e-02 -1.793639884126054795e-01
8.104448462559657451e-02 1.558932682667774072e-01 -1.229173024841674206e-01
7.605507431046870659e-02 1.911409657481848989e-01 -4.901341119781115613e-02
5.948050822654483288e-02 1.972045752169286070e-01 3.109648793855821630e-02
3.384411381128656776e-02 1.731609670981489046e-01 1.052163889794726914e-01
3.048799719922896077e-03 1.226705627720796610e-01 1.620622088900290358e-01
-2.821712663735332846e-02 5.342006860071010776e-02 1.929796868974856250e-01
-5.519371139897513018e-02 -2.404775543566165311e-02 1.932619172428435284e-01
1.319220442393334303e-01 -1.593909433268082543e-01 1.767727418355138913e-02
1.319220442393334303e-01 -1.593909433268082543e-01 1.767727418355138913e-02
8.542384753185486290e-02 -1.871799409962255911e-01 -4.365061614540541313e-02
2.556717886612715207e-02 -1.865055848926523430e-01 -9.943722099644176915e-02
-3.853532655554531283e-02 -1.574705396198042284e-01 -1.411895354878196229e-01
-9.712464337337155251e-02 -1.044951276171315335e-01 -1.625511482239000438e-01
-1.412810792153170181e-01 -3.564437513873557062e-02 -1.602699473091164784e-01
-1.642822170035332374e-01 3.859981488417330714e-02 -1.346932249036069396e-01
-1.626263420155975581e-01 1.069344375458657487e-01 -8.971480514004427642e-02
-1.365655462078790017e-01 1.589561660009961019e-01 -3.218224469704046575e-02
-9.006734950040046206e-02 1.867451636704134388e-01 2.914564563191633303e-02
-3.021068083467273735e-02 1.860708075668401906e-01 8.493225048295266477e-02
3.389182458699965816e-02 1.570357622939921316e-01 1.266845649743305047e-01
9.248114140482595336e-02 1.040603502913194922e-01 1.480461777104109533e-01
1.366375772467715299e-01 3.520959781292339746e-02 1.457649767956273879e-01
1.596387150349876938e-01 -3.903459220998540397e-02 1.201882543901178768e-01
1.579828400470520422e-01 -1.073692148716778039e-01 7.520983462655531082e-02
1.032865462037059479e-01 -1.718628462858134420e-01 5.833038270016451671e-02
1.032865462037059479e-01 -1.718628462858134420e-01 5.833038270016451671e-02
6.029593860387081478e-02 -2.025926405809931330e-01 -4.138651338963242159e-03
7.918808584181090057e-03 -2.028105282015991717e-01 -6.699946257214776935e-02
-4.587090060973146588e-02 -1.724833377325505623e-01 -1.206820623238096524e-01
-9.288419335802171328e-02 -1.162281090060936495e-01 -1.570137614157368078e-01
-1.259637220163224713e-01 -4.260919064091336916e-02 -1.704633880088557985e-01
-1.400734282130815245e-01 3.716560439904852131e-02 -1.589833583755328739e-01
-1.330652370846473753e-01 1.109512867292755944e-01 -1.243214029607137561e-01
-1.060060822009133846e-01 1.675146550838667592e-01 -7.175449026489633120e-02
-6.301547460107828624e-02 1.982444493790464501e-01 -9.285456225768595750e-03
-1.063834458138851122e-02 1.984623369996525166e-01 5.357535500741596179e-02
4.315136461252398054e-02 1.681351465306039350e-01 1.072579547590777893e-01
9.016465736081426263e-02 1.118799178041470638e-01 1.435896538510049725e-01
1.232441860191150623e-01 3.826099943896663774e-02 1.570392804441239631e-01
1.373538922158740461e-01 -4.151379560099519028e-02 1.455592508108010941e-01
1.303457010874399247e-01 -1.152994779312221801e-01 1.108972953959820318e-01
1.685992438990448483e-01 -9.550846885107260043e-02 -7.889510679593579601e-02
1.685992438990448483e-01 -9.550846885107260043e-02 -7.889510679593579601e-02
1.097798109356896284e-01 -1.304350292369776398e-01 -1.237287346255861176e-01
3.393531324499993868e-02 -1.453204461805857051e-01 -1.504809500731040250e-01
-4.738761193170036579e-02 -1.378985498888730676e-01 -1.550789708460418026e-01
-1.218082864304111806e-01 -1.092992567925955283e-01 -1.368227899628818023e-01
-1.779968371837979402e-01 -6.387655001242391328e-02 -9.849174547039336869e-02
-2.073990666901385782e-01 -8.545624897776972484e-03 -4.592139142077424074e-02
-2.055387520389668765e-01 4.826988677872549871e-02 1.288491233336727659e-02
-1.726991092721293919e-01 9.792033839823179042e-02 6.897443912593408111e-02
-1.138796763087741998e-01 1.328468987841368576e-01 1.138080669555844027e-01
-3.803517861808444062e-02 1.477323157277449228e-01 1.405602824031023101e-01
4.328774655861581527e-02 1.403104194360322854e-01 1.451583031760400877e-01
1.177084210573266371e-01 1.117111263397547460e-01 1.269021222928800874e-01
1.738969718107135076e-01 6.628841955958304777e-02 8.857107780039157052e-02
2.032992013170540901e-01 1.095749444493615207e-02 3.600072375077252584e-02
2.014388866658823884e-01 -4.585801723156621851e-02 -2.280558000336894639e-02
-1.311899034429444000e-01 1.649937264329258135e-01 -3.694291745878826305e-02
-1.311899034429444000e-01 1.649937264329258135e-01 -3.694291745878826305e-02
-1.533948581819800927e-01 1.144176395886286196e-01 -9.732484544245796620e-02
-1.525356774610826804e-01 4.689431782761981776e-02 -1.435508189780980992e-01
-1.287431637565161491e-01 -2.729642521242298808e-02 -1.685833526344010513e-01
-8.563951160012689412e-02 -9.685972144441372389e-02 -1.686114700826774060e-01
-2.978686129714545883e-02 -1.512051896098823844e-01 -1.436308906963123522e-01
3.031172744933508315e-02 -1.820592248235320398e-01 -9.744468123736392540e-02
8.550678929772667636e-02 -1.847245799166102875e-01 -3.708427341692570323e-02
1.273953764260932486e-01 -1.587954787377000299e-01 2.826100784280003234e-02
1.496003311651289691e-01 -1.082193918934028637e-01 8.864293582646970426e-02
1.487411504442315846e-01 -4.069607013239405491e-02 1.348689093621098511e-01
1.249486367396650532e-01 3.349467290764869543e-02 1.599014430184128310e-01
8.184498458327581216e-02 1.030579691396394382e-01 1.599295604666892134e-01
2.599233428029426585e-02 1.574034373051081681e-01 1.349489810803240764e-01
-3.410625446618614776e-02 1.882574725187577958e-01 8.876277162137569121e-02
-8.930131631457768893e-02 1.909228276118360990e-01 2.840236380093756965e-02
7.217936331891827706e-02 -1.712665086000995096e-01 9.143592582654687384e-02
7.217936331891827706e-02 -1.712665086000995096e-01 9.143592582654687384e-02
5.602473314933240078e-02 -2.011674698004920214e-01 1.694079906331694488e-02
3.120671134388303472e-02 -2.005204257573127979e-01 -6.108618726682136374e-02
1.503616746521897838e-03 -1.694238830606669688e-01 -1.307661318114969884e-01
-2.856252374952579151e-02 -1.126120084452573722e-01 -1.814908946640532150e-01
-5.441441280397903146e-02 -3.873389482035433096e-02 -2.055380905013087234e-01
-7.211633465625520711e-02 4.096318472141846634e-02 -1.992467517454143966e-01
-7.897333217266643002e-02 1.143460722756511477e-01 -1.635746776908273414e-01
-7.394148964017638326e-02 1.702428884297439715e-01 -1.039526182442018776e-01
-5.778685947059050698e-02 2.001438496301365111e-01 -2.945749148097196596e-02
-3.296883766514110969e-02 1.994968055869573154e-01 4.856949484916640164e-02
-3.265743067780008807e-03 1.684002628903115140e-01 1.182494393938419985e-01
2.680039742826769225e-02 1.115883882749019035e-01 1.689742022463981974e-01
5.265228648272096690e-02 3.771027464999868184e-02 1.930213980836537058e-01
7.035420833499710092e-02 -4.198680489177396974e-02 1.867300593277593790e-01
7.721120585140832382e-02 -1.153696924460065609e-01 1.510579852731724348e-01
-1.527176098719236486e-01 1.495978413671530671e-01 8.027206877734562387e-03
-1.527176098719236486e-01 1.495978413671530671e-01 8.027206877734562387e-03
-1.919744718266128969e-01 8.652507484629011481e-02 -2.636402475099735090e-02
-2.019128075864760896e-01 1.130763061304848605e-02 -5.711459328898246118e-02
-1.810195956233121850e-01 -6.460331729589066652e-02 -7.954300343091051662e-02
-1.324756380610746243e-01 -1.296510151958477630e-01 -9.023473304671714157e-02
-6.367131238654313852e-02 -1.739325407404040402e-01 -8.756206322316607837e-02
1.491854652910030478e-02 -1.907064330784296047e-01 -7.193188371308076312e-02
9.132934508479415014e-02 -1.774190191571727027e-01 -4.572374765894155618e-02
1.539282318660477877e-01 -1.360931872954375121e-01 -1.292760619764621137e-02
1.931850938207370361e-01 -7.302042077457455982e-02 2.146362543108572274e-02
2.031234295806002565e-01 2.197023458667068940e-03 5.221419396907084343e-02
1.822302176174363242e-01 7.810797136760617987e-02 7.464260411099885029e-02
1.336862600551988467e-01 1.431556692675632625e-01 8.533433372680550300e-02
6.488193438066724994e-02 1.874371948121196785e-01 8.266166390325445368e-02
-1.370792453497613785e-02 2.042110871501452152e-01 6.703148439316913842e-02
-9.011872309066989994e-02 1.909236732288882854e-01 4.082334833902995230e-02
-1.676491211898297751e-01 5.076504001885337458e-02 1.102456810753324606e-01
-1.676491211898297751e-01 5.076504001885337458e-02 1.102456810753324606e-01
-2.021143099940914678e-01 3.911773337275660511e-02 3.698780982394915540e-02
-2.059144733300387053e-01 2.150518010395310528e-02 -4.279678403777049944e-02
-1.784710707783398187e-01 6.087317894252187132e-04 -1.169616193435240314e-01
-1.239621116024274827e-01 -2.039031674171586442e-02 -1.742157722239166817e-01
-5.068609071188888426e-02 -3.829505070745285733e-02 -2.058428169130969432e-01
3.020138196147493029e-02 -5.037963666831984932e-02 -2.070278225570111597e-01
1.063859219499100617e-01 -5.480430595881943812e-02 -1.775903827884763309e-01
1.662691236547518825e-01 -5.089544278919999609e-02 -1.220120809611958540e-01
2.007343124590135752e-01 -3.924813614310324050e-02 -4.875420970981253488e-02
2.045344757949607850e-01 -2.163558287429972332e-02 3.103038415190711649e-02
1.770910732432619539e-01 -7.391345597718525836e-04 1.051952194576606242e-01
1.225821140673496179e-01 2.025991397136922209e-02 1.624493723380533161e-01
4.930609317681090842e-02 3.816464793710624970e-02 1.940764170272336053e-01
-3.158137949655283327e-02 5.024923389797325557e-02 1.952614226711477941e-01
-1.077659194849878294e-01 5.467390318847280273e-02 1.658239829026130208e-01
6.531600265411202644e-02 1.048812406553564502e-01 -1.750463781541577724e-01
6.531600265411202644e-02 1.048812406553564502e-01 -1.750463781541577724e-01
6.225541125778674689e-02 2.800402946636367310e-02 -2.035689156335958594e-01
4.962315189913073243e-02 -5.305397041263795743e-02 -2.018268928812662899e-01
2.934237155378315379e-02 -1.259524132926690410e-01 -1.700855170697357366e-01
4.500635183591533695e-03 -1.795931720712751478e-01 -1.131771249300213833e-01
-2.112012803998343166e-02 -2.058099274791026778e-01 -3.976550328953545876e-02
-4.361938916894939761e-02 -2.006114161607895074e-01 3.897309393496540403e-02
-5.957183965273134957e-02 -1.647890643399263222e-01 1.110514290832122497e-01
-6.654886351449719462e-02 -1.037965003508116713e-01 1.654962290206196396e-01
-6.348827211817192895e-02 -2.691928916181889758e-02 1.940187665000577266e-01
-5.085601275951592837e-02 5.413871071718274336e-02 1.922767437477281849e-01
-3.057523241416837054e-02 1.270371535972137367e-01 1.605353679361976593e-01
-5.733496043976729628e-03 1.806779123758199268e-01 1.036269757964833338e-01
1.988726717959826001e-02 2.068946677836474846e-01 3.021535415599727742e-02
4.238652830856421555e-02 2.016961564653343142e-01 -4.852324306850350905e-02
5.833897879234616057e-02 1.658738046444712122e-01 -1.206015782167502992e-01
-1.703037085963459152e-01 1.058923329529841001e-01 6.272131305904321552e-02
-1.703037085963459152e-01 1.058923329529841001e-01 6.272131305904321552e-02
-2.035326310470151889e-01 3.613212027875792320e-02 3.589602678626786780e-02
-2.058445047117120064e-01 -3.872573640577178788e-02 3.014404624958587527e-03
-1.768873677821731771e-01 -1.072848070085460070e-01 -3.091762452347243673e-02
-1.210696818588210821e-01 -1.591075945198149877e-01 -6.073421681578677900e-02
-4.688918363490321428e-02 -1.863045493157266252e-01 -8.189606636356175362e-02
3.436081848287986934e-02 -1.847351815696125776e-01 -9.118147340579249582e-02
1.103107482051990801e-01 -1.546384132944646217e-01 -8.717681889272381468e-02
1.693979172196585781e-01 -1.005962046322902564e-01 -7.049177517168685181e-02
2.026268396703278518e-01 -3.083599195806406915e-02 -4.366648889891149021e-02
2.049387133350246692e-01 4.402186472646565929e-02 -1.078486673760221601e-02
1.759815764054858955e-01 1.125809353292398091e-01 2.314716241082877962e-02
1.201638904821338144e-01 1.644037228405088313e-01 5.296375470314312883e-02
4.598339225821578696e-02 1.916006776364204967e-01 7.412560425091818672e-02
-3.526660985956725503e-02 1.900313098903064768e-01 8.341101129314885954e-02
-1.112165395818863201e-01 1.599345416151585209e-01 7.940635678008019227e-02
9.382605151099177032e-02 7.732918367437625895e-02 -1.776700801032906618e-01
9.382605151099177032e-02 7.732918367437625895e-02 -1.776700801032906618e-01
1.174302455903166315e-01 -1.086433452739365459e-03 -1.807054139386811697e-01
1.231896040631307310e-01 -7.938174350603970086e-02 -1.572095748880688038e-01
1.102273168106627232e-01 -1.456369952786628619e-01 -1.107595914565979722e-01
8.051677456367430097e-02 -1.897654272935797859e-01 -4.842705255156169036e-02
3.858113805253332584e-02 -2.050488858017518456e-01 2.029847782462042283e-02
-9.195272211430615197e-03 -1.891606027902061338e-01 8.495416067065893195e-02
-5.553893085976654292e-02 -1.445194253198063827e-01 1.356967543784689811e-01
-9.339443596957706928e-02 -7.792156798713943677e-02 1.648011590387938874e-01
-1.169986300489019304e-01 4.940491399761937075e-04 1.678364928741843953e-01
-1.227579885217160161e-01 7.878935919327656467e-02 1.443406538235720571e-01
-1.097957012692480083e-01 1.450446109658996563e-01 9.789067039210123944e-02
-8.008515902225958605e-02 1.891730429808166358e-01 3.555813148706495758e-02
-3.814952251111853460e-02 2.044565014889886956e-01 -3.316739888911727357e-02
9.626887752845345730e-03 1.885682184774430115e-01 -9.782308173515570637e-02
5.597054640118120233e-02 1.439270410070432882e-01 -1.485656754429657278e-01
