7.845490941167229670e-02 9.024596411667995532e-02 -1.959543201551693092e-01
7.845490941167229670e-02 9.024596411667995532e-02 -1.959543201551693092e-01
2.958732573497984894e-02 3.315559317225932889e-02 -2.295417130289093555e-01
-2.400896724989707784e-02 -2.927626107913123069e-02 -2.318143991131285941e-01
-7.417441978761676880e-02 -8.754491477388559595e-02 -2.024263825534554084e-01
-1.132717964802710253e-01 -1.327794935936385534e-01 -1.458517224680664637e-01
-1.353488761450055422e-01 -1.580934429655607432e-01 -7.070339800439151556e-02
-1.370446235320900152e-01 -1.596329435692995513e-01 1.157793965923261531e-02
-1.181008764738291361e-01 -1.371636203935434339e-01 8.846570274570245140e-02
-8.140164873434843629e-02 -9.410622420687943246e-02 1.482544263144109087e-01
-3.253406505765600587e-02 -3.701585326245881991e-02 1.818418191881509549e-01
2.106222792722094173e-02 2.541600098893176049e-02 1.841145052723702213e-01
7.122768046494060146e-02 8.368465468368610494e-02 1.547264887126970634e-01
1.103250571575948857e-01 1.289192335034390624e-01 9.815182862730809088e-02
1.324021368223294026e-01 1.542331828753613077e-01 2.300350416363298317e-02
1.340978842094138479e-01 1.557726834791001158e-01 -5.927783349999103668e-02
1.151541371511530520e-01 1.333033603033439984e-01 -1.361655965864607964e-01
-6.263200748212006952e-02 -1.118520511074273527e-01 1.550124551626523017e-01
-6.263200748212006952e-02 -1.118520511074273527e-01 1.550124551626523017e-01
-8.777125961433566992e-02 -1.614173475248757705e-01 9.424631063941685261e-02
-9.982164203770797772e-02 -1.868106849876022824e-01 1.684352242807433953e-02
-9.694859326526723831e-02 -1.841661580580839508e-01 -6.541203662422075127e-02
-7.958950892836560986e-02 -1.538863719886437442e-01 -1.399977033002561266e-01
-5.038715225680495680e-02 -1.005811497214096906e-01 -1.955584859693573485e-01
-1.378731733380799372e-02 -3.236572813352498607e-02 -2.236357591299029390e-01
2.463800275192881695e-02 4.037471321259149953e-02 -2.199550124643148696e-01
5.903890134374593923e-02 1.065661015157362834e-01 -1.850766062863772599e-01
8.417815347596156739e-02 1.561313979331847013e-01 -1.243104617631418107e-01
9.622853589933387519e-02 1.815247353959112409e-01 -4.690767355179926296e-02
9.335548712689316353e-02 1.788802084663929370e-01 3.534788550049578620e-02
7.599640278999153509e-02 1.486004223969527305e-01 1.099335521765310991e-01
4.679404611843081263e-02 9.529520012971855192e-02 1.654943348456324181e-01
1.019421119543387384e-02 2.707977854183390987e-02 1.935716080061779809e-01
-2.823110889030288131e-02 -4.566066280428247165e-02 1.898908613405899115e-01
4.184202189274562056e-02 -1.666641497830438912e-01 8.120417729390870532e-02
4.184202189274562056e-02 -1.666641497830438912e-01 8.120417729390870532e-02
5.042226638362103108e-02 -1.993920975268766993e-01 6.033128388700327582e-03
5.103578518174361339e-02 -2.018072886219378081e-01 -7.636357178317648708e-02
4.358917561166097965e-02 -1.735420321177658931e-01 -1.534417725485004991e-01
2.921611647673436063e-02 -1.188994570919330029e-01 -2.134670165563811173e-01
1.010477573815083546e-02 -4.619840025594602884e-02 -2.473010045368102539e-01
-1.083531822137546140e-02 3.349306152363730471e-02 -2.497928185256325095e-01
-3.041622591893110988e-02 1.080426255957754322e-01 -2.205631024313996491e-01
-4.565693165893351668e-02 1.661007966239664846e-01 -1.640618155614224916e-01
-5.423717614980891333e-02 1.988287443677992927e-01 -8.889076665621412077e-02
-5.485069494793150258e-02 2.012439354628603738e-01 -6.494066484337319978e-03
-4.740408537784888271e-02 1.729786789586885698e-01 7.058413428098669895e-02
-3.303102624292226369e-02 1.183361039328556380e-01 1.306093782888672616e-01
-1.391968550433869863e-02 4.563504709686855981e-02 1.644433662692965092e-01
7.020408455187579153e-03 -3.405641468271469047e-02 1.669351802581187094e-01
2.660131615274319988e-02 -1.086059787548527833e-01 1.377054641638859600e-01
-3.132666690925817177e-02 -1.348800812979746022e-01 1.922713068411052439e-01
-3.132666690925817177e-02 -1.348800812979746022e-01 1.922713068411052439e-01
-4.164753543230902133e-02 -1.854909644088660048e-01 1.280867175825556870e-01
-4.587797556219124634e-02 -2.082652830572420954e-01 4.902296418674959716e-02
-4.337394113816555458e-02 -1.997358536786003058e-01 -3.288321360651082215e-02
-3.451664870216127751e-02 -1.612012045763689949e-01 -1.051623427095522700e-01
-2.065454073600419410e-02 -9.852788675889886938e-02 -1.568105809283736052e-01
1.320194914757369560e-02 5.884668194888475340e-02 -1.711004133550777517e-01
2.804198739006483199e-02 1.295890813574560319e-01 -1.315665101136483939e-01
3.836285591311567461e-02 1.801999644683474067e-01 -6.738192085509883689e-02
4.259329604299791350e-02 2.029742831167235528e-01 1.168183254070729107e-02
4.008926161897221480e-02 1.944448537380817910e-01 9.358801033396761671e-02
3.123196918296794466e-02 1.559102046358504801e-01 1.658671394370091201e-01
1.736986121681084044e-02 9.323688681838028514e-02 2.175153776558305108e-01
6.133179980267453903e-04 1.596634478834052170e-02 2.406697489140614821e-01
-1.648662866676702671e-02 -6.413768188940319193e-02 2.318052100825346573e-01
1.474269248391884279e-01 6.616677415324967622e-03 -2.049894123693297154e-01
1.474269248391884279e-01 6.616677415324967622e-03 -2.049894123693297154e-01
7.789422302620863103e-02 1.389210611806907317e-02 -2.486752010537967017e-01
-3.229573253004074627e-03 1.896351148644432119e-02 -2.624370011556650395e-01
-8.359410140398408628e-02 2.105881802551971133e-02 -2.441797033604539147e-01
-1.509645905220065587e-01 1.985903430872209066e-02 -1.966828157546675060e-01
-1.950844943538571630e-01 1.554681653086744178e-02 -1.271773089159285997e-01
-2.092369574890607931e-01 8.778660758282612678e-03 -4.624476619144661516e-02
-1.912673957076805320e-01 5.849573538587898077e-04 3.379356644430281387e-02
-1.439115118964483242e-01 -7.786876615186814551e-03 1.007525783968188510e-01
1.544800034647466624e-01 -2.102923350858395407e-02 9.244598178215672479e-02
1.985999072965972945e-01 -1.671701573072928090e-02 2.294047494341763804e-02
2.127523704318008968e-01 -9.948859958144462209e-03 -5.799206778106422155e-02
1.947828086504206913e-01 -1.755156553720659506e-03 -1.380304004168135534e-01
7.181761530764499413e-02 -1.718937641926334969e-01 6.932403720722443707e-02
7.181761530764499413e-02 -1.718937641926334969e-01 6.932403720722443707e-02
8.191370601871479640e-02 -1.927869916652203142e-01 -9.757911810580135320e-03
7.919256958085678366e-02 -1.843261852527803280e-01 -9.169339151052349757e-02
6.406847434957163578e-02 -1.477994260342064547e-01 -1.640084678552622410e-01
3.884392672355783949e-02 -8.876758198462970928e-02 -2.156938260091094128e-01
7.359135417782344465e-03 -1.621771623559922423e-02 -2.388808387220801577e-01
-2.559262550179442972e-02 5.880511181876574983e-02 -2.300394934994183516e-01
-5.499474914362351141e-02 1.248793566908180941e-01 -1.905158050042801976e-01
-7.637102871415091254e-02 1.719458135633090412e-01 -1.263268965269221111e-01
-8.646711942522071481e-02 1.928390410358958584e-01 -4.724494750911754914e-02
-8.374598298736270208e-02 1.843782346234558722e-01 3.469053219082579576e-02
-6.862188775607756808e-02 1.478514754048820545e-01 1.070056085355644837e-01
-4.339734013006374402e-02 8.881963135530523967e-02 1.586909666894117388e-01
-1.191254882428820390e-02 1.626976560627465748e-02 1.818779794023825114e-01
2.103921209528852865e-02 -5.875306244809022638e-02 1.730366341797206775e-01
5.044133573711755830e-02 -1.248273073201424804e-01 1.335129456845825791e-01
-1.430128411836542601e-02 -1.434837816039133684e-01 1.361126164373929193e-01
-1.430128411836542601e-02 -1.434837816039133684e-01 1.361126164373929193e-01
-2.146368542181395153e-02 -1.915826537284855968e-01 6.956104069992354033e-02
-2.556805299053896072e-02 -2.106655899357131601e-01 -1.051960264039559535e-02
-2.598953406838672500e-02 -1.978273861752931628e-01 -9.193776156784050357e-02
-2.266396198199041243e-02 -1.550225425911425647e-01 -1.622982594431562064e-01
-1.609762493511783521e-02 -8.876770859207507025e-02 -2.108893482843274547e-01
-7.290188219161771593e-03 -9.149582052882812566e-03 -2.303134752946031372e-01
2.417495765486100696e-03 7.171069900095650151e-02 -2.176134932168185543e-01
1.154752013253760451e-02 1.415028897792688367e-01 -1.747228591966922540e-01
1.870992143598613003e-02 1.896017619038410928e-01 -1.081712834592228473e-01
2.281428900471114615e-02 2.086846981110686561e-01 -2.809064011890369250e-02
2.323577008255891391e-02 1.958464943506486589e-01 5.332751880854115500e-02
1.991019799616260133e-02 1.530416507664980885e-01 1.236880166838568856e-01
1.334386094929001544e-02 8.678681676743051077e-02 1.722791055250281755e-01
4.536424233333958764e-03 7.168690228238348491e-03 1.917032325353038302e-01
-5.171259751313904418e-03 -7.369159082560089447e-02 1.790032504575193029e-01
1.309913469968642108e-01 -1.619397137268938636e-01 4.479310538353428739e-02
1.309913469968642108e-01 -1.619397137268938636e-01 4.479310538353428739e-02
1.193705741474609394e-01 -1.647420508820841845e-01 -3.664939279073033129e-02
8.925701642282367343e-02 -1.425692448420308733e-01 -1.099795794636756197e-01
-1.265500606587675880e-01 1.332049960410174039e-01 -8.867580490760339218e-02
-1.351912300083517871e-01 1.605558459628232126e-01 -1.151987730096681178e-02
-1.235704571589485712e-01 1.633581831180135613e-01 6.992262087329782771e-02
-9.345689943431129132e-02 1.411853770779602502e-01 1.432528075462431161e-01
-4.943507301793555186e-02 9.741303656527418309e-02 1.973068265367105556e-01
1.793098077135766872e-03 3.870510362575684676e-02 2.238554434543039984e-01
5.242858918620543068e-02 -2.600067113928759485e-02 2.188568720371313336e-01
9.476260579978729170e-02 -8.685342008118969448e-02 1.830720994712944916e-01
1.223501776472799563e-01 -1.345888638050879993e-01 1.219490329901709996e-01
-1.079724769014488717e-01 -6.187028294730887584e-02 1.704890174545704573e-01
-1.079724769014488717e-01 -6.187028294730887584e-02 1.704890174545704573e-01
-1.554559553450164111e-01 -9.097849995622014907e-02 1.097767045066960073e-01
-1.792291592315226056e-01 -1.062047949840576461e-01 3.237548563570460947e-02
-1.756728337738766577e-01 -1.052311026395412047e-01 -4.993100522909163508e-02
-1.453283972848347094e-01 -8.820565875558036839e-02 -1.246123509637251103e-01
-9.281551514685162929e-02 -5.772043282747506276e-02 -1.802989936681827499e-01
-2.612879763497335736e-02 -1.841652415351812191e-02 -2.085131467913840797e-01
4.457930702621630548e-02 2.372240346149989687e-02 -2.049594612822566719e-01
1.085441308726160237e-01 6.228108027852251316e-02 -1.701789535453257507e-01
1.560276093161835631e-01 9.138929728743380720e-02 -1.094666405974513285e-01
1.798008132026897576e-01 1.066155923152713042e-01 -3.206542172645993755e-02
1.762444877450438374e-01 1.056418999707548489e-01 5.024106913833623067e-02
1.459000512560019169e-01 8.861645608679402653e-02 1.249224148729697337e-01
9.338716911801873966e-02 5.813123015868867927e-02 1.806090575774275120e-01
2.670045160614051977e-02 1.882732148473176617e-02 2.088232107006287863e-01
-4.400765305504902858e-02 -2.331160613028616935e-02 2.052695251915013785e-01
-6.857274331118698441e-02 -1.921274295963926459e-01 -2.165285995241770026e-02
6.911169530890827473e-02 1.979351261441572030e-01 6.234298048325569164e-02
8.476625312071789375e-02 1.591149019596360681e-01 -9.366668111359241489e-02
3.362428925768747023e-03 1.438819181134069480e-01 -1.678856075945117099e-01
3.362428925768747023e-03 1.438819181134069480e-01 -1.678856075945117099e-01
-5.137358855578683277e-04 7.471893671299760509e-02 -2.125641687789318057e-01
-4.542464422493623817e-03 -6.276579008221450443e-03 -2.273361780795431775e-01
-8.110419285805182260e-03 -8.677379600787291092e-02 -2.099527309889255289e-01
-1.067441169114473690e-02 -1.545177427068491205e-01 -1.630602997452850478e-01
-1.184409703744836867e-02 -1.991950173206368802e-01 -9.379783192451837670e-02
-1.144140133396542337e-02 -2.140039097897900311e-01 -1.270991038650285017e-02
-9.527631351105536953e-03 -1.966899004788243976e-01 6.785856387843788862e-02
-6.394141220391027364e-03 -1.498888903534494055e-01 1.356417710185044423e-01
-2.517976409064414181e-03 -8.072590895303999314e-02 1.803203322029245381e-01
1.510752127871342176e-03 2.696067681790164164e-04 1.950923415035359099e-01
5.078706991182896716e-03 8.076682376783043960e-02 1.777088944129182890e-01
7.642699396522451352e-03 1.485107704668066075e-01 1.308164631692778079e-01
8.812384742826090064e-03 1.931880450805944782e-01 6.155399534851101195e-02
8.409689039343144767e-03 2.079969375497476014e-01 -1.953392618950441917e-02
6.495919056483258347e-03 1.906829282387820512e-01 -1.001024004544450730e-01
1.509734100405271118e-01 -1.480244143163406689e-01 -5.892021963684069413e-02
1.509734100405271118e-01 -1.480244143163406689e-01 -5.892021963684069413e-02
1.283719420522660137e-01 -1.450088941903026896e-01 -1.380482128779480233e-01
3.040622302275188676e-02 -7.743002039350101173e-02 -2.472639619488644636e-01
-3.004363535771207433e-02 -2.315493765428389833e-02 -2.607246100258572841e-01
-8.611225600722691165e-02 3.434291923905512245e-02 -2.425184225514417924e-01
-1.529285502889939086e-01 1.248348525769235468e-01 -1.265914673039143512e-01
-1.535040488080629539e-01 1.440523524821809287e-01 -4.651952758677223299e-02
-1.309025808198018559e-01 1.410368323561429771e-01 3.260846565433511701e-02
1.503979115214580109e-01 -1.288069144110832454e-01 2.115172008030152817e-02
2.367382992218761140e-02 1.317612809253300155e-01 -1.495393586003795627e-01
2.367382992218761140e-02 1.317612809253300155e-01 -1.495393586003795627e-01
1.085179553624722633e-02 6.107815345643219374e-02 -1.899240763834124379e-01
-3.868996547719676018e-03 -1.940972416878435081e-02 -1.997441752017897754e-01
-1.824743917924169859e-02 -9.744880220630790235e-02 -1.775046340298310210e-01
-3.009454480857663011e-02 -1.611583384509296113e-01 -1.265912214090242627e-01
-3.760669899793818438e-02 -2.008391335377899267e-01 -5.475504287965250044e-02
-3.964024436984338318e-02 -2.104501461222176295e-01 2.706749457376725343e-02
-3.588559207555434838e-02 -1.885281866622796343e-01 1.064196513471010186e-01
-2.691435389086877308e-02 -1.384106747626941136e-01 1.712207809007010306e-01
-1.409231950492840016e-02 -6.772754729379625027e-02 2.116054986837339058e-01
6.284725790385082590e-04 1.276033033142025958e-02 2.214255975021112433e-01
1.500691521056051608e-02 9.079940836894377643e-02 1.991860563301525722e-01
2.685402083989546496e-02 1.545089446135655131e-01 1.482726437093457861e-01
3.436617502925702616e-02 1.941897397004258841e-01 7.643646517997394751e-02
3.639972040116221108e-02 2.038007522848535591e-01 -5.386072273445762990e-03
3.264506810687319016e-02 1.818787928249155916e-01 -8.473822904677938417e-02
1.391946262217840791e-01 1.300979349839781127e-02 -1.353836886484428847e-01
1.391946262217840791e-01 1.300979349839781127e-02 -1.353836886484428847e-01
6.935462584402667108e-02 3.657688193780130916e-03 -1.781211030289781838e-01
-1.148212917094430102e-02 -6.344344166708030218e-03 -1.906491715807031306e-01
-9.100897565910835707e-02 -1.547358482483147425e-02 -1.710606094338417982e-01
-1.571186721553012866e-01 -2.234018964716355526e-02 -1.223375976044958346e-01
-1.997466166538686694e-01 -2.589878029543192864e-02 -5.189777296848104710e-02
-2.124030910281828055e-01 -2.560759360214228883e-02 2.953503971196966282e-02
-1.931612617859803094e-01 -2.151096010173404044e-02 1.095634328965429394e-01
-1.449505230017699986e-01 -1.423255510856918406e-02 1.760038091820781969e-01
-7.511052262401257673e-02 -4.880449803951499368e-03 2.187412235626135237e-01
5.726232390958372817e-03 5.121582556536662632e-03 2.312692921143384706e-01
8.525307887912242366e-02 1.425082321466009973e-02 2.116807299674771936e-01
1.513627753753153671e-01 2.111742803699217727e-02 1.629577181381312023e-01
1.939907198738828054e-01 2.467601868526056105e-02 9.251789350211631069e-02
2.066471942481969137e-01 2.438483199197092124e-02 1.108508082166567189e-02
1.874053650059944454e-01 2.028819849156267285e-02 -6.894331236290754394e-02
8.231218306722506116e-04 1.474977460837306464e-01 -1.152210399382886108e-01
8.231218306722506116e-04 1.474977460837306464e-01 -1.152210399382886108e-01
2.145722562692945704e-03 7.864444616692563284e-02 -1.604688719079833681e-01
3.052157648532904249e-03 -8.298333518740472203e-02 -1.592404539426738874e-01
2.497995477387543808e-03 -1.511514520732198386e-01 -1.129512195072513714e-01
1.350335504835153098e-03 -1.964161194593633530e-01 -4.410584752701751654e-02
-2.161014418667257277e-04 -2.118862020615266128e-01 3.681457819888819816e-02
-1.962839537369014814e-03 -1.952065200401782996e-01 1.174906563991825470e-01
-3.623953740851754580e-03 -1.489164037813746067e-01 1.856401854983406596e-01
-4.946554472872451841e-03 -8.006310386456957917e-02 2.308880174680354169e-01
-5.729287761386443918e-03 8.710889546212189933e-04 2.463455800634990200e-01
-5.852989558712408218e-03 8.156467748976076182e-02 2.296595995027259640e-01
-5.298827387567050379e-03 1.497327943755758506e-01 1.833703650673035035e-01
-4.151167415014657067e-03 1.949974617617194206e-01 1.145249930870695099e-01
-2.584730468312779108e-03 2.104675443638826804e-01 3.360456736116390619e-02
-8.379923728104937079e-04 1.937878623425343949e-01 -4.707151083913034550e-02
