6.551208279548656477e-02 -1.409301256033138328e-01 9.417006931725897811e-02
6.551208279548656477e-02 -1.409301256033138328e-01 9.417006931725897811e-02
7.420053048518694683e-02 -1.603411264668309355e-01 1.254714308955475269e-02
6.906670406058297573e-02 -1.499465740856130158e-01 -7.100030014355399044e-02
5.089218205656817484e-02 -1.113289448328484421e-01 -1.437529195092852319e-01
2.244387069580160848e-02 -5.036742269258977223e-02 -1.946347882133432905e-01
-1.194723250162470565e-02 2.365715320688296236e-02 -2.158996029908237246e-01
-4.704539383002942499e-02 9.947521221932648094e-02 -2.043099885578810726e-01
-7.750723639278764288e-02 1.655441421525128132e-01 -1.616303586518143820e-01
-9.869522079700990269e-02 2.118055473404555078e-01 -9.435830003401381172e-02
-1.073836684867102709e-01 2.312165482039726383e-01 -1.273537380630955680e-02
-1.022498420621062859e-01 2.208219958227546631e-01 7.081206942679918459e-02
-8.407532005809151276e-02 1.822043665699902004e-01 1.435646887925304260e-01
-5.562700869732491865e-02 1.212428444297314750e-01 1.944465574965885124e-01
-2.123590549989859064e-02 4.721826853025866411e-02 2.157113722740689743e-01
1.386225582850607319e-02 -2.859979048218480591e-02 2.041217578411262945e-01
4.432409839126429801e-02 -9.466872041537105487e-02 1.614421279350596872e-01
-7.459726206929374881e-02 1.603847090533024600e-01 -9.590586898957331741e-02
-7.459726206929374881e-02 1.603847090533024600e-01 -9.590586898957331741e-02
-5.395973249525812254e-02 1.138294151037743257e-01 -1.631417608161428723e-01
-2.398294009624608522e-02 4.751329937041608165e-02 -2.057742939670911819e-01
1.076942022529266303e-02 -2.846761068345449175e-02 -2.173130517350616575e-01
4.500661664133453338e-02 -1.025459102708005110e-01 -1.960013628489804538e-01
7.351634635849559063e-02 -1.634438498009064267e-01 -1.450837387508126519e-01
9.195826146868144035e-02 -2.018902700215101931e-01 -7.231192614009243624e-02
9.752474757274315342e-02 -2.120320519716920038e-01 1.123522619132213789e-02
8.936835762165945551e-02 -1.923252012850190373e-01 9.283842165779496169e-02
6.873082804762380149e-02 -1.457699073354908892e-01 1.600743134843645443e-01
3.875403564861172601e-02 -7.945379160213265901e-02 2.027068466353128262e-01
4.001675327073048877e-03 -3.472881548262127249e-03 2.142456044032833296e-01
-3.023552108896885790e-02 7.060541803908390590e-02 1.929339155172021536e-01
-5.874525080612991862e-02 1.315033575691899048e-01 1.420162914190342407e-01
-7.718716591631576140e-02 1.699497777897936157e-01 6.924447880831410829e-02
-8.275365202037748835e-02 1.800915597399753987e-01 -1.430267352310036003e-02
-9.434134897689949728e-02 2.030879288259734017e-01 -1.086877001321683717e-01
-9.434134897689949728e-02 2.030879288259734017e-01 -1.086877001321683717e-01
-7.326125546804210242e-02 1.566349382144970603e-01 -1.758620435829924833e-01
-4.295033707526016431e-02 9.040622391573949201e-02 -2.184020097990229947e-01
-8.023156354695269721e-03 1.448450731689645242e-02 -2.298312745496232101e-01
2.620294004462829507e-02 -5.957181846193303210e-02 -2.084098358830573094e-01
5.451733920624991098e-02 -1.204883491431870401e-01 -1.573989136504848618e-01
7.260943052848023438e-02 -1.589910951403703809e-01 -8.456445834665350658e-02
7.772485711272600351e-02 -1.692183624036735223e-01 -9.948555455899961431e-04
6.908484163299322134e-02 -1.496131422026671098e-01 8.058718028657946286e-02
4.800474812413584730e-02 -1.031601515911907962e-01 1.477615237374035051e-01
1.769382973135389184e-02 -3.693143729243322793e-02 1.903014899534340443e-01
-1.723335098921098887e-02 3.899027930640973361e-02 2.017307547040342874e-01
-5.145944738853453632e-02 1.130466050852392407e-01 1.803093160374684145e-01
-7.977384655015620774e-02 1.739631357664933597e-01 1.292983938048959114e-01
-9.786593787238653808e-02 2.124658817636766450e-01 5.646393850106459777e-02
-1.029813644566322794e-01 2.226931490269798419e-01 -2.710566429999878083e-02
-8.908351202693225168e-02 1.894329761484342400e-01 -8.288477473579862476e-02
-8.908351202693225168e-02 1.894329761484342400e-01 -8.288477473579862476e-02
-6.827869314092473163e-02 1.433244812080563535e-01 -1.503831153145847588e-01
-3.800239840510485911e-02 7.737885390491400228e-02 -1.933875336003963163e-01
-2.863919237705963780e-03 1.635718197310396735e-03 -2.053509967452410157e-01
3.178722943914229215e-02 -7.237372011650675119e-02 -1.844521759343796252e-01
6.067572435283471316e-02 -1.333821949504877535e-01 -1.338727271879835146e-01
7.940355402762012960e-02 -1.721017190543605024e-01 -6.131291307384677952e-02
8.511957616371125523e-02 -1.826375958766704721e-01 2.218069246550613549e-02
7.695357820675789717e-02 -1.633858336791821908e-01 1.038969448581277127e-01
5.614875932075036324e-02 -1.172773387388043181e-01 1.713952854369138468e-01
2.587246458493045603e-02 -5.133171143566192529e-02 2.143997037227253766e-01
-9.266014582468376851e-03 2.441142427194161954e-02 2.263631668675700759e-01
-4.391716325931662585e-02 9.842086258575880042e-02 2.054643460567087410e-01
-7.280565817300908849e-02 1.594293374197398583e-01 1.548848973103125470e-01
-9.153348784779449798e-02 1.981488615236125794e-01 8.232508319617590220e-02
-9.724950998388565138e-02 2.086847383459225491e-01 -1.168522343176910464e-03
-1.624680135849254359e-01 -1.187830990885729160e-01 -7.406625343519301907e-02
-1.249300785946589332e-01 -1.092001632536296341e-01 -1.490117808354648465e-01
-6.479978457308721573e-02 -8.675063790737440328e-02 -2.037669436282297242e-01
8.768576297478087450e-03 -5.485225977832060285e-02 -2.299957646350760110e-01
8.457488797334546116e-02 -1.836126777709881294e-02 -2.237051436225658274e-01
1.981543467517123125e-01 4.632344580209188378e-02 -1.222013262708264020e-01
2.186360508555632021e-01 6.466950610601779337e-02 -4.244116598900384008e-02
2.094052852166419787e-01 6.941207489372690220e-02 4.128494885498106004e-02
6.782984461148966471e-02 -1.545095893178805302e-01 1.161865739760421790e-01
6.782984461148966471e-02 -1.545095893178805302e-01 1.161865739760421790e-01
8.205893880634024251e-02 -1.732766648304136237e-01 3.494259317141669430e-02
-8.838108972356682747e-02 1.987280239763834222e-01 -8.084010498316522575e-02
-1.026101839184173914e-01 2.174950994889165157e-01 4.038758214602519714e-04
-1.027821781607288487e-01 2.065164456200729026e-01 8.427695993722494894e-02
-8.887088788624099289e-02 1.674634628996389540e-01 1.580102306189044570e-01
-6.299418093308417621e-02 1.062816139306307639e-01 2.103784657989763163e-01
-2.909155136194385011e-02 3.228528060373767050e-02 2.334090763905085908e-01
7.675632803076083005e-03 -4.326026611045243053e-02 2.235958607039453538e-01
4.170990106820585130e-02 -1.088539015467906712e-01 1.824327918705442309e-01
-6.671606963831951120e-02 1.462235432141803793e-01 -8.144490049724226188e-02
-6.671606963831951120e-02 1.462235432141803793e-01 -8.144490049724226188e-02
-4.463428557441460887e-02 9.987594725235204862e-02 -1.483714251583134469e-01
-1.362398617559185295e-02 3.374383758654258408e-02 -1.905587448698037312e-01
2.159379158374200025e-02 -4.210477157569553208e-02 -2.015842226346442612e-01
5.565746028967875209e-02 -1.161226170587658368e-01 -1.797693294093428984e-01
8.338113516966524918e-02 -1.770411528613108354e-01 -1.284351849349522345e-01
1.005441380389622413e-01 -2.155860841352954249e-01 -5.539694736251976614e-02
1.045335572937276108e-01 -2.258892945049275069e-01 2.822597373082396180e-02
9.474204001659901342e-02 -2.063822135902651234e-01 1.097027466522847300e-01
7.266025595269405557e-02 -1.600346176284368482e-01 1.766292713133558734e-01
4.164995655387132567e-02 -9.390250796262739064e-02 2.188165910248461854e-01
6.432178794537527118e-03 -1.805389880038930223e-02 2.298420687896867431e-01
-2.763148991139924293e-02 5.596394668268096090e-02 2.080271755643854081e-01
-5.535516479138580248e-02 1.168824824852261191e-01 1.566930310899946333e-01
-7.251816766068275300e-02 1.554274137592106808e-01 8.365479351756227588e-02
-7.650758691544817802e-02 1.657306241288427628e-01 3.187242421863467623e-05
9.579325901605476035e-02 -2.047409022742646412e-01 7.733171381428327606e-02
9.579325901605476035e-02 -2.047409022742646412e-01 7.733171381428327606e-02
1.042541870734651488e-01 -2.239633265520344918e-01 -4.360433103973295615e-03
9.882569737347507433e-02 -2.134043566538204317e-01 -8.786932736732105953e-02
8.033422826352645818e-02 -1.746715000293252162e-01 -1.604814968341769232e-01
5.159493829002399085e-02 -1.136614829854084435e-01 -2.111423969341673645e-01
1.698312382912112520e-02 -3.966252755982486999e-02 -2.321393648692719469e-01
-1.823188012438909517e-02 3.605969608608183830e-02 -2.202758026093591948e-01
-4.868890844339051477e-02 1.019771658258891156e-01 -1.773578299650411527e-01
-6.975115465996439834e-02 1.480545444350623296e-01 -1.099193192190245083e-01
-7.821208271737473128e-02 1.672769687128321803e-01 -2.822717230076794009e-02
-7.278359301738471232e-02 1.567179988146182035e-01 5.528172196257984811e-02
-5.429212390743610311e-02 1.179851421901229880e-01 1.278938914294356355e-01
-2.555283393393362884e-02 5.697512514620624302e-02 1.785547915294261601e-01
9.058980526969285380e-03 -1.702383027937749704e-02 1.995517594645307424e-01
4.427398448047943635e-02 -9.274605392528413594e-02 1.876881972046179625e-01
7.473101279948085596e-02 -1.586635236650912884e-01 1.447702245603000593e-01
9.620542249794035439e-02 -2.053550363290077563e-01 8.300719163652245380e-02
9.620542249794035439e-02 -2.053550363290077563e-01 8.300719163652245380e-02
1.044827148033075498e-01 -2.246269999656879401e-01 1.307541482568942010e-03
9.888605321702062523e-02 -2.141094193299760973e-01 -8.219582888210731630e-02
8.026747873172815351e-02 -1.754035007315536687e-01 -1.547902882794216228e-01
5.146150053501798161e-02 -1.144018694070044750e-01 -2.054239883365460984e-01
1.685356768049655826e-02 -4.039147074432620360e-02 -2.263884072154174754e-01
-1.828757577642772802e-02 3.536028296602288651e-02 -2.144919021846579954e-01
-4.861200929969689694e-02 1.013208739129995706e-01 -1.715456082931141324e-01
-6.950311277706759661e-02 1.474484000591724797e-01 -1.040877094766498590e-01
-7.778040508243479201e-02 1.667203636958526636e-01 -2.238805932269635757e-02
-7.218374349614785357e-02 1.562027830601408762e-01 6.111531104197991116e-02
-5.356516901085547205e-02 1.174968644617184199e-01 1.337097704392941344e-01
-2.475919081414526546e-02 5.649523313716917766e-02 1.843434704964186654e-01
9.848742040376218601e-03 -1.751516552550919786e-02 2.053078893752900425e-01
4.498988549730045111e-02 -9.326691923585817001e-02 1.934113843445305625e-01
7.531431902056962002e-02 -1.592275101828347639e-01 1.504650904529867828e-01
8.536610211498288359e-02 8.464662716623763683e-02 -1.917775803148531188e-01
8.536610211498288359e-02 8.464662716623763683e-02 -1.917775803148531188e-01
1.432849344091318561e-02 5.609505416902327291e-02 -2.272004579377789324e-01
-6.293309961380308404e-02 2.241082327251758127e-02 -2.307123311405885613e-01
-1.346562998846704551e-01 -1.127794671759988973e-02 -2.017785490633642043e-01
-2.203162141886714775e-01 -5.893398838227163761e-02 -6.846259309469138188e-02
-2.212119827780777703e-01 -6.564605971647309579e-02 1.562343501267682289e-02
-1.924728334235232263e-01 -5.895680794684457493e-02 9.465273104252530656e-02
1.681040437998597148e-01 1.104080758656170586e-01 -5.080721425086780207e-02
1.393648944453051708e-01 1.037188240959885377e-01 -1.298365102807162441e-01
1.460291611437342651e-01 3.007076552070761175e-02 -1.914179716552040222e-01
1.460291611437342651e-01 3.007076552070761175e-02 -1.914179716552040222e-01
7.785763915397449220e-02 -3.337805863345554014e-03 -2.281977755095364602e-01
1.936877125873960603e-03 -3.977863354580620653e-02 -2.331320429097271385e-01
-7.017487714521054853e-02 -7.370393184894521998e-02 -2.054695763733425107e-01
-1.613091616731106015e-01 -1.145179272235036377e-01 -7.352129647088398445e-02
2.152221219712583955e-01 6.800734865485137670e-02 3.548282475986423712e-02
2.203702835430476070e-01 6.868248491028360048e-02 -4.871505910519607907e-02
1.960729468485981619e-01 5.536092846258498790e-02 -1.283920230737997659e-01
5.739315374947415865e-02 -9.875850983402122141e-03 -2.261488416832086179e-01
-1.869287026431423748e-02 -4.601003547526271581e-02 -2.308856199263734921e-01
-9.070413104459727760e-02 -8.000377382820661465e-02 -2.030287808941145522e-01
-1.809394887476236669e-01 -1.219827047474097426e-01 -7.081449227188502116e-02
1.765989847528544043e-01 4.732107768557129723e-02 -1.266312565918062127e-01
-5.688972175200242287e-02 -9.301359859178454093e-02 -2.014240032702042660e-01
1.782420384235651120e-02 -6.292621708539924974e-02 -2.265538794776703058e-01
9.373938711476505203e-02 -2.681832061780572291e-02 -2.193402366229869616e-01
2.225211227337653974e-01 6.310804837160097214e-02 -3.751301030744124548e-02
1.317685076159908208e-01 2.619496877344774585e-02 -1.930119643637177584e-01
1.317685076159908208e-01 2.619496877344774585e-02 -1.930119643637177584e-01
6.248233234962575350e-02 -5.118736466193988394e-03 -2.295526956890769077e-01
-1.414344028114838253e-02 -4.009140618476087631e-02 -2.342164502025183004e-01
-8.644323100765481660e-02 -7.339876844564155456e-02 -2.062932135564105041e-01
-1.434100520910180088e-01 -9.997007927660778170e-02 -1.500340454053528672e-01
-1.763712214268148837e-01 -1.157600974731773369e-01 -7.400389410971468240e-02
-1.803086997774145106e-01 -1.183649359017939356e-01 1.022233901078087315e-02
2.088525514345319078e-01 6.005938614804778863e-02 -5.055761686271045829e-02
1.831668934143856342e-01 4.908248177087373709e-02 -1.301572513281724353e-01
6.794863511831618352e-02 -1.437745316967765641e-01 9.502142690750914333e-02
6.794863511831618352e-02 -1.437745316967765641e-01 9.502142690750914333e-02
7.641270794734530969e-02 -1.627976558541669450e-01 1.328289843745876844e-02
7.091882780600566871e-02 -1.520670800059479300e-01 -7.019990722316837850e-02
5.230338814366879141e-02 -1.132164370520986202e-01 -1.427174896860597120e-01
2.340042089954463486e-02 -5.216038520038715487e-02 -1.932297043947619475e-01
-1.138985916949935423e-02 2.180584512925166224e-02 -2.140465245542418349e-01
-4.677094729762543146e-02 9.742156587467792894e-02 -2.019987780001631095e-01
-7.735639354768895914e-02 1.631749690106160111e-01 -1.589206249322898667e-01
-9.848984098587840186e-02 2.090556949657030317e-01 -9.137032365077581153e-02
-1.069539138149075558e-01 2.280788191230933570e-01 -9.631795180725457456e-03
-1.014600336735679148e-01 2.173482432748743420e-01 7.385101047990172418e-02
-8.284459401123105138e-02 1.784976003210251294e-01 1.463685929427930021e-01
-5.394162676710688442e-02 1.174415484693136225e-01 1.968808076514952654e-01
-1.915134669806282594e-02 4.347531813967469433e-02 2.176976278109751806e-01
1.622974143006318190e-02 -3.214040260575150298e-02 2.056498812568964552e-01
4.681518768012667142e-02 -9.789380574168950189e-02 1.625717281890232957e-01
7.523456234669452514e-02 1.251139016726741382e-01 -1.876069432070012755e-01
7.523456234669452514e-02 1.251139016726741382e-01 -1.876069432070012755e-01
-2.277545905347037533e-04 1.000742689055069967e-01 -2.158747641796462113e-01
-7.667088950330208652e-02 6.445580049663147959e-02 -2.129789012503430501e-01
-1.424570680598823136e-01 2.368108537907873123e-02 -1.793602232990154088e-01
-1.875709409282298179e-01 -1.604229569421683488e-02 -1.201368692896783580e-01
1.791612611264451760e-01 1.303993148327847740e-01 -5.888354407748140618e-02
1.382276076222990202e-01 1.357626416941679903e-01 -1.324789578270580970e-01
