7.317345411288397883e-02 -1.116718317886211675e-01 -1.704068208051722766e-01
-1.103404018047803442e-01 -1.405297597416113597e-01 1.412527377155323449e-01
-1.103482286789629341e-01 -6.803818568605400630e-02 1.858869061619974061e-01
-5.957364442378523112e-02 9.090467258845785770e-02 1.925751539101977772e-01
-1.652120347452337712e-02 1.531583474557160762e-01 1.536110081213864498e-01
-2.111178321536529845e-01 -4.300600788933259255e-02 5.024564390120976609e-02
-2.489243892890773691e-01 2.935247339205968031e-02 7.435677026014365920e-02
-2.576358820533951599e-01 1.130583540105851020e-01 8.715784184710873017e-02
-2.359260646431174668e-01 1.953681724377704376e-01 8.670001155499242051e-02
-1.871000599589742741e-01 2.637510049584387839e-01 7.305297989552753113e-02
-1.185911846052915830e-01 3.077961852132388709e-01 4.829438372821747566e-02
-4.082929382016625003e-02 3.207982337789305749e-01 1.619349488230217501e-02
-2.603889586888524788e-01 2.883317822702317207e-02 1.362701269028881723e-01
-2.603889586888524788e-01 2.883317822702317207e-02 1.362701269028881723e-01
3.327403094502531800e-02 -9.419032081167962034e-02 -1.497251929692875738e-01
6.840048702030557259e-02 -1.669296525003484410e-02 -1.469931753292118559e-01
-2.252625026135721686e-01 1.063305337886680801e-01 1.390021445429638625e-01
-3.756910512354637299e-02 -2.299721581183222230e-01 -1.440075808955185686e-03
-1.208008718279947186e-01 -2.469026140829913007e-01 6.038224440084818435e-04
-2.060247775231098255e-01 1.716193688646591720e-01 -3.099020349444434400e-03
-1.227930108186614661e-01 1.885498248293283052e-01 -5.142918602408104098e-03
-7.692289077943134656e-02 3.767660990319422754e-02 -1.642361043506978813e-01
-2.793908289810431711e-01 9.067687643769817285e-02 -1.530633018492426681e-02
-3.182223391094712861e-01 3.503344259392906362e-02 7.277274543159799325e-02
-2.891761442689724237e-01 1.149348942567331583e-01 7.717614127608118935e-02
-2.331791310286149832e-01 1.787324547076156456e-01 7.073260993262731056e-02
-1.587563370400542628e-01 2.167135236942553667e-01 5.442312063752013929e-02
1.598542583390223093e-01 -2.703884554576771460e-01 8.998564695589750251e-02
1.598542583390223093e-01 -2.703884554576771460e-01 8.998564695589750251e-02
7.887621929966476264e-02 -2.942015920553853192e-01 8.463770308169214773e-02
-3.551065823383547926e-03 -2.874473802746362883e-01 6.693933944470682740e-02
-7.487879007533881914e-02 -2.511540876319668936e-01 3.958497147260657545e-02
2.629615436602335543e-01 4.009286392486460793e-03 2.880088595625909971e-04
2.828561396311994880e-01 -7.113031688366064365e-02 3.362498316164563850e-02
2.702473957305808749e-01 -1.496631512801004371e-01 6.237776187731811084e-02
2.270548789186988270e-01 -2.196333046618919038e-01 8.216899509170698390e-02
-2.943340288762552048e-01 -4.143269204599920458e-02 1.349091146435701383e-01
-2.943340288762552048e-01 -4.143269204599920458e-02 1.349091146435701383e-01
-2.990472404921452609e-01 -1.255205944192050727e-01 1.235031582042409870e-01
-2.774290195793982505e-01 -2.020130852551757505e-01 9.342597579241193606e-02
-2.327705443023193876e-01 -2.592648762302909304e-01 4.925654577994631467e-02
-1.718706626917573810e-01 -2.885599011573667383e-01 -2.280736510637960089e-03
-1.040008296641188185e-01 -2.854382580513182832e-01 -5.333978703722686010e-02
-2.640069284748776113e-01 3.744900098685451095e-02 1.259073916377640157e-01
-1.476172142583536684e-01 -1.578372641339416405e-02 -1.219218372764924035e-01
2.649203216053170884e-01 -1.892747330295486419e-01 1.169739281291270194e-01
3.161413222427041925e-01 -1.238038113606817203e-01 9.863425698771371986e-02
-1.203766843352569171e-01 -3.946334840719351728e-02 1.317669210220159537e-01
-1.203766843352569171e-01 -3.946334840719351728e-02 1.317669210220159537e-01
1.761798568909302420e-01 4.548836764390004617e-02 1.268561747273861673e-01
1.002326057489104777e-01 5.571314702299193233e-02 1.639118678992287637e-01
1.720504290816062681e-02 4.315915027249661584e-02 1.778573488927160662e-01
-6.026263783554672293e-02 9.737609595413074248e-03 1.665695446426898318e-01
-1.163588413098903263e-01 -1.515900978744847138e-01 1.739961316634655586e-01
-1.163588413098903263e-01 -1.515900978744847138e-01 1.739961316634655586e-01
-1.842381740513268640e-01 -1.490141334330283840e-01 1.236033102628256303e-01
-3.237816263026142838e-02 2.589334026570097591e-02 -2.031641748569691097e-01
4.801325058858476463e-02 3.772838742986696359e-02 -1.796944455393612028e-01
1.158925833300213093e-01 3.515242298841063373e-02 -1.293016241387213161e-01
1.133545893832231810e-01 -8.197867756337341716e-02 1.539865909493682017e-01
4.469720169261797577e-02 -1.153107705863049559e-01 1.904394446806696173e-01
-3.596742809104399446e-02 -1.397550507103186845e-01 1.974658609810734655e-01
-2.345405490581007057e-01 -1.401503924028233428e-01 9.572653492819691023e-02
-2.972750788185040127e-01 1.041655661493692681e-01 6.124786737850062418e-02
-2.972750788185040127e-01 1.041655661493692681e-01 6.124786737850062418e-02
-1.549041781688748065e-01 1.874248306039575929e-01 8.533363917884072281e-02
-2.346394018000861892e-01 1.586984916396196876e-01 7.922455606693296071e-02
1.618212623595622346e-01 1.482148103543019790e-02 -1.951085007894392820e-01
1.423692992846300187e-01 8.598733856905202422e-02 -1.580910955187484757e-01
-2.421558345638963883e-01 -2.471680359464736298e-01 -8.263182793717929742e-02
-1.647342405756581085e-01 -2.699120943395613148e-01 -1.096996204591269009e-01
2.661481735693931872e-01 -1.241202403874786392e-01 -1.354120521118555576e-01
2.661481735693931872e-01 -1.241202403874786392e-01 -1.354120521118555576e-01
2.247005590244237627e-01 -1.983971173484712636e-01 -1.386166628593149264e-01
1.635972238207972218e-01 -2.551540561679880859e-01 -1.215796133665062034e-01
9.214059684015281360e-02 -2.857503274136892757e-01 -8.689463997747129409e-02
-3.351804245186765230e-02 3.176355716490535108e-02 1.272994686104428619e-01
2.816300438647955096e-01 -4.363140648075489181e-02 -1.124536540605599322e-01
-3.817186867609640571e-02 -3.044818138528451734e-02 1.650964409557130752e-01
-3.817186867609640571e-02 -3.044818138528451734e-02 1.650964409557130752e-01
7.085572885769617080e-02 3.429992723218464046e-03 -1.767827483794683074e-01
6.571992424131753441e-02 8.311400594034498712e-02 -2.046452001515828567e-01
4.956477050456396111e-02 1.660708006653631164e-01 -2.015766684357150340e-01
2.484974335702290482e-02 2.396709569066056422e-01 -1.680443093692964018e-01
-8.417785417676967863e-02 2.057927827981025359e-01 1.738348799658850641e-01
-7.904204956039104224e-02 1.261087695809761100e-01 2.016973317379995856e-01
-6.288689582363748976e-02 4.315197485595807098e-02 1.986288000221317351e-01
2.398618720849384212e-01 -2.356324758295954558e-01 7.498674181747701228e-02
2.398618720849384212e-01 -2.356324758295954558e-01 7.498674181747701228e-02
1.619770691057134115e-01 -2.676933519452915355e-01 6.265645016312125504e-02
7.944317948303808441e-02 -2.679861648017451969e-01 4.182259000511578950e-02
4.825239740392339716e-03 -2.364663362959165405e-01 1.565692769310425905e-02
3.410365006441846703e-01 -1.675156594126811505e-02 5.013151030514335221e-02
3.367681381279540309e-01 -9.982375988049640991e-02 6.820829321177369897e-02
2.604597321779455465e-01 -1.914037005761352050e-01 1.165803459142313869e-01
1.181124123309125057e-01 -2.482344668883640360e-01 -5.857355185837792577e-02
1.181124123309125057e-01 -2.482344668883640360e-01 -5.857355185837792577e-02
5.538822997604898879e-02 -3.033815560707755488e-01 -7.497970470160160439e-02
-2.444308096632390181e-02 -3.324979300536390903e-01 -7.986692352281600515e-02
-1.092279270778656608e-01 -3.311508848386511272e-01 -7.249117355924022954e-02
-1.860585841146379926e-01 -2.995454958487983599e-01 -5.397534588148869550e-02
-2.432382810144326779e-01 -2.424933970542211270e-01 -2.713830740710326123e-02
-2.720619272594990701e-01 -1.686802533178304309e-01 3.934246034550476813e-03
-2.681413839960297141e-01 -8.934344665567756083e-02 3.451179985537913136e-02
9.227467678813268404e-02 -2.699470423725288115e-01 -1.400700681662787883e-01
2.385152330488341799e-01 -6.677256602559702992e-02 8.746771567540966019e-02
2.657821119775519714e-01 1.269215363121042883e-02 9.727641507754759831e-02
2.637411170802317351e-01 9.712957635243764376e-02 9.274972482574664334e-02
2.327029713283256251e-01 1.736848699559209175e-01 7.457679247629413199e-02
1.773929510510693919e-01 2.307031849659944567e-01 4.552428224135219442e-02
1.062315054490930999e-01 2.595039997946871346e-01 1.001517544252984032e-02
-6.856644519643004254e-03 -5.060548746100966555e-02 1.726967287495132786e-01
-6.856644519643004254e-03 -5.060548746100966555e-02 1.726967287495132786e-01
1.358583271160512806e-01 -1.034365362474940347e-01 -1.566242454458518785e-01
1.573695236724618474e-01 -3.050610742123564811e-02 -1.948860047714114363e-01
1.667828600114390214e-01 5.356777585640359191e-02 -2.042941131011826172e-01
1.626652410074799215e-01 1.359856269880528323e-01 -1.834162712266721174e-01
1.456435368276280951e-01 2.042000752585994006e-01 -1.354309413151662256e-01
-1.560927184624916197e-03 1.158862469482788565e-01 1.841664622942525975e-01
-1.097426352360210411e-02 3.181236367063970671e-02 1.935745706240238062e-01
6.577272818057977588e-02 -3.020492385236976940e-01 -8.739021459432298744e-02
-6.816883402017130666e-03 -3.440136967126015133e-01 -7.277383255071535884e-02
-8.729726099908166614e-02 -3.555043732310835813e-01 -4.757900649799660930e-02
-1.634159966779004103e-01 -3.347719167424470510e-01 -1.564142031102619748e-02
-2.235847029494303362e-01 -2.849726558069007876e-01 1.817671802816931206e-02
-2.586432397145116413e-01 -2.136880764704571778e-01 4.872690351963483713e-02
-2.632542625570878925e-01 -1.317706097407688459e-01 7.135814736041588835e-02
-2.367157850484029602e-01 -5.169144734374589434e-02 8.262504782848981155e-02
