-9.325895159926753976e-04 -1.510624616326975977e-01 1.477656684024049316e-01
-9.325895159926753976e-04 -1.510624616326975977e-01 1.477656684024049316e-01
-7.394619144230288321e-02 -1.648403926002224573e-01 1.105762198393863693e-01
-1.356096115583613204e-01 -1.537145656362082224e-01 5.600781207098732423e-02
-1.765351531317934097e-01 -1.193787870400536133e-01 -7.632009483901612719e-03
-1.904922734490022418e-01 -6.706036784841495901e-02 -7.065465888996767807e-02
-1.753561274633035072e-01 -4.724313115568413296e-03 -1.234655090768767144e-01
-1.334310561915149074e-01 5.813927790315354810e-02 -1.580245868352208871e-01
-7.109977168304866535e-02 1.119599933350221010e-01 -1.690705858551123930e-01
2.148353030182273762e-03 1.485441171415355366e-01 -1.549218529180031723e-01
7.516195495649251324e-02 1.623220481090603962e-01 -1.177324043549845822e-01
1.368253750725509643e-01 1.511962211450461890e-01 -6.316399658658555794e-02
1.777509166459829981e-01 1.168604425488915521e-01 4.758249683033529895e-04
1.917080369631918579e-01 6.454202335725292561e-02 6.349847437436938191e-02
1.765718909774931233e-01 2.205968624406237644e-03 1.163093245612785015e-01
1.346468197057045235e-01 -6.065762239431560926e-02 1.508684023196226742e-01
7.231553519723840640e-02 -1.144783378261841206e-01 1.619144013395141246e-01
-1.672142958023332959e-01 4.387436260435816082e-02 1.183895034478862907e-01
-1.672142958023332959e-01 4.387436260435816082e-02 1.183895034478862907e-01
-1.753888437300709924e-01 -3.839292025021846799e-02 1.098699148914511481e-01
-1.567021457504760296e-01 -1.151454526357914565e-01 8.404030896550411522e-02
-1.139990822356028582e-01 -1.746983572600958601e-01 4.483300902630983631e-02
-5.378080750135606769e-02 -2.079852442425061676e-01 -1.783028925448344564e-03
1.478499200399502507e-02 -2.099384867863322568e-01 -4.871093568705156529e-02
8.125979485628097299e-02 -1.802607214204643982e-01 -8.880636285657987627e-02
1.355234149168296764e-01 -1.234701188922429638e-01 -1.159651451134249833e-01
1.693147079323633897e-01 -4.821253362849579893e-02 -1.260526040539564352e-01
1.774892558601010861e-01 3.405474922608082988e-02 -1.175330154975212926e-01
1.588025578805061788e-01 1.108072816116537906e-01 -9.170340957157425976e-02
1.160994943656329798e-01 1.703601862359582220e-01 -5.249610963238003636e-02
5.588121963138616838e-02 2.036470732183685572e-01 -5.880071680621828598e-03
-1.268457987396499551e-02 2.056003157621946464e-01 4.104783508098146239e-02
-7.915938272625082373e-02 1.759225503963268433e-01 8.114326225050974561e-02
-1.334230027867995272e-01 1.191319478681054506e-01 1.083020445073548249e-01
1.662423051194578671e-01 -3.868170146412954619e-02 -1.315836147790921673e-01
1.662423051194578671e-01 -3.868170146412954619e-02 -1.315836147790921673e-01
1.323148647330990579e-01 2.787681167131488350e-02 -1.679858767055563695e-01
7.830807565257351388e-02 9.001506707199732893e-02 -1.793144028367508747e-01
1.244398194262904579e-02 1.382730786378516263e-01 -1.638445277625464047e-01
-5.525020518889154492e-02 1.653040015679407837e-01 -1.239313997282238539e-01
-1.144686594005486641e-01 1.669926228820851899e-01 -6.565143066360223933e-02
-1.561959078552417612e-01 1.430818652925967271e-01 2.122782450464955409e-03
-1.740793552341929340e-01 9.721192489091770583e-02 6.907323004213286599e-02
-1.653964087878110889e-01 3.636608429115857632e-02 1.250073133728886454e-01
-1.314689684014523074e-01 -3.019242884428589499e-02 1.614095752993528754e-01
-7.746217932092674952e-02 -9.233068424496831961e-02 1.727381014305474083e-01
-1.159808561098234561e-02 -1.405886958108226448e-01 1.572682263563429661e-01
5.609610152053827459e-02 -1.676196187409117744e-01 1.173550983220204430e-01
1.153145557321955117e-01 -1.693082400550562083e-01 5.907512925739871745e-02
1.570418041868885117e-01 -1.453974824655677456e-01 -8.699083856668420045e-03
1.749252515658397400e-01 -9.952754206388880753e-02 -7.564953144833622134e-02
-1.463392267280910486e-01 1.524986834271139235e-01 -1.011483802223123174e-02
-1.463392267280910486e-01 1.524986834271139235e-01 -1.011483802223123174e-02
-1.919036974316656319e-01 8.563053894521874265e-02 -2.912614838109717913e-02
-2.081223707708654280e-01 5.519706930892650382e-03 -4.422942244993417066e-02
-1.925261007524371459e-01 -7.563766464818368063e-02 -5.312532366328213962e-02
-1.474892781061467872e-01 -1.454861016625013659e-01 -5.445953170295417256e-02
-7.986835082007814890e-02 -1.933918127542887111e-01 -4.802892548953618945e-02
4.200791169725636483e-05 -2.120615876761736129e-01 -3.481250652543060875e-02
8.007617036147229861e-02 -1.986531224382301897e-01 -1.682235479078623974e-02
1.480496608077579157e-01 -1.552077343248952079e-01 3.202692193928884275e-03
1.936141315113325545e-01 -8.833958984300002704e-02 2.221400255279483427e-02
2.098328048505323506e-01 -8.228757828673988542e-03 3.731727662163183273e-02
1.942365348321041241e-01 7.292861375040234073e-02 4.621317783497980169e-02
1.491997121858137931e-01 1.427770507647200260e-01 4.754738587465182076e-02
8.157878489974493275e-02 1.906827618565074545e-01 4.111677966123384459e-02
1.668426167969671355e-03 2.093525367783923286e-01 2.790036069712827776e-02
-7.836573628180526496e-02 1.959440715404489330e-01 9.910208962483931308e-03
-7.126272348102577481e-02 -1.020226671227244392e-01 1.693012934807233139e-01
-7.126272348102577481e-02 -1.020226671227244392e-01 1.693012934807233139e-01
-1.316613153966447458e-01 -4.638091097088058168e-02 1.565955292612152827e-01
-1.718725674287358840e-01 1.615100324611318944e-02 1.194707896416214582e-01
-1.857746809713207159e-01 7.605315844193340225e-02 6.357897969242219671e-02
-1.712511852605137774e-01 1.242059945024055617e-01 -2.570879182135663195e-03
-1.305131508624689796e-01 1.532786786438685989e-01 -6.890807061836466685e-02
-6.976257422308722311e-02 1.588451582503228043e-01 -1.253333585682368245e-01
1.751820069634259583e-03 1.400579872619488186e-01 -1.632565044378930519e-01
7.314261376422716288e-02 9.977734215559745656e-02 -1.769040530428515334e-01
1.335412056798461200e-01 4.413558600375358520e-02 -1.641982888233435578e-01
1.737524577119372859e-01 -1.839632821324016509e-02 -1.270735492037497472e-01
1.876545712545220901e-01 -7.829848340906032933e-02 -7.118173925455059670e-02
1.731310755437152071e-01 -1.264513194695325304e-01 -5.031880379992700360e-03
1.323930411456703538e-01 -1.555240036109955815e-01 6.130531105623641952e-02
7.164246450628868057e-02 -1.610904832174497869e-01 1.177305990061085356e-01
1.280702135672546864e-04 -1.423033122290758568e-01 1.556537448757647490e-01
1.689682337033355242e-01 -4.801816396981879731e-02 -1.251718221460934866e-01
1.689682337033355242e-01 -4.801816396981879731e-02 -1.251718221460934866e-01
1.073407695245870708e-01 -5.152452132330898743e-02 -1.807942959922146098e-01
2.945317154113891167e-02 -4.736758198397049424e-02 -2.094358814136529634e-01
-5.283687950686290907e-02 -3.618020228346861128e-02 -2.067361566666128803e-01
-1.270014693085304291e-01 -1.966555936735525645e-02 -1.731061303707654708e-01
-1.817497113702404854e-01 -3.378579139978584106e-04 -1.136656691727060409e-01
-2.087466821321478927e-01 1.886043473637988299e-02 -3.746404446071652239e-02
-2.038823375239015578e-01 3.500655256071422833e-02 4.389773717225085858e-02
-1.678972299167134086e-01 4.564239548517280004e-02 1.180330820189638835e-01
-1.062697657379649829e-01 4.914875283866299016e-02 1.736555558650849929e-01
-2.838216775451682730e-02 4.499181349932449003e-02 2.022971412865234020e-01
5.390788329348491364e-02 3.380443379882262789e-02 1.995974165394833189e-01
1.280724730951524892e-01 1.728979088270925224e-02 1.659673902436359649e-01
1.828207151568626287e-01 -2.037910570648164121e-03 1.065269290455763823e-01
2.098176859187699805e-01 -2.123620322102588026e-02 3.032530433358697139e-02
2.049533413105237289e-01 -3.738232104536019784e-02 -5.103647729938033673e-02
-1.185439609266236705e-01 1.679311655526294356e-01 -5.361366044455947999e-02
-1.185439609266236705e-01 1.679311655526294356e-01 -5.361366044455947999e-02
-1.270302405142748892e-01 1.213899609346045516e-01 -1.219443285336353489e-01
-1.160579453753688706e-01 5.616984606415144354e-02 -1.722745006543993651e-01
-8.729750798070093354e-02 -1.780000779151692109e-02 -1.969418643456117279e-01
-4.512744420959508007e-02 -8.925836092127005517e-02 -1.921910370954939828e-01
4.032236001377887194e-03 -1.473263268326870934e-01 -1.587452892865203191e-01
5.269741697370808331e-02 -1.831635841031767631e-01 -1.016964328361481124e-01
9.345926605532234310e-02 -1.913142351788530149e-01 -2.972963898977495564e-02
1.201121612306269570e-01 -1.705374173192801823e-01 4.619880027009953816e-02
1.285984408182781757e-01 -1.239962127012553400e-01 1.145294683591753654e-01
1.176261456793721571e-01 -5.877609783080223194e-02 1.648596404799394510e-01
8.886570828470430339e-02 1.519375602486605810e-02 1.895270041711517861e-01
4.669564451359840829e-02 8.665210915461916963e-02 1.847761769210340965e-01
-2.464035697374627066e-03 1.447200750660363744e-01 1.513304291120603773e-01
-5.112921666970477591e-02 1.805573323365259886e-01 9.428157266168818440e-02
-9.189106575131900101e-02 1.887079834122022959e-01 2.231477881531512483e-02
5.330775453595941460e-03 -1.544763681198457750e-01 1.450946993511424976e-01
5.330775453595941460e-03 -1.544763681198457750e-01 1.450946993511424976e-01
7.143883271715236426e-03 -1.995557948232252188e-01 7.529889906657957765e-02
7.992645170599122981e-03 -2.145065060676181190e-01 -6.448588024791467380e-03
7.747844845188305019e-03 -1.970523915946005844e-01 -8.770244805612506522e-02
6.446750925906108952e-03 -1.498506821107477571e-01 -1.560925174057262166e-01
4.287443167517494824e-03 -8.008741000041436076e-02 -2.012070279726405064e-01
1.598656602063556944e-03 1.616598963237900807e-03 -2.161777044871119047e-01
-1.210265389776252806e-03 8.282265006417856290e-02 -1.987253971593327395e-01
-3.711689897685587110e-03 1.511678581569757540e-01 -1.515070615743974725e-01
-5.524797715804879474e-03 1.962472848603552533e-01 -8.171126128983453862e-02
-6.373559614688767763e-03 2.111979961047481535e-01 3.622580153646304257e-05
-6.128759289277954138e-03 1.937438816317306189e-01 8.129008583287006262e-02
-4.827665369995755469e-03 1.465421721478778472e-01 1.496801551824712140e-01
-2.668357611607136137e-03 7.677890003754429815e-02 1.947946657493855593e-01
2.042895384679751462e-05 -4.925108926107864965e-03 2.097653422638569298e-01
2.829350945686602385e-03 -8.613116002704843122e-02 1.923130349360777924e-01
1.273427898132701297e-01 3.920259505898811281e-02 -1.704402747161848364e-01
1.273427898132701297e-01 3.920259505898811281e-02 -1.704402747161848364e-01
1.070216227657941055e-01 -4.017476760794534002e-02 -1.843231978296835660e-01
7.055781097584884476e-02 -1.136036469443223451e-01 -1.707202129566543491e-01
2.350263924317652631e-02 -1.699051617056281938e-01 -1.317022512326508910e-01
-2.698016909211747860e-02 -2.005079166439563687e-01 -7.320944363144889222e-02
-7.320506408878169058e-02 -2.007529197346106242e-01 -4.146789871710180285e-03
-1.081347245132907448e-01 -1.706028714779975475e-01 6.497154706616044273e-02
-1.264514262041732395e-01 -1.146478434103183064e-01 1.236229269426567523e-01
-1.253666173703067155e-01 -4.140648132128461195e-02 1.628782088476647405e-01
-1.050454503228307190e-01 3.797088134564884782e-02 1.767611319611634979e-01
-6.858163853288543055e-02 1.113997606820258668e-01 1.631581470881342810e-01
-2.152646680021318149e-02 1.677012754433317154e-01 1.241401853641308506e-01
2.895634153508079567e-02 1.983040303816598904e-01 6.564737776292887961e-02
7.518123653174514642e-02 1.985490334723141737e-01 -3.415275996809977177e-03
1.101108969562541312e-01 1.683989852157010692e-01 -7.253361293468052473e-02
1.284275986471366537e-01 1.124439571480219252e-01 -1.311849928111767927e-01
1.687355173768039784e-01 -4.575247939081567017e-02 -1.272160965715611047e-01
1.687355173768039784e-01 -4.575247939081567017e-02 -1.272160965715611047e-01
1.098776485662458363e-01 -9.270676196085958498e-02 -1.623793815660532491e-01
3.443490468041462971e-02 -1.257578816531885746e-01 -1.733987221203922013e-01
-4.610724041424819897e-02 -1.398741051037916683e-01 -1.585965235257507100e-01
-1.194869752434436494e-01 -1.329063652561987552e-01 -1.202262863358985190e-01
-1.745329003683792901e-01 -1.059154373394868565e-01 -6.412953133592440291e-02
-2.028647726813375685e-01 -6.301044545560456622e-02 1.153519043775964176e-03
-2.001693214517326347e-01 -1.072328568415291915e-02 6.568411217521866186e-02
-1.668569046949456292e-01 4.298579588394811635e-02 1.196380502254248135e-01
-1.079990358843874870e-01 8.994007845399200340e-02 1.548013352199170134e-01
-3.255629199855623879e-02 1.229911981463210069e-01 1.658206757742559656e-01
4.798585309610652050e-02 1.371074215969241006e-01 1.510184771796145020e-01
1.213655879253019571e-01 1.301396817493312152e-01 1.126482399897623388e-01
1.764115130502376949e-01 1.031487538326192610e-01 5.655148498978811167e-02
2.047433853631959177e-01 6.024376194873701240e-02 -8.731565389912184297e-03
2.020479341335910395e-01 7.956602177285446859e-03 -7.326215852135481432e-02
-1.249601201759285157e-01 1.660659086790357841e-01 -4.524311527108118569e-02
-1.249601201759285157e-01 1.660659086790357841e-01 -4.524311527108118569e-02
-1.738908913927530164e-01 1.029333174365265335e-01 -6.822510765096906349e-02
-1.962808608100225782e-01 2.397657783693573838e-02 -8.136432238824893581e-02
-1.887213585495360613e-01 -5.878386226032559364e-02 -8.266043314644820617e-02
-1.523632503033939822e-01 -1.327484760757071669e-01 -7.191611881190421163e-02
-9.274172846499949274e-02 -1.866568216467109353e-01 -5.076710384459939829e-02
-1.893362926380679628e-02 -2.123018420405211604e-01 -2.243313405700780166e-02
5.782443326888794116e-02 -2.057793153748689596e-01 8.772200498785503314e-03
1.258467399260514152e-01 -1.680822372077484528e-01 3.809817051372312025e-02
1.747775111428759021e-01 -1.049496459652391883e-01 6.108016289361099804e-02
1.971674805601454361e-01 -2.599290636564842091e-02 7.421937763089089812e-02
1.896079782996589747e-01 5.676753373161285560e-02 7.551548838909011296e-02
1.532498700535169511e-01 1.307321475469944427e-01 6.477117405454617394e-02
9.362834821512232286e-02 1.846404931179983500e-01 4.362215908724131896e-02
1.982024901392970967e-02 2.102855135118085195e-01 1.528818929964975704e-02
-5.693781351876495839e-02 2.037629868461564020e-01 -1.591714525614352366e-02
1.039912153712992116e-01 -1.739794615780067555e-01 6.651443019067058982e-02
1.039912153712992116e-01 -1.739794615780067555e-01 6.651443019067058982e-02
9.436570078104725146e-02 -1.922115044458174160e-01 -1.399874699626764765e-02
7.050370205224985865e-02 -1.813538731472258136e-01 -9.286665224451721989e-02
3.603799218180928077e-02 -1.430595436227697081e-01 -1.580823619193734431e-01
-3.784336934937902394e-03 -8.315848040358593540e-02 -1.997173754047198990e-01
-4.290069668027919614e-02 -1.077007736030503871e-02 -2.114331393197495801e-01
-7.535597587367061367e-02 6.308518734624112001e-02 -1.914460348120636535e-01
-9.620915246575674484e-02 1.271635191641227181e-01 -1.427989173594037542e-01
-1.022855193549090380e-01 1.717095729455916375e-01 -7.289786960671951199e-02
-9.266000476465707791e-02 1.899416158134022981e-01 7.615307580218754965e-03
-6.879800603585969898e-02 1.790839845148106957e-01 8.648321282846829772e-02
-3.433229616541913498e-02 1.407896549903546735e-01 1.516989225033245070e-01
5.490032951328004812e-03 8.088859177117091459e-02 1.933339359886709907e-01
4.460639269666938356e-02 8.500188727889858298e-03 2.050496999037007273e-01
7.706167189006075946e-02 -6.535507597865625184e-02 1.850625953960148284e-01
9.791484848214687675e-02 -1.294334077965377805e-01 1.364154779433549847e-01
-1.534675610703349347e-01 6.448757196909241790e-03 1.432610266477359895e-01
-1.534675610703349347e-01 6.448757196909241790e-03 1.432610266477359895e-01
-1.814960656332138544e-01 6.088301810856880381e-02 8.708136571325925113e-02
-1.817396205925541908e-01 1.057965375270851771e-01 1.717030374044217073e-02
-1.541611469136276169e-01 1.343516392630564882e-01 -5.582883383070868372e-02
-1.029592172145642054e-01 1.422010679298231217e-01 -1.208025900438155498e-01
-3.592886114539787373e-02 1.281498191681177956e-01 -1.678592995039996927e-01
3.672515721403164790e-02 9.433706822702296602e-02 -1.898350047660814777e-01
1.039419221788178416e-01 4.591049992396970675e-02 -1.833841039141733409e-01
1.554882906045635949e-01 -9.757379704836866008e-03 -1.494886881254164079e-01
1.835167951674425146e-01 -6.419164061649644537e-02 -9.330902719093964182e-02
1.837603501267828510e-01 -1.091051600350128048e-01 -2.339796521812255101e-02
1.561818764478563049e-01 -1.376602617709841714e-01 4.960117235302824445e-02
1.049799467487929072e-01 -1.455096904377508049e-01 1.145749285661351313e-01
3.794959067962644372e-02 -1.314584416760454233e-01 1.616316380263193297e-01
-3.470442767980302240e-02 -9.764569073495062146e-02 1.836073432884011147e-01
-1.019211926445890981e-01 -4.921912243189742464e-02 1.771564424364929502e-01
