1.165430739788254650e-04 -1.523421630787206715e-01 1.483222151019115420e-01
1.165430739788254650e-04 -1.523421630787206715e-01 1.483222151019115420e-01
-2.855095131439065997e-03 -1.977924028753919594e-01 8.025098023740434572e-02
-5.384310015110911445e-03 -2.137210328202010512e-01 -4.926737946956015923e-05
-7.086051538387681988e-03 -1.977030633974408147e-01 -8.035354297259841849e-02
-7.701244980675816913e-03 -1.521770852484720382e-01 -1.484362485429994161e-01
-7.136232717129385554e-03 -8.407401585245574682e-02 -1.939324093388417602e-01
-5.477032743024411697e-03 -3.761930169073930772e-03 -2.099156473026831948e-01
-2.976243213733156551e-03 7.653238478724821992e-02 -1.939526593429417300e-01
-1.458666537667953410e-05 1.445848474341882017e-01 -1.484736656716418302e-01
7.188007946989827431e-03 1.899457477529084004e-01 8.020209240286808872e-02
7.803201389277962356e-03 1.444197696039396239e-01 1.482847979732690724e-01
7.238189125731530997e-03 7.631670020792322151e-02 1.937809587691115554e-01
5.578989151626558007e-03 -3.995385475458522115e-03 2.097641967329529344e-01
3.078199622335306331e-03 -8.428970043178059257e-02 1.938012087732114974e-01
1.675064512235103498e-01 -1.402969251462709843e-01 3.107540236106496982e-03
1.675064512235103498e-01 -1.402969251462709843e-01 3.107540236106496982e-03
-1.380971018040555442e-01 1.692328750168337059e-01 -8.187068994322589145e-04
-6.925496515147559762e-02 2.142014540979243764e-01 2.016354475367334448e-02
2.112984577853018742e-01 9.224707577099958145e-02 5.219054273471374072e-02
2.284636102744364017e-01 9.891800890351722109e-03 4.102658253876564215e-02
2.130859025534202478e-01 -7.176679297507669586e-02 2.379092412177870319e-02
-2.724602977689210767e-02 -1.762301296641054227e-01 1.600622850929348528e-01
-2.724602977689210767e-02 -1.762301296641054227e-01 1.600622850929348528e-01
-2.894191858039316112e-02 -2.273791495956466735e-01 9.609026351245758546e-02
-2.636088424365416044e-02 -2.504173791379055714e-01 1.751484709488551963e-02
-1.989586584730908964e-02 -2.418374566851440588e-01 -6.370156929812956226e-02
-1.053110383666377992e-02 -2.029455976536043149e-01 -1.351945224993991168e-01
3.077016639400234708e-04 -1.396627350252583333e-01 -1.860798584692643087e-01
1.097044077105193555e-02 -6.162311097469348742e-02 -2.086107460830325666e-01
1.983380811358488247e-02 1.929244916734542542e-02 -1.993570619445123870e-01
2.554843636026325401e-02 9.076528487061213957e-02 -1.597275955789379254e-01
8.833510420034950544e-03 1.174807528601111428e-01 1.355292120133959610e-01
-2.005295080568869105e-03 5.419789023176502935e-02 1.864145479832613195e-01
-1.266803418768078227e-02 -2.384173381879973325e-02 2.089454355970295218e-01
-2.153140153021371878e-02 -1.047572939608385351e-01 1.996917514585093978e-01
-1.731788801579126902e-01 1.490181372896577372e-01 -5.385695569039195994e-04
-1.731788801579126902e-01 1.490181372896577372e-01 -5.385695569039195994e-04
-2.197021270232069612e-01 7.934809209020761422e-02 -1.415723878484631895e-02
-2.357971627330980591e-01 -3.203219869466234458e-03 -2.556015804951596027e-02
-2.190136640026171255e-01 -8.606810967300991544e-02 -3.301133626058745663e-02
-1.719067663706850269e-01 -1.566311490199305267e-01 -3.537639908052382653e-02
-1.016480679766729872e-01 -2.041497548252038940e-01 -3.229528713433763021e-02
-1.893381875438246084e-02 -2.213896501122114280e-01 -2.423707178548634850e-02
6.364348665862921972e-02 -2.057262171035462439e-01 -1.242854327292857060e-02
1.335122020783686136e-01 -1.595440714854037545e-01 1.332556981876317163e-03
1.800354489436629124e-01 -8.987402628595364540e-02 1.495122620981871424e-02
-1.316167695000800830e-01 1.583944332251953357e-01 1.435919118846385595e-02
-1.316167695000800830e-01 1.583944332251953357e-01 1.435919118846385595e-02
-1.758344396166613699e-01 8.676726131025243316e-02 3.326806791219424041e-03
-1.889810575689678251e-01 3.660982073920830519e-03 -7.981614870052795158e-03
1.195735314877343775e-01 -1.849052375922293490e-01 -2.040866541069451257e-02
1.881305143275187886e-01 -1.356617606207948801e-01 -1.133189879314471307e-02
2.323481844441001309e-01 -6.403458870585197749e-02 -2.995143959002820322e-04
2.454948023964065862e-01 1.907169053047963123e-02 1.100890726537193456e-02
2.255689147755880752e-01 1.010048994347656354e-01 2.087176150384084661e-02
1.756040573432930685e-01 1.692914496777168931e-01 2.778751816869591204e-02
1.032069267110278937e-01 2.135353330039634623e-01 3.070331599920320120e-02
1.939932973593179455e-02 2.270008192488852383e-01 2.917525120744113298e-02
-6.305978666029551927e-02 2.076379101966298601e-01 2.343595780601366932e-02
-1.700299532540124059e-01 1.655156194404164838e-01 -1.348816308958252635e-02
-1.700299532540124059e-01 1.655156194404164838e-01 -1.348816308958252635e-02
-2.205407474836311721e-01 9.750855240049652317e-02 -8.001472282178224288e-03
-2.410973541463989622e-01 1.542696467930694190e-02 -1.186477287607115008e-03
-2.285702162240128010e-01 -6.823296606404662124e-02 5.919300684290833801e-03
-1.848664769063678992e-01 -1.407347737530493526e-01 1.223407135133185858e-02
-1.166396343291923043e-01 -1.910407153975738348e-01 1.679646812299761052e-02
-3.427660679699290336e-02 -2.114921674067379020e-01 1.891190744903170975e-02
4.968358137115681111e-02 -1.989755816050203518e-01 1.825833286855069876e-02
1.224587526276570415e-01 -1.553964947175999201e-01 1.493524518676449947e-02
1.729695468572758354e-01 -8.738942767767994557e-02 9.448554379360197403e-03
1.935261535200436256e-01 -5.307839956490398997e-03 2.633559384789078365e-03
1.809990155976574644e-01 7.835209078686312945e-02 -4.472218587108858084e-03
1.372952762800126458e-01 1.508538984758659163e-01 -1.078698925414988893e-02
6.906843370283688444e-02 2.011598401203905095e-01 -1.534938602581564782e-02
-1.329459382936242287e-02 2.216112921295545213e-01 -1.746482535184974705e-02
-9.725478199751208530e-02 2.090947063278370266e-01 -1.681125077136873258e-02
-8.643123868958657585e-03 1.421217401002361491e-01 -1.423165845897766957e-01
-8.643123868958657585e-03 1.421217401002361491e-01 -1.423165845897766957e-01
-4.265460734904279357e-03 7.553326146880494363e-02 -1.897965069537159988e-01
7.375544145938905428e-04 -4.131947482464046542e-03 -2.081256305228907644e-01
5.604257875470014701e-03 -8.474558085765758475e-02 -1.945135123878130035e-01
9.593738162582439791e-03 -1.540349437398087495e-01 -1.510324741403901438e-01
8.327496341433265545e-03 -1.628451542354213133e-01 1.456796895354889043e-01
3.949833207378886449e-03 -9.625667560399013556e-02 1.931596118994282074e-01
-1.053181942119279764e-03 -1.659146665272111243e-02 2.114887354686030008e-01
-5.919885402995404139e-03 6.402216672247239282e-02 1.978766173335252676e-01
-9.909365690107830096e-03 1.333115296046235576e-01 1.543955790861024358e-01
-2.054426793365824178e-01 3.654644314611682487e-02 -1.272545732585948428e-02
-2.020786582320387437e-01 -4.607592246227776300e-02 6.311400397134276849e-03
2.240074900231292798e-01 -2.691699202165921678e-02 1.416949140265698001e-02
2.206434689185856612e-01 5.570537358673532252e-02 -4.867366320336767235e-03
-1.305703924976225894e-01 2.182493479708952633e-01 -5.429988564823491626e-02
-1.305703924976225894e-01 2.182493479708952633e-01 -5.429988564823491626e-02
-1.908919900442964668e-01 1.608294640525956554e-01 -3.763785151440622589e-02
-2.237439489294630046e-01 8.573690662544899976e-02 -1.538435296454278116e-02
-2.241248562166045233e-01 4.403836842010205865e-03 9.072716575605382569e-03
2.032114746379376780e-01 8.508792135625090070e-02 -1.089295354512419614e-02
1.710633406455200345e-01 1.602792809075668234e-01 -3.383022694195701729e-02
1.112804273503283092e-01 2.178817273464438431e-01 -5.175571224770778717e-02
3.296414136809725642e-02 2.491258103700399185e-01 -6.194041681950486489e-02
-5.196257269927895273e-02 2.492549015663306500e-01 -6.283381171086904748e-02
-1.868606589757743353e-01 -1.064520006095251159e-01 5.632541420341760120e-03
-2.215089940538386426e-01 -3.109148423620110985e-02 -1.233520403096526052e-02
-2.240739800136777315e-01 5.221972246001782558e-02 -2.831075141390445790e-02
-1.941651209945617074e-01 1.307982434776017444e-01 -3.986196845812098322e-02
-1.363357696576688594e-01 1.926812113076902255e-01 -4.523028708067612647e-02
-5.938992051966581615e-02 2.284475050686525510e-01 -4.359842943521536479e-02
2.495811840404587451e-02 2.326520307576426250e-01 -3.521483105543369435e-02
1.038671228042077760e-01 2.046546874526319892e-01 -2.135581879714434569e-02
1.653239120728016709e-01 1.487178168752593677e-01 -4.131301644412851623e-03
1.999722471508660060e-01 7.335730050193520202e-02 1.383644380689418377e-02
-2.117664372226693015e-01 5.642873211691307872e-02 -2.913177874006738985e-02
-2.378268051371500991e-01 -2.394126652983583417e-02 -2.068426067498209397e-02
-2.310934977256091649e-01 -1.077809808728233398e-01 -9.047899991142334744e-03
-1.925916000038699338e-01 -1.823265744122326559e-01 4.005772881209549233e-03
-1.281826768794951943e-01 -2.362291562891769003e-01 1.648945457909722911e-02
-4.767240302982898859e-02 -2.612825470410127804e-01 2.650261772887371747e-02
3.668226217896695951e-02 -2.536725950353260206e-01 3.252084901053552135e-02
1.120390856457975787e-01 -2.145578464805956986e-01 3.362792726685204237e-02
1.669256741091438845e-01 -1.498931672682009553e-01 2.965530986898849003e-02
1.929860420236246821e-01 -6.952316862145196952e-02 2.120779180390318722e-02
1.862527346120838034e-01 1.431654572153544941e-02 9.571431120063452272e-03
1.477508368903445723e-01 8.886213926094482796e-02 -3.482241752288429103e-03
-1.819943788913702676e-01 1.585988393745298985e-01 1.358057262818762254e-02
-1.819943788913702676e-01 1.585988393745298985e-01 1.358057262818762254e-02
-2.247418746048800986e-01 8.649048380909082900e-02 2.684584494037104557e-02
-2.366544203108172650e-01 2.977007953832756099e-03 3.614753226159923838e-02
-2.159184389129484849e-01 -7.922741854382510385e-02 4.006953701722071326e-02
-1.656907956069598453e-01 -1.476079169345961839e-01 3.801476953625373273e-02
7.051703589723685994e-02 -1.851731406766415899e-01 3.250558923986472150e-03
1.375915629029511866e-01 -1.354477488719886824e-01 -1.195878091961524031e-02
-3.372978229225571944e-02 2.280964190825902904e-01 -1.646669047225473442e-02
-1.149198518856558160e-01 2.083242311791828338e-01 -1.628767215414124621e-03
1.081973774891139065e-02 1.557118940787769468e-01 -1.536074869685214450e-01
1.081973774891139065e-02 1.557118940787769468e-01 -1.536074869685214450e-01
1.521032070615002327e-02 8.604132749266359126e-02 -1.964217649796584364e-01
1.736233786559047282e-02 5.209499103353001752e-03 -2.093798439320300742e-01
1.694816412279204557e-02 -7.447767795923128376e-02 -1.905089737704159514e-01
1.403085367560148386e-02 -1.408885533533696666e-01 -1.426820734120578527e-01
9.054540594118492061e-03 -1.839126733163892191e-01 -7.318035488458445037e-02
2.776823434608435056e-03 -1.970000055985388077e-01 7.415175200843789061e-03
-3.846572273041038922e-03 -1.781581224968238064e-01 8.683457798902004254e-02
-9.807294573571901167e-03 -1.302555299113846432e-01 1.529869693441234801e-01
-1.419787753081053552e-02 -6.058496332527128769e-02 1.958012473552604715e-01
-1.634989469025098160e-02 2.024686506403929054e-02 2.087593263076321093e-01
-1.593572094745256476e-02 9.993404212662350405e-02 1.898884561460180420e-01
-1.301841050026199612e-02 1.663449175207619424e-01 1.420615557876599433e-01
4.859015448380515391e-03 2.036144866642161932e-01 -8.745509561341793803e-02
1.753107308412363841e-01 -1.838675964322726841e-01 -3.389374442463278809e-03
1.753107308412363841e-01 -1.838675964322726841e-01 -3.389374442463278809e-03
1.059312609145546535e-01 -2.308330338989654784e-01 -1.699647082062994558e-02
2.343574939870135890e-02 -2.474998031157078504e-01 -2.800217930320594156e-02
-5.961660990170894459e-02 -2.313305395538900466e-01 -3.473098054071485641e-02
-1.305818481547006693e-01 -1.847868670160596194e-01 -3.615847554148113319e-02
-1.814556139961486791e-01 5.012324662573570955e-02 -1.056587643462772105e-02
-1.357545810285147869e-01 1.202372902308257024e-01 3.571050764189593208e-03
1.701379979674221832e-01 1.211565608146126655e-01 3.634015186320747187e-02
2.182123009504640110e-01 5.132433152521190256e-02 3.224901745363877026e-02
2.360767918290295198e-01 -3.116513063718238594e-02 2.326209176136624646e-02
2.210117638088702763e-01 -1.137535528271825525e-01 1.074755275635405627e-02
-1.848342480676710142e-01 1.446275878661302805e-01 1.509802470514852099e-02
-1.848342480676710142e-01 1.446275878661302805e-01 1.509802470514852099e-02
-2.285058256036942015e-01 7.185007880878012398e-02 1.627444848367455912e-02
-2.410855566590734411e-01 -1.208710686268022957e-02 1.506792035993683929e-02
-2.206582912161732524e-01 -9.440529352225374149e-02 1.166212330356976995e-02
-1.703338952650529925e-01 -1.625722834672407024e-01 6.575559042778027566e-03
-9.777380189748517691e-02 -2.062102704138193965e-01 5.826108764473105677e-04
-1.402462756979786992e-02 -2.186757664287099778e-01 -5.404349163308929012e-03
6.816357511477437459e-02 -1.980710127436481061e-01 -1.047386068236572099e-02
1.362783973354180778e-01 -1.475328963246272107e-01 -1.385413650718302081e-02
1.799499748714412650e-01 -7.475538726727704031e-02 -1.503056028570905894e-02
1.925297059268205047e-01 9.181798404183323659e-03 -1.382403216197133564e-02
1.721024404839204269e-01 9.149998506375681129e-02 -1.041823510560426630e-02
1.217780445328000422e-01 1.596669750087438000e-01 -5.331670844812522181e-03
4.921795116523217106e-02 2.033049619553225495e-01 6.612773215181986120e-04
-3.453122316245502144e-02 2.157704579702130476e-01 6.648237361274434397e-03
-1.167194258470272000e-01 1.951657042851512591e-01 1.171774888033121770e-02
-1.280107065770515751e-01 2.068538996753587766e-01 -4.828548507431223297e-02
-1.280107065770515751e-01 2.068538996753587766e-01 -4.828548507431223297e-02
-1.856057370982151511e-01 1.445044150036134678e-01 -4.869057914861842778e-02
-2.156146664423666814e-01 6.541998377766002071e-02 -4.162469080671984956e-02
-2.134689071484809075e-01 -1.835950625050432328e-02 -2.816353749623325478e-02
-1.794951316176955913e-01 -9.407938718705990966e-02 -1.035645778302157066e-02
1.706842322877085427e-01 1.632400330421145407e-01 1.112212730594403995e-02
1.100546398715435831e-01 2.193726394169007721e-01 -8.319912345235831730e-03
3.199953640673638966e-02 2.473722907527001746e-01 -2.643703764002001619e-02
-5.159789617547112794e-02 2.429762939511088959e-01 -4.047108048442740746e-02
-2.074928426503689360e-01 8.218075881868494581e-02 -5.307691234576659284e-02
-2.386597612900386023e-01 3.608625676132459770e-03 -4.529827713891319135e-02
-2.378185072732689753e-01 -8.000018434731936967e-02 -3.065849340124511893e-02
-2.050971538981266051e-01 -1.559169878413502186e-01 -1.138633549685231366e-02
-1.454772305961700429e-01 -2.125841396615312240e-01 9.584185235867868913e-03
-6.803533023417152048e-02 -2.413745796322503412e-01 2.906049711360259372e-02
1.835081715180265916e-01 -1.758930259204528612e-01 -2.230418285828360270e-02
1.835081715180265916e-01 -1.758930259204528612e-01 -2.230418285828360270e-02
1.162298066386502071e-01 -2.268258527062387564e-01 -3.153745618882035362e-02
3.426635447140804341e-02 -2.484596004178909745e-01 -3.598245679698182375e-02
-4.990399239178147650e-02 -2.375007270767218182e-01 -3.496247363420632026e-02
-1.234670616470920912e-01 -1.956176218064900330e-01 -2.863278989085595028e-02
-1.752235428512860793e-01 -1.291866077132937107e-01 -1.795704253812983875e-02
-1.972939809146953549e-01 -4.832120449417966201e-02 -4.560517334589782139e-03
-1.863183517111851595e-01 3.466756325744765888e-02 9.517286197328627198e-03
1.630076378724552855e-01 1.268700038324931390e-01 2.846175711806997813e-02
2.147641190766493013e-01 6.043898973929667795e-02 1.778600976534383191e-02
2.368345571400585770e-01 -2.042641347981724587e-02 4.389484561803798715e-03
2.258589279365484093e-01 -1.034151812314444696e-01 -9.688318970114601081e-03
-1.724295791033835790e-01 1.563666746629435722e-01 1.419561411022578559e-02
-1.724295791033835790e-01 1.563666746629435722e-01 1.419561411022578559e-02
-2.150358182294545006e-01 8.409623263579682484e-02 2.703482522099532465e-02
-2.267806336808327605e-01 5.066256696480472138e-04 3.586605743806774854e-02
-2.058759837720632868e-01 -8.167638631658064030e-02 3.934483571171315530e-02
8.080541319494720376e-02 -1.868236423673153845e-01 2.113468799705883402e-03
1.477866623152858661e-01 -1.368748849446154159e-01 -1.277906770088467828e-02
-2.428935886047466075e-02 2.263382593729042214e-01 -1.537553059974100696e-02
-1.054483299830447918e-01 2.063154320856435964e-01 -6.969223903648040595e-04
-1.963440211808310798e-01 8.311408028101643919e-02 3.804992675928031698e-02
-1.963440211808310798e-01 8.311408028101643919e-02 3.804992675928031698e-02
-2.341833770005573023e-01 7.087909814277794374e-03 3.682825330290548371e-02
-2.404654124023934414e-01 -7.733190048304688924e-02 2.996388215201047783e-02
-2.142337444432027838e-01 -1.572931997606760723e-01 1.850185158863962287e-02
-1.594819067791097833e-01 -2.206226050545735951e-01 4.187151862500337711e-03
-8.454537036782830417e-02 -2.576787884912320470e-01 -1.080093375617880748e-02
-8.325435765818532674e-04 -2.628202820575596954e-01 -2.418060509928839086e-02
7.891205457432701187e-02 -2.352643399658382317e-01 -3.391492849186275582e-02
1.425480319030046350e-01 -1.792061046042952854e-01 -3.852194143924370096e-02
3.074938109000181080e-02 1.615867641679532563e-01 1.032891907621543738e-02
-1.327080438521533456e-01 1.391723156425594687e-01 3.344291381189934409e-02
