1.064340393858410339e-01 -1.822993191251697231e-01 4.272810593286044401e-02
1.064340393858410339e-01 -1.822993191251697231e-01 4.272810593286044401e-02
2.996918974940621788e-02 -2.198093171834269721e-01 4.104100414739934866e-02
-5.467934067927553154e-02 -2.256458629615606115e-01 3.347261420423205958e-02
-1.346245804832765791e-01 -1.989203952732691016e-01 2.117515486458008966e-02
-1.976955916078413367e-01 -1.437016243071268518e-01 6.020802836158948082e-03
-2.342903843493942817e-01 -6.839610738332381479e-02 -9.683329159247463375e-03
-2.388377332456562974e-01 1.553157319270178499e-02 -2.354642938364956417e-02
-2.106453456489918441e-01 9.530418885956917774e-02 -3.345796649719860738e-02
-1.540052570063632220e-01 1.587770820225594126e-01 -3.790899882266442200e-02
-7.754040736992842686e-02 1.962870800808166061e-01 -3.622189703720334053e-02
7.108123058753360729e-03 2.021236258589503010e-01 -2.865350709403604104e-02
8.705336286275437707e-02 1.753981581706588189e-01 -1.635604775438409195e-02
1.630741280284697114e-01 -1.188264259621793495e-01 3.827707360739460163e-02
-7.433870587294856558e-02 -4.077963329292738463e-03 1.561309422268721825e-01
-7.433870587294856558e-02 -4.077963329292738463e-03 1.561309422268721825e-01
-1.223584554443277878e-01 1.197573412129432965e-03 8.636021685047766405e-02
-1.244759396260559509e-01 1.039154670473513287e-02 -7.983642384139287562e-02
-7.825130646477866658e-02 1.291028416569488246e-02 -1.509604071878311582e-01
-8.327692535410172181e-03 1.345134708092736095e-02 -1.990444713082308026e-01
7.464966580044191113e-02 1.193236352633596231e-02 -2.167682533233876718e-01
1.580482179277705734e-01 8.584584978487009438e-03 -2.014334680879781569e-01
2.291712902949475938e-01 3.917680373602405730e-03 -1.553746976439190908e-01
2.771910398663268160e-01 -1.357856367819762012e-03 -8.560397226752461397e-02
2.947968950697795187e-01 -6.438872599757619435e-03 -2.743252424150309770e-03
2.793085240480549514e-01 -1.055182966042545953e-02 8.059266842434584244e-02
2.330838908867777781e-01 -1.307056712138521606e-02 1.517166517707841666e-01
1.631602769574091449e-01 -1.361163003661769108e-02 1.998007158911838943e-01
8.018291862155713101e-02 -1.209264648202629244e-02 2.175244979063407913e-01
-3.215633505771448020e-03 -8.744867934177346508e-03 2.021897126709312764e-01
-1.828605921059890949e-01 1.581430932551970980e-01 -3.098686206259883974e-02
-1.828605921059890949e-01 1.581430932551970980e-01 -3.098686206259883974e-02
-2.376391117132429787e-01 9.299821151193284063e-02 -2.751768602154828006e-02
-2.634323333857656602e-01 1.219404006550619049e-02 -1.964541806888136719e-02
-2.563134729400522449e-01 -7.196771847300251213e-02 -8.568539638104949105e-03
-2.173663123463319136e-01 -1.466741992943463579e-01 4.026594941848277848e-03
-1.525202037481086514e-01 -2.005520179094107125e-01 1.622249060635972545e-02
-7.164737934802381525e-02 -2.253987648376940267e-01 2.616243279657702939e-02
1.294000645298865049e-02 -2.174317480956869664e-01 3.233315541983994290e-02
8.836429095328614258e-02 -1.778638737611734910e-01 3.379522189449653963e-02
1.431428105605400680e-01 -1.127189920179091920e-01 3.032604585344597301e-02
1.228700111936290168e-01 1.269534187883699372e-01 -1.218235109950580779e-03
5.802390259540568529e-02 1.808312374034344028e-01 -1.341413077446203597e-02
-2.284892180467912662e-02 2.056779843317176615e-01 -2.335407296467932256e-02
-1.074363076056914501e-01 1.977109675897106567e-01 -2.952479558794223261e-02
2.169871611625909802e-01 1.152189693069026293e-02 -1.593070463758639310e-01
2.169871611625909802e-01 1.152189693069026293e-02 -1.593070463758639310e-01
1.447737392096538900e-01 8.587540769827768650e-03 -2.038108518923532619e-01
6.108206085371333666e-02 4.311989917893842110e-03 -2.172793373513627058e-01
-2.134657454249223874e-02 -6.538417658695764743e-04 -1.976620479338828673e-01
-8.996315445733110705e-02 -5.553951422985815324e-03 -1.479455381225536215e-01
-1.343214266096149079e-01 -9.642341777763571015e-03 -7.569869585486614649e-02
-1.279716808578877651e-01 -1.311261786427743437e-02 9.063472680929374192e-02
-7.823035418398874286e-02 -1.196618551997286582e-02 1.593985514213789589e-01
-6.016932231051666524e-03 -9.031829359110376751e-03 2.039023569378682621e-01
7.767474612488889374e-02 -4.756278507176444140e-03 2.173708423968777337e-01
1.601033815210944344e-01 2.095531765869704331e-04 1.977535529793979507e-01
2.287199614359333444e-01 5.109662833703208090e-03 1.480370431680687049e-01
2.730782335882172007e-01 9.198053188480973322e-03 7.579020090038111890e-02
2.864250531514991316e-01 1.185230387075619611e-02 -7.988047007665066354e-03
2.667284878364900580e-01 1.266832927499482973e-02 -9.054322176377854747e-02
2.633122227839322371e-01 -1.534407655026809869e-01 1.117468351110110321e-03
2.633122227839322371e-01 -1.534407655026809869e-01 1.117468351110110321e-03
1.926892351736228526e-01 -2.006189891388558966e-01 -1.331518450693085567e-04
1.093847741192979645e-01 -2.171776604745464245e-01 -1.197288768111423769e-03
2.608118865965859678e-02 -2.005958719036232685e-01 -1.912937217908307255e-03
-4.453930546794782064e-02 -1.533980504217216656e-01 -2.171146205347731107e-03
-9.172537820896659033e-02 -8.276963650014404483e-02 -1.932605752762343778e-03
-9.172097629722492096e-02 8.383870637558855921e-02 -1.806358886659313774e-04
-4.453117179562379735e-02 1.544540254353024000e-01 1.066071992682780627e-03
2.609181581468557332e-02 2.016322490714772819e-01 2.316692188862198853e-03
1.093962768690104753e-01 2.181909204071678654e-01 3.380829111904316234e-03
1.926998623286497736e-01 2.016091318362447093e-01 4.096477561701197985e-03
2.633203564562562882e-01 1.544113103543431065e-01 4.354686549140621837e-03
3.105064291972750579e-01 8.378289643276536081e-02 4.116146096555233641e-03
3.270744287197006606e-01 4.764258429054844444e-04 3.417171825476576948e-03
3.105020272855334440e-01 -8.282544644296706282e-02 2.364176232458825144e-03
2.191286256646277630e-01 1.873473998965000803e-02 -1.620200564198176485e-01
2.191286256646277630e-01 1.873473998965000803e-02 -1.620200564198176485e-01
1.458154959736361334e-01 1.762365688823967075e-02 -2.047576070738804099e-01
6.181867851414003107e-02 1.380709812202958811e-02 -2.162691778839451184e-01
-2.007407268869863814e-02 7.866100165983878553e-03 -1.948022365468285999e-01
-8.739532862388600665e-02 7.051261036299174027e-04 -1.436249302827990737e-01
-1.298960383439944355e-01 -6.585630678430420652e-03 -7.052854004711854585e-02
-1.193181829578511960e-01 -1.726590771611091063e-02 9.526563646195748691e-02
-6.785000044564197530e-02 -1.902945260969664959e-02 1.627227622897987613e-01
5.463129245349654384e-03 -1.791836950828631231e-02 2.054603129438615228e-01
8.945994670484579137e-02 -1.410181074207622620e-02 2.169718837539262313e-01
1.713526979076844259e-01 -8.160812786030527052e-03 1.955049424168097127e-01
2.386739538428717666e-01 -9.998387236765647092e-04 1.443276361527802143e-01
2.811746635629802649e-01 6.290918058383793837e-03 7.123124591709951992e-02
2.923844792830162520e-01 1.260150593095662151e-02 -1.265596549727715341e-02
2.705968081768370115e-01 1.697119509606426907e-02 -9.456293059197631856e-02
2.745072711592273507e-01 -1.388376142507946331e-01 -2.188728551066815298e-02
2.745072711592273507e-01 -1.388376142507946331e-01 -2.188728551066815298e-02
2.072955827171722998e-01 -1.898986619361917039e-01 -3.140805040604925658e-02
1.253253697483527884e-01 -2.117005541754925779e-01 -3.597404414100722342e-02
4.107585411544063814e-02 -2.009241505099089997e-01 -3.489013556023101703e-02
-3.262673915021430116e-02 -1.592100607091835318e-01 -2.832133991948803525e-02
-8.456185833958765330e-02 -9.290887680631107481e-02 -1.726769680880063315e-02
-9.602068663728818843e-02 7.087327678247642981e-02 1.113628022974317254e-02
-5.379989301182758199e-02 1.434198982734178895e-01 2.416236613617431597e-02
1.341179543022748277e-02 1.944809459588149603e-01 3.368313103155541610e-02
9.538200839904698025e-02 2.162828381981158621e-01 3.824912476651340376e-02
1.796315240319590611e-01 2.055064345325323116e-01 3.716521618573719737e-02
2.533341172976140143e-01 1.637923447318068992e-01 3.059642054499421213e-02
3.052692364869874497e-01 9.749116082893427571e-02 1.954277743430679268e-02
3.275302304965250211e-01 1.669663705139835808e-02 5.687103815752830513e-03
3.167280647846879571e-01 -6.629099275985302075e-02 -8.861199604236986993e-03
-1.757340351635548747e-01 1.717719330773829767e-01 -2.400182158569075588e-02
-1.757340351635548747e-01 1.717719330773829767e-01 -2.400182158569075588e-02
-2.276933156599255381e-01 1.071032259095233280e-01 -4.991165418462987884e-03
-1.306267565469932945e-01 -1.808853658022853972e-01 4.787911305468229434e-02
-4.891046389861411492e-02 -2.045032951601701288e-01 4.507652621002161686e-02
3.515471747579432260e-02 -1.957930201341716026e-01 3.505704748951214700e-02
1.087706257647450270e-01 -1.560806011381583591e-01 1.934605170155070594e-02
1.725385673160913513e-01 7.111296463831351389e-02 -3.594637000353379658e-02
1.305901862748553022e-01 1.442261796474171298e-01 -4.769390946604768616e-02
6.366334714818341900e-02 1.965766977415100147e-01 -5.253488293882237203e-02
-1.805294550019572591e-02 2.201946270993947463e-01 -4.973229609416168762e-02
-1.021181268746040594e-01 2.114843520733962479e-01 -3.971281737365223857e-02
-1.045611511706986962e-01 4.355483807745780950e-02 1.275957381094614540e-01
-1.045611511706986962e-01 4.355483807745780950e-02 1.275957381094614540e-01
-1.428509209852712736e-01 2.550313048487242579e-02 5.402201709051687034e-02
-1.228778948522787073e-01 -1.900009320385079303e-02 -1.051756209263384340e-01
-6.765581107752888235e-02 -3.867639691610786495e-02 -1.665631406663652392e-01
7.976283641493331356e-03 -5.249661247599692049e-02 -2.025332801479642897e-01
9.250408849046273807e-02 -5.835673734509092686e-02 -2.076099117051885823e-01
1.730590114275828983e-01 -5.536462063423450847e-02 -1.810201642032302771e-01
2.373772956678719681e-01 -4.397578498905004712e-02 -1.268120856626013260e-01
2.756670654824445177e-01 -2.592407739646467035e-02 -5.323836464365677701e-02
2.820990505146595551e-01 -3.957706698312652566e-03 2.850006677591090595e-02
2.556940393494520070e-01 1.857914629225852418e-02 1.059592733731984648e-01
2.004719555747022097e-01 3.825545000451560651e-02 1.673467931132253117e-01
1.248398608556798572e-01 5.207566556440468980e-02 2.033169325948244455e-01
4.031205600671053380e-02 5.793579043349870311e-02 2.083935641520486826e-01
-4.024286693040951546e-02 5.494367372264229166e-02 1.818038166500905162e-01
2.306095468237719659e-01 -1.567513010686770458e-01 3.409155196439690987e-03
2.306095468237719659e-01 -1.567513010686770458e-01 3.409155196439690987e-03
1.596354824339772382e-01 -2.031410646992706515e-01 9.085766335018466422e-03
7.623030911838948875e-02 -2.188184480444594626e-01 1.348447243709877119e-02
-6.908291555471859913e-03 -2.013967116057724382e-01 1.593561037300897029e-02
-7.712322128830323420e-02 -1.535281568275655428e-01 1.606601661162748024e-02
-1.237248935282041218e-01 -8.250033724529123869e-02 1.385583798526011934e-02
-1.223847423589327355e-01 8.390017479879170736e-02 4.064751629866107316e-03
-7.464694481678138538e-02 1.539398977262866619e-01 -2.025551957970634677e-03
-3.672880426986629976e-03 2.003296613568802398e-01 -7.702163096549409678e-03
7.973229288860111952e-02 2.160070447020690787e-01 -1.210086919862971011e-02
1.628708935624623710e-01 1.985853082633820821e-01 -1.455200713453991615e-02
2.330858232952938425e-01 1.507167534851752422e-01 -1.468241337315842956e-02
2.796874955351947856e-01 7.968893390290081313e-02 -1.247223474679106520e-02
2.955812281288510701e-01 -3.684808820827427649e-03 -8.257950915983126167e-03
2.783473443659233992e-01 -8.671157814118195251e-02 -2.681148391397063149e-03
-1.781862165242822649e-01 1.573887108045551597e-01 -3.095389666955015301e-02
-1.781862165242822649e-01 1.573887108045551597e-01 -3.095389666955015301e-02
-2.334748285477329655e-01 9.355428646121619063e-02 -1.979342147056625117e-02
-2.143341226799541643e-01 -1.441577651262126170e-01 2.462071738677865801e-02
-1.495401258210793671e-01 -1.983725154562267778e-01 3.551655948817744601e-02
-6.852024247372855148e-02 -2.240320370355777801e-01 4.131207603916193377e-02
1.639098456953571453e-02 -2.172299003079517787e-01 4.112495218133310759e-02
9.226659071356627106e-02 -1.790016689286068607e-01 3.498367582576339396e-02
1.475552027370169161e-01 -1.151672445852678917e-01 2.382320062677949213e-02
1.738396306518334156e-01 -3.544483972371054864e-02 9.342607763467094401e-03
1.671183085769173127e-01 4.802853220129262024e-02 -6.253563767635667014e-03
1.284144968692381705e-01 1.225448070021609159e-01 -2.059093823056540318e-02
6.362050001036331781e-02 1.767595573321751601e-01 -3.148678033196419812e-02
-1.739938333698743539e-02 2.024190789115261069e-01 -3.728229688294869282e-02
-1.023106103802516320e-01 1.956169421839001610e-01 -3.709517302511987358e-02
-9.865544814072182978e-02 1.646495363767456754e-01 -2.456372183173335944e-02
-9.865544814072182978e-02 1.646495363767456754e-01 -2.456372183173335944e-02
-1.517547431174802453e-01 9.890490015737214702e-02 -1.544019352878551674e-02
-1.754123823053565512e-01 1.807289326548515429e-02 -3.967013619647964152e-03
-1.660267045950299947e-01 -6.554054399359268701e-02 8.109130259148000786e-03
-1.250265943365173327e-01 -1.392060237548629342e-01 1.894975467257254201e-02
-5.865394664975222272e-02 -1.917086445039091480e-01 2.690447282418677658e-02
2.298660452450488126e-02 -2.150553581691313221e-01 3.076225098510707717e-02
1.074660253434127771e-01 -2.056918392334857459e-01 2.993577740117943017e-02
1.819230897951493453e-01 -1.650435985744139189e-01 2.455087518355510492e-02
2.350223847719077330e-01 -9.929896235504044599e-02 1.542734688060727263e-02
2.586800239597840667e-01 -1.846695546315343592e-02 3.954166971469702703e-03
2.492943462494575380e-01 6.514648179592433253e-02 -8.121976907326248357e-03
2.082942359909449037e-01 1.388119615571946630e-01 -1.896260132075078264e-02
1.419215883041796966e-01 1.913145823062409323e-01 -2.691731947236504149e-02
6.028103712992264468e-02 2.146612959714630786e-01 -3.077509763328533515e-02
-2.419838368898516445e-02 2.052977770358175302e-01 -2.994862404935769856e-02
-7.022481097081804957e-02 1.743620308055026380e-01 -1.263236897012537940e-01
-7.022481097081804957e-02 1.743620308055026380e-01 -1.263236897012537940e-01
9.402975526428236641e-02 1.517283185846761973e-01 -1.061050424138667847e-01
1.490543735105591752e-02 1.762844861586503886e-01 -1.257894864222111608e-01
-9.724054552637320659e-02 1.661394852184937820e-01 -3.120503466920840352e-02
-9.724054552637320659e-02 1.661394852184937820e-01 -3.120503466920840352e-02
-1.519479578297728561e-01 1.016393114631479466e-01 -2.273736711196392563e-02
-1.776192339137419307e-01 2.149331768317102112e-02 -1.080086701752635582e-02
-1.703461547051933755e-01 -6.209699509367831716e-02 2.787241679368986178e-03
-1.312359805830014270e-01 -1.364057594951970653e-01 1.595829260613187625e-02
-6.624288102265864231e-02 -1.901201397518806624e-01 2.670711265503660295e-02
1.473853373168747261e-02 -2.150626083917185349e-01 3.339729141193382989e-02
9.937957738204056257e-02 -2.074359006683367534e-01 3.501030980770739043e-02
1.747944183056056311e-01 -1.684011136963424471e-01 3.130060041364893936e-02
2.295018306090052806e-01 -1.039009399409966811e-01 2.283293285640447534e-02
2.551731066929743275e-01 -2.375494616101974515e-02 1.089643276196690727e-02
2.479000274844258278e-01 5.983536661582952720e-02 -2.691675934928435595e-03
2.087898533622339070e-01 1.341441310173483170e-01 -1.586272686169131613e-02
1.437967538018909974e-01 1.878585112740319973e-01 -2.661154691059606711e-02
6.281533904754497966e-02 2.128009799138698699e-01 -3.330172566749329405e-02
-2.182570460280801317e-02 2.051742721904881162e-01 -3.491474406326686153e-02
-1.828313831236999532e-01 1.753163833736574029e-01 -2.858499655916335591e-02
-1.828313831236999532e-01 1.753163833736574029e-01 -2.858499655916335591e-02
-2.362233572643385737e-01 1.091651945733163320e-01 -2.398871365762512628e-02
-2.602334402535568803e-01 2.786625769022149299e-02 -1.612695333481075841e-02
-2.512063146081907616e-01 -5.620340111187399623e-02 -6.196597332833978997e-03
-2.105162783766493795e-01 -1.302449383737058208e-01 4.290547665905584604e-03
-1.443580207190879316e-01 -1.829862012353667411e-01 1.373790890155597057e-02
-6.280353663777114848e-02 -2.063978105269073104e-01 2.070721126653227509e-02
2.173124295915976334e-02 -1.969155609604572033e-01 2.413744165265011704e-02
9.637666418775729660e-02 -1.559830390757020457e-01 2.350637857873894010e-02
1.497686383283959310e-01 -8.983185027536096101e-02 1.891009567720070353e-02
1.647515956722480635e-01 7.553674540982932561e-02 1.117979352409577062e-03
1.240615594407066952e-01 1.495782826716611780e-01 -9.369165646329984803e-03
5.790330178314515019e-02 2.023195455333222093e-01 -1.881652688198039505e-02
-2.365118229817156359e-02 2.257311548248627786e-01 -2.578582924695668743e-02
-1.081859618951023366e-01 2.162489052584126159e-01 -2.921605963307452938e-02
2.446407451737023231e-01 -1.462142461151579031e-01 -1.334936395299726047e-02
2.446407451737023231e-01 -1.462142461151579031e-01 -1.334936395299726047e-02
1.761841664082429426e-01 -1.965619216875482411e-01 -1.372198825317697685e-02
9.370642568452880461e-02 -2.169437159109455227e-01 -1.189573251255006403e-02
9.764011365163929868e-03 -2.042566853762622925e-01 -8.148627612577456075e-03
-6.286360490960909986e-02 -1.604323154741858770e-01 -3.051136306689469693e-03
-1.131195269329370312e-01 -9.214246925340498218e-02 2.620694562666192520e-03
-1.204829383434260215e-01 7.410573941108225537e-02 1.227745539986155668e-02
-7.646941509283075589e-02 1.467543191293847471e-01 1.479223106899324111e-02
-8.012836327371389289e-03 1.971019947017750851e-01 1.516485536917295748e-02
7.446490439634276259e-02 2.174837889251723944e-01 1.333859962854604467e-02
1.584073187157075402e-01 2.047967583904892197e-01 9.591494728573440182e-03
2.310349349904806393e-01 1.609723884884128042e-01 4.494003422685455967e-03
2.812908570138086262e-01 9.268254226763175674e-02 -1.177827446670216219e-03
3.015240762287074161e-01 1.032372976626283814e-02 -6.560513044909017065e-03
2.886542684242976442e-01 -7.356566639685528652e-02 -1.083458828386557257e-02
