1.608110188913589866e-01 -3.705736859070960509e-01 9.382457098105971560e-02
1.608110188913589866e-01 -3.705736859070960509e-01 9.382457098105971560e-02
1.641936267765239377e-01 -3.925879685375069372e-01 1.259642785935257032e-02
1.546830502614032210e-01 -3.844439658078330768e-01 -7.069406418341318832e-02
1.337271884068331751e-01 -3.473815283080987637e-01 -1.433666827639170083e-01
1.045163812148113824e-01 -2.870430761758059335e-01 -1.943576804822051418e-01
7.149770928369654499e-02 -2.126145917786655959e-01 -2.159041401702135043e-01
3.969796609999447917e-02 -1.354271371702511773e-01 -2.047258086595863669e-01
1.395837429803403751e-02 -6.723180260867531177e-02 -1.625244855909891706e-01
-1.802446600316989778e-03 -1.841070958869073237e-02 -9.572493984566957104e-02
4.325522029638775856e-03 -4.540429687953678739e-03 6.879369531880330513e-02
2.528138388420878013e-02 -4.160286718768793635e-02 1.414663138993070834e-01
5.449219107623057973e-02 -1.019413193199807666e-01 1.924573116175952447e-01
8.751086300734547962e-02 -1.763698037171212152e-01 2.140037713056036350e-01
1.193106061910475107e-01 -2.535572583255355505e-01 2.028254397949764976e-01
1.450501979930079455e-01 -3.217525928871113883e-01 1.606241167263793568e-01
-5.632598144666735307e-02 -1.515410175068548360e-01 -6.670729561962133319e-03
-2.536648542539656770e-01 -1.393052063042037048e-02 -1.678581087201904548e-02
-2.686943076954223519e-01 6.926155826646637759e-02 -1.510497908652834974e-02
-2.508284034435146470e-01 1.518053636926647298e-01 -1.098656817339158792e-02
-2.027870634657701343e-01 2.211343495334953668e-01 -5.057568860645941800e-03
-1.318841462779691276e-01 2.666938061635135138e-01 1.779382452855667604e-03
-4.891397828540942905e-02 2.815477193083016916e-01 8.483421906750616970e-03
3.349198456148742842e-02 2.634347153426239152e-01 1.403392026645237933e-02
1.027881814311949471e-01 2.151123349254646655e-01 1.758586447208928399e-02
1.634543479633455698e-01 6.074514353498049191e-02 1.691767143131683165e-02
1.455884437114378649e-01 -2.179866189121772158e-02 1.279926051818007331e-02
2.052246676548760973e-01 -2.831354266017199750e-01 3.664183516180662126e-03
2.052246676548760973e-01 -2.831354266017199750e-01 3.664183516180662126e-03
1.342839148812571270e-01 -3.290055367019887322e-01 7.376991448915692223e-03
5.114540221007873866e-02 -3.442435464567314973e-01 9.873612562053579386e-03
-3.153378545696619573e-02 -3.265296070136911588e-01 1.077395892304582568e-02
-1.011664912862726695e-01 -2.785605050758095391e-01 9.940960960091440798e-03
-1.471517670373789777e-01 -2.076391015721373856e-01 7.501435061904907289e-03
-1.624887713347418494e-01 -1.245625372819850335e-01 3.826776932127783429e-03
-1.448425843043780747e-01 -4.197846602759748580e-02 -5.235800398402661211e-04
1.398587751532655576e-01 7.093461638098608191e-02 -1.199710884796641348e-02
2.094914809825720592e-01 2.296551444310448997e-02 -1.116411088501203033e-02
2.554767567336784229e-01 -4.795588906056774681e-02 -8.724584986825496824e-03
2.708137610310413224e-01 -1.310324533507200295e-01 -5.049926857048372963e-03
2.531675740006775754e-01 -2.136165246051074940e-01 -6.995698850803312198e-04
1.879358133483584048e-01 -3.784465201564285453e-01 6.745078714107641260e-02
1.879358133483584048e-01 -3.784465201564285453e-01 6.745078714107641260e-02
1.632627169317721338e-01 -4.034726583711669701e-01 -9.052217527967008209e-03
1.263012830419707744e-01 -3.980532405901492932e-01 -8.449929381221851776e-02
8.267855493244410936e-02 -3.630133240433909281e-01 -1.474043082768505264e-01
3.903569751685251332e-02 -3.036874183875014066e-01 -1.881905427049987700e-01
2.016940213232162882e-03 -2.291073549679158994e-01 -2.006486626331136225e-01
-2.274194675481133743e-02 -1.506272723703078742e-01 -1.828820322352778804e-01
-3.147164728626265784e-02 -8.019505174644282752e-02 -1.375954599346563834e-01
-2.284314361014067041e-02 -2.853336021663435695e-02 -7.168341584021867274e-02
3.879138669624698776e-02 -8.926639782913609045e-03 8.026666511307632701e-02
8.241411480577361115e-02 -4.396655632967191862e-02 1.431716795777082107e-01
1.260569722213652211e-01 -1.032924619855615234e-01 1.839579140058565376e-01
1.630757295249856687e-01 -1.778725254051471416e-01 1.964160339339713901e-01
1.878346164930291273e-01 -2.563526080027550558e-01 1.786494035361356203e-01
1.965643170244804061e-01 -3.267848286266200608e-01 1.333628312355142065e-01
2.488319231374326035e-01 -3.322349379839792394e-01 -3.897735301852400802e-02
2.488319231374326035e-01 -3.322349379839792394e-01 -3.897735301852400802e-02
1.873292308397753736e-01 -3.884171105926676471e-01 -2.491263296290729609e-02
1.095325159973751517e-01 -4.161790876681505935e-01 -7.198858161181626893e-03
2.728562321601114837e-02 -4.112943598636347731e-01 1.146720974885867203e-02
-4.689010364829360178e-02 -3.745065827071898390e-01 2.824383113623692501e-02
-1.017020825850871446e-01 -3.114163617888541791e-01 4.057691747517638142e-02
-1.288056866730689920e-01 -2.316286113291676774e-01 4.658886817027956678e-02
-1.240746378846268594e-01 -1.472902930578584568e-01 4.536441822668580565e-02
-8.822919551073693523e-02 -7.124115140297451743e-02 3.708997904864085038e-02
1.333171044106844505e-01 7.818270476681071779e-03 -1.335458371874181926e-02
2.074928312749892423e-01 -2.896950667976386229e-02 -3.013120510612008265e-02
2.623048102117828684e-01 -9.205972759809959161e-02 -4.246429144505955294e-02
2.894084142997647158e-01 -1.718474780577860517e-01 -4.847624214016272443e-02
2.846773655113225554e-01 -2.561857963290951612e-01 -4.725179219656899798e-02
2.380151658898991829e-01 -3.025032926156342450e-01 -4.206573386688354510e-02
2.380151658898991829e-01 -3.025032926156342450e-01 -4.206573386688354510e-02
1.795351670367797692e-01 -3.593785495695585031e-01 -1.972306291889589988e-02
1.041045428156442965e-01 -3.880918423303675313e-01 5.568592087602496250e-03
2.320692198384942395e-02 -3.842718323618752319e-01 2.995880594729581625e-02
-5.084176602572315629e-02 -3.485000815533079721e-01 4.973438969788494812e-02
-1.067682797166443071e-01 -2.862225146935415410e-01 6.188468997945579392e-02
-1.360583143545803231e-01 -2.069203267894259290e-01 6.455993371688552307e-02
-1.342527276807307102e-01 -1.226665570732392851e-01 5.735283930229534421e-02
-1.016264038985050105e-01 -4.628807822194661026e-02 4.136062152783304136e-02
1.131818400075447067e-01 3.548046152429448763e-02 -3.066391828634630959e-02
1.872305280171173147e-01 -2.912892842727998755e-04 -5.043950203693545881e-02
2.431570417080385349e-01 -6.256885614403932816e-02 -6.258980231850633236e-02
2.724470763459744815e-01 -1.418710440481548707e-01 -6.526504605593608233e-02
2.706414896721249241e-01 -2.261248137643414036e-01 -5.805795164134587572e-02
1.002465960676871687e-01 -3.326836629572559323e-01 1.330888020792594939e-01
1.002465960676871687e-01 -3.326836629572559323e-01 1.330888020792594939e-01
1.296486406361014310e-01 -3.644684238036929314e-01 6.072323601905426499e-02
1.498136504081600817e-01 -3.661354929472002140e-01 -2.114323855659659690e-02
1.576716854423358960e-01 -3.374310742226981907e-01 -1.000471930149902378e-01
1.520264311379406486e-01 -2.827251551747885783e-01 -1.639762155559646439e-01
1.337373262884608005e-01 -2.103462160681245363e-01 -2.031976920156887967e-01
1.055887213160813243e-01 -1.313132942649788970e-01 -2.117405081467391703e-01
7.186598616010751728e-02 -5.765843567466025221e-02 -1.883040976339844796e-01
3.770310155068096192e-02 -5.949248345889501799e-04 -1.364564415264012398e-01
8.301056982266685758e-03 3.118983601184804888e-02 -6.409087546619600395e-02
-1.972198782396775152e-02 4.152486430853308264e-03 9.667955356784847798e-02
-1.407673351957253183e-02 -5.055343261705627644e-02 1.606085761088228703e-01
4.212371329907357853e-03 -1.229323717237204017e-01 1.998300525685470230e-01
3.236097630228679939e-02 -2.019652935268659855e-01 2.083728686995974522e-01
6.608371145826057169e-02 -2.756201521171845470e-01 1.849364581868427893e-01
-9.503994426037915000e-02 8.819347279659671412e-02 -1.404920461217427918e-01
-8.658997636142520826e-02 1.674200598492672082e-02 -1.847719409548292391e-01
-6.262396443715970151e-02 -6.261567511354541871e-02 -2.010634073277770273e-01
-2.679051655061279874e-02 -1.377980829307478561e-01 -1.868862171678151995e-01
1.545504968850257808e-02 -1.973593774067354811e-01 -1.443987191602492115e-01
5.768122977729275846e-02 -2.322318913820181630e-01 -8.006924972660238449e-02
1.173428592607441423e-01 -2.112413751246730587e-01 7.310703053331210621e-02
1.256953664005678872e-01 -1.585739607127223949e-01 1.386341412364460457e-01
1.172453985016139733e-01 -8.712249390105236690e-02 1.829140360695325207e-01
9.327938657734846650e-02 -7.764812802580293299e-03 1.992055024424802812e-01
5.744593869080157761e-02 6.741759501462217530e-02 1.850283122825184812e-01
1.520037245168613486e-02 1.269788894906099253e-01 1.425408142749523821e-01
-2.702580763710398654e-02 1.618514034658925516e-01 7.821134484130563835e-02
1.671465008568441823e-01 -1.443417351507551016e-01 -2.975699651929400794e-02
1.671465008568441823e-01 -1.443417351507551016e-01 -2.975699651929400794e-02
2.745283747740935934e-02 -2.234337829443936441e-01 1.391258101252912036e-02
-5.447350025319642325e-02 -2.157258127657996072e-01 3.444682743779142048e-02
-1.280310382008526815e-01 -1.764165864051414623e-01 4.984378260699377089e-02
-1.820213080137706718e-01 -1.114905772368051801e-01 5.775939966937124193e-02
-2.082247805359482284e-01 -3.083218160093121468e-02 5.698859768242430651e-02
1.290255561722650490e-01 1.601129128583320682e-01 -4.843908865800646002e-02
1.830158259851830671e-01 9.518690368999571660e-02 -5.635470572038398657e-02
2.092192985073606515e-01 1.452850805412181021e-02 -5.558390373343702340e-02
2.036467325823662355e-01 -6.958276448390519897e-02 -4.624403031234087386e-02
-2.699006835740997562e-02 1.661804579825520989e-01 -1.804579986238983857e-01
-2.699006835740997562e-02 1.661804579825520989e-01 -1.804579986238983857e-01
-5.222138473925412583e-02 9.469897487148329351e-02 -2.191030158351638946e-01
-8.020249332938518549e-02 1.462471119805891853e-02 -2.257984597042397013e-01
-1.066735239943366609e-01 -6.185175226844991103e-02 -1.995250095964088144e-01
-1.276045022758602321e-01 -1.230875672261348974e-01 -1.442825601211701614e-01
-1.398088764703845355e-01 -1.597601359517333841e-01 -6.848127343707739734e-02
-1.414286412397208204e-01 -1.662863922944363693e-01 1.633879169859134631e-02
-1.322172020809418147e-01 -1.416727728867283875e-01 9.726454926473557250e-02
-1.135769171040677539e-01 -8.966647816041736774e-02 1.619757862657289771e-01
-8.834560072222361060e-02 -1.818499504934857625e-02 2.006208034769945137e-01
-6.036449213209255787e-02 6.188926862407580914e-02 2.073162473460703481e-01
-2.002247262052715415e-01 2.263754792762509571e-01 -1.458593074749336450e-02
-2.002247262052715415e-01 2.263754792762509571e-01 -1.458593074749336450e-02
-2.503895350017550925e-01 1.584070236945325505e-01 -1.819535170405273822e-02
-2.708544210714899925e-01 7.637084301103494455e-02 -1.890275004355480154e-02
-2.585037910250134185e-01 -7.243797925009134997e-03 -1.660043078139227662e-02
-2.152179163281611740e-01 -7.970732799969447446e-02 -1.163890115465331110e-02
-1.475866790160978159e-01 -1.299878316426861247e-01 -4.773509072630865296e-03
-6.590632189089203063e-02 -1.504305579682391758e-01 2.950551755121351774e-03
1.397804640349998295e-01 -2.640168237213863511e-02 1.992872599538619144e-02
1.602453501047347850e-01 5.563449831135896390e-02 2.063612433488824782e-02
1.046088453614059804e-01 2.117126693220883760e-01 1.337227544598676605e-02
3.697760804934248358e-02 2.619931729650800678e-01 6.506883363964307242e-03
-4.470274907586319069e-02 2.824358992906331189e-01 -1.217177463787898553e-03
-1.279971320761798537e-01 2.699286285294577037e-01 -8.623988795030373966e-03
-8.850232431405030686e-02 2.683952743746545466e-01 -6.936431770727401191e-02
-8.850232431405030686e-02 2.683952743746545466e-01 -6.936431770727401191e-02
-1.525113779621345977e-01 2.176251144366906642e-01 -4.813287723223060727e-02
-1.905923453842792159e-01 1.478921906780408801e-01 -1.962495871896536778e-02
1.240986828189479529e-01 -8.226022366932184138e-02 6.869017320370414403e-02
1.881077364670322716e-01 -3.149006373135798675e-02 4.745873272866068387e-02
2.261887038891768620e-01 3.824286002729185979e-02 1.895081421539546174e-02
2.325441030001895726e-01 1.163223420949011239e-01 -1.249351016737172693e-02
2.062063818972550977e-01 1.908614891189439611e-01 -4.208712707587501656e-02
1.511852198662587410e-01 2.505123916640601411e-01 -6.532467660260000974e-02
7.585709005834423424e-02 2.861937405545337265e-01 -7.866845248101378418e-02
-8.309982614430801856e-03 2.924733738740233902e-01 -8.008698579525752592e-02
8.944896755988340775e-02 -3.240015155290160709e-01 1.389290242950840804e-01
8.944896755988340775e-02 -3.240015155290160709e-01 1.389290242950840804e-01
1.221814439326901203e-01 -3.578541990984608345e-01 6.896575470037280553e-02
1.464822975942196293e-01 -3.617535777472882241e-01 -1.169738213551744892e-02
1.586519438622910894e-01 -3.351060064241697667e-01 -9.078015484247863032e-02
1.568376644107087325e-01 -2.819683363022146283e-01 -1.562429281629957034e-01
1.413156668394918158e-01 -2.104302959633113368e-01 -1.981195882805377451e-01
1.144490345715996893e-01 -1.313829035551074276e-01 -2.100347933050783489e-01
8.032796882319101495e-02 -5.686040800535525908e-02 -1.901745612832336785e-01
4.414709254622972701e-02 1.791816286599662300e-03 -1.415624325068779721e-01
1.141461617342302143e-02 3.564449985604442595e-02 -7.159916291216666950e-02
-2.505588375617795460e-02 1.289630718175338586e-02 8.814674663068472471e-02
-2.324160430459563942e-02 -4.024136294020176641e-02 1.536095199512018117e-01
-7.719606733378653329e-03 -1.117794032791051551e-01 1.954861800687439366e-01
1.914702553451342465e-02 -1.908267956873089533e-01 2.074013850932844572e-01
5.326809128292207124e-02 -2.653492912370610246e-01 1.875411530714398423e-01
-4.225952624562546306e-02 3.643503863949917876e-02 -7.655114783232218334e-02
-4.225952624562546306e-02 3.643503863949917876e-02 -7.655114783232218334e-02
-4.569378630220156251e-02 -1.453495547198263571e-02 -1.436057362472439314e-01
-3.333565352406783061e-02 -8.451234997045382891e-02 -1.889543093537772445e-01
-7.066541599942542662e-03 -1.628437208901828137e-01 -2.056929579822913967e-01
2.911431530981881122e-02 -2.376038270842865119e-01 -1.912733746153226777e-01
6.969870972098962669e-02 -2.974111200867628479e-01 -1.478908101066435110e-01
1.085080354829206506e-01 -3.331604816924459422e-01 -8.214986663877357764e-02
1.396339245557720321e-01 -3.394093956656404898e-01 -4.059006911559590383e-03
1.583377424850891391e-01 -3.152065215004739018e-01 7.449314357693632982e-02
1.617720025416652385e-01 -2.642365273889920041e-01 1.415477319918580223e-01
1.494138697635314927e-01 -1.942591328905208248e-01 1.868963050983913632e-01
1.231447578394062325e-01 -1.159277619707919094e-01 2.036349537269055154e-01
8.696390092964491336e-02 -4.116765577668819731e-02 1.892153703599368797e-01
4.637950651847400074e-02 1.863963722578823590e-02 1.458328058512575742e-01
7.570180756543025413e-03 5.438899883147130243e-02 8.009186238338773800e-02
-5.965301214244402017e-02 9.979140047437953798e-02 -2.165062009872849025e-01
-8.288020468772913651e-02 1.839100053870168505e-02 -2.251813359505293877e-01
-1.042778253785738296e-01 -6.028138912253389742e-02 -2.008177876946612705e-01
-1.205882804347115644e-01 -1.242486103503922246e-01 -1.471246855855215252e-01
-1.293284509284886863e-01 -1.637722335772362758e-01 -7.227631769004402851e-02
-1.291677251320703934e-01 -1.728351454493157746e-01 1.233233048182931502e-02
-1.201305720909784103e-01 -1.500575997896073099e-01 9.382035922523646043e-02
-1.035928164337227009e-01 -9.890727144583597030e-02 1.597819548548135848e-01
-8.207218154399206766e-02 -2.717133422945985227e-02 2.001750623793110140e-01
-5.884498899870695132e-02 5.422906570621806310e-02 2.088501973425555547e-01
2.205500158088749552e-01 -2.982094706658489081e-01 -1.262388333954520860e-02
2.205500158088749552e-01 -2.982094706658489081e-01 -1.262388333954520860e-02
1.527752838000810409e-01 -3.479298556940821907e-01 -2.997437338003013964e-03
7.111934246438396390e-02 -3.677009886552451423e-01 6.982993256586693571e-03
-1.198643134280784339e-02 -3.545128937817673132e-01 1.579797835902626429e-02
-8.388993691506495265e-02 -3.103733389677579835e-01 2.210551639550821512e-02
-1.336445173359123717e-01 -2.420021713075893588e-01 2.494534187795284519e-02
-1.536754887626707311e-01 -1.598082812913438067e-01 2.388511711974005552e-02
-1.409333173768241854e-01 -7.630494358452633019e-02 1.908625172934640124e-02
5.207279008069433390e-02 6.528673359603762161e-02 -8.327547135495706049e-03
1.351785638878860718e-01 5.209863872255982020e-02 -1.714253223793526376e-02
2.070820694601432366e-01 7.959083908550546038e-03 -2.345007027441722153e-02
2.568366498809906973e-01 -6.041208375161821742e-02 -2.628989575686185159e-02
2.768676213077490011e-01 -1.426059737678636585e-01 -2.522967099864906887e-02
2.641254499219025109e-01 -2.261093114746810517e-01 -2.043080560825541458e-02
