-5.895919225499829386e-02 -1.225734947245910589e-01 1.665150209349783306e-01
-5.895919225499829386e-02 -1.225734947245910589e-01 1.665150209349783306e-01
-6.807113790074728610e-02 -1.788377227841016770e-01 1.055555651257830269e-01
-6.715088962153009655e-02 -2.090847037567460653e-01 2.778012266299774435e-02
-5.633854687578614129e-02 -2.087096089790044795e-01 -5.497070037456004699e-02
-3.728019083242387760e-02 -1.777695432305453627e-01 -1.300988413175010461e-01
-1.287728343461746160e-02 -1.209748510491772677e-01 -1.861667217455559575e-01
1.315505387922351332e-02 -4.697200947434675838e-02 -2.146385151201551933e-01
3.685363373679215876e-02 3.297271970160765148e-02 -2.111796489974656910e-01
5.461056218293499492e-02 1.066884761624214417e-01 -1.763167043899674380e-01
6.372250782868399410e-02 1.629527042219320876e-01 -1.153572485807721620e-01
6.280225954946683231e-02 1.931996851945765314e-01 -3.758180611798686566e-02
8.528653362554145315e-03 1.050898324870076089e-01 1.763650382905668779e-01
-1.750368395128680532e-02 3.108699091217716898e-02 2.048368316651661136e-01
-4.120226380885542994e-02 -4.885773826377715068e-02 2.013779655424766390e-01
-1.494529152183969312e-01 1.575419101358969676e-01 -3.075852585897240025e-03
-1.494529152183969312e-01 1.575419101358969676e-01 -3.075852585897240025e-03
-1.968874438377827829e-01 8.751120448199524449e-02 -1.909652158593966916e-03
-2.139080584755015668e-01 4.659780633161958278e-03 -6.311738683421340467e-04
-1.979235248452165252e-01 -7.839898317964551222e-02 5.649455546019766135e-04
-1.513673432919803163e-01 -1.490201430954961326e-01 1.496607770944695728e-03
-8.132727042443649301e-02 -1.964522676996104111e-01 2.021975653786865432e-03
1.533727578173025652e-03 -2.134742459942922388e-01 2.061066705437481720e-03
8.460081490676824023e-02 -1.974946360887937236e-01 1.607929667644004013e-03
1.552277805205923844e-01 -1.509461887357025911e-01 7.315505467130147856e-04
2.026623091399782361e-01 -8.091548308180095128e-02 -4.346498805902587574e-04
2.196829237776970478e-01 1.935940767032371789e-03 -1.713128170842092169e-03
2.036983901474120062e-01 8.499470457983979155e-02 -2.909247593786201853e-03
1.571422085941757973e-01 1.556158644956904535e-01 -3.840909810128920968e-03
8.710213572663183523e-02 2.030479890998048154e-01 -4.366277692971091105e-03
4.241137724022461634e-03 2.200699673944865875e-01 -4.405368744621706092e-03
-7.882594960457271760e-02 2.040903574889881555e-01 -3.952231706828231855e-03
-1.438232636455996361e-01 1.764618126175616641e-01 -4.081966465441084352e-02
-1.438232636455996361e-01 1.764618126175616641e-01 -4.081966465441084352e-02
-1.977710364608401550e-01 1.116589320554692566e-01 -4.868964835885734865e-02
-2.235800652263050525e-01 3.100641919165487981e-02 -4.957189963458996651e-02
-2.173211592718806706e-01 -5.321711200721545437e-02 -4.333210372250618364e-02
-1.799471802920043773e-01 -1.281893924043252531e-01 -3.092021298632990564e-02
-1.171479777903991493e-01 -1.824965719346287596e-01 -1.422582527657431997e-02
-3.848416107174625761e-02 -2.078708748104455828e-01 4.209490212951754948e-03
4.406841685781383300e-02 -2.004492934375610158e-01 2.157912381551904332e-02
1.179418743494879268e-01 -1.613616963031940521e-01 3.523870627125735150e-02
1.718896471647284319e-01 -9.655881574110164456e-02 4.310868997570384969e-02
1.540657909958926819e-01 1.432895087186928373e-01 2.533925460317643097e-02
9.126658849428745390e-02 1.975966882489963994e-01 8.644866893420803666e-03
1.260277177563458827e-02 2.229709911248132503e-01 -9.790448596105252171e-03
-6.994980615392540346e-02 2.155494097519286834e-01 -2.716008219867251453e-02
-5.999912840355127452e-02 -1.281704153355916476e-01 1.636631856621393322e-01
-5.999912840355127452e-02 -1.281704153355916476e-01 1.636631856621393322e-01
-7.597109783365817159e-02 -1.820077080092326327e-01 1.019144379758290808e-01
-8.095615407160292043e-02 -2.101228590940570906e-01 2.348514992274789576e-02
-7.419536749480566684e-02 -2.082355917018795521e-01 -5.968453035428920861e-02
-5.671800657290089476e-02 -1.766332251850377122e-01 -1.349327729681324972e-01
-3.118484107357735735e-02 -1.201269333695548225e-01 -1.908037151078422755e-01
-1.483063985385388913e-03 -4.731928695352727310e-02 -2.187915123039994025e-01
2.786549837727752416e-02 3.070540989916301436e-02 -2.146352761435022793e-01
5.239279344007630873e-02 1.020686043883321792e-01 -1.789677559054120570e-01
6.836476287018321274e-02 1.559058970619732198e-01 -1.172190082191018334e-01
7.334981910812794770e-02 1.840210481467976222e-01 -3.878972016602067613e-02
6.658903253133072186e-02 1.821337807546201670e-01 4.437996011101637273e-02
4.911167160942594284e-02 1.505314142377782993e-01 1.196282027248597446e-01
2.357850611010234299e-02 9.402512242229528472e-02 1.754991448645695507e-01
-6.123270978089577314e-03 2.121747600626784983e-02 2.034869420607266499e-01
-3.547183334075246219e-02 -5.680722084642235437e-02 1.993307059002295822e-01
-3.941890431096860964e-02 1.436760352640396518e-02 -2.037183330829898109e-01
4.258436363448601242e-02 -2.437372412603323185e-03 -2.116961596117875044e-01
1.210600202367609068e-01 -1.991072036781115287e-02 -1.870619898826024752e-01
1.840608581617582673e-01 -3.539228150933276806e-02 -1.335661529273984016e-01
2.219955709394151877e-01 -4.652512849407272610e-02 -5.935290498163553474e-02
2.290889424283610309e-01 -5.161438628811358675e-02 2.427945969971161827e-02
2.042610711209765784e-01 -4.988526152654944312e-02 1.045986717231815327e-01
1.512917753585970582e-01 -4.160099777977339930e-02 1.693768591536712609e-01
7.824515025318296013e-02 -2.802279910619423151e-02 2.087521301706199428e-01
-3.758117692271589066e-03 -1.121782316718696222e-02 2.167299566994176363e-01
-8.223377429454643839e-02 6.255524788020836238e-03 1.920957869702326626e-01
-1.713278713872375680e-01 4.984890820708964831e-02 1.306451455437438181e-01
-1.713278713872375680e-01 4.984890820708964831e-02 1.306451455437438181e-01
4.060320393555218871e-02 -2.705539640944618855e-03 -2.023969600330052243e-01
1.143761234598918153e-01 -2.814179297604225971e-02 -1.710552275990772919e-01
1.706875753780537075e-01 -4.924796971778847704e-02 -1.122734232966692836e-01
2.009646516000804795e-01 -6.281084578522103112e-02 -3.500054397243982512e-02
2.005979417335480297e-01 -6.676559624485099709e-02 4.899931497689254123e-02
1.696432740314027243e-01 -6.051014618910196402e-02 1.269379364869093751e-01
1.128132160465345896e-01 -4.499683118316571279e-02 1.869498719480741644e-01
3.875962894138128279e-02 -2.258741280814527408e-02 2.198988481959740782e-01
-4.124349994473604925e-02 3.306478130245812681e-03 2.207686822800797866e-01
-1.150164194690755787e-01 2.874273146534340323e-02 1.894269498461519374e-01
1.276578302014150235e-01 -4.159067876370402261e-02 -1.631532826180283058e-01
6.003140931334627339e-02 -8.503906964200445492e-03 -2.006256772053783555e-01
-1.246678268601515149e-01 4.103108946275309948e-02 1.764386006887128377e-01
-5.704140597208278568e-02 7.944317663249537975e-03 2.139109952760629152e-01
9.329412253363356111e-02 -5.675759176851603860e-02 1.932906970441375383e-01
1.531160087312454787e-01 -7.852245021406133174e-02 1.383372577072036480e-01
1.898549710517304090e-01 -8.837557362148956708e-02 6.333450953698881170e-02
1.979178355213175589e-01 -8.481691327080591314e-02 -2.029905895919716097e-02
6.692794824583862823e-02 1.259031428184461399e-01 -1.736851260619451109e-01
6.692794824583862823e-02 1.259031428184461399e-01 -1.736851260619451109e-01
4.452724482380591986e-02 5.351754551201021171e-02 -2.082306200942329599e-01
1.629577013937955760e-02 -2.476432642550251487e-02 -2.113594748763642228e-01
-1.346848970569182111e-02 -9.702476761854189613e-02 -1.825953506308986563e-01
-4.023419596368348061e-02 -1.522627809379983044e-01 -1.263173245267726896e-01
-5.992651248854760637e-02 -1.820688795898221524e-01 -5.109321587676263210e-02
-6.954746260066746455e-02 -1.819053552472303104e-01 3.162478668541057053e-02
-6.763234385960276152e-02 -1.517971030090305706e-01 1.092436171102165177e-01
-5.447271573308599957e-02 -9.632783134650269030e-02 1.699465120819284025e-01
-3.207201231105327732e-02 -2.394223404006672398e-02 2.044920061142163070e-01
-3.840537626626911588e-03 5.433963789744603035e-02 2.076208608963475422e-01
2.592372221844444630e-02 1.266000790904853734e-01 1.788567366508820033e-01
5.268942847643610927e-02 1.818380924099417539e-01 1.225787105467560367e-01
7.238174500130027667e-02 2.116441910617656019e-01 4.735460189674585429e-02
8.200269511342012096e-02 2.114806667191737877e-01 -3.536340066542725119e-02
8.008757637235541793e-02 1.813724144809741312e-01 -1.129822310902331012e-01
1.381183489861063096e-01 -1.505413744048318403e-01 -1.132408578373683174e-02
1.381183489861063096e-01 -1.505413744048318403e-01 -1.132408578373683174e-02
6.888105730986698871e-02 -1.992273975214919890e-01 -1.454568872061537226e-02
-1.375705752194992734e-02 -2.177497253202074212e-01 -1.608694827691626444e-02
-9.721509164257668978e-02 -2.032885012989432139e-01 -1.571322165674536586e-02
-1.687873159061111239e-01 -1.580453157236147432e-01 -1.348140535018344660e-02
-2.175775079722586658e-01 -8.890803346756720460e-02 -9.731273158439360943e-03
-2.361578033831407963e-01 -6.402179023259543626e-03 -5.033748712673174162e-03
-2.216995205932481561e-01 7.691147918759549951e-02 -1.039875265876448462e-04
-1.764038020926818606e-01 1.483491919425874994e-01 4.307498947632132369e-03
-1.071665104164425952e-01 1.970352150592476481e-01 7.529101884510674622e-03
-2.452839558462566530e-02 2.155575428579630803e-01 9.070361440811568546e-03
5.892963853600099999e-02 2.010963188366989285e-01 8.696634820640669963e-03
1.834140674866726051e-01 -7.910366164983971549e-02 -6.912599309517045848e-03
1.490394499537786577e-01 -1.535194877294473459e-01 -1.382303381527445751e-02
1.490394499537786577e-01 -1.535194877294473459e-01 -1.382303381527445751e-02
8.042693400997893982e-02 -2.026293715002272511e-01 -2.029575888119285881e-02
-1.905499230362329641e-03 -2.218288465946749999e-01 -2.405139341068069161e-02
-8.542348315176900853e-02 -2.081949669733361152e-01 -2.451817609153520566e-02
-1.574121617946165064e-01 -1.638033672171328448e-01 -2.162504349199185702e-02
-2.069119114145281657e-01 -9.541226597809332466e-02 -1.581244882401880436e-02
-2.263868438482201928e-01 -1.343358845298475539e-02 -7.965306934513045195e-03
-2.128720771733650929e-01 6.965215484355745390e-02 7.217259583665205751e-04
-1.684251121045445831e-01 1.411959126687732380e-01 8.926127844828254942e-03
-9.981259616074485141e-02 1.903057964395531432e-01 1.539885291074665971e-02
-1.748016292040354205e-02 2.095052715340008920e-01 1.915448744023448904e-02
6.603782100100302754e-02 1.958713919126620351e-01 1.962127012108901350e-02
1.380264996438505809e-01 1.514797921564587924e-01 1.672813752154567526e-02
1.875262492637623513e-01 8.308869091741914736e-02 1.091554285357260179e-02
2.070011816974543228e-01 1.110013392310663094e-03 3.068400964066847827e-03
1.934864150225992507e-01 -8.197572990423146466e-02 -5.618631928812707968e-03
2.147044936200698251e-01 4.420810516489699638e-02 -5.802725389703337899e-02
1.857807264794944513e-01 1.234089311194190852e-01 -5.245304567222056069e-02
-1.363662540736791662e-01 1.569852070685292533e-01 -2.021264255779416357e-03
-1.363662540736791662e-01 1.569852070685292533e-01 -2.021264255779416357e-03
-1.838635886960194865e-01 8.699743578924480636e-02 -6.041705063121295162e-03
-2.009560448649418685e-01 4.117489936886389867e-03 -9.076731714890718880e-03
-1.850414510722289130e-01 -7.903691004110442730e-02 -1.066428891594089524e-02
-1.385426599566691175e-01 -1.498062605445914797e-01 -1.056268547365381109e-02
-6.853869095301542980e-02 -1.974165694851786057e-01 -8.787389591080158394e-03
1.431298624548515974e-02 -2.146195989151867822e-01 -5.608673973244544635e-03
9.739895483768502837e-02 -1.987963435497473452e-01 -1.510469257833596882e-03
1.680701292816025039e-01 -1.523557505800813838e-01 2.883310037549615800e-03
2.155674639039428797e-01 -8.236797930079696461e-02 6.903750844891497207e-03
2.326599200728652617e-01 5.119665515614854872e-04 9.938777496660923527e-03
2.167453262801523339e-01 8.366636652955222742e-02 1.152633469771109989e-02
1.702465351645925662e-01 1.544357170330392937e-01 1.142473125542401227e-02
1.002425661609387397e-01 2.020460259736265585e-01 9.649435372850361306e-03
1.739088896243823693e-02 2.192490554036346795e-01 6.470719755014746680e-03
-6.569507962976153803e-02 2.034258000381952702e-01 2.372515039603804131e-03
1.481472888989596448e-01 -1.708063229755829304e-01 3.814818940143119980e-02
1.481472888989596448e-01 -1.708063229755829304e-01 3.814818940143119980e-02
7.370665499953726885e-02 -2.097816820324803488e-01 2.752028245897241224e-02
-9.373938615793699081e-03 -2.171252183220362952e-01 1.278507176391710867e-02
-8.844622469655569197e-02 -1.917189450134882123e-01 -3.814140430430032480e-03
-1.514721644790109067e-01 -1.374307369096214315e-01 -1.975027453971295657e-02
-1.888566299628474110e-01 -6.252548157041773469e-02 -3.259719860720876328e-02
1.223557688761455486e-01 1.877050883399742354e-01 4.896763573969934238e-03
1.853817086586008189e-01 1.334168802361074824e-01 2.083289768325286700e-02
2.227661741424374064e-01 5.851162489690370228e-02 3.367982175074868412e-02
2.288177193487645755e-01 -2.560703157007356706e-02 4.148170804483778534e-02
2.026150513773130879e-01 -1.061327862552469692e-01 4.305079010152053354e-02
1.385479842051086929e-01 -1.563718905024165384e-01 -5.433161112780433150e-03
1.385479842051086929e-01 -1.563718905024165384e-01 -5.433161112780433150e-03
6.862369533186205017e-02 -2.037033950259901360e-01 -1.176796064188958928e-02
-1.418721831323513718e-02 -2.206414754395658318e-01 -1.679401208768806220e-02
-9.727754581051835381e-02 -2.046074625442580730e-01 -1.974614467882286617e-02
-1.679975380142206542e-01 -1.580423894546886254e-01 -2.017492298944228296e-02
-2.155807171896539920e-01 -8.803536643530565642e-02 -1.801506940863958905e-02
-2.327829756499520952e-01 -5.244328125566408323e-03 -1.359540206497052497e-02
-2.169854254833958052e-01 7.772654039450267727e-02 -7.588775247124462248e-03
-1.705931004976944387e-01 1.482456765255170117e-01 -9.096434379107735252e-04
-1.006688116244477543e-01 1.955771810490906093e-01 5.425156091198379132e-03
-1.785789797935056697e-02 2.125152614626663328e-01 1.045120753699686246e-02
6.523242951793256639e-02 1.964812485673585740e-01 1.340334012813165429e-02
1.359524217216348807e-01 1.499161754777891542e-01 1.383211843875108496e-02
1.835356008970683295e-01 7.990915245840608805e-02 1.167226485794838238e-02
2.007378593573664050e-01 -2.881885851333088056e-03 7.252597514279325239e-03
1.849403091908101426e-01 -8.585275437140203747e-02 1.245970696433265114e-03
1.367699451074731454e-01 -1.543450185117178630e-01 -6.687984250395980976e-03
1.367699451074731454e-01 -1.543450185117178630e-01 -6.687984250395980976e-03
6.693685898743133300e-02 -2.019346175846128133e-01 -1.230188614922168681e-02
-1.587563862107566059e-02 -2.191642669841520619e-01 -1.656512117765640557e-02
-9.906009565431295183e-02 -2.034109087764164603e-01 -1.882865044894272560e-02
-1.699524325979508699e-01 -1.570728489439859044e-01 -1.874787215047123146e-02
-2.177599337929551904e-01 -8.720463704078977585e-02 -1.633508404592712987e-02
-2.352043405584640923e-01 -4.443074972171423206e-03 -1.195761125224860909e-02
-2.196299000983699123e-01 7.861213967235038125e-02 -6.281884320383540610e-03
-1.734076797900676870e-01 1.493166033605426990e-01 -1.719812251156239286e-04
-1.035745936700259162e-01 1.969062024334376493e-01 5.441920673710080175e-03
-2.076209606151886017e-02 2.141358518329768978e-01 9.705155702144802402e-03
6.242236097171832698e-02 1.983824936252413518e-01 1.196868497343112070e-02
1.333146979153562728e-01 1.520444337928108791e-01 1.188790667495963523e-02
1.811221991103607043e-01 8.217622188961454244e-02 9.475118570415521496e-03
1.985666058758696062e-01 -5.853401790037169629e-04 5.097645776737009388e-03
1.829921654157754263e-01 -8.364055482352537874e-02 -5.780811551280543199e-04
