-1.321911292403167015e-01 1.132323865904337999e-03 1.155393793222953269e-01
-1.321911292403167015e-01 1.132323865904337999e-03 1.155393793222953269e-01
-1.759502101861741830e-01 4.784594892713336066e-04 4.813510530100625906e-02
-1.905845822077798235e-01 -6.676714863543807034e-04 -3.087845302606896658e-02
-1.738662948257568563e-01 -2.131581009636959213e-03 -1.094721976633229593e-01
-1.283405557423657750e-01 -3.690402126029501684e-03 -1.756809434438031392e-01
-6.093824604120050281e-02 -5.106818451309851417e-03 -2.194250090062064007e-01
1.807924362919556896e-02 -6.165193439800039504e-03 -2.340447569095986668e-01
9.668221676183226532e-02 -6.704399093695592726e-03 -2.173144630640332087e-01
1.629040832349913093e-01 -6.642346240102340281e-03 -1.717811630470060247e-01
2.066631641808487907e-01 -5.988481863469336322e-03 -1.043768890257169429e-01
2.212975362024544312e-01 -4.842350887843622012e-03 -2.536333069864172424e-02
2.045792488204315196e-01 -3.378441364561043936e-03 5.323041393861220605e-02
1.590535097370404660e-01 -1.819620248168501032e-03 1.194391597190923859e-01
9.165120003587506892e-02 -4.032039228881491300e-04 1.631832252814957585e-01
1.622558391985515491e-01 -2.598191060887466985e-02 -1.000077714574020143e-01
1.622558391985515491e-01 -2.598191060887466985e-02 -1.000077714574020143e-01
1.006255378157966118e-01 -1.579227741924482675e-02 -1.504353546145804077e-01
-1.232688891334490430e-02 1.099952774699223569e-04 2.367110356386712411e-01
6.649939552262376652e-02 -1.250061477577376831e-02 2.281990903705589657e-01
1.361368206662899039e-01 -2.346258109169177541e-02 1.897864865797257994e-01
1.859837198043612361e-01 -3.110704366915767113e-02 1.273211949822053990e-01
2.084513544063320845e-01 -3.427020237797809982e-02 5.031298997444231397e-02
2.001192307736674170e-01 -3.247049497884026137e-02 -2.951432731224862965e-02
9.976229420421901806e-03 3.832825670859364015e-02 -2.440626854894191733e-01
1.817824554924823109e-03 1.197950891965166575e-01 -2.255085565648818346e-01
-6.342909516982761162e-03 1.878685119782814161e-01 -1.770619715882734146e-01
-1.326357501009150196e-02 2.321849635224783603e-01 -1.060984839528959917e-01
-1.789056333906452467e-02 2.459976658111371894e-01 -2.342164136561854237e-02
-1.951945747456931834e-02 2.272037601332676515e-01 5.838175635709021150e-02
-1.790227305043739364e-02 1.786644482611461360e-01 1.268578834615950446e-01
-1.328521173542951753e-02 1.077694004173451875e-01 1.715818703338728990e-01
1.340129274271412152e-01 -9.909253140326246961e-03 -1.282377840425840687e-01
1.340129274271412152e-01 -9.909253140326246961e-03 -1.282377840425840687e-01
-8.871414320928569519e-02 -5.530328072650384126e-04 -1.798966202274938919e-01
-1.567958385918304665e-01 3.173196428703652094e-03 -1.373775330934902117e-01
-2.034211847175386167e-01 6.263667258233602576e-03 -7.200627878473965515e-02
-2.214918952985861778e-01 8.247883512716712093e-03 6.264961822146453661e-03
-2.082568684604080567e-01 8.823766254373067996e-03 8.552010187533272412e-02
-1.657310170632997626e-01 7.903642556175542039e-03 1.536932647513551686e-01
-1.003885164846682332e-01 5.627592910232609609e-03 2.004057043935997262e-01
-2.217717010636724440e-02 2.342125242697661903e-03 2.185458753158544820e-01
5.699605357312712700e-02 -1.452577776885664125e-03 2.053521009362650751e-01
1.250777489556719191e-01 -5.178807012854356150e-03 1.628330138022613671e-01
1.717030950813801249e-01 -8.269277842384311836e-03 9.746175949351067180e-02
1.897738056624276581e-01 -1.025349409686741702e-02 1.919051888662464886e-02
1.765387788242495370e-01 -1.082937683852377292e-02 -6.006462116656155481e-02
3.301013722749218757e-03 1.836332116002065418e-01 -1.371851595461844875e-01
3.301013722749218757e-03 1.836332116002065418e-01 -1.371851595461844875e-01
-1.158108135924850422e-02 -1.646860310208098366e-01 1.010963648350470118e-01
2.417966831178438095e-02 1.854564105503972993e-01 1.665441902456132606e-01
2.350640806317433329e-02 2.315196564926248757e-01 9.630610875153491901e-02
1.930215257135642695e-02 2.473484315931042121e-01 1.392019907856225855e-02
1.220696162328900602e-02 2.305329483309909999e-01 -6.807103085572589751e-02
1.182359036544887269e-02 -1.166836908415892077e-01 -1.282985861603061495e-01
4.263631338511257585e-03 -1.828928248110096577e-01 -7.705477508521722807e-02
-4.475677300451607124e-03 -2.242763946389165208e-01 -4.406614697078287124e-03
-1.306385503318771395e-02 -2.345341269620056512e-01 7.858587114223028469e-02
-2.019342965191300507e-02 -2.121043750206617062e-01 1.592878287924314185e-01
-2.477898805068141225e-02 -1.604018652217466534e-01 2.254131167663497859e-01
-2.612242053147083992e-02 -8.729783599772696079e-02 2.668947593971844334e-01
-2.401920167732686517e-02 -3.921713108284350519e-03 2.774175526264177072e-01
-1.878952749306652542e-02 7.703324454309939950e-02 2.553794965742569589e-01
-1.122956846612890684e-02 1.432423785125199744e-01 2.041356854991679959e-01
-2.490259827166033460e-03 1.846259483404268376e-01 1.314875251110290133e-01
6.097917905570064689e-03 1.948836806635159125e-01 4.849503927172051088e-02
1.322749252429534714e-02 1.724539287221720230e-01 -3.220691837848053962e-02
4.034943361651095739e-02 1.201599267746908672e-01 -2.472325638603577180e-01
4.034943361651095739e-02 1.201599267746908672e-01 -2.472325638603577180e-01
4.707618194875354267e-02 4.471368024919122885e-02 -2.830358235591962646e-01
4.700016120568063782e-02 -3.892410446403436752e-02 -2.879321336070815862e-01
4.013294485629530228e-02 -1.180203328208037916e-01 -2.611760751843841266e-01
2.752000433832028220e-02 -1.805333210628943807e-01 -2.068410156416860546e-01
1.108154550902671308e-02 -2.169460334120973943e-01 -1.331989752458218601e-01
-6.679825289825799123e-03 -2.217149644953061161e-01 -5.146128708030336951e-02
1.146372759289792168e-02 2.035295047106212840e-01 -1.085835623763955204e-01
2.784400266441128952e-02 1.759286280008851289e-01 -1.859730762423564832e-01
1.932736323524526789e-02 1.643222419502209375e-01 -1.666712906281416218e-01
1.932736323524526789e-02 1.643222419502209375e-01 -1.666712906281416218e-01
1.343895277899000498e-02 9.225579162944171074e-02 -2.092147271176423295e-01
5.649382839160704134e-03 9.540482929560879094e-03 -2.208633723054221898e-01
-1.692002357528077719e-02 -1.799237276255658546e-01 -7.708655774556291695e-02
-2.033855092080257693e-02 -1.912974377062285347e-01 5.962482090330484263e-03
-2.051591900543851127e-02 -1.701515974160617561e-01 8.714753371228965706e-02
-1.153671468989317557e-02 -4.763901893094450724e-02 1.966523454446975350e-01
-3.747144750063873854e-03 3.507628976893631401e-02 2.083009906324774507e-01
4.757693262627778370e-03 1.158478009145023219e-01 1.872814438839286721e-01
1.268301485729808088e-02 1.823787841294131074e-01 1.367937406488518859e-01
1.882226166437760834e-02 2.245405003240630581e-01 6.452417607261808075e-02
2.224078900989940460e-02 2.359142104047257105e-01 -1.852486376327523721e-02
2.241815709453533201e-02 2.147683701145589596e-01 -9.970991538523431286e-02
2.900135804636097200e-02 1.746451073037177393e-01 -1.622567764636328735e-01
2.900135804636097200e-02 1.746451073037177393e-01 -1.622567764636328735e-01
2.161429677589201542e-02 1.014269426428498350e-01 -2.028348085090874720e-01
1.111678973160890906e-02 1.857956490585721196e-02 -2.122241292066056884e-01
-1.924785077036874487e-02 -2.507271498934392218e-02 2.068935126229499433e-01
-8.750343726085638499e-03 5.777466274764874593e-02 2.162828333204681874e-01
3.259458804657819342e-03 1.376384913136583510e-01 1.930540037082570937e-01
1.495317325568701512e-02 2.023602267769187557e-01 1.407434025249109377e-01
2.455053760561820217e-02 2.420865716171415327e-01 6.731484460381349788e-02
3.059044013249881053e-02 2.507695499526154115e-01 -1.605283774308290806e-02
3.215336042846404785e-02 2.270872570431592130e-01 -9.666767060838586667e-02
-1.119259361510186769e-02 -1.492323263043360826e-01 1.266070626119594200e-01
-1.119259361510186769e-02 -1.492323263043360826e-01 1.266070626119594200e-01
-9.853536688367697458e-03 -1.985443884261818559e-01 5.892587331055558486e-02
-6.871766874916228514e-03 -2.182210008855390015e-01 -2.242617583584351204e-02
-2.701231599034786303e-03 -2.052665778044065470e-01 -1.050639728028604503e-01
2.023142949520104813e-03 -1.616533126647491936e-01 -1.764066621157619752e-01
6.582113572292881166e-03 -9.402092972884688871e-02 -2.255929660497477396e-01
1.028161831913800527e-02 -1.266584620961265159e-02 -2.451347157058240134e-01
1.255844112844234015e-02 7.002636391281867601e-02 -2.320568568452548996e-01
1.306595636693947370e-02 1.414665612540583484e-01 -1.883503749284762829e-01
1.172689944020529999e-02 1.907786233759041494e-01 -1.206691856270724894e-01
8.745129626753833652e-03 2.104552358352612951e-01 -3.931713648067340638e-02
4.574594350872397512e-03 1.975008127541288683e-01 4.332066048634350408e-02
-1.497801976824912184e-04 1.538875476144715704e-01 1.146633497992450151e-01
5.525803806830749051e-04 -1.108689473099061795e-01 -1.934091120326074109e-01
3.321328312889133133e-03 -1.815894729090381243e-01 -1.482442119949724524e-01
5.358043372634003348e-03 -2.296502285309665881e-01 -7.943329380349792301e-02
6.352654154939520528e-03 -2.477343998040875961e-01 2.547804019690985688e-03
6.153740184368864351e-03 -2.330888355854892624e-01 8.521820249151618176e-02
4.791584309781785934e-03 -1.879431902650829378e-01 1.559920828536704718e-01
2.473562415110412520e-03 -1.191704790966066074e-01 2.040947633878390233e-01
-4.474276791023373227e-04 -3.724072392928146763e-02 2.222030470345795761e-01
-3.526691709853711602e-03 4.537301270774698331e-02 2.075601117606758750e-01
-8.332154701804643515e-03 1.641542939288075098e-01 9.358429353156627606e-02
-1.092878330833192517e-02 -1.456184022350140994e-01 1.338995788413498977e-01
-1.092878330833192517e-02 -1.456184022350140994e-01 1.338995788413498977e-01
-8.139061098569842778e-03 -1.948944900014440984e-01 6.621576177388628637e-02
-3.984136130792174935e-03 -2.145043039602365920e-01 -1.511815650998905337e-02
9.034419331455407088e-04 -2.014624276995716501e-01 -9.771982424536139467e-02
5.779583639014269046e-03 -1.577543686552327906e-01 -1.690138863055028751e-01
9.901940614430129739e-03 -9.003428260217868906e-02 -2.181464680240388643e-01
1.264292137914510041e-02 -8.611938757878172951e-03 -2.376375792222847338e-01
1.358523645878382917e-02 7.411684912275906534e-02 -2.245198749076704470e-01
1.258542692457879052e-02 1.455573730232354868e-01 -1.807904066498103313e-01
9.795704714816704656e-03 1.948334607896655135e-01 -1.131065895823467199e-01
5.640779747039041149e-03 2.144432747484580071e-01 -3.177267129847138882e-02
7.532016831013316855e-04 2.014013984877930652e-01 5.082899643690087788e-02
-4.122940022767399362e-03 1.576933394434542057e-01 1.221230584970423860e-01
8.525349886249530135e-03 1.564910237699768947e-01 -1.916072575777745535e-01
8.525349886249530135e-03 1.564910237699768947e-01 -1.916072575777745535e-01
4.250396539615930967e-03 8.594927487733509952e-02 -2.365766957029518669e-01
-4.287743761032312799e-04 3.581598982870593147e-03 -2.510796352507994600e-01
-4.799801505779691807e-03 -7.807227192332562293e-02 -2.329081351446318227e-01
-8.197235592379805563e-03 -1.465812761899682459e-01 -1.848286415505543678e-01
-1.010384809403539266e-02 -1.915155389531310037e-01 -1.141608215265706994e-01
-1.022937454085475970e-02 -2.060342260372287071e-01 -3.166321006594854243e-02
-8.554704669209730813e-03 -1.879269989459336765e-01 5.010467932914255962e-02
-5.334791786138070625e-03 -1.399505188614731388e-01 1.186944267260631458e-01
1.138779369249126421e-02 1.631217810984719740e-01 1.119158106988430157e-01
1.329440619414685477e-02 2.080560438616347874e-01 4.124799067485922233e-02
1.341993264096622181e-02 2.225747309457325185e-01 -4.124962078576284441e-02
1.174526276932119119e-02 2.044675038544374601e-01 -1.230175101808538701e-01
-8.383240194588020833e-02 -3.187548873731699955e-03 -2.358216704536547637e-01
-1.525435045370292508e-01 2.337323541540785830e-03 -1.944477573905433188e-01
-2.001693018259222412e-01 7.185842720610506607e-03 -1.298581621679548714e-01
-2.194591979042527230e-01 1.061986557039991223e-02 -5.188606515238988748e-02
-2.074764809574382585e-01 1.211659324152321478e-02 2.759798870435153234e-02
-1.660454110170317410e-01 1.144816251392200869e-02 9.649327272732288741e-02
-1.014734929078758702e-01 8.716335906533957678e-03 1.443111044613316907e-01
1.244556521665534515e-01 -6.547977068351632478e-03 1.105383117362561951e-01
1.720814494554465113e-01 -1.139649624742136540e-02 4.594871651366769921e-02
1.913713455337769931e-01 -1.483051909721076062e-02 -3.202338050189724311e-02
1.793886285869625841e-01 -1.632724676833405969e-02 -1.115074343586385519e-01
1.175402011092941193e-02 1.499291384685772499e-01 -1.958849127869429774e-01
1.175402011092941193e-02 1.499291384685772499e-01 -1.958849127869429774e-01
7.906459479764369955e-03 7.891528791952424904e-02 -2.401121309351899602e-01
3.082901266903179983e-03 -3.573021440631822272e-03 -2.537587284164920520e-01
-1.982311515410122623e-03 -8.497769227019366656e-02 -2.347471344710351793e-01
-6.518046137336560089e-03 -1.529056013705390737e-01 -1.859716919364868826e-01
-9.833778119224555192e-03 -1.970153403491698707e-01 -1.148580197882444892e-01
-1.142471732401693224e-02 -2.105916013023690636e-01 -3.223252996383468155e-02
-1.104865767968384906e-02 -1.915675215691240718e-01 4.932579571290660048e-02
-8.762850858085861894e-03 -1.428393448351092110e-01 1.174004414857588302e-01
9.509215390180106656e-03 1.599953950040071127e-01 1.074872206353027632e-01
1.282494737206810349e-02 2.041051339826379651e-01 3.637354848706030042e-02
1.441588657686048228e-02 2.176813949358371303e-01 -4.625194133734941010e-02
1.403982693252740430e-02 1.986573152025921662e-01 -1.278102670140905950e-01
7.177235927875677025e-04 1.376296691118421844e-01 -2.116001930313120560e-01
7.177235927875677025e-04 1.376296691118421844e-01 -2.116001930313120560e-01
1.934330439130977405e-03 6.811432645928727769e-02 -2.583103226277603803e-01
3.084239750140423640e-03 -1.398623617280628229e-02 -2.748594775097421561e-01
3.992388257168581062e-03 -9.617295236715586726e-02 -2.587281988649381970e-01
4.520518582407128012e-03 -1.659336396076092346e-01 -2.123723276366148438e-01
4.588227671351816431e-03 -2.126478656440119741e-01 -1.428491250022653203e-01
4.185207428995238454e-03 -2.292038130278352681e-01 -6.074286833356794257e-02
3.372814033848585847e-03 -2.130809888499288485e-01 2.144650908673821632e-02
2.274727015958472650e-03 -1.667339469376137862e-01 9.120641959497303997e-02
-1.528067973661088094e-03 1.368293617818376051e-01 9.197855420027593876e-02
-1.595777062605776512e-03 1.835435878182404279e-01 2.245535156592627646e-02
-1.192756820249198969e-03 2.000995352020637219e-01 -5.965090510277103186e-02
-3.803634251025470123e-04 1.839767110241573300e-01 -1.418402825230770659e-01
2.416357564024296592e-02 9.576460004422113204e-02 -2.351717131054398835e-01
8.817520851447213648e-03 1.359008830042726310e-02 -2.434109152002078558e-01
3.853808947292540477e-02 2.390931634932833283e-01 3.305570248386482946e-02
4.402222469992932152e-02 2.464409376731969137e-01 -5.044262507114055660e-02
4.321622406984330228e-02 2.217825716404936420e-01 -1.307380270357086927e-01
2.160087451556137739e-02 1.714519637557777032e-01 -9.624999989582663784e-02
2.160087451556137739e-02 1.714519637557777032e-01 -9.624999989582663784e-02
-3.479425761348253071e-03 -1.729116719439446059e-01 4.771495292629074347e-04
-1.303527248088553157e-02 -1.824132805486694819e-01 8.352299952282384032e-02
-2.094093652550506682e-02 -1.592296564608507159e-01 1.640104396854107915e-01
-2.599285220943654828e-02 -1.068902962877830154e-01 2.296859868727318954e-01
-2.742191116553112026e-02 -3.336339315833448255e-02 2.705511343758352227e-01
-2.501055212217508095e-02 5.015724844907300251e-02 2.803845339308579376e-01
-1.912588263469523070e-02 1.309563679662130720e-01 2.576891395955368536e-01
-1.066379028789863313e-02 1.967330318924436217e-01 2.059201194231624343e-01
-9.125519325269037304e-04 2.374733394119393215e-01 1.329588374476422530e-01
8.643294787010364147e-03 2.469749480166641975e-01 4.991298745408141030e-02
1.654895883162988898e-02 2.237913239288454315e-01 -3.057445270850546459e-02
1.537422224094403891e-02 1.539525892871952684e-01 -1.967359644116182804e-01
1.537422224094403891e-02 1.539525892871952684e-01 -1.967359644116182804e-01
1.024767972256236323e-02 8.255022633827328871e-02 -2.402370433812072714e-01
3.823358372569751317e-03 1.625417253865203693e-05 -2.530352572463742122e-01
-2.920697120115466061e-03 -8.108427812009627589e-02 -2.331821939622449880e-01
-8.957765441747251103e-03 -1.484045496762338434e-01 -1.837003024453615074e-01
-1.336875766651777001e-02 -1.916956594112333434e-01 -1.121227521247055992e-01
-1.548214021394980419e-02 -2.043669283028281269e-01 -2.934657618448784783e-02
-1.497616974905732756e-02 -1.844892705276114375e-01 5.202630295629719070e-02
-1.192787568848653612e-02 -1.350888792904435531e-01 1.196076020954511682e-01
1.240411199420475043e-02 1.672682596729855309e-01 1.065719401291944507e-01
1.681510421897528321e-02 2.105593694079851141e-01 3.499438980853843140e-02
1.892848676640731392e-02 2.232306382995798699e-01 -4.778178613167922278e-02
1.842251630151484076e-02 2.033529805243632360e-01 -1.291546652724641919e-01
