3.986115322202292421e-02 1.249046823047927912e-01 -1.596509581304371150e-01
3.986115322202292421e-02 1.249046823047927912e-01 -1.596509581304371150e-01
2.052394418419926231e-02 5.361780213252018840e-02 -1.976662740025462162e-01
-2.000601260141550517e-03 -2.604655427708913590e-02 -2.045325939261465886e-01
-2.428332525261153035e-02 -1.019602108198613549e-01 -1.792045829362150788e-01
-4.293188505875315114e-02 -1.625660014461696168e-01 -1.255382011069775261e-01
-5.510720649769688950e-02 -1.986372439260185030e-01 -5.170366858497252999e-02
-5.895570724992731104e-02 -2.046824185784784644e-01 3.105837636502853383e-02
-5.389148796266349933e-02 -1.797812023623570898e-01 1.101481626391939139e-01
5.428282960459063222e-02 1.958173465143395464e-01 6.557769768251500708e-02
5.813133035682103988e-02 2.018625211667995079e-01 -1.718434726748601510e-02
5.306711106955724205e-02 1.769613049506781888e-01 -9.627413354165124948e-02
-1.507912549748243597e-02 -5.720127483179807126e-02 2.430922938867678129e-01
4.770767279330376254e-02 3.314389262296345284e-04 2.453310484121442592e-01
2.771491330563549682e-02 4.404228926801625338e-02 2.470125469848518107e-01
5.285831099725422921e-02 -3.728616559984811174e-02 2.436955339578590340e-01
1.501390036175640208e-01 -1.907786367589676436e-03 -1.649243527258332787e-01
1.501390036175640208e-01 -1.907786367589676436e-03 -1.649243527258332787e-01
8.117723798906957555e-02 -3.709624951876737929e-03 -2.112627278848330237e-01
-2.763434237656332273e-04 -5.111889046012503372e-03 -2.276811469223760653e-01
-8.182117122939167042e-02 -5.901096653220472277e-03 -2.116800543733355633e-01
-1.510427846001067553e-01 -5.957098069488004841e-03 -1.656954715280378465e-01
-1.974028203957072791e-01 -5.271367586842468610e-03 -9.672813427339796433e-02
-2.138433834210841100e-01 -3.948301455104346984e-03 -1.527769451596577496e-02
-1.978615469896984891e-01 -2.189324499206415225e-03 6.625575664126470699e-02
-1.518904008225209767e-01 -2.622250155183233249e-04 1.354594903621804125e-01
1.492913873951498271e-01 3.787086686380004320e-03 1.362306091643850081e-01
1.956514231907504064e-01 3.101356203734468089e-03 6.726327190974501491e-02
2.120919862161271818e-01 1.778290071996348632e-03 -1.418716784768710507e-02
1.961101497847416164e-01 1.931311609841860830e-05 -9.572061900491750375e-02
6.420185583813936558e-03 3.100903263796514486e-02 2.367022152855335904e-01
2.401182111198734564e-02 -2.844942856598445258e-02 2.438676264965567997e-01
-1.274392633371145278e-01 -4.148965339472606567e-02 1.671357488711597838e-01
-1.274392633371145278e-01 -4.148965339472606567e-02 1.671357488711597838e-01
-1.788871519151542799e-01 -5.671198783419485051e-02 1.037090682378545153e-01
-2.032610581718035658e-01 -6.350000308948085259e-02 2.458016034844396139e-02
-1.968502758294978228e-01 -6.082028537147828040e-02 -5.820431587624529113e-02
-1.606307883859665053e-01 -4.908079741105145916e-02 -1.320411743741501387e-01
-1.001166844740159906e-01 -3.006876983145199272e-02 -1.856894227717534318e-01
-2.452068785252280517e-02 -6.678611487214720054e-03 -2.109816015731029171e-01
5.464839627230666519e-02 1.752873804606362024e-02 -2.040672058298649283e-01
1.253377925120017777e-01 3.886792924211136813e-02 -1.659988896147938653e-01
1.767856810900415576e-01 5.409026368158013909e-02 -1.025722089814885551e-01
2.011595873466907880e-01 6.087827893686614117e-02 -2.344330109207794915e-02
1.947488050043851004e-01 5.819856121886358286e-02 5.934117513261124438e-02
1.585293175608537830e-01 4.645907325843676161e-02 1.331780336305160295e-01
3.098657324582954412e-02 -2.180754463902931720e-02 2.172793233413387870e-01
-1.728581484815323310e-01 -6.763006535870812186e-02 1.117337089263198552e-01
-1.973048623700918436e-01 -7.746904704260719476e-02 3.295570034434036621e-02
-1.917742720914695498e-01 -7.568120817419253521e-02 -4.990948064271970991e-02
-1.571083598806598258e-01 -6.253873101438049698e-02 -1.242463614043166908e-01
-9.858469662448186843e-02 -4.004243857390037131e-02 -1.787378257099994927e-01
-2.511297953536022198e-02 -1.161718744741646950e-02 -2.050880420855820119e-01
5.212138848266033991e-02 1.840953555660714697e-02 -1.992854289531880152e-01
1.213601750301256249e-01 4.546643405372974983e-02 -1.622133815614054952e-01
1.720624025063471341e-01 6.543434051916004190e-02 -9.951578306668688867e-02
1.965091163949066744e-01 7.527332220305914257e-02 -2.073777448470737889e-02
1.909785261162843806e-01 7.348548333464446913e-02 6.212740650235260703e-02
1.563126139054747121e-01 6.034300617483243784e-02 1.364642872639495741e-01
3.482313871724836141e-02 -1.573016724248879963e-02 2.228122841403292753e-01
9.867082634111489989e-03 1.455440694784238265e-01 -1.682779900108153370e-01
9.867082634111489989e-03 1.455440694784238265e-01 -1.682779900108153370e-01
5.658700911532522221e-03 7.510778523654075556e-02 -2.121840734938414408e-01
5.514196702601634930e-04 -6.725709397900347074e-03 -2.257457701274559192e-01
-4.677223818341604868e-03 -8.749800668928192637e-02 -2.068984345362770705e-01
-9.231215980904419402e-03 -1.549122565776894223e-01 -1.585114027125393010e-01
-1.241725279271984478e-02 -1.987052506293097431e-01 -8.795116162187097131e-02
-1.375028903068460130e-02 -2.122099024842634130e-01 -5.959868340148028777e-03
-1.302738201157214136e-02 -1.933702513176076276e-01 7.498004598341170834e-02
-1.035858777587389361e-02 -1.450544632376026266e-01 1.425462131151965794e-01
8.739710839142017518e-03 1.554018628185105944e-01 1.327796258169206545e-01
1.192574765095744289e-02 1.991948568701309985e-01 6.221938472625217209e-02
1.325878388892219942e-02 2.126995087250846406e-01 -1.977190855547067763e-02
1.253587686980974121e-02 1.938598575584289108e-01 -1.007118228790303271e-01
2.561614426088164309e-02 2.200901509562044542e-02 2.397824417183204992e-01
4.646944347505720108e-02 8.911249212531517985e-03 2.454586751470533290e-01
6.582798968902774800e-03 -6.621286779644942888e-02 2.406899407556022663e-01
4.690534370427264926e-02 5.494523883496115618e-02 2.440544235402018758e-01
-3.580127053091423928e-02 7.502794379978935946e-02 2.403314748917098898e-01
1.229160868087598654e-02 -3.167934540554045997e-02 2.074180773202717876e-01
-1.433655711940404476e-01 -1.694249429200900270e-02 1.478258789400732631e-01
-1.433655711940404476e-01 -1.694249429200900270e-02 1.478258789400732631e-01
-1.928426507723478844e-01 -1.987785872278333490e-02 8.112787838519702754e-02
-2.131558856467000163e-01 -1.996499864109684691e-02 5.512940598985990176e-04
-2.012127699474094145e-01 -1.719064778431163634e-02 -8.163681950085116545e-02
-1.588315347750796080e-01 -1.197717592082009688e-02 -1.529240670445328742e-01
-9.246433899784441135e-02 -5.118286881598699094e-03 -2.024576113531290633e-01
-1.221498655265988893e-02 2.341815653115072570e-03 -2.226964193283533788e-01
6.969928611288601916e-02 9.267398698408927521e-03 -2.105593159212290066e-01
1.408077735401946917e-01 1.460410501620351340e-02 -1.678940651023743125e-01
1.902848531185021286e-01 1.753946944697784560e-02 -1.011960645474981602e-01
2.105980879928542882e-01 1.762660936529135761e-02 -2.061948022219966398e-02
1.986549722935636864e-01 1.485225850850615051e-02 6.156863333855005366e-02
1.562737371212339632e-01 9.638786645014616253e-03 1.328558808822317694e-01
-8.259239854865287750e-03 1.482412282719234448e-02 -1.931301604372567260e-01
-1.685868556202609059e-02 -2.954541751251408069e-02 2.365909345349611059e-01
6.806519421946698178e-02 8.854455176148895434e-02 2.276777988068468539e-01
-1.458746204252695661e-02 7.645812085183219253e-02 2.444153517311939972e-01
-9.597619401339586853e-02 5.668680306204960939e-02 2.288378558405816110e-01
9.061744878948219811e-03 3.686687353234475995e-02 2.341165099069821010e-01
1.042673642812547152e-02 -2.033706062010929433e-02 -1.941450604691174198e-01
-4.336764754473326072e-02 4.246255315661922464e-02 -1.863910013278597677e-01
4.079680226541293475e-02 1.235313789213385999e-01 -1.793783329938593574e-01
4.079680226541293475e-02 1.235313789213385999e-01 -1.793783329938593574e-01
1.807086801645407456e-02 5.314679445795928575e-02 -2.172627491268812328e-01
-7.500459171292195824e-03 -2.563739992155596517e-02 -2.239593710468150978e-01
-3.202417653814970677e-02 -1.008270248034263961e-01 -1.984486987713799111e-01
-5.176677042306590537e-02 -1.609751413950340770e-01 -1.446145008996906622e-01
-6.372260987412152466e-02 -1.969247441893413608e-01 -7.065254604949310069e-02
-6.607152671484788076e-02 -2.032028320448758529e-01 1.217712862006049834e-02
-5.845591964922855488e-02 -1.788536229966405655e-01 9.126445599340128612e-02
-4.203519581735411237e-02 -1.275840633960996229e-01 1.545691074063459680e-01
3.078578298620849793e-02 9.677434032866533142e-02 1.736394731838666328e-01
5.052837687112471388e-02 1.569224569202730124e-01 1.198052753121773562e-01
6.248421632218036093e-02 1.928720597145803795e-01 4.584332046197968358e-02
6.483313316290671702e-02 1.991501475701148716e-01 -3.698635420757383219e-02
5.721752609728739114e-02 1.748009385218796119e-01 -1.160736815809145228e-01
3.753838670254315557e-02 -2.308683241695971486e-02 2.324041046771600505e-01
5.526840306789070761e-02 1.158930836991686614e-01 -1.657692846900589989e-01
5.526840306789070761e-02 1.158930836991686614e-01 -1.657692846900589989e-01
2.337102794707600351e-02 4.812205767906040793e-02 -2.017152544642517586e-01
-1.202533761645730240e-02 -2.690392988955150194e-02 -2.062612136227295612e-01
-4.553191783451416424e-02 -9.776285251161674628e-02 -1.787150810928365419e-01
-7.204763960680143908e-02 -1.536670815556590575e-01 -1.232705058459356851e-01
-8.753572465910475220e-02 -1.861057049228211635e-01 -4.836842185704146729e-02
-8.963825244205163301e-02 -1.901402362623058340e-01 3.458800757561904943e-02
-7.803513216015017795e-02 -1.651564547507940739e-01 1.129694180728288977e-01
7.282320898091951267e-02 1.546022506099574700e-01 1.323441715715200084e-01
8.831129403322288129e-02 1.870408739771196593e-01 5.744208758262567271e-02
9.041382181616974822e-02 1.910754053166043021e-01 -2.551434185003477462e-02
7.881070153426830704e-02 1.660916238050925697e-01 -1.038957523472445188e-01
5.253037481823100152e-02 1.151908971585322156e-01 -1.924799329435960549e-01
5.253037481823100152e-02 1.151908971585322156e-01 -1.924799329435960549e-01
3.457584075993441752e-02 4.217419926143611136e-02 -2.283674815111450263e-01
1.149612189734857022e-02 -3.775358783576779342e-02 -2.329056567173881376e-01
-1.319510379087028736e-02 -1.124241830947244891e-01 -2.054035625258356090e-01
-3.573882102020911611e-02 -1.704696652778894816e-01 -1.500481434700466077e-01
-5.270295320180663767e-02 -2.030531359064821351e-01 -7.526676030314170818e-02
-6.150486499125576434e-02 -2.052140569471959664e-01 7.555799282644312664e-03
-6.080454510814192748e-02 -1.766234477603803310e-01 8.581055137874776806e-02
-5.070861090625371215e-02 -1.216339694202102223e-01 1.475839193596311383e-01
3.756058493218644712e-02 1.640265930162115027e-01 1.051521298860817466e-01
5.452471711378398256e-02 1.966100636448041561e-01 3.037074671917670832e-02
6.332662890323306759e-02 1.987709846855179319e-01 -5.245181286660920844e-02
6.262630902011924461e-02 1.701803754987023520e-01 -1.307065649627125459e-01
1.134648560672902734e-01 5.721691764547508913e-02 -1.569238935427107462e-01
1.134648560672902734e-01 5.721691764547508913e-02 -1.569238935427107462e-01
4.801541812992384667e-02 2.045386343633279203e-02 -1.924718509778761966e-01
-2.467432913978416867e-02 -1.952127441401117769e-02 -1.965946357922737087e-01
-9.353803065422047758e-02 -5.662264354336894040e-02 -1.686645913710486944e-01
-1.800303548083831973e-01 -1.009081020227503150e-01 -3.788680873750464861e-02
-1.844913051505091273e-01 -1.013501317679689206e-01 4.505119757240901024e-02
1.809447319711408597e-01 9.961845745024010268e-02 6.577783648736637567e-02
1.854056823132667897e-01 1.000604871954587083e-01 -1.716016982254715828e-02
1.737968764527322296e-01 -9.376731048712273753e-02 -1.020656352633324410e-01
1.737968764527322296e-01 -9.376731048712273753e-02 -1.020656352633324410e-01
1.298911356206658152e-01 -7.838807439524410337e-02 -1.709335875960269480e-01
6.621107413446999934e-02 -5.126982686317740900e-02 -2.169388075083856782e-01
-7.548595905776682782e-03 -1.654107525015378194e-02 -2.330774173071090694e-01
-8.015863336952064322e-02 2.051104282766125220e-02 -2.168924599472035752e-01
-1.405648182645355404e-01 5.424567827120711783e-02 -1.708479484697110751e-01
-1.795708565239849952e-01 7.952703863943574869e-02 -1.019537423525438274e-01
-1.912384324134851488e-01 9.250626599238681580e-02 -2.069835994950684419e-02
-1.737912632706984650e-01 9.120739062256240370e-02 6.054780335041314021e-02
-1.298855224386320228e-01 7.582815453068375566e-02 1.294157556831076195e-01
1.405704314465693605e-01 -5.680559813576748635e-02 1.293301165567917466e-01
1.795764697060187876e-01 -8.208695850399612415e-02 6.043591043962452669e-02
1.912440455955189689e-01 -9.506618585694714962e-02 -2.081947196341235942e-02
-1.607047640537191402e-01 1.375104679067152280e-01 5.888662636105476689e-03
-1.607047640537191402e-01 1.375104679067152280e-01 5.888662636105476689e-03
-1.537784379573497451e-01 1.336682786849885951e-01 -7.684028872629658502e-02
-1.234936014415499161e-01 1.093301460252708024e-01 -1.503066060464178233e-01
-7.446084633312359535e-02 6.820132999928210649e-02 -2.033257084860946307e-01
-1.414496511429670471e-02 1.654332001333342142e-02 -2.278259183182467229e-01
4.827149606418911637e-02 -3.777942019324108391e-02 -2.200773006908841312e-01
1.032861967945388620e-01 -8.649674586085667749e-02 -1.812595123963790800e-01
1.425236476000609209e-01 -1.221918857802758995e-01 -1.172822098184427841e-01
1.600103022839917399e-01 -1.394305784760161426e-01 -3.788535731887401892e-02
1.530839761876223171e-01 -1.355883892542895097e-01 4.484359404352803585e-02
1.227991396718224881e-01 -1.112502565945717448e-01 1.183099113636493227e-01
-1.039806585642663178e-01 8.457663529155576287e-02 1.492628177136105239e-01
-1.432181093697883212e-01 1.202717752109749016e-01 8.528551513567433906e-02
5.940292026332007896e-02 -1.715186248871424790e-01 1.133924073014448142e-01
5.940292026332007896e-02 -1.715186248871424790e-01 1.133924073014448142e-01
6.852721583060308874e-02 -1.988123122511729068e-01 3.544921450113544537e-02
6.712454959660926757e-02 -1.958676684224710807e-01 -4.757307794847639298e-02
5.540846478026315025e-02 -1.631329887306941784e-01 -1.230350786208924130e-01
3.516262908828003686e-02 -1.055918314183048323e-01 -1.794483819784769008e-01
9.469287475806827808e-03 -3.200431607422436764e-02 -2.082245739729059464e-01
-1.775998170737914245e-02 4.642652516289866305e-02 -2.049827402298577683e-01
-4.237976906207761851e-02 1.177603076920586272e-01 -1.702164205494153537e-01
-6.064193514246390970e-02 1.711371097655396967e-01 -1.092184719454534075e-01
-6.976623070974691254e-02 1.984307971295701245e-01 -3.127527914514408036e-02
-6.836356447575310524e-02 1.954861533008683538e-01 5.174701330446775799e-02
-5.664747965940700875e-02 1.627514736090914793e-01 1.272090139768837502e-01
3.700061782564638413e-02 -5.240224745318652205e-03 2.353784572134728914e-01
-2.046128463326699759e-02 -1.281774509448519936e-02 2.219629190176519162e-01
-1.705761919174098029e-01 5.501158636414776870e-02 1.126312597972612128e-01
-1.705761919174098029e-01 5.501158636414776870e-02 1.126312597972612128e-01
-1.987611313832516324e-01 6.568913622115764295e-02 3.520470378456608956e-02
-1.966855886248060070e-01 6.619097038305538083e-02 -4.785378611478692534e-02
-1.646655462122042501e-01 5.644068914783009067e-02 -1.238993077407072596e-01
-1.075757653403577735e-01 3.792268444702532465e-02 -1.813546197800186000e-01
-3.410764762685289386e-02 1.345615463020797577e-02 -2.114726718084365131e-01
4.455395199657481708e-02 -1.323409292765660022e-02 -2.096682634254558031e-01
1.164335180564347733e-01 -3.808470998358012838e-02 -1.762160994503825517e-01
1.705880382100021797e-01 -5.731241536220282873e-02 -1.162089686038001446e-01
1.987729776758440092e-01 -6.798996521921267522e-02 -3.878241259110503519e-02
1.966974349173983561e-01 -6.849179938111042698e-02 4.427607730824804216e-02
1.646773925047966824e-01 -5.874151814588516457e-02 1.203215989341682862e-01
-6.886593178261788892e-04 -1.503401890997615453e-01 1.482626228203883512e-01
-6.886593178261788892e-04 -1.503401890997615453e-01 1.482626228203883512e-01
-6.888820043116189147e-04 -1.965930284485352675e-01 7.923370059418839706e-02
-6.297833969776418100e-04 -2.129089011842319468e-01 -2.240872468890515480e-03
-5.203607230606360897e-04 -1.968038635865964059e-01 -8.375733118883864348e-02
-3.772725927454563446e-04 -1.507297616373393379e-01 -1.529055336740822169e-01
-2.223028767754578873e-04 -8.170095969546077586e-02 -1.991582929262594448e-01
-7.904430960309935354e-05 -2.264671089640483135e-04 -2.154740456315329677e-01
3.069329056177303242e-05 8.128996319397131798e-02 -1.993688663431915087e-01
9.020336886788026800e-05 1.504381936480040927e-01 -1.532946226140712576e-01
9.042605535332040199e-05 1.966910329967778426e-01 -8.426570038787134509e-02
3.132744801934335150e-05 2.130069057324745496e-01 -2.791127324792401759e-03
-7.809522589766234170e-05 1.969018681348390365e-01 7.872533139515563994e-02
-2.211833562128419513e-04 1.508277661855819407e-01 1.478735338803993105e-01
-7.952029654626543986e-02 2.215399369481041783e-02 2.343195442786547289e-01
3.975365795196989654e-03 3.313553463412812622e-02 2.471946660045619693e-01
