-1.732128171617285661e-01 8.786382840430573271e-02 3.564671683263510166e-02
-1.732128171617285661e-01 8.786382840430573271e-02 3.564671683263510166e-02
-1.907212095325083456e-01 9.118108132180041681e-02 -4.575323076472916778e-02
-1.790239384898560659e-01 8.021629598757053226e-02 -1.275239270557015081e-01
1.754472773508041206e-01 -9.312581893399198008e-02 -1.320237303415998098e-01
1.929556697215839278e-01 -9.644307185148666417e-02 -5.062378274423555424e-02
1.812583986789316481e-01 -8.547828651725677962e-02 3.114691354673682772e-02
1.421362677030651445e-01 -6.190075210241228337e-02 1.008395112742244415e-01
-1.291642554019956923e-01 7.076955892080247223e-02 1.042835116070551238e-01
1.825479247440984498e-01 -1.065458735638270676e-01 -4.828096309892440652e-02
1.825479247440984498e-01 -1.065458735638270676e-01 -4.828096309892440652e-02
1.462546263354428389e-01 -8.266461992340537468e-02 -1.195845415882528934e-01
8.899410386391576333e-02 -4.709938165365777640e-02 -1.688599358870865874e-01
-1.137032887773961332e-01 7.175263369553185056e-02 -1.324356498877124477e-01
-1.571034595688138302e-01 9.520999115259896894e-02 -6.507174526061375308e-02
-1.752873357920765318e-01 1.032715361400350224e-01 1.602126447582603863e-02
-1.654865871294408375e-01 9.470997151159014915e-02 9.849770369919766400e-02
1.307646263920537733e-01 -8.358853574776879680e-02 1.826523904879857052e-01
1.741647971834714148e-01 -1.070458932048358736e-01 1.152884858608870106e-01
1.923486734067341164e-01 -1.151074381922719408e-01 3.419547612444735762e-02
-1.775578456512377501e-01 8.734951480052283168e-02 -1.528488965530726551e-01
1.612750746393207535e-01 -8.325690493182438812e-02 4.258406636177167193e-02
-1.415937072210941838e-01 9.749929046822505829e-02 8.127246279204755619e-02
-8.747126992940935236e-03 -1.551780985423049410e-02 2.947057169204704841e-01
-2.452073448715502355e-02 -1.301308104672400379e-01 9.003279930969018685e-02
-2.452073448715502355e-02 -1.301308104672400379e-01 9.003279930969018685e-02
-3.491646829460304247e-02 -1.781327878713284962e-01 2.742685625781154934e-02
-4.006125700332723027e-02 -1.989381371833630063e-01 -4.920495052409736003e-02
-3.917185317005010547e-02 -1.893794325715473514e-01 -1.281961231225492437e-01
-3.238366046592228154e-02 -1.509119001631574197e-01 -1.975209715661925547e-01
-2.073011969502713478e-02 -8.939187305832096975e-02 -2.466254161107985510e-01
-5.985376800123305002e-03 -1.418521770331494791e-02 -2.680337502073493194e-01
9.605814774467310441e-03 6.325853437408950064e-02 -2.584867490566767900e-01
2.366983744601683023e-02 1.311492739494682647e-01 -2.194378570401899209e-01
3.406557125346484916e-02 1.791512513535567230e-01 -1.568319139883112834e-01
3.921035996218903696e-02 1.999566006655912331e-01 -8.020010720640233237e-02
3.832095612891191216e-02 1.903978960537755505e-01 -1.208934607950490348e-03
3.153276342478408822e-02 1.519303636453856465e-01 6.811591383569282065e-02
1.987922265388892759e-02 9.041033654054914104e-02 1.172203583802989002e-01
1.652525053381664333e-01 -5.625946919770127147e-02 -1.307434401570079785e-01
1.652525053381664333e-01 -5.625946919770127147e-02 -1.307434401570079785e-01
1.093175031009674253e-01 -4.203160351841848941e-02 -1.910166503805811322e-01
-1.752728564085637430e-01 4.608952964309259021e-02 -1.387694135464546397e-01
-2.065827185578405223e-01 5.887633981406861783e-02 -6.247913549241348313e-02
-2.073772130481493781e-01 6.276956569654691676e-02 2.087689655357036211e-02
-1.775353852954512923e-01 5.717649894210063977e-02 9.860848233680789832e-02
-1.216003830582523398e-01 4.294863326281785770e-02 1.588816925603810382e-01
-4.808780337510808189e-02 2.225203223244581752e-02 1.925204773457620533e-01
1.059313893306543519e-01 -2.543878137502767617e-02 1.642444765277181196e-01
1.629899764512789395e-01 -4.517249989869324273e-02 1.066344557262545178e-01
1.942998386005556910e-01 -5.795931006966924953e-02 3.034417767221343071e-02
1.950943330908645745e-01 -6.185253595214757621e-02 -5.301185437377031046e-02
-1.811698288162024439e-01 1.114777379068017521e-01 1.002674997749200825e-01
-1.811698288162024439e-01 1.114777379068017521e-01 1.002674997749200825e-01
-1.865244840914703772e-01 1.197846759442987574e-01 1.741051053002092702e-02
-1.647703603932940963e-01 1.102876279358752654e-01 -6.258650441838352341e-02
-1.192193258530984956e-01 8.443243334985935100e-02 -1.275447247191450195e-01
1.326025832103469859e-01 -8.095435000230076505e-02 -1.009775308251969622e-01
1.642508197334705267e-01 -1.058006180720899997e-01 -2.787479279586110859e-02
-1.495215922930788477e-01 8.663146983701248971e-02 1.733702378042560333e-01
-1.780262468834832579e-01 9.016816670869783057e-02 1.735968904110993249e-02
-1.780262468834832579e-01 9.016816670869783057e-02 1.735968904110993249e-02
-1.964105246971594720e-01 9.148299398553483286e-02 -6.364290224855237432e-02
-1.855371653304755675e-01 7.885222432620346555e-02 -1.450269544395946242e-01
-1.470615391797610028e-01 5.419877791312482929e-02 -2.144024833342007552e-01
-8.684121154404252085e-02 2.127591847864189825e-02 -2.612076935489025531e-01
-1.404418140722893740e-02 -1.490414707480923646e-02 -2.783169161187987739e-01
6.024686329907148752e-02 -4.883333173982658260e-02 -2.631254270031115894e-01
1.247217844683217447e-01 -7.534622471998619897e-02 -2.179459927085125037e-01
1.695648598191192846e-01 -9.040647839903208360e-02 -1.496567725537626403e-01
1.879491376327955543e-01 -9.172130567586908589e-02 -6.865418126410030575e-02
1.770757782661116220e-01 -7.909053601653773247e-02 1.272987092694194411e-02
1.386001521153971405e-01 -5.443708960345913089e-02 8.210539982154806127e-02
-1.331831715326856347e-01 7.510791302965191818e-02 8.564890919585994855e-02
6.788802731730378404e-02 9.813552310270889922e-02 -2.345782065182674958e-01
6.788802731730378404e-02 9.813552310270889922e-02 -2.345782065182674958e-01
2.753543754411754557e-02 3.791186610574508176e-02 -2.675323166971869671e-01
-1.700907348656960361e-02 -2.804010723018045964e-02 -2.702374028898479330e-01
-5.896400776733352195e-02 -8.967980682080010923e-02 -2.422816402450851947e-01
-9.194210687635426260e-02 -1.376231471687102137e-01 -1.879210402059444951e-01
-1.109227541714962462e-01 -1.645711893134040316e-01 -1.154315113483185273e-01
-1.130163181620703061e-01 -1.664213381229622535e-01 -3.584892732156538114e-02
-9.790407270871637202e-02 -1.428919252127703043e-01 3.871098487416248235e-02
-6.788672018886141024e-02 -9.756509040374586328e-02 9.689715449435253036e-02
5.896531489577589574e-02 9.025023951976306191e-02 1.046005882211703403e-01
9.194341400479666415e-02 1.381935798676732496e-01 5.023998818202961292e-02
1.109240612999386755e-01 1.651416220123670675e-01 -2.224954067559649362e-02
1.130176252905127077e-01 1.669917708219253172e-01 -1.018321247023495357e-01
9.790537983715880133e-02 1.434623579117334791e-01 -1.763920368980773645e-01
-2.135922169340661453e-02 -1.409010409722530333e-01 9.393280770226086762e-02
-6.224133200389068976e-02 -1.138232441962464120e-01 1.020367772605197954e-01
-6.224133200389068976e-02 -1.138232441962464120e-01 1.020367772605197954e-01
-8.661245258814638526e-02 -1.617402980550981251e-01 4.316412563097009325e-02
-9.838075318400445191e-02 -1.862049800957600587e-01 -3.179567101145411301e-02
-9.575461670565603434e-02 -1.834927642504363410e-01 -1.114306631401923986e-01
-7.913384862594322056e-02 -1.540165607952796167e-01 -1.836171450966456731e-01
-5.104881021736445978e-02 -1.022638545038878632e-01 -2.373653793750323537e-01
-1.577519398611874207e-02 -3.611352576967469946e-02 -2.644926845354251266e-01
2.131691175271423905e-02 3.436363751179922349e-02 -2.608691742767877964e-01
5.458057014117288774e-02 9.843812610800549423e-02 -2.270464951887956051e-01
7.895169072542862487e-02 1.463551799668572351e-01 -1.681738435592459446e-01
9.071999132128667764e-02 1.708198620075191687e-01 -9.321404691682172450e-02
8.809385484293827395e-02 1.681076461621954510e-01 -1.357905478808350830e-02
7.147308676322547405e-02 1.386314427070387822e-01 5.860742716836982169e-02
4.338804835464665777e-02 8.687873641564693161e-02 1.123556614467565995e-01
-1.613059294344835193e-01 4.072676763809497669e-02 1.416688085239567463e-01
-1.613059294344835193e-01 4.072676763809497669e-02 1.416688085239567463e-01
-1.945199128604483962e-01 4.785773250817214330e-02 6.542388474859744951e-02
-1.969872784024563617e-01 4.700522702092153893e-02 -1.800568493856571917e-02
-1.683323920234610638e-01 3.829903740879551932e-02 -9.591850484359462636e-02
1.172825381202766831e-01 -3.586191053737053380e-02 -1.626589231865848695e-01
1.761866115391048093e-01 -4.989072100566381562e-02 -1.052062438058727900e-01
2.094005949650696863e-01 -5.702168587574101000e-02 -2.896132003051347936e-02
2.118679605070776517e-01 -5.616918038849039174e-02 5.446824965664966156e-02
1.832130741280824093e-01 -4.746299077636437214e-02 1.323810695616785271e-01
1.277983825220940228e-01 -3.222855548600379871e-02 1.929156191355038130e-01
-1.666792607693613482e-01 5.975152878879712304e-02 6.289132625136215071e-02
-1.666792607693613482e-01 5.975152878879712304e-02 6.289132625136215071e-02
-1.951243283812376383e-01 6.144446898899476317e-02 -1.545324782725200283e-02
1.784682133935191484e-01 -6.859863932934615049e-02 -1.539059797933750584e-01
2.069132810053954108e-01 -7.029157952954380451e-02 -7.556140571476094303e-02
1.723221138176585787e-01 -4.486293944498723207e-02 8.223030199666798989e-02
1.145520706526669680e-01 -2.161263910191033380e-02 1.376550785158101031e-01
1.692657797572364176e-01 -7.047998770821869985e-02 -5.402815575220558386e-02
1.692657797572364176e-01 -7.047998770821869985e-02 -5.402815575220558386e-02
1.177328497900840959e-01 -5.523028412205818749e-02 -1.177074492543297574e-01
-1.630186138121544337e-01 5.105869536663812380e-02 -8.461331648848048614e-02
-1.975536849202864376e-01 6.839325646621673138e-02 -1.078858752564511303e-02
-2.026400455163337999e-01 7.534392109891761835e-02 7.209124083111230485e-02
-1.775033433075219880e-01 7.085251358234390118e-02 1.514084660219902623e-01
-1.259704133403696247e-01 5.560280999618338882e-02 2.150877595241144635e-01
-5.588667705520219964e-02 3.191643947252177649e-02 2.534345261560195794e-01
2.207825200921485417e-02 3.399437206103080727e-03 2.606108183123032052e-01
9.605492015666622363e-02 -2.560674171527976828e-02 2.355241105654214961e-01
1.547810502618689743e-01 -5.068616949251293635e-02 1.819936267582651368e-01
1.893161213700008672e-01 -6.802073059209154393e-02 1.081688977954297637e-01
1.944024819660482850e-01 -7.497139522479243090e-02 2.528906943867249152e-02
1.636812151297336593e-01 -5.204778246442154366e-02 -1.389280104145347305e-01
1.636812151297336593e-01 -5.204778246442154366e-02 -1.389280104145347305e-01
-1.196765165659592067e-01 3.462870940924489549e-02 -1.997028742871496121e-01
-1.763624996576063364e-01 5.225260326792374732e-02 -1.410431060831226491e-01
-2.072466919352716763e-01 6.203500260957910128e-02 -6.413184520387793519e-02
-2.076272550905807479e-01 6.248662581211482381e-02 1.932186608403550776e-02
-1.774462518329514571e-01 5.353871733691933921e-02 9.661295674680953072e-02
-1.212984663168819865e-01 3.655351513634887139e-02 1.559745588765183710e-01
-4.773188990625072681e-02 1.411686227419886586e-02 1.883694066631771691e-01
3.205363302309941625e-02 -1.035546424003291714e-02 1.888656781912935734e-01
1.059114798627414367e-01 -3.313777453674707218e-02 1.573878206194244400e-01
1.625974629543886218e-01 -5.076166839542595177e-02 9.872805241539736598e-02
1.934816552320538785e-01 -6.054406773708129186e-02 2.181679153615274924e-02
1.938622183873629778e-01 -6.099569093961700050e-02 -6.163691975176058963e-02
1.611102977009248594e-01 -4.264194188331152380e-02 -1.904378981037827545e-01
1.611102977009248594e-01 -4.264194188331152380e-02 -1.904378981037827545e-01
9.871046797702690001e-02 -4.865747944268291464e-02 -2.446797523714998035e-01
-1.357634055958962804e-01 -2.392121048782890752e-02 -2.328036923087550281e-01
-1.898046526828112701e-01 -5.621499218633587217e-03 -1.726641181761174038e-01
-1.729732277067517476e-01 4.334138171544314050e-02 5.766230370513927839e-02
-1.772433515784066493e-01 1.007848598030637866e-01 7.133663717660256032e-02
-1.772433515784066493e-01 1.007848598030637866e-01 7.133663717660256032e-02
-1.882417007679679233e-01 1.067562597088830972e-01 -1.117760074759347605e-02
-1.710955151812594277e-01 9.641675307626858260e-02 -9.219811472005505493e-02
-1.284151461432981312e-01 7.134043606217475852e-02 -1.593902659412629874e-01
-6.669829294160485589e-02 3.534495061461766230e-02 -2.025246584861559729e-01
7.479383822664556480e-02 -4.665551397842440662e-02 -1.950152010732671415e-01
1.330282218521996462e-01 -8.017666572568127314e-02 -1.455145979331966544e-01
1.704967068542037056e-01 -1.015498806651483621e-01 -7.406868078779561826e-02
1.814950560437649796e-01 -1.075212805709676589e-01 8.445557136400425047e-03
1.643488704570564840e-01 -9.718177393835314426e-02 8.946607110886202474e-02
1.216685014190952568e-01 -7.210545692425934794e-02 1.566582223300699295e-01
5.995164821740192607e-02 -3.610997147670223784e-02 1.997926148749629705e-01
-1.140585771273309491e-02 5.324696044815770309e-03 2.123024284928231031e-01
-8.154048295084853626e-02 4.589049311633984496e-02 1.922831574620741391e-01
-1.397748665764024789e-01 7.941164486359668373e-02 1.427825543220037074e-01
-1.677336733320084761e-01 6.727100711314988601e-02 2.715041479220274556e-02
-1.677336733320084761e-01 6.727100711314988601e-02 2.715041479220274556e-02
-1.938346594946818158e-01 6.723808481979923202e-02 -5.170040723372426594e-02
-1.896238655105390858e-01 5.624566960458410314e-02 -1.339205429576775241e-01
-1.557423465927235406e-01 3.596725703752895464e-02 -2.069927220430714809e-01
-9.734825685973864939e-02 9.490051607700262723e-03 -2.597923676251078229e-01
-2.333156712968996807e-02 -1.915503217467547092e-02 -2.842812122939005759e-01
5.503935254898589813e-02 -4.560703997206264071e-02 -2.767310514405557642e-01
1.258332400893665826e-01 -6.583889338535686697e-02 -2.382913286126165375e-01
1.782723678616176810e-01 -7.677047613459195285e-02 -1.748141431536815449e-01
2.043733540242910207e-01 -7.673755384124131274e-02 -9.596332112775454726e-02
2.001625600401482907e-01 -6.574513862602615610e-02 -1.374318540380126824e-02
1.662810411223327733e-01 -4.546672605897104924e-02 5.932899368159261222e-02
-1.152945455597572527e-01 5.633942436391477238e-02 9.062760025113783535e-02
-1.752930692183285455e-01 8.984985284560509378e-02 2.997777222724389012e-02
-1.752930692183285455e-01 8.984985284560509378e-02 2.997777222724389012e-02
-1.946147634437753737e-01 8.859255146083791499e-02 -5.099398218702808766e-02
-1.844815118875022253e-01 7.364039914690639899e-02 -1.322656503224690916e-01
1.923369560275669521e-01 -9.131768005731347171e-02 -5.493397009124705715e-02
1.822037044712937759e-01 -7.636552774338198346e-02 2.633769804419396066e-02
3.611971609805531003e-02 1.217559203703448695e-01 -1.369043464253042186e-01
3.611971609805531003e-02 1.217559203703448695e-01 -1.369043464253042186e-01
-7.113225891619542884e-02 -7.751401756998362036e-02 -1.533060166131411661e-01
-9.210164948329133128e-02 -1.346113707641368451e-01 -1.018456573932995241e-01
-9.911701319417073885e-02 -1.713428413186405264e-01 -3.149243858650897787e-02
-9.111032451828257606e-02 -1.821163958131811478e-01 4.704299999741309163e-02
-6.930052922571727780e-02 -1.652918582384796109e-01 1.218043497595882874e-01
-3.700797094348123872e-02 -1.234306119254713480e-01 1.814098729120485476e-01
8.511010627248792679e-04 -6.290565215216906148e-02 2.167851688802447108e-01
3.851298627329856339e-02 7.068644616068616923e-03 2.225446695308753997e-01
7.024400407076950015e-02 7.583932601485711411e-02 1.978115430998855229e-01
9.121339463786543034e-02 1.329366792090103944e-01 1.463511838800438669e-01
9.822875834874481016e-02 1.696681497635141034e-01 7.599796507325325134e-02
9.022206967285667512e-02 1.804417042580546415e-01 -2.537473510668786930e-03
6.841227438029140462e-02 1.636171666833532157e-01 -7.729882327284387511e-02
4.604545935744813918e-03 -1.048006915985197005e-02 -2.858815075479843038e-01
-7.730239708569013046e-02 -4.757784645129217553e-03 -2.742978696469700606e-01
-1.484588710947564172e-01 1.621928282185389550e-03 -2.322059702865472697e-01
-1.980319479586168940e-01 7.687816161149890401e-03 -1.660139195803223555e-01
-2.184745761058095870e-01 1.251640254960248270e-02 -8.579885721588431657e-02
-2.066745507138100790e-01 1.537257894114588477e-02 -3.772799286867661861e-03
-9.816748587148060867e-02 1.379487388195709853e-02 1.173868433400930694e-01
-1.709817660803746309e-01 6.689802572400292691e-02 4.589977364529224113e-02
-1.709817660803746309e-01 6.689802572400292691e-02 4.589977364529224113e-02
-1.980887028518594495e-01 6.676281127828044559e-02 -3.273953060724706099e-02
-1.947385165142242469e-01 5.607304696927978976e-02 -1.151619163281432656e-01
-1.614412425678592167e-01 3.645615251009157870e-02 -1.888193224521770297e-01
-1.032660891305584583e-01 1.089862225453608856e-02 -2.424980766030134238e-01
-2.906969595407194254e-02 -1.670864149556699693e-02 -2.680260750603057351e-01
4.985220869245933495e-02 -4.216268309473359538e-02 -2.615169114708134623e-01
1.214844802554481545e-01 -6.158835545095231456e-02 -2.239615469853218910e-01
1.749217547375881698e-01 -7.202827604214720458e-02 -1.610774454065204142e-01
2.020286915090730162e-01 -7.189306159642472327e-02 -8.243814115398112596e-02
1.986785051714377859e-01 -6.120329728742404662e-02 -1.575543308490051642e-05
1.653812312250728389e-01 -4.158640282823585638e-02 7.364165069094878724e-02
-1.175444915982345184e-01 5.645810513280805076e-02 1.087838752240938428e-01
