-1.708483579090642746e-01 8.606717388355950016e-02 1.982376409729313393e-01
-1.708483579090642746e-01 8.606717388355950016e-02 1.982376409729313393e-01
-1.727469065799074055e-02 1.352028326395705859e-01 2.419938986924918267e-01
-9.801304406213340314e-02 1.087147087074285950e-01 2.361410050352478751e-01
-1.264664054577323109e-02 -1.552861052805386555e-01 2.546926874445368250e-01
-1.264664054577323109e-02 -1.552861052805386555e-01 2.546926874445368250e-01
-1.384865878900461492e-02 -2.041637026814390743e-01 1.855376080312450826e-01
-1.361020215327139911e-02 -2.228875367495517235e-01 1.029406918634914875e-01
4.836505599767653568e-03 2.106922667714015429e-01 9.154815790461232061e-02
3.193876946245434445e-03 1.964118035018348751e-01 1.750122790831967756e-01
3.971515969671468235e-04 1.513011139746583689e-01 2.466369494273153162e-01
-3.127894366018023602e-03 8.222789174096575837e-02 2.955179621563293058e-01
-6.844604649466790904e-03 -2.920912644817441964e-04 3.142136261897300331e-01
-1.018714380478671216e-02 -8.369591567461372172e-02 2.998776961550490006e-01
8.717960611654540504e-02 -5.329821215718309052e-02 2.406463082851178215e-01
-1.315798117643059706e-01 -1.791504029370535878e-02 2.166411782855762469e-01
-1.192616461028906394e-01 -6.891151632938888327e-02 2.207586236845101579e-01
-1.300638790505327380e-01 2.019533498848372632e-01 1.322756274491466710e-01
6.332447483144032496e-02 1.174431780964244054e-01 2.504587644654018286e-01
-1.060184545445182480e-01 -4.615511755722449122e-02 2.212628240250983924e-01
-5.190426790076525104e-02 -1.115153893989351830e-01 2.138721610401685957e-01
2.686079741591078374e-02 -2.011970842948901383e-01 1.752842228927482260e-01
-2.412039312536372326e-02 -1.575006179952495866e-01 2.275827288879744836e-01
-8.545157873536995963e-02 -1.030107152244359447e-01 2.502307498415222153e-01
-1.477956423735665437e-01 -4.602296972710694795e-02 2.397803298680347139e-01
-2.016612655013819699e-01 4.786750839968198501e-03 1.978224506751826706e-01
-1.060646067327460952e-02 1.420539443304656702e-01 2.226462952494249192e-01
-2.078302231294339511e-02 1.419301418664414005e-01 2.155195371625032719e-01
-1.685944696286871824e-01 -8.989828587289036554e-02 1.985040855884462330e-01
-1.685944696286871824e-01 -8.989828587289036554e-02 1.985040855884462330e-01
-4.875889843813918656e-02 2.334340383327429547e-01 8.786846870080064487e-02
-5.928080324491648290e-02 1.958688409946326148e-01 1.633536369402497357e-01
-8.019224203771894988e-02 1.344811436223181944e-01 2.182547070108050713e-01
-1.083096378230069406e-01 5.861666665987248087e-02 2.442134886736640476e-01
-1.393523719772979952e-01 -2.017491098836854402e-02 2.372779927375981979e-01
1.765710199171625638e-01 1.140315059446418144e-01 1.359316808376267727e-01
1.500723361830637870e-01 5.675935071088920175e-02 1.922401988601255829e-01
1.163924329606933761e-01 -1.564006557237352171e-02 2.201134449470720511e-01
8.065877020657412355e-02 -9.214458807836270471e-02 2.153079700533337137e-01
-9.041144058920319235e-03 -1.953104413548863438e-01 1.258154643286745755e-01
-2.591539995673721938e-02 -1.683181931344590598e-01 2.042819233694416758e-01
-3.944553037697463849e-02 -1.126664887671689763e-01 2.666528343963110448e-01
-4.757169561408911701e-02 -3.682779575897966035e-02 3.034327915991582025e-01
-4.905676067460129630e-02 4.765213235907617140e-02 3.090223799049920395e-01
-4.367463786519650698e-02 1.279119923434798023e-01 2.825706351639934999e-01
-3.224470659454183041e-02 1.917329480690484478e-01 2.281045957273164226e-01
-1.650707028600945439e-02 2.293988375649685385e-01 1.539162223633177562e-01
1.142358594454883323e-03 2.351753705976246667e-01 7.130002239738741920e-02
-3.554391176602723912e-02 -1.442765064049273682e-01 2.215418591635406054e-01
-9.462078204027976613e-02 -8.527377411079434255e-02 2.383133396472369714e-01
-1.538248239564886100e-01 -2.630999315200599487e-02 2.218562581010806445e-01
1.503339829041995257e-01 -4.149899954945343583e-01 1.073666259655764038e-01
1.503339829041995257e-01 -4.149899954945343583e-01 1.073666259655764038e-01
8.303622114239979368e-02 -4.506808612666015623e-01 7.036379829085546989e-02
9.118126765160369795e-03 -4.542679667474429639e-01 2.918997297015436809e-02
-6.016694042777818996e-02 -4.252052076447926376e-01 -9.886508333106135138e-03
-1.142709570269891395e-01 -3.679171255774616456e-01 -4.091660556968970686e-02
-1.449570769593743202e-01 -2.911253117224441578e-01 -5.917626772385846390e-02
-1.475536166355979895e-01 -2.065206236196404921e-01 -6.188562675688974446e-02
-1.216652764276459076e-01 -1.269833580892949509e-01 -4.863220731640542638e-02
1.392676018781873193e-01 -5.440713065103697232e-02 9.581941192900972348e-02
1.933716184773982549e-01 -1.116952127183679089e-01 1.268495091655933438e-01
2.240577384097834357e-01 -1.884870265733855077e-01 1.451091713197621147e-01
2.266542780860071049e-01 -2.730917146761890901e-01 1.478185303527934091e-01
2.007659378780551340e-01 -3.526289802065345480e-01 1.345651109123091049e-01
-8.826159935425652303e-02 1.258402801125677872e-01 2.277917995928126771e-01
3.919846115877235332e-02 -2.014159230867605122e-01 2.131599584319398000e-01
3.919846115877235332e-02 -2.014159230867605122e-01 2.131599584319398000e-01
2.187633534198495100e-02 -2.394044802718007514e-01 1.394047360902530563e-01
-1.144860931474614429e-02 1.847333227340789141e-01 1.161404796684429030e-01
1.094693723465293630e-02 1.581507442302325650e-01 1.934374741593405111e-01
3.083346199597569032e-02 1.028596726474634016e-01 2.545148257606642539e-01
4.518342184610654733e-02 2.727767241943595752e-02 2.900740613586835215e-01
5.181216548057301224e-02 -5.708858207167048782e-02 2.947016096788732109e-01
4.971052677073826281e-02 -1.373950933615866177e-01 2.676929684383144714e-01
1.568138974322787482e-01 -1.362963011526182600e-01 1.658897709444943636e-01
1.568138974322787482e-01 -1.362963011526182600e-01 1.658897709444943636e-01
-1.885733241938448990e-01 -1.093285229519094792e-01 7.265972209960065709e-03
-1.950899793851704755e-01 -1.880819666117939937e-01 3.824328167507223819e-02
-1.687254282672848715e-01 -2.631281822345296062e-01 6.785985389281624924e-02
-1.134934347526352083e-01 -3.230420637871933009e-01 9.160683421793627823e-02
2.303561133412912465e-01 -2.181332916503146979e-01 5.134448905804837870e-02
2.368727685326168508e-01 -1.393798479904302112e-01 2.036717959293622704e-02
2.105082174147313023e-01 -6.433363236769462645e-02 -9.249392624807787483e-03
-8.001570236874956665e-03 -2.087553578620600092e-01 1.017145786203827590e-01
-6.420019947687077150e-03 -1.921448805774434443e-01 1.847469279670032050e-01
-4.485563365676731654e-03 -1.450232784435187272e-01 2.550931630121258120e-01
-2.492703969562410152e-03 -7.456438822678887468e-02 3.020437071603392365e-01
-7.448365370871061486e-04 8.505062748679374438e-03 3.184507656728206570e-01
4.919419596125440206e-04 9.153850359831910977e-02 3.018165126214004124e-01
1.029343205839011906e-03 1.618948456527885271e-01 2.546733622432779121e-01
7.855527334087444510e-04 2.088629736161234929e-01 1.841984318297998358e-01
-2.023145682168822797e-04 2.252924157730463728e-01 1.011208906795834500e-01
-1.311097204395358928e-01 -5.452449666476457540e-02 2.248545315586241711e-01
-3.643860709531984710e-02 1.359627477565717169e-01 2.240335968012952816e-01
-1.128057013031239092e-01 9.847967847080581205e-02 2.198734898797007620e-01
1.749571534120476501e-01 -3.775865472881911877e-01 6.065052225983576240e-02
1.749571534120476501e-01 -3.775865472881911877e-01 6.065052225983576240e-02
1.014034281507912028e-01 -4.196193793016094187e-01 5.865649235581007342e-02
1.750008870764947766e-02 -4.303942002447087578e-01 5.365464409063078893e-02
-6.397934207282518493e-02 -4.082706413028971415e-01 4.640646352080400605e-02
-1.306303594671849033e-01 -3.566168137745044375e-01 3.801542043316538666e-02
-1.723059502701155266e-01 -2.832965446576157786e-01 2.975897507281289461e-02
-1.826613835720423407e-01 -1.994721802753827711e-01 2.289409640099662399e-02
-1.601201385249836351e-01 -1.179052202352450646e-01 1.846589996522048777e-02
1.974735975287736645e-01 -7.198322831066628069e-02 3.978364035780111718e-02
2.391491883317043432e-01 -1.453034974275551061e-01 4.804008571815361617e-02
2.495046216336311573e-01 -2.291278618097880027e-01 5.490496438996986250e-02
2.269633765865724795e-01 -3.106948218499256398e-01 5.933316082574600914e-02
2.537899570343116751e-01 -7.822009385814104876e-02 2.229434941666528364e-03
2.966888138221397964e-01 -9.942591772934467054e-03 -1.032487616698470403e-02
3.100857748607822595e-01 6.997063479513339346e-02 -2.002732877034960057e-02
2.919412742758599744e-01 1.493535215162767604e-01 -2.540081241251773703e-02
2.450176478011199532e-01 2.161207434948618500e-01 -2.562726291971952064e-02
1.764585922036080168e-01 2.601075964310233801e-01 -2.067220525501242689e-02
9.670160220865908762e-02 2.746174807070455026e-01 -1.129000203013856216e-02
1.788895654408921565e-02 2.574413979743324643e-01 1.090991363799068484e-03
-1.319071564573165711e-01 -6.640710444545022684e-02 2.147000285859974877e-01
-1.805514315984930729e-01 6.883544090949308969e-02 1.986832106430483080e-01
-1.120715999169049348e-01 1.037995668943529071e-01 2.353272741306469684e-01
-3.620526172270405879e-02 1.422628982312737211e-01 2.397584944339423429e-01
1.482130395065898998e-02 1.740356135877788035e-01 2.003511496814904536e-01
-4.720585961277589532e-02 1.243631453100452755e-01 2.309883001510543987e-01
-1.323159384038278402e-02 1.395448846865215975e-01 2.341831390496499354e-01
-1.464003518511363677e-01 -1.850849594656862884e-02 2.155580228047243307e-01
-8.762927903631215210e-02 -7.746517148404076514e-02 2.335539168045724923e-01
1.852294992307277899e-01 -3.968697788287885997e-01 5.275862583179866810e-02
1.852294992307277899e-01 -3.968697788287885997e-01 5.275862583179866810e-02
1.134028463462539577e-01 -4.404798044385703770e-01 6.344023120915560920e-02
3.000314550261590218e-02 -4.533044836348270046e-01 7.085754840709697355e-02
-5.227275486691322637e-02 -4.333913752659348528e-01 7.388135812038401640e-02
-1.208990947639667773e-01 -3.837720695682809158e-01 7.205131273107209799e-02
-1.654281360385385646e-01 -3.120006560342067359e-01 6.564602006028120995e-02
-1.790807358133394422e-01 -2.290036817647912448e-01 5.564062785301659292e-02
-1.597784095337810850e-01 -1.474166837231077054e-01 4.355836637372808434e-02
1.956688325947917306e-01 -9.275825203353116333e-02 1.194596350739083809e-02
2.401978738693635873e-01 -1.645296655676054542e-01 1.835125617818175042e-02
2.538504736441644649e-01 -2.475266398370208343e-01 2.835664838544635358e-02
2.345481473646061632e-01 -3.291136378787042904e-01 4.043890986473486215e-02
9.773107377412614677e-03 -3.440621731935477046e-01 1.996980364210479975e-01
9.773107377412614677e-03 -3.440621731935477046e-01 1.996980364210479975e-01
3.985618311617564191e-02 -3.945391834239198037e-01 1.388014618505881148e-01
6.890327284234283589e-02 -4.159582100610362265e-01 6.225863280386871590e-02
9.249222045762935107e-02 -4.050584004633560609e-01 -1.827749885922026751e-02
1.070318225219504260e-01 -3.634991518351059492e-01 -9.054603715482510695e-02
1.103085564228340892e-01 -2.976074830444100927e-01 -1.435447522433709322e-01
1.018235691275375943e-01 -2.174148033551869252e-01 -1.692050701871752882e-01
8.286862303516843997e-02 -1.351297213016690590e-01 -1.636204401906554140e-01
5.632943686127565852e-02 -6.327939471037830055e-02 -1.276410715459844192e-01
-4.092927828326214934e-02 -4.384241606882002817e-02 1.626030020298886436e-01
-4.420601218414582645e-02 -1.097340848595160095e-01 2.156017171184345105e-01
-3.572102488884933147e-02 -1.899267645487390244e-01 2.412620350622388110e-01
-1.676607879648020494e-02 -2.722118466022568350e-01 2.356774050657189923e-01
-1.820732697941553624e-01 4.915335727831333934e-02 2.042178943013276959e-01
-1.191319400457003241e-01 9.431531421562351636e-02 2.395925267506657519e-01
-4.955470689760575753e-02 1.433287885116745486e-01 2.426365258838797390e-01
1.629576196561214330e-01 -4.221061593955516833e-01 9.171487694302900284e-02
1.629576196561214330e-01 -4.221061593955516833e-01 9.171487694302900284e-02
8.784549540425617975e-02 -4.589551913972783614e-01 7.853443156092376753e-02
5.355030420083312093e-03 -4.640369470702282451e-01 6.001672501994043119e-02
-7.195534978048399866e-02 -4.365777751794244210e-01 3.898091027751594828e-02
-1.323158406322511305e-01 -3.807580857272289121e-01 1.862949943804892775e-02
-1.665371045722485455e-01 -3.050759204259935187e-01 2.060810315849592733e-03
-1.694092643821418775e-01 -2.210532028822944084e-01 -8.202724365768160331e-03
-1.404950597670683032e-01 -1.414816301743285210e-01 -1.059857449070156221e-02
1.507165531648501089e-01 -6.400363714490808764e-02 4.797197306964805230e-02
2.110770440166172823e-01 -1.198233265971035966e-01 6.832338390911509018e-02
2.452983079566147806e-01 -1.955054918983391565e-01 8.489207303131446336e-02
2.481704677665080849e-01 -2.795282094420382113e-01 9.515560771293218867e-02
2.192562631514345661e-01 -3.590997821500039322e-01 9.755145783786559055e-02
-1.148391490937682308e-01 9.756885137796020291e-02 2.187565777112210896e-01
-1.007085107334697582e-01 1.186960542831232562e-01 2.176595643508483779e-01
-1.015110682360879923e-01 -8.349355246689403598e-02 2.274792933441887044e-01
-1.232594110151084554e-01 1.046994777375766794e-01 2.357162875620012199e-01
-1.133308497514651653e-01 1.001825300611949299e-01 2.291483013084758269e-01
-3.884154414930180571e-02 1.412949668438106543e-01 2.330739401636920949e-01
-1.997703720868427846e-01 9.399286548357836668e-02 2.018665416210713437e-01
-1.997703720868427846e-01 9.399286548357836668e-02 2.018665416210713437e-01
-2.467512440904057192e-01 6.588736918582217827e-02 1.367113815433714519e-01
8.667530613137290618e-02 2.043245676755170159e-01 1.715579354462883066e-01
2.301812608647589575e-02 1.864936442077862466e-01 2.251502645441038342e-01
-5.377224100821861863e-02 1.592645111786250289e-01 2.497293202023534997e-01
-1.320051578689546701e-01 1.267825572590174921e-01 2.415531640067633823e-01
1.916791607581899981e-01 -3.609126668643928837e-01 2.782479164469836563e-02
1.916791607581899981e-01 -3.609126668643928837e-01 2.782479164469836563e-02
1.248908800574698164e-01 -4.097862707585230302e-01 4.605749724536060963e-02
4.408972870320844450e-02 -4.287296705033594169e-01 6.320557865442855139e-02
-3.842305047516882122e-02 -4.148589052100971064e-01 7.665839592511666800e-02
-1.100856348279598829e-01 -3.702856731558346604e-01 8.436787957805495786e-02
-1.599880455103971366e-01 -3.017958448634789903e-01 8.516033061372685342e-02
-1.805330928625588360e-01 -2.198163758287015046e-01 7.891510554553789192e-02
-1.685929796663963864e-01 -1.368278970663097671e-01 6.658298327701359098e-02
1.757793156675199198e-01 -5.609164588400278317e-02 -6.501670300786556445e-03
2.256817263499572568e-01 -1.245814741763586475e-01 -7.294121336458458948e-03
2.462267737021189562e-01 -2.065609432111360222e-01 -1.048896268269497445e-03
2.342866605059565621e-01 -2.895494219735276764e-01 1.128322600025478961e-02
-1.234251012154814892e-01 -1.876493654172252112e-01 1.020077607097069211e-01
-1.813226506443475217e-01 -1.299039847160382566e-01 1.244238702572317001e-01
-2.125507040791846936e-01 -5.312278884248233801e-02 1.422730671113544010e-01
-2.123550734675482832e-01 3.100498115496766113e-02 1.528379728544072003e-01
-1.807655417966640143e-01 1.096716349143339042e-01 1.545101763581193666e-01
-1.225913289036063697e-01 1.709008875157450591e-01 1.470350997976132279e-01
-1.560201104099324665e-01 -1.800536315971049683e-01 4.702050299606260614e-02
-1.745989925526543751e-01 -2.622524278394620101e-01 5.571089078036679798e-02
-1.601695575485799772e-01 -3.454218803045709385e-01 6.292014783809707357e-02
-1.149285560739256445e-01 -4.169001937875830288e-01 6.755073013429196971e-02
-4.576352049250778653e-02 -4.658054430132348989e-01 6.889767349068887103e-02
3.679579951101145940e-02 -4.846922471141092981e-01 6.675591799134826532e-02
1.201804958681959024e-01 -4.706852613751534853e-01 6.145152649598280975e-02
1.916960044428188681e-01 -4.259169224014817123e-01 5.379204452533326714e-02
2.404547373440936719e-01 -3.572028039758320395e-01 4.494355877605405586e-02
2.590336194868155806e-01 -2.750040077334750532e-01 3.625317099174986402e-02
2.446041844827412381e-01 -1.918345552683661526e-01 2.904391393401959884e-02
1.993631830080868639e-01 -1.203562417853540067e-01 2.441333163782469229e-02
-1.736157079062668473e-01 -9.621723085553463006e-02 1.448960000968122497e-01
-2.131385492889762145e-01 -2.277705615526379873e-02 1.295562594494427677e-01
-2.211323835461463938e-01 5.901710723315094220e-02 1.086604382510341360e-01
-1.875582759923283827e-01 -1.278478003597587342e-01 1.401572186789989405e-01
-1.702884700991792455e-01 -7.504304029492850359e-02 2.044493436254548324e-01
-1.460056994609267023e-01 -3.101693919040991732e-03 2.425919175157499885e-01
-1.184067957833806889e-01 7.702382093210388692e-02 2.487780792383802730e-01
-9.169344196676279535e-02 1.531351209620200327e-01 2.220660417487709537e-01
-6.993250397249764494e-02 2.136449506918057517e-01 1.665224706094921292e-01
-1.020020418880002444e-01 -1.233375018266352902e-01 -8.036799593797916419e-02
-1.243595867885292083e-01 -2.024032704233288682e-01 -1.007267917053727424e-01
-1.223497496977493937e-01 -2.870210559832834796e-01 -9.949104712756839941e-02
-9.627851009351348632e-02 -3.643085677171321590e-01 -7.684889311448425686e-02
-5.011497786919087705e-02 -4.224994825764351036e-01 -3.624739236297522260e-02
9.112867667527033838e-03 -4.527347612758201301e-01 1.613224469106230852e-02
7.238812393543173074e-02 -4.504113567167898347e-01 7.231569312874341904e-02
1.300777067593610892e-01 -4.158829861817417983e-01 1.237495322296595229e-01
1.733989001117424433e-01 -3.544062810841787092e-01 1.626034262396086061e-01
1.957564450122714073e-01 -2.753405124874851451e-01 1.829622220070022121e-01
1.937466079214916204e-01 -1.907227269275305892e-01 1.817264774291978413e-01
1.676753683172557408e-01 -1.134352151936818265e-01 1.590843234161137265e-01
1.215118360929329927e-01 -5.524430033437882637e-02 1.184828226646046090e-01
-3.489632305743813057e-02 1.495721797106741024e-01 2.336100494223941892e-01
-1.098802357795313767e-01 9.330756570404857841e-02 2.118531222296908545e-01
