-1.686247388639328659e-01 4.431763219720702418e-02 1.071190166808640154e-02
-1.819502811250696683e-01 -3.956752353025570768e-02 6.830009984367920242e-03
-1.621405728859890427e-01 -1.221131388548588048e-01 2.018008198906371363e-03
-1.122114626506385965e-01 -1.907523921212977702e-01 -2.991520037366524054e-03
-3.976420484383920428e-02 -2.350355792361374929e-01 -7.435919461964757282e-03
4.417176226935140559e-02 -2.482209863892344825e-01 -1.063857055107436840e-02
1.268179485773865967e-01 -2.283012548675432130e-01 -1.211189870848282911e-02
1.955922214044125140e-01 -1.783089832224252769e-01 -1.163160307797771187e-02
2.400243211528500509e-01 -1.058550416307789122e-01 -9.270804315412684363e-03
2.533498634139868533e-01 -2.196988590331613866e-02 -5.388912631694201330e-03
2.335401551749062277e-01 6.057572942128688909e-02 -5.769108462326598234e-04
1.836110449395558231e-01 1.292149826877258822e-01 4.432617390040234293e-03
1.111637871327562921e-01 1.734981698025656882e-01 8.877016814638483133e-03
2.722782001956580017e-02 1.866835769556626501e-01 1.207966790374808731e-02
-5.541836628846934232e-02 1.667638454339714082e-01 1.355299606115654802e-02
-1.629364396500251611e-01 1.744181813953396554e-01 -5.350842308655073473e-03
-1.629364396500251611e-01 1.744181813953396554e-01 -5.350842308655073473e-03
-2.091394796220799601e-01 1.070620282803970424e-01 1.888029773169258574e-02
-2.251522460919346547e-01 2.611925970664567484e-02 4.010716604418398945e-02
-2.085369405206433935e-01 -5.608732155858511120e-02 5.509816435028277309e-02
-1.618230925633151462e-01 -1.270425087221787042e-01 6.157104905162341657e-02
-9.212246210936701762e-02 -1.759440177488513779e-01 5.854038212927273332e-02
-1.004633830762409648e-02 -1.953470371825754281e-01 4.646755514909456375e-02
1.412692524851231479e-01 -1.387824592739432539e-01 3.644106225479545880e-03
1.874722924571779470e-01 -7.142630615900061319e-02 -2.058703381486810119e-02
2.034850589270326693e-01 9.516462414750738799e-03 -4.181390212735951878e-02
1.868697533557413804e-01 9.172304367998140862e-02 -5.680490043345826773e-02
1.401559053984132164e-01 1.626782308435750501e-01 -6.327778513479892508e-02
7.045527494446496286e-02 2.115797398702478072e-01 -6.024711821244825571e-02
-6.463933272921465467e-02 -1.523727937383706210e-01 2.887644834530548113e-02
-1.467943770637463730e-01 -1.300009354279927920e-01 2.734771769573194483e-02
-2.141382227838232455e-01 -7.821805376499885165e-02 2.137879973899310670e-02
-2.564183798520452973e-01 -4.907623069588404330e-03 1.187840812562647799e-02
-2.671980776253539136e-01 7.876950814557144576e-02 2.928913575026845587e-04
-2.448362048359664922e-01 1.600742551880560138e-01 -1.161396066040246838e-02
-1.927371539051856986e-01 2.266287073500142246e-01 -2.202943764424523249e-02
-1.188325330581500583e-01 2.683005526073991565e-01 -2.936787763976951571e-02
-3.437365087176461748e-02 2.787456302759919735e-01 -3.251206968078097781e-02
4.778139346276698979e-02 2.563737719656141723e-01 -3.098333903120743457e-02
1.151252391828439525e-01 2.045908903026202319e-01 -2.501442107446860338e-02
1.574053962510660321e-01 1.312804596072096597e-01 -1.551402946110196426e-02
1.681850940243746484e-01 4.760332839204992061e-02 -3.928512692978176901e-03
1.458232212349872547e-01 -3.370141865043457807e-02 7.978339324926954357e-03
-1.594293251913800058e-01 5.216274715645695392e-02 -4.668327236154449361e-02
-1.921993254754152669e-01 -2.505054601684859883e-02 -3.266325253661989114e-02
-1.926824275586751234e-01 -1.078949156114401980e-01 -1.345639032475312233e-02
-1.608050835283147129e-01 -1.837580573426217390e-01 8.013243612938533017e-03
-1.014203300441130912e-01 -2.410904955829131779e-01 2.847709213215784962e-02
-2.356895749990920927e-02 -2.711638863300769309e-01 4.481971980110243531e-02
6.089686835889154826e-02 -2.693998284588233760e-01 5.455310970346426147e-02
1.391179912299047305e-01 -2.360668837888263150e-01 5.619544146000786389e-02
1.991859542322631793e-01 -1.762396909821969948e-01 4.949668494857392687e-02
2.319559545162984127e-01 -9.902639780889146981e-02 3.547666512364931052e-02
2.324390565995583524e-01 -1.618202821429993304e-02 1.626980291178259722e-02
2.005617125691978864e-01 5.968111351688172583e-02 -5.199831025909086753e-03
-2.282551457815319984e-01 -3.035277529392166329e-02 1.676862738952484069e-02
-2.630745184324402297e-01 4.502875389705712078e-02 -2.189532073787343967e-03
-2.655441712353701078e-01 1.280179506708726267e-01 -2.118609752861326176e-02
-2.352881219385340450e-01 2.059804621176536399e-01 -3.732901408875032717e-02
-1.769125797756053442e-01 2.670472026015537903e-01 -4.816066904382068636e-02
-9.930469186528248504e-02 3.019213144552802541e-01 -5.203204111611155203e-02
-1.427955562465631212e-02 3.052935302837145315e-01 -4.835374900169187029e-02
6.521852270841699273e-02 2.766504607961899342e-01 -3.768577933118100187e-02
1.270866813596019662e-01 2.203527536721106850e-01 -2.165223378152833500e-02
1.619060540105102530e-01 1.449712244811317829e-01 -2.694074318216106538e-03
1.643757068134401311e-01 6.198202770731640193e-02 1.630249113660979868e-02
-2.391632125054439229e-01 -2.550446044023181591e-02 9.800509015075476241e-03
1.453101681801210188e-01 1.798964490867154542e-01 -1.402676235998248297e-02
-2.341127719400853679e-01 1.006706283371297875e-02 3.758691405919389189e-02
-2.091691170424070101e-01 -7.128155333812645489e-02 3.322889756226120317e-02
-1.554877374460251205e-01 -1.367478900595321123e-01 2.367673438191529242e-02
-8.124113657157103208e-02 -1.763652910184901890e-01 1.038465477178901475e-02
2.267313644932461569e-03 -1.841023660516332983e-01 -4.623742640477651079e-03
1.857125577595681587e-01 -2.882984003394827716e-02 -3.786539496501373919e-02
1.933040729039701144e-01 5.601646620320431536e-02 -3.936499365763434372e-02
1.683604180062917843e-01 1.373650823750436900e-01 -3.500697716070165499e-02
1.146790384099098947e-01 2.028314190964494168e-01 -2.545481398035577200e-02
4.043243753545575775e-02 2.424488200554075490e-01 -1.216273437022946310e-02
-4.307601268104768732e-02 2.501858950885506028e-01 2.845663042037192315e-03
1.803326324457785179e-01 -2.267793524330224686e-01 -2.911401799830560817e-03
1.803326324457785179e-01 -2.267793524330224686e-01 -2.911401799830560817e-03
1.103192888124286813e-01 -2.751007633379305428e-01 -1.127655080329505611e-03
2.715176418520718130e-02 -2.929423722835756694e-01 1.074305076669171237e-03
-5.650843972687964734e-02 -2.775879560425712489e-01 3.359250198080949469e-03
-1.279248152598535526e-01 -2.313750852994803653e-01 5.379318102249992448e-03
-1.762248666298755484e-01 -1.613392507042221147e-01 6.826971762727713708e-03
-1.940553488569158047e-01 -7.814277319750305428e-02 7.481819032719490975e-03
-1.787017326556312735e-01 5.548437698225577863e-03 7.244165351574358494e-03
-1.325014669117901556e-01 7.699315378680499089e-02 6.150191337910684841e-03
2.067940134878125391e-02 1.431561736373582472e-01 2.164484461410951920e-03
1.043396052608679681e-01 1.278017573963538545e-01 -1.204606600008247940e-04
1.757559807938419705e-01 8.158888665326297085e-02 -2.140528564169871025e-03
2.240560321638640218e-01 1.155305205800463697e-02 -3.588182224647590551e-03
2.418865143909042226e-01 -7.164342544871438179e-02 -4.243029494639368251e-03
2.265328981896197469e-01 -1.553346363444428890e-01 -4.005375813494239240e-03
-1.531309227339696655e-01 2.882089664375406257e-02 2.442403593523330071e-02
-2.274601203531832760e-02 -2.504709631603971864e-01 3.104355449418187696e-02
6.029043246717399884e-02 -2.641633043651085977e-01 1.869180164048498891e-02
1.416819902907273110e-01 -2.448493329141051833e-01 3.281352468395670307e-03
2.090375345730144940e-01 -1.954694258792152306e-01 -1.284169183170507517e-02
2.521027942765867724e-01 -1.235412264765286677e-01 -2.722274392088745026e-02
2.643214739991264772e-01 -4.001515103435328985e-02 -3.767241898313525988e-02
2.438333905154846382e-01 4.239271262699896570e-02 -4.259984871676157636e-02
1.937576688111062873e-01 1.111365142942317974e-01 -4.125487661208360191e-02
1.217178835779353790e-01 1.557506333276226507e-01 -3.384226247983601610e-02
3.868143907544313587e-02 1.694429745323340064e-01 -2.149050962613914192e-02
-4.271011874811009301e-02 1.501290030813306753e-01 -6.080060454049849780e-03
-1.589869168256485832e-01 1.106503114201659865e-01 2.784375177815550523e-02
-1.589869168256485832e-01 1.106503114201659865e-01 2.784375177815550523e-02
-1.987482842287867923e-01 3.559861885333689968e-02 3.408785346447085890e-02
-2.071443405501373070e-01 -4.914225313939867001e-02 3.518446321353334294e-02
-1.296973083098256763e-01 -1.965763921416029403e-01 2.207648676684557942e-02
-5.564482834765542563e-02 -2.368241479817841944e-01 9.867471161001175120e-03
7.019658429689641654e-02 1.807339458505051177e-01 -9.314732233617161253e-03
