3.984678364650524884e-02 -9.284150951053492598e-03 2.227523001515973877e-01
2.099656779505833237e-02 -1.966566539870735209e-01 7.279505598638068287e-02
2.007559470818683425e-02 -2.072522458022527381e-01 -8.633463918935133791e-03
1.598621330662566842e-02 -1.860392393153550150e-01 -8.786100917215157458e-02
9.350994838427811179e-03 -1.362471224676279902e-01 -1.528259042079525010e-01
1.180091166971189778e-03 -6.545629368247483926e-02 -1.936378326653772353e-01
-7.282551693191149401e-03 1.555598507802579203e-02 -2.040835483978356846e-01
-1.474857308064805861e-02 9.445632875072340617e-02 -1.825727858757098532e-01
-2.008133891881162814e-02 1.592328752448462503e-01 -1.323803636974456022e-01
-2.246898395046415670e-02 2.000239825575202413e-01 -6.114762314424365686e-02
-2.154801086359266551e-02 2.106195743726994585e-01 2.028089676107219796e-02
-1.745862946203150662e-02 1.894065678858017909e-01 9.950844201428855895e-02
-6.605669203843381188e-02 -2.169361834013918897e-02 2.102498276107816755e-01
1.670559774538378228e-01 -5.173101214736210846e-02 -1.142807773070262378e-01
1.670559774538378228e-01 -5.173101214736210846e-02 -1.142807773070262378e-01
1.116569658987680430e-01 -3.676480503583288983e-02 -1.730226890021223374e-01
3.909293833801372881e-02 -1.595171084850667553e-02 -2.053480202562640022e-01
-3.958888982684818231e-02 7.539665495764739239e-03 -2.063355324158655801e-01
-1.124099235102658939e-01 3.013297489842287763e-02 -1.758348857064478132e-01
-1.682838204582532138e-01 4.838859081177279697e-02 -1.184895271004686446e-01
-1.987042863586161723e-01 5.952726120057732356e-02 -4.302976760871808637e-02
-1.990400810402346010e-01 6.185322447043944960e-02 3.905632843060798109e-02
-1.692400828068184593e-01 5.501237379843224723e-02 1.152718970078357164e-01
1.660997151052726328e-01 -4.510722916070268596e-02 1.194806468012780676e-01
1.965201810056355358e-01 -5.624589954950717091e-02 4.402088730952760653e-02
1.968559756872539646e-01 -5.857186281936929695e-02 -3.806520872979836378e-02
7.489205113003982728e-02 9.647036697102408243e-02 -1.782018773617940199e-01
7.489205113003982728e-02 9.647036697102408243e-02 -1.782018773617940199e-01
2.946283077605884454e-02 3.686663560480229335e-02 -2.118529948409605124e-01
-2.062348007091437466e-02 -2.820531120628259891e-02 -2.142654140208855862e-01
-6.774169461796655800e-02 -8.883885943890965087e-02 -1.850718659500599772e-01
-1.047184918279875365e-01 -1.358031010191448618e-01 -1.287168036820946215e-01
-1.259244895212529858e-01 -1.619481558983074387e-01 -5.377977458737567829e-02
-1.281312667818110818e-01 -1.632936764765576532e-01 2.833073796028617863e-02
-1.110028617762274794e-01 -1.396348194430311884e-01 1.051141527591593905e-01
1.024636240608030602e-01 1.377000366771595208e-01 1.153958172698044127e-01
1.236696217540685788e-01 1.638450915563221533e-01 4.045878817508534453e-02
1.258763990146266609e-01 1.651906121345723122e-01 -4.165172437257646382e-02
1.087479940090430586e-01 1.415317551010459030e-01 -1.184351391714495438e-01
-1.529617135933272198e-01 1.192193726611986970e-02 1.370865985125079012e-01
-1.529617135933272198e-01 1.192193726611986970e-02 1.370865985125079012e-01
-1.957305281495093918e-01 1.780934721138553375e-02 6.720330430356617757e-02
-2.085659956018051653e-01 2.119749982307441924e-02 -1.386012210476658679e-02
-1.895140323844047847e-01 2.157057957973682744e-02 -9.376250888361199742e-02
-1.414751271906807273e-01 1.887178847039730142e-02 -1.603394419628307033e-01
-7.176276786261751028e-02 1.351199297685046555e-02 -2.034551868025128440e-01
9.009970836198121988e-03 6.307173376321681402e-03 -2.165457620960171137e-01
8.854617164557121445e-02 -1.645801858860855386e-03 -1.976182464212679624e-01
1.547371689897304170e-01 -9.136164343040638000e-03 -1.495541824613891846e-01
1.975059835459125890e-01 -1.502357428830629685e-02 -7.967088825244744710e-02
2.103414509982084180e-01 -1.841172689999519621e-02 1.392538155885320733e-03
1.912894877808080374e-01 -1.878480665665760094e-02 8.129492493473067238e-02
1.432505825870839800e-01 -1.608601554731807493e-02 1.478718580139494199e-01
-1.968871770639950280e-01 7.209112199595801851e-02 4.623561625161157901e-02
-1.933475255052367059e-01 7.187187435816060066e-02 -3.577927638289916945e-02
-1.605661354835069277e-01 6.097814593499178287e-02 -1.102489142618354456e-01
-1.035336764655735292e-01 4.106840812698491633e-02 -1.658359700870777054e-01
-3.093282333638848469e-02 1.517373803318639372e-02 -1.940778185071485307e-01
4.618360214350226978e-02 -1.276363556039188107e-02 -1.906748941130856911e-01
1.160753232569232546e-01 -3.849050077704989359e-02 -1.561452612962987707e-01
1.681019590343855175e-01 -5.809017560216540865e-02 -9.574574364124263659e-02
1.943429258013983085e-01 -6.857878721510929365e-02 -1.867162018790862604e-02
1.908032742426399864e-01 -6.835953957731188968e-02 6.334327244660215017e-02
-2.508206782324010065e-03 -1.419951609721426256e-01 2.053524909321863268e-01
2.146535890904418750e-02 -7.069672586747535736e-02 2.453403137566380066e-01
4.712890287799585687e-02 1.012157861045303794e-02 2.535262069173804256e-01
7.057538319586348363e-02 8.815589822463221203e-02 2.286639423859967990e-01
-1.965539542672260220e-01 -7.042898908660205626e-02 4.358619402160451156e-02
-1.917097034947752021e-01 -6.728812931141139875e-02 -3.829244264461825059e-02
-1.577875477924464143e-01 -5.366566477787693829e-02 -1.117850185998307821e-01
-9.995182786081220627e-02 -3.163549222328072841e-02 -1.657029553667119237e-01
-2.700750777735701560e-02 -4.551505715048581938e-03 -1.918377358398180021e-01
4.994030096712127886e-02 2.346300331789028318e-02 -1.862105766044935551e-01
1.191769920248990505e-01 4.814307982742764558e-02 -1.496781616439912255e-01
1.701619068145969749e-01 6.573140589043713344e-02 -8.780221996888122604e-02
1.951330542388871048e-01 7.355031830239835977e-02 -1.000280279239093226e-02
1.902888034664362571e-01 7.040945852720773002e-02 7.187583387383171540e-02
1.175923259130220028e-01 5.129996222164678876e-02 -1.848409144401542137e-01
1.175923259130220028e-01 5.129996222164678876e-02 -1.848409144401542137e-01
4.989047923346699720e-02 2.198029129971105708e-02 -2.210077856831421106e-01
-2.543907637854389558e-02 -1.042098585658324944e-02 -2.261886169134950664e-01
-9.692809894520409975e-02 -4.097106851849914577e-02 -1.995946735407438943e-01
-1.536930328303429405e-01 -6.501898353794889618e-02 -1.452746423686929744e-01
-1.870919314253550458e-01 -7.890365384811380556e-02 -7.149825573097831621e-02
-1.920401151809195406e-01 -8.051126425912101536e-02 1.050270029141832373e-02
-1.677842679756491873e-01 -6.959707065891933275e-02 8.824432348460445330e-02
-1.180171226667438983e-01 -4.782266008572814975e-02 1.498911564469866675e-01
9.650330219148216260e-02 4.444837065441775703e-02 1.646449155475764314e-01
1.532682360766210450e-01 6.849628567386752132e-02 1.103248843755255254e-01
1.866671346716332058e-01 8.238095598403244457e-02 3.654849773781071454e-02
1.916153184271976728e-01 8.398856639503964050e-02 -4.545245828458585602e-02
1.673594712219273750e-01 7.307437279483798565e-02 -1.231940814777719301e-01
-1.623784731666998993e-01 3.166397194530377879e-02 1.377224616130696133e-01
-1.623784731666998993e-01 3.166397194530377879e-02 1.377224616130696133e-01
-1.994329990191422708e-01 3.911761242676507072e-02 6.483558718097806595e-02
-2.062532047406812341e-01 4.085483422756167743e-02 -1.696635632519056733e-02
-1.818007758355311976e-01 3.661116107647716111e-02 -9.522976454308658412e-02
-1.297983729426813448e-01 2.703265374177123842e-02 -1.580397430310974405e-01
-5.816289049961197166e-02 1.357755313576767750e-02 -1.958340419382963160e-01
2.219981866898509265e-02 -1.705723645060195932e-03 -2.028588218622349726e-01
9.905526058196363615e-02 -1.649043625408037547e-02 -1.780446237392823428e-01
1.607028909043884124e-01 -2.852574622032306301e-02 -1.251691842923917664e-01
1.977574167568308394e-01 -3.597938670178434106e-02 -5.228230986030024674e-02
2.045776224783697750e-01 -3.771660850258094083e-02 2.951963364586841429e-02
1.801251935732198217e-01 -3.347293535149645227e-02 1.077830418637643201e-01
-3.112258026387654947e-02 -2.850403117448592830e-02 2.230953996021967922e-01
5.296550619595380427e-02 -7.554010477648742672e-02 2.332553151892663990e-01
-2.048217001864936770e-02 -3.562441050961432515e-02 2.496823278530320711e-01
-9.330200496245893982e-02 5.277276135145218816e-03 2.328896448167396827e-01
-9.291888670381152904e-02 1.734060535269453529e-01 -9.590560701123346243e-02
-9.291888670381152904e-02 1.734060535269453529e-01 -9.590560701123346243e-02
-6.966503106175417348e-02 1.344747681361142810e-01 -1.644263754393588683e-01
-3.591914714888008037e-02 7.531668512543837624e-02 -2.103939621045904651e-01
3.181260116275088506e-03 4.938086363935266856e-03 -2.268102186343574356e-01
4.168350817366595767e-02 -6.594652447054275002e-02 -2.111759187857389364e-01
7.372597878030251461e-02 -1.265456079490436536e-01 -1.658712429854059534e-01
9.443049625204372188e-02 -1.676335029440253754e-01 -9.779341743605049486e-02
1.006449854907352781e-01 -1.829549499051976447e-01 -1.730667395053640464e-02
9.142334684427154412e-02 -1.701773974219844554e-01 6.333561038961324496e-02
6.816949120221417469e-02 -1.312461120311533558e-01 1.318563788177386231e-01
-7.522151863984256892e-02 1.297742640540046344e-01 1.333012463637857081e-01
-9.592603611158373456e-02 1.708621590489863007e-01 6.522342081443027739e-02
-1.021405253502752908e-01 1.861836060101585699e-01 -1.526332267108370527e-02
-1.539285660067333805e-01 9.861763171197870936e-03 1.245019827981294069e-01
-1.539285660067333805e-01 9.861763171197870936e-03 1.245019827981294069e-01
-1.974607116586974409e-01 1.360506813601195832e-02 5.490115291921244395e-02
-2.110863644102750347e-01 1.551337166674290717e-02 -2.611758270215714522e-02
-1.927311421468882457e-01 1.529615184965151496e-02 -1.062198560042931228e-01
-1.451894610676335295e-01 1.298647843278739715e-02 -1.732108220058609649e-01
-7.569911115041527694e-02 8.935978256626467275e-03 -2.168917134077409936e-01
5.160631761460636457e-03 3.761303255113687249e-03 -2.306125104622635813e-01
8.507960480505603884e-02 -1.749749211316323477e-03 -2.122843461972126755e-01
1.518908688017780728e-01 -6.758171362464602053e-03 -1.646975174767195127e-01
1.954230144537421610e-01 -1.050147632727868596e-02 -9.509668759780257052e-02
2.090486672053197548e-01 -1.240977985800963655e-02 -1.407795197643296227e-02
1.906934449419329936e-01 -1.219256004091824781e-02 6.602432132570293377e-02
1.431517638626783051e-01 -9.882886624054135205e-03 1.330152873272708036e-01
7.366141394545992760e-02 -5.832386447893195790e-03 1.766961787291509156e-01
-7.198328966415950235e-03 -6.577114463804222683e-04 1.904169757836734755e-01
-8.711730201001122165e-02 4.853341020049585855e-03 1.720888115186226530e-01
3.948601191507462860e-02 -9.869846787330072493e-03 2.071972727156755623e-01
1.847421720840278572e-02 -1.565205772385611371e-01 1.286349889964747695e-01
1.847421720840278572e-02 -1.565205772385611371e-01 1.286349889964747695e-01
2.082844451593680521e-02 -1.973817747846000337e-01 5.739675616361507998e-02
1.990561095370127834e-02 -2.080367093023830216e-01 -2.406296650285882910e-02
1.584620956603949998e-02 -1.868632635987996227e-01 -1.033426746612011726e-01
9.268247415657760238e-03 -1.370849028444570683e-01 -1.683727514166484251e-01
1.173159610576285936e-03 -6.627993122224018485e-02 -2.092529570822974083e-01
-7.206650113034949665e-03 1.477223618703459029e-02 -2.197596509255402841e-01
-1.459543168792044182e-02 9.373214163503246210e-02 -1.982932840521601792e-01
-1.986831009877563711e-02 1.585788552906209903e-01 -1.481219162255289490e-01
-2.222253740630966007e-02 1.994400528366598868e-01 -7.688368339266926643e-02
-2.129970384407414014e-02 2.100949873544429303e-01 4.576039273804706833e-03
-1.724030245641236178e-02 1.889215416508595313e-01 8.385574743214693760e-02
-1.066234030603061336e-02 1.391431808965170325e-01 1.488858241875942179e-01
4.250864095732821007e-02 -1.360202890206988098e-02 2.325568890605746453e-01
2.830228124200186851e-02 -1.978828670988044547e-01 7.833728053781002787e-02
2.697322740073826441e-02 -2.065835624528464531e-01 -3.289163766555625729e-03
2.145579336898214076e-02 -1.836660392463615454e-01 -8.193196347076234232e-02
1.258995846240433189e-02 -1.326192826396720148e-01 -1.456184652185992801e-01
1.725465676537715851e-03 -6.121469858614534548e-02 -1.846529764385341221e-01
-9.483664448841844924e-03 1.967701227623533736e-02 -1.930928466460573034e-01
-1.933094346316293830e-02 9.774082025385757988e-02 -1.696531821096872450e-01
-2.631721240230172620e-02 1.610922182323098750e-01 -1.179024592739982003e-01
-2.937887515095996549e-02 2.000865301512255445e-01 -4.571925656925309583e-02
-2.804982130969637527e-02 2.087872255052675707e-01 3.590718773511254736e-02
1.665143784333653065e-02 -1.570392353975690602e-01 1.278824347151687468e-01
1.665143784333653065e-02 -1.570392353975690602e-01 1.278824347151687468e-01
1.937104018503317884e-02 -1.983779365394039707e-01 5.692444525637378738e-02
1.905758629503652088e-02 -2.095577709456885318e-01 -2.447723633763430884e-02
1.575879668663194774e-02 -1.888767101735172038e-01 -1.039299419522488749e-01
9.976882174096790221e-03 -1.394832582511702501e-01 -1.693377173982148209e-01
2.592086828778965117e-03 -6.889712048106837183e-02 -2.107428217868446974e-01
-5.271321201333400291e-03 1.213560352622265401e-02 -2.218417033131755978e-01
-1.241620932562700202e-02 9.127841610406517425e-02 -2.009446578764351732e-01
-1.775483309575027341e-02 1.564825414688651439e-01 -1.512330712121785770e-01
-2.047443543744692160e-02 1.978212426107000821e-01 -8.027508175338357588e-02
-2.016098154745026017e-02 2.090010770169846432e-01 1.126599840624518609e-03
-1.686219193904569050e-02 1.883200162448133430e-01 8.057930545523898924e-02
-1.108027742651054165e-02 1.389265643224663893e-01 1.459870809012049631e-01
-1.010559429049383562e-01 -1.458407241430523249e-01 1.155959372878189312e-01
-1.194108834457547619e-01 -1.679500058365235304e-01 3.866801467452450625e-02
-1.196178416696055680e-01 -1.641505691103888609e-01 -4.336338727444172259e-02
-1.016453100629905321e-01 -1.350208437642225756e-01 -1.180097312288601041e-01
-6.822944364161206976e-02 -8.499556642036074083e-02 -1.739067879924632853e-01
-2.445750515254160179e-02 -2.169063207413798183e-02 -2.025447373810741469e-01
2.300662456287039248e-02 4.525635688089225950e-02 -1.995637112039343186e-01
6.693696201885969421e-02 1.056533282522926498e-01 -1.654175436734437454e-01
1.006455115672526823e-01 1.503053906486763736e-01 -1.053046792603401643e-01
1.190004521080690603e-01 1.724146723421475791e-01 -2.837675664704567002e-02
1.192074103319199080e-01 1.686152356160128818e-01 5.365464530192049636e-02
1.012348787253048721e-01 1.394855102698466243e-01 1.283009892563388987e-01
-5.090696045380998375e-02 -4.133135168127041736e-02 2.061680245030544090e-01
4.548684493832223091e-02 1.217136705502957633e-01 -1.700839235883224443e-01
4.548684493832223091e-02 1.217136705502957633e-01 -1.700839235883224443e-01
2.105445106900439775e-02 5.236752084608338464e-02 -2.067086719290580354e-01
-6.687488483870248669e-03 -2.473660291554992743e-02 -2.124131814436537868e-01
-3.351551490468483024e-02 -9.786029684251791594e-02 -1.863289922700200052e-01
-5.534530436753543059e-02 -1.558711414023757902e-01 -1.324271857560787580e-01
-6.885346931423724781e-02 -1.899375113805006343e-01 -5.891382332248481374e-02
-7.198351408347516966e-02 -1.948731107601358037e-01 2.301935200053702169e-02
-6.425891773305918153e-02 -1.699265392770516192e-01 1.008987569961406067e-01
5.397646927215779544e-02 1.586891256543574436e-01 1.252112204000659368e-01
6.748463421885966818e-02 1.927554956324823432e-01 5.169785796647188153e-02
7.061467898809757615e-02 1.976910950121174848e-01 -3.023531735654990532e-02
6.289008263768160190e-02 1.727445235290333558e-01 -1.081147223521533585e-01
-2.444226389825894519e-02 -1.370364043556218381e-01 2.115048647724362407e-01
-2.444226389825894519e-02 -1.370364043556218381e-01 2.115048647724362407e-01
1.131861303821175280e-01 6.242757930835450553e-02 2.228610124559883277e-01
7.130153085716756101e-02 -6.028275120336764464e-03 2.514438963614079037e-01
2.297286570751052096e-02 -7.607071168524155713e-02 2.474561476002739013e-01
-1.108797971978865288e-01 -1.735092082348030085e-01 4.531448932459500312e-02
-1.109397212459969917e-01 -1.694147491022268970e-01 -3.668410642179464887e-02
-9.412641087994491618e-02 -1.391581684574539346e-01 -1.111313347992223810e-01
-6.299954018992370841e-02 -8.734575642706433884e-02 -1.666932801530304209e-01
-2.229789307270367213e-02 -2.186548306200030573e-02 -1.949111399733904904e-01
2.178207365946839211e-02 4.731387359806338289e-02 -1.914890008981889602e-01
6.252958465751268236e-02 1.096603836140617877e-01 -1.569478525798573276e-01
9.374120074908399991e-02 1.556823560085797975e-01 -9.654627173357235859e-02
1.106652363182450555e-01 1.783733626747707190e-01 -1.947985150148707004e-02
1.107251603663555461e-01 1.742789035421945798e-01 6.251874424490255766e-02
