1.093199857504587452e-01 -1.449841407105366409e-02 -1.689831633322352866e-01
1.093199857504587452e-01 -1.449841407105366409e-02 -1.689831633322352866e-01
1.160440929606576105e-01 -9.824677071727934419e-02 -1.626289590865625800e-01
1.021407317015652488e-01 -1.753233769466754910e-01 -1.315601630337516204e-01
6.972656269059480938e-02 -2.339940181619920012e-01 -8.050671773350533134e-02
2.373634932449273857e-02 -2.653266210888838850e-01 -1.724104743215213939e-02
-2.882831531407423209e-02 -2.645510809624846416e-01 4.860522307165632966e-02
-7.996493753375576163e-02 -2.317854667367498789e-01 1.070075959916437502e-01
-1.218884301562401656e-01 -1.720180461565150587e-01 1.490748394695709522e-01
-1.482163214671611551e-01 -9.434786721210428051e-02 1.684025970264352023e-01
-1.549404286773600203e-01 -1.059951056587860041e-02 1.620483927807624958e-01
-1.410370674182676864e-01 6.647709566351762966e-02 1.309795967279515361e-01
8.299209443953772802e-02 6.317176487335725288e-02 -1.496554057753709810e-01
1.222103240545590330e-01 -4.403950599330293258e-02 -1.628171755337864401e-01
1.222103240545590330e-01 -4.403950599330293258e-02 -1.628171755337864401e-01
1.230297056450805893e-01 -1.275468044104041132e-01 -1.510005511662063926e-01
1.022195520556935244e-01 -2.015405982513290006e-01 -1.162783843678772272e-01
6.294802052586986885e-02 -2.547560031592080998e-01 -6.393681027661880789e-02
1.119384573370554165e-02 -2.790914561356638846e-01 -1.944359070274502901e-03
-4.516386836145522277e-02 -2.708421050664612251e-01 6.026118051795931185e-02
-9.754517067257464924e-02 -2.312638388713326720e-01 1.132095789803946040e-01
-1.379754827604726952e-01 -1.663820898006100890e-01 1.488399226295528954e-01
-1.602996561114586604e-01 -8.607451599579103718e-02 1.617278146347193302e-01
-1.611190377019802167e-01 -2.567217578689849622e-03 1.499111902671392826e-01
-1.403088841125931241e-01 7.142657626223503087e-02 1.151890234688101172e-01
5.945583861567500100e-02 1.011498168822387300e-01 -1.142989398794617140e-01
9.988615070357304004e-02 3.626806781151624415e-02 -1.499292835286200332e-01
1.131735651575197649e-01 -2.302336497517671332e-01 3.828566998891345941e-02
1.131735651575197649e-01 -2.302336497517671332e-01 3.828566998891345941e-02
4.356748558872437782e-02 -2.691095870905348963e-01 1.067099190140122916e-02
-3.522565076617663327e-02 -2.764161816068612665e-01 -1.860648412905882218e-02
-1.112103031587093060e-01 -2.510410705200797343e-01 -4.508952777781029264e-02
-1.728184970646997054e-01 -1.968473844671980999e-01 -6.474633571871923898e-02
-2.106709434416292881e-01 -1.220856208827800493e-01 -7.458433713219000949e-02
-2.190049504618913900e-01 -3.813758055547877834e-02 -7.310578548472651539e-02
-1.965517411046128204e-01 4.221640836575471512e-02 -6.053577686155107301e-02
-1.467296129555896722e-01 1.067431794783860188e-01 -3.878798112813021393e-02
-7.712353338679431292e-02 1.456191168171537820e-01 -1.117330304061799409e-02
1.392624492666297842e-01 7.335691419381701328e-02 6.424402457950247058e-02
1.771148956435594224e-01 -1.404849390601134451e-03 7.408202599297324109e-02
1.854489026638214688e-01 -8.535288971790229440e-02 7.260347434550978862e-02
1.629956933065430102e-01 -1.657068786391356907e-01 6.003346572233434625e-02
-1.102924773589143564e-01 6.919843826976275480e-02 -1.576893667091833484e-01
-1.183820660410843106e-01 -9.362211004350008692e-03 -1.868062623476009765e-01
-1.114481549887980510e-01 -9.324767031740324730e-02 -1.872078397279623718e-01
-9.054636930370590919e-02 -1.696871389125669816e-01 -1.588329623344155173e-01
-5.885881638120409043e-02 -2.270434006217356693e-01 -1.060014480312238966e-01
-2.120963890536096963e-02 -2.565844845354956494e-01 -3.675641595217866986e-02
1.666941714377005376e-02 -2.538130284185694530e-01 3.836020547646450118e-02
4.901160885720690086e-02 -2.191509613414467927e-01 1.079125915760635324e-01
7.089313072927681814e-02 -1.578752688041991648e-01 1.613120220569045637e-01
7.898271941144680008e-02 -7.931461953008636656e-02 1.904289176953221918e-01
7.204880835916056825e-02 4.570839782966816534e-03 1.908304950756835872e-01
5.114702267406842640e-02 8.101030837813051610e-02 1.624556176821367881e-01
8.069824428124160176e-02 9.393287036375744248e-02 -1.706955638930346686e-01
8.069824428124160176e-02 9.393287036375744248e-02 -1.706955638930346686e-01
6.101035760811029940e-02 1.669392645964754354e-02 -1.976212829108671409e-01
3.025928018227140234e-02 -6.151799547555404646e-02 -1.936554051952081856e-01
-6.873415217402150876e-03 -1.287958393200506757e-01 -1.594016996774959560e-01
-1.096428471571074537e-01 -1.378341359362984797e-01 1.275599842502967152e-01
-1.040154535115309364e-01 -7.332709909991091957e-02 1.812781033634061900e-01
-8.432756683839966183e-02 3.911844804198989778e-03 2.082038223812386624e-01
-5.357648941256078212e-02 8.212376673940056937e-02 2.042379446655797071e-01
-1.644379401288724452e-02 1.494016105838971431e-01 1.699842391478675330e-01
2.141740309474273948e-02 1.955029344875374164e-01 1.106575219825599449e-01
1.652840465845001328e-02 -1.318470634780973261e-01 -7.949233346167315639e-02
1.000245866650393278e-01 -1.264547730402648673e-01 -9.451036472862718585e-02
1.773367044631867229e-01 -9.117157950267321120e-02 -9.655074810752591052e-02
2.366946889542171084e-01 -3.136902923847476043e-02 -8.530285372505336250e-02
2.690618250808405332e-01 4.384848158607434349e-02 -6.247907153852449991e-02
2.695105097765982394e-01 1.230297687963700648e-01 -3.155411548773760094e-02
2.379724348638979636e-01 1.941201991948008077e-01 2.763970203999658454e-03
1.022802769555344049e-01 2.716164391894140828e-01 6.095988811774995242e-02
1.878409494894512505e-02 2.662241487515816241e-01 7.597791938470396800e-02
-5.852802284920213816e-02 2.309409552139900235e-01 7.801830276360272043e-02
1.333898929254438981e-01 -1.484284920234912875e-01 1.026734190202725251e-02
1.333898929254438981e-01 -1.484284920234912875e-01 1.026734190202725251e-02
6.211122971985973129e-02 -1.932198468677860936e-01 8.513859486435152932e-03
-2.085334477453851601e-02 -2.073241573582984554e-01 5.696803879051206242e-03
-1.028732261667192754e-01 -1.885941700787407971e-01 2.245046259426950949e-03
-1.714616310267993715e-01 -1.398813558046682892e-01 -1.315914565110569076e-03
-2.161765964702698495e-01 -6.860179892654749700e-02 -4.443954589215765548e-03
-2.302106743505335507e-01 1.439283417171989543e-02 -6.662858074972057010e-03
-2.114273035295530789e-01 9.646736294914515231e-02 -7.634817081083230747e-03
-1.626860819431421579e-01 1.651266844068213502e-01 -7.211859659699195596e-03
-9.140741873755796332e-02 2.099180392511161841e-01 -5.458377244107097750e-03
-8.442844243159663975e-03 2.240223497416285181e-01 -2.641321636723151060e-03
7.357703714902102954e-02 2.052923624620708876e-01 8.104359829011039068e-04
1.868804074525717007e-01 8.529999130987750422e-02 7.499436831543825066e-03
2.009144853328353186e-01 2.305358211610200256e-03 9.718340317300106987e-03
1.821311145118549024e-01 -7.976917056581497856e-02 1.069029932341128766e-02
-3.945927646598824945e-02 -1.135682144800952004e-01 1.695769135610926126e-01
-3.945927646598824945e-02 -1.135682144800952004e-01 1.695769135610926126e-01
-1.029926549920868600e-01 -1.209227752147296747e-01 -1.286223902989170054e-01
-8.305529751202642141e-02 -5.918347325725373254e-02 -1.822039562459820961e-01
-5.146995122184297444e-02 1.457689970109404820e-02 -2.075416183243670165e-01
-1.304519877233979719e-02 8.912899551685118937e-02 -2.007779471691163997e-01
2.636913959729455040e-02 1.531229334185001123e-01 -1.629426504007854271e-01
8.990251812339321302e-02 1.604774941531346699e-01 1.352566534592241354e-01
6.996516064333271889e-02 9.873819219565858896e-02 1.888382194062892816e-01
3.837981435314929968e-02 2.497781923731090190e-02 2.141758814846741743e-01
-4.493809635380905526e-05 -4.957427657844618030e-02 2.074122103294236408e-01
2.836155776119453353e-04 -1.671600362182170119e-01 1.438122596248340712e-01
2.836155776119453353e-04 -1.671600362182170119e-01 1.438122596248340712e-01
-9.732457481083815753e-02 -1.449778794101339030e-01 -1.442555536746585876e-01
-9.757763110229465686e-02 -7.318288543258694157e-02 -1.881281698069833808e-01
-8.548159562768653519e-02 8.688337662553651669e-03 -2.032998670989713819e-01
-6.287798013718831625e-02 8.817163832353823449e-02 -1.874608921696958863e-01
-3.320798018694367387e-02 1.531664045426465171e-01 -1.430225853714737205e-01
6.440021020150643594e-02 1.309842477345635470e-01 1.450452279280189105e-01
6.465326649296292139e-02 5.918925375701647451e-02 1.889178440603437592e-01
5.255723101835481359e-02 -2.268196933812407015e-02 2.040895413523317325e-01
2.995361552785663281e-02 -1.021652699991085350e-01 1.882505664230562370e-01
1.305285673454943396e-01 -2.046106909624874071e-01 -2.382854886458576037e-03
1.305285673454943396e-01 -2.046106909624874071e-01 -2.382854886458576037e-03
6.080362404684909461e-02 -2.518798954171770355e-01 1.291391375275451362e-03
-2.171933085531271845e-02 -2.688424401625010840e-01 4.708917285791675011e-03
-1.044769255495860832e-01 -2.529159315268349473e-01 7.349435505163525242e-03
-1.748700664432319418e-01 -2.065250360757984183e-01 8.810951070848904026e-03
-2.221820359506038456e-01 -1.367323471072974805e-01 8.870961486643800034e-03
-2.392100155982760379e-01 -5.416316884448534735e-02 7.520330710739223101e-03
-2.233616498439102982e-01 2.861208981358964731e-02 4.964680035268166820e-03
-1.770497087078155563e-01 9.899164609582387919e-02 1.593084108540038756e-03
-1.073247654091703390e-01 1.462608505505135215e-01 -2.081162153193987993e-03
1.756608945882826844e-01 3.111330224063389716e-02 -9.660732264562340785e-03
1.926888742359547935e-01 -5.145587602217815276e-02 -8.310101488657758648e-03
1.768405084815891093e-01 -1.342311346802530780e-01 -5.754450813186707571e-03
1.176849703182335227e-02 -2.041346665768706270e-01 1.328926900015940937e-01
1.176849703182335227e-02 -2.041346665768706270e-01 1.328926900015940937e-01
-1.194975971986226779e-02 -2.439590620045169744e-01 6.264928486362011939e-02
-3.700761476507091752e-02 -2.524252321013393807e-01 -1.724503285872452593e-02
-5.959023682319117277e-02 -2.282442792161197831e-01 -9.462707753600640981e-02
-7.625962639785296981e-02 -1.750975342247490241e-01 -1.577161343360913293e-01
-8.447802003470680776e-02 -1.010761072757203477e-01 -1.969074662648901963e-01
-8.299424180246559035e-02 -1.744908961611707846e-02 -2.062345483065521345e-01
-7.203418348650478253e-02 6.305206339618905920e-02 -1.842774167704433474e-01
-5.326641461225344737e-02 1.281717809598436619e-01 -1.343788458910433470e-01
3.476170881742288166e-02 9.913464860772217002e-02 1.562299784466419927e-01
4.298010245427673348e-02 2.511322165869328549e-02 1.954213103754409986e-01
4.149632422203549525e-02 -5.851379600090985539e-02 2.047483924171029090e-01
3.053626590607472907e-02 -1.390149490132159271e-01 1.827912608809941497e-01
1.578124676484828903e-01 9.980977552394108138e-03 -1.474085597414316884e-01
1.578124676484828903e-01 9.980977552394108138e-03 -1.474085597414316884e-01
1.235694583005018249e-01 -6.666043525466083808e-02 -1.535027860475059458e-01
7.038595609859092661e-02 -1.296396546705604891e-01 -1.365097740766905432e-01
6.358667143343195959e-03 -1.693686654472798814e-01 -9.901655585950493166e-02
-1.539851219555135042e-01 -1.111146014540272953e-01 6.933625076088067996e-02
-1.695854826743777855e-01 -4.245628679957454826e-02 1.154480064722873678e-01
-1.594961539399039341e-01 3.617935905489869097e-02 1.437016803444505497e-01
-1.252531445919229103e-01 1.128207718619536337e-01 1.497959066505248071e-01
-7.206964239001198425e-02 1.757999912778532847e-01 1.328028946797093768e-01
-8.042353434764282216e-03 2.155290020545726770e-01 9.530967646252384851e-02
5.708114793920363028e-02 2.259594224457357192e-01 4.302425459566518173e-02
1.133863989937151234e-01 2.055033154987841171e-01 -1.609338941016701108e-02
1.679017963829566862e-01 8.861662340686748962e-02 -1.191548858692684787e-01
-1.268264090212878059e-01 1.947893801521781987e-01 -5.244683398593412427e-02
-1.268264090212878059e-01 1.947893801521781987e-01 -5.244683398593412427e-02
-1.838622436930449355e-01 1.331391559171337113e-01 -5.842713830460830038e-02
-2.141966408354412654e-01 5.465588300382846765e-02 -5.529650777670071238e-02
-2.132114634655417063e-01 -2.871207173932741746e-02 -4.353155252084889987e-02
-1.810566959072584248e-01 -1.042726929350800968e-01 -2.492338032517131194e-02
-1.226276100376462036e-01 -1.605225609651129981e-01 -2.304916722958853543e-03
3.482652378459692721e-02 -1.850795148347905150e-01 4.110276496967403548e-02
1.098806071880687601e-01 -1.496480270571179105e-01 5.528355701400549521e-02
1.669164418598259036e-01 -8.799780282207338156e-02 6.126386133267968520e-02
1.972508390022222335e-01 -9.514529908768096234e-03 5.813323080477211108e-02
1.962656616323227021e-01 7.385342483438768479e-02 4.636827554892031245e-02
2.987370268615224117e-02 2.340394964232374031e-01 -1.804365921116337160e-02
-5.177232561781583420e-02 2.302208679298508587e-01 -3.826604194160261596e-02
-1.194151680038850194e-01 4.414070345173110033e-02 1.590445924192439020e-01
-1.194151680038850194e-01 4.414070345173110033e-02 1.590445924192439020e-01
-1.356586082036648211e-01 -2.627222896489428416e-02 1.153954893977296309e-01
-4.582855797862610964e-02 -1.277045912473313560e-01 -8.320134008516560931e-02
1.502500282343813276e-02 -1.076635544609377132e-01 -1.381765670319525519e-01
7.746245757796524356e-02 -6.220218810359758044e-02 -1.722632654393214946e-01
1.319782697955152462e-01 1.758426905096303894e-03 -1.802720444714410175e-01
1.702729012530344865e-01 7.448086673448917061e-02 -1.609836401204335909e-01
1.466915550841652593e-01 2.378958024707211183e-01 1.376801684874589572e-02
9.668629122777572249e-02 2.463261614335516270e-01 8.126229238397583710e-02
3.583273042571134132e-02 2.262851246471579980e-01 1.362375193307628907e-01
-2.660472432881571397e-02 1.808237582898179208e-01 1.703242177381317779e-01
-8.112053654636569577e-02 1.168631432811241128e-01 1.783329967702513286e-01
-7.198253737074836872e-03 -1.005589441290638819e-01 1.584913755134795543e-01
-7.198253737074836872e-03 -1.005589441290638819e-01 1.584913755134795543e-01
-1.522986613263128397e-01 -5.559713357915775644e-02 -1.059527875137174363e-01
-1.345727576283101135e-01 7.360908058623695516e-03 -1.588845227149120465e-01
-9.523841058583568109e-02 7.591561689680315084e-02 -1.877419706103772568e-01
-4.028391796936235669e-02 1.396301599647510328e-01 -1.881318463514450867e-01
2.192439688396784908e-02 1.888045756541433806e-01 -1.599947948907703421e-01
8.191588195751381418e-02 2.159525049434584398e-01 -1.076144272502340959e-01
1.670248044732059456e-01 1.438427651042373523e-01 1.044493681364266208e-01
1.492989007752031916e-01 8.088472346645578237e-02 1.573811033376213142e-01
1.099645537327287870e-01 1.233001462827635480e-02 1.862385512330864967e-01
5.501006111625553197e-02 -5.138452843967146466e-02 1.866284269741543544e-01
-3.367187640433949580e-02 -1.027701108293356536e-01 1.680691236871417471e-01
-3.367187640433949580e-02 -1.027701108293356536e-01 1.680691236871417471e-01
-1.065316406782970543e-01 -3.118177467870618044e-02 -1.756519040099676909e-01
-6.829086288377264613e-02 3.867008805774158758e-02 -2.027978829873556266e-01
-1.981823197022015634e-02 1.073196560087466833e-01 -1.987748417022859315e-01
3.150673341126544041e-02 1.643156547636516751e-01 -1.641952517214504415e-01
7.787027254332277992e-02 2.009809601820375935e-01 -1.043235421546676867e-01
1.265536105950169354e-01 1.531471632420011442e-01 1.253435059562085230e-01
1.043664976852229642e-01 9.272731861302223322e-02 1.795257759756589688e-01
6.612571989069861156e-02 2.287545587657450682e-02 2.066717549530469045e-01
1.765308897714618769e-02 -4.577411207443055075e-02 2.026487136679772372e-01
