1.554309545200818765e-01 -1.461923132032002526e-01 6.760810224252700520e-03
1.554309545200818765e-01 -1.461923132032002526e-01 6.760810224252700520e-03
8.604286152287501932e-02 -1.904781740541638124e-01 9.584061039067318447e-03
4.957582292273257987e-03 -2.048609112626630924e-01 1.107738911751567079e-02
-7.548038444875082575e-02 -1.871508834685415290e-01 1.101344879670673217e-02
-1.430250874358607038e-01 -1.400442818616523533e-01 9.401974410863217155e-03
-1.873934579335261030e-01 -7.071265951423759410e-02 6.488298327178111842e-03
-2.018308137337576358e-01 1.028887256403047609e-02 2.716001316853007379e-03
-1.841391982909262037e-01 9.062856539495244002e-02 -1.340618596247655434e-03
-1.370119996813096153e-01 1.580754290261493777e-01 -5.063977803705382516e-03
-6.762390668410278582e-02 2.023612898771129653e-01 -7.887228618520003912e-03
1.346137254649899112e-02 2.167440270856122453e-01 -9.380556696968354521e-03
9.389933928752303149e-02 1.990339992914907097e-01 -9.316616376159415902e-03
1.614440422746329096e-01 1.519273976846015894e-01 -7.705141990315900885e-03
2.058124127722983920e-01 8.259577533718669151e-02 -4.791465906630792103e-03
2.202497685725298970e-01 1.594243258918728000e-03 -1.019168896305690675e-03
2.025581531296985205e-01 -7.874544957200314832e-02 3.037451016794967366e-03
6.629819393782000747e-02 1.091146055026943340e-01 -2.047766498924102063e-01
6.629819393782000747e-02 1.091146055026943340e-01 -2.047766498924102063e-01
2.803289549903857647e-02 4.273493588400283094e-02 -2.401863807199005885e-01
-1.444466510817671995e-02 -3.012429621933091287e-02 -2.435822285880860638e-01
-5.466766434142314446e-02 -9.837093319015802195e-02 -2.144472064424730873e-01
-8.651251518983496536e-02 -1.516150432069748033e-01 -1.572168572950977394e-01
-1.051311277860332016e-01 -1.817506931787800373e-01 -8.060398300924098702e-02
-1.076889871403902132e-01 -1.841900035777137568e-01 3.727800802510256029e-03
-9.379668235325792913e-02 -1.585616115079420407e-01 8.293974452434080269e-02
-6.556919089442070359e-02 -1.087672073401350081e-01 1.449725477826598885e-01
-2.730389245563927259e-02 -4.238753772144351201e-02 1.803822786101502706e-01
1.517366815157605506e-02 3.047169438189024568e-02 1.837781264783358015e-01
5.539666738482243447e-02 9.871833135271732007e-02 1.546431043327228527e-01
8.724151823323425536e-02 1.519624413695341569e-01 9.741275518534747713e-02
1.058601308294325472e-01 1.820980913413394187e-01 2.079988089949060676e-02
1.084179901837895449e-01 1.845374017402731381e-01 -6.353190291226051833e-02
9.452568539665724690e-02 1.589090096705014221e-01 -1.427438466340909817e-01
1.554293263809511660e-01 -4.269154087778402433e-03 -1.665112057373460963e-01
1.554293263809511660e-01 -4.269154087778402433e-03 -1.665112057373460963e-01
8.616009844327471301e-02 2.059994184018181223e-03 -2.143429030395226920e-01
3.819411768196041054e-03 8.093128219573218762e-03 -2.319431284733275977e-01
-7.905711051818750668e-02 1.291175805246967852e-02 -2.166324072629049191e-01
-1.498522691753194913e-01 1.578229097163729236e-02 -1.707416579205081053e-01
-1.977881430573627808e-01 1.626771436157849540e-02 -1.012573310328384324e-01
-2.155669299055551491e-01 1.429412691154872614e-02 -1.875778549155183300e-02
-2.004819705873634450e-01 1.016198942020023199e-02 6.419717075493350245e-02
-1.548298134134855897e-01 4.500382362671184570e-03 1.349783976066410707e-01
-8.556058547580917828e-02 -1.828765909125393881e-03 1.828100949088176386e-01
-3.219898800730504156e-03 -7.861899944680434890e-03 2.004103203426225721e-01
7.965662348565299977e-02 -1.268052977757689638e-02 1.850995991321999212e-01
1.504517821427849844e-01 -1.555106269674451369e-02 1.392088497898031629e-01
1.983876560248283849e-01 -1.603648608668571673e-02 6.972452290213335124e-02
2.161664428730207255e-01 -1.406289863665594400e-02 -1.277502263915315101e-02
2.010814835548291046e-01 -9.930761145307451590e-03 -9.572997888563843094e-02
-1.530839781706316016e-01 3.825617253910753874e-03 1.762343865832007306e-01
-1.530839781706316016e-01 3.825617253910753874e-03 1.762343865832007306e-01
-1.738799185213038834e-01 -1.186371875310081592e-01 6.682080187543706917e-02
1.761485801511926408e-01 1.210761801586937442e-01 -1.757640480005158434e-02
2.830553629691100540e-02 1.612248616207033469e-01 1.675779361712210758e-01
-4.194904398245340171e-02 1.247617917373224083e-01 1.968356077549658356e-01
-1.056445710006791161e-01 6.949052728941353119e-02 1.998753489038228859e-01
1.570624227503927550e-01 -8.199466926795587196e-03 -1.709061197817020039e-01
1.570624227503927550e-01 -8.199466926795587196e-03 -1.709061197817020039e-01
8.825357972596252487e-02 -5.543908784385653821e-03 -2.197302842869093831e-01
6.026253215160493233e-03 -2.032275692063073569e-03 -2.384877658596263883e-01
-7.710119171331460131e-02 1.800818044899295690e-03 -2.243229079674006754e-01
-1.484733551212672753e-01 5.371818652130181879e-03 -1.793921818195671203e-01
-1.972244721201091289e-01 8.137073658379801941e-03 -1.105358831740866771e-01
-2.159326270767425171e-01 9.675598056045701598e-03 -2.823675931583212104e-02
-2.017496729888670626e-01 9.753165452341640979e-03 5.497589419119293386e-02
-1.568348360475628200e-01 8.357966914331764474e-03 1.264337051751262542e-01
-8.802599302313260377e-02 5.702408771921833701e-03 1.752578696803335778e-01
-5.798666512330549576e-03 2.190775679599249546e-03 1.940153512530505830e-01
7.732877841614449466e-02 -1.642318057363113641e-03 1.798504933608249257e-01
1.487009418240971825e-01 -5.213318664594005468e-03 1.349197672129914261e-01
1.974520588229391194e-01 -7.978573670843629867e-03 6.606346856751083019e-02
2.161602137795724798e-01 -9.517098068509522585e-03 -1.623565529074366340e-02
2.019772596916970531e-01 -9.594665464805463700e-03 -9.944830879776861421e-02
4.491940282256424305e-02 -1.747784338843062502e-01 1.452121947282629666e-01
4.491940282256424305e-02 -1.747784338843062502e-01 1.452121947282629666e-01
5.539269401031208379e-02 -2.082001820873758124e-01 6.821648694515378142e-02
5.756798431472868322e-02 -2.105779752772570512e-01 -1.630958187336131043e-02
5.111410550602225877e-02 -1.815498159955395430e-01 -9.549768398038518957e-02
3.701360212826129009e-02 -1.255349783519456031e-01 -1.572921486720567363e-01
1.741314799932849183e-02 -5.106121360194471048e-02 -1.922853288672862204e-01
-4.703265418205268902e-03 3.053352267763405695e-02 -1.951498300953184162e-01
-2.596861466730735618e-02 1.068271715463511573e-01 -1.654495580109536512e-01
-4.314544309567293345e-02 1.662047165675935578e-01 -1.077061098053996580e-01
-5.361873428342079501e-02 1.996264647706630924e-01 -3.071040202229047972e-02
-5.579402458783736668e-02 2.020042579605443589e-01 5.381566679622459132e-02
-4.934014577913096999e-02 1.729760986788269062e-01 1.330037689032484427e-01
-3.523964240137000131e-02 1.169612610352329524e-01 1.947982335949200172e-01
-1.563918827243717530e-02 4.248749628523195571e-02 2.297914137901495846e-01
6.477225145096574162e-03 -3.910723999434671805e-02 2.326559150181817526e-01
2.774257439419862414e-02 -1.154008888630637664e-01 2.029556429338170709e-01
1.041758711690116308e-02 1.472898130142565876e-01 -1.838667726204084030e-01
1.041758711690116308e-02 1.472898130142565876e-01 -1.838667726204084030e-01
4.770779875447281326e-02 8.124748427513436844e-02 -2.207632653669359957e-01
7.779277854802438275e-02 2.791445402311572115e-03 -2.280464103925032848e-01
9.609236104500863684e-02 -7.613408289158790643e-02 -2.046074148888417099e-01
9.982060069638820643e-02 -1.435134043855135488e-01 -1.540146534463603667e-01
8.840990681181706834e-02 -1.890886281770854382e-01 -8.397041537015254020e-02
6.359745409702358132e-02 -2.059213395844692596e-01 -5.138300954721612690e-03
2.916071355239107515e-02 -1.914489108847997334e-01 7.048021499507983734e-02
-9.657633243990527971e-03 -1.478746381547086375e-01 1.313728989094485600e-01
-9.906064682347753836e-02 1.429285792450614156e-01 1.015207797354006208e-01
-8.764995293890637251e-02 1.885038030366334161e-01 3.147654165919269720e-02
-6.283750022411292713e-02 2.053365144440172374e-01 -4.735557275623814011e-02
-2.840075967948046953e-02 1.908640857443477112e-01 -1.229740887060395138e-01
1.678103195077463583e-01 -2.223936557556450977e-02 -1.110142750603091560e-01
1.678103195077463583e-01 -2.223936557556450977e-02 -1.110142750603091560e-01
-1.233755819439303625e-01 7.230006835810144639e-02 -1.269411182288115447e-01
-1.757627277904119101e-01 7.450132004660223184e-02 -6.057404428574988953e-02
-2.005820549326438884e-01 6.509301621295641993e-02 1.973368810585191327e-02
-1.940550458009822621e-01 4.550748582934988073e-02 1.017559546807796228e-01
-1.571753783682373895e-01 1.872644835341173361e-02 1.730056088866983866e-01
-9.555764768602692527e-02 -1.117292602985573736e-02 2.226355367504808946e-01
-1.858259468459780989e-02 -3.963872860910376550e-02 2.430900316512825954e-01
6.203102659717529138e-02 -6.233729898478478082e-02 2.312550821609145046e-01
1.340105230834393590e-01 -7.581298558025421908e-02 1.889324520552007891e-01
1.863976689299209344e-01 -7.801423726875501841e-02 1.225653781121390506e-01
2.112169960721528572e-01 -6.860593343510916486e-02 4.225764572053729295e-02
2.046899869404912586e-01 -4.902040305150269506e-02 -3.976462085439028127e-02
1.076220282748188359e-02 -1.620393856514421582e-01 1.685566425129801094e-01
1.076220282748188359e-02 -1.620393856514421582e-01 1.685566425129801094e-01
1.623710418290098129e-02 -2.063807931795915707e-01 9.673961847179599061e-02
1.937413037329421134e-02 -2.199201939305153175e-01 1.330902694478067021e-02
1.969569759838745576e-02 -2.005963368748587272e-01 -6.903358080827329268e-02
1.715285016317440875e-02 -1.513511040781450601e-01 -1.377522891945615058e-01
1.213271353869686126e-02 -7.968163582452708615e-02 -1.823852977989142976e-01
5.399558018379698419e-03 3.501041029729395036e-03 -1.961376356605495086e-01
-2.021554506015581492e-03 8.553311798640736430e-02 -1.769156340052862875e-01
-9.000826925202348727e-03 1.539259549514818137e-01 -1.276456683372596268e-01
-1.447572828062144296e-02 1.982673624796312262e-01 -5.582864429607557050e-02
-1.761275447101467995e-02 2.118067632305549730e-01 2.760194723093974123e-02
-1.793432169610792437e-02 1.924829061748984382e-01 1.099445549839936642e-01
-1.539147426089487562e-02 1.432376733781847988e-01 1.786632633702819051e-01
-1.037133763641732292e-02 7.156820512456674166e-02 2.232962719746347802e-01
-3.638182116100167895e-03 -1.161447172968967621e-02 2.370486098362699912e-01
3.782930408295108113e-03 -9.364654868636754226e-02 2.178266081810068533e-01
-9.235013113429138554e-02 -9.402940031491210937e-02 2.043610570203031052e-01
-9.235013113429138554e-02 -9.402940031491210937e-02 2.043610570203031052e-01
-1.321130151118130591e-01 -1.365509066343434108e-01 1.429924802630251623e-01
-1.524919821481363069e-01 -1.589813842777858532e-01 6.401881990517746535e-02
-1.503845192477772097e-01 -1.579059963568114344e-01 -2.053690016177148539e-02
-1.261114685331165830e-01 -1.334884609339727357e-01 -9.780183805713987821e-02
-8.336818193970889357e-02 -8.944612643188719348e-02 -1.560131073947640667e-01
-2.866193738254263490e-02 -3.248403903374084273e-02 -1.863085701044612519e-01
2.967873531789549935e-02 2.872583981670666711e-02 -1.840760166177334844e-01
8.277199760247874738e-02 8.486486093340814274e-02 -1.496553329647872244e-01
1.225348815800004210e-01 1.273863672528394997e-01 -8.828675620750932318e-02
1.429138486163237243e-01 1.498168448962819421e-01 -9.313095849661560260e-03
1.408063857159645993e-01 1.487414569753075233e-01 7.524262421728730721e-02
1.165333350013039448e-01 1.243239215524688107e-01 1.525075621126557590e-01
7.379004840789622766e-02 8.028158705038318521e-02 2.107188314502799753e-01
1.908380385073000715e-02 2.331949965223687957e-02 2.410142941599771604e-01
-3.925686884970804730e-02 -3.789037919821053313e-02 2.387817406732493930e-01
3.432082176819217789e-02 -1.622394218813348887e-01 1.547137935514989182e-01
3.432082176819217789e-02 -1.622394218813348887e-01 1.547137935514989182e-01
4.209919064385382603e-02 -1.988998769789360743e-01 7.887623510787043768e-02
4.321797467646323193e-02 -2.043892790691692607e-01 -5.530174885683879216e-03
3.750684913885813515e-02 -1.778719164453502755e-01 -8.565532565365725770e-02
2.583528112265700769e-02 -1.233848171864649207e-01 -1.493008893279262617e-01
9.980161055298916034e-03 -4.922314822789359418e-02 -1.867774057875547233e-01
-7.644712759982176704e-03 3.332264860862428624e-02 -1.923794151270319941e-01
-2.435611305468872098e-02 1.116857240342406521e-01 -1.652540622067637244e-01
-3.760988062317255354e-02 1.739360101784530044e-01 -1.095309361169242435e-01
-4.538824949883418780e-02 2.105964652760541900e-01 -3.369337767329573519e-02
-4.650703353144359370e-02 2.160858673662873763e-01 5.071303232025860946e-02
-4.079590799383851774e-02 1.895685047424685021e-01 1.308381830882319186e-01
-2.912433997763737986e-02 1.350814054835831057e-01 1.944837467625009364e-01
-1.326921991027926739e-02 6.091973652501167513e-02 2.319602632221294813e-01
4.355653905001808865e-03 -2.162606031150611507e-02 2.375622725616067521e-01
2.106705419970833840e-02 -9.998913573712241154e-02 2.104369196413384824e-01
1.625636085983516721e-01 -1.418990155159549904e-01 -3.542051474756278268e-02
1.625636085983516721e-01 -1.418990155159549904e-01 -3.542051474756278268e-02
1.440682204863278915e-01 -1.262808854561769112e-01 -1.162872013036632263e-01
1.037018338476475426e-01 -9.146054328883590490e-02 -1.817358450147974480e-01
4.760986512584351737e-02 -4.273907046172197716e-02 -2.218024831693779508e-01
-1.566819191615216253e-02 1.246613044848780827e-02 -2.303873333133491519e-01
-7.649882671071112084e-02 6.575056803960646623e-02 -2.061834298341517768e-01
-1.256211265414393374e-01 1.090021697130157119e-01 -1.528755976275622264e-01
-1.555566665538652971e-01 1.356362711906845542e-01 -7.857947091033144760e-02
-1.617480321474430716e-01 1.415980719613690320e-01 5.394038520907988923e-03
-1.432526440354193187e-01 1.259799419015909527e-01 8.626072507700842384e-02
-1.028862573967389005e-01 9.115959973424997420e-02 1.517093687881427011e-01
-4.679428867493492378e-02 4.243812690713610891e-02 1.917760069427231484e-01
1.648376836706078388e-02 -1.276707400307371988e-02 2.003608570866943772e-01
7.731440316161980464e-02 -6.605151159419245244e-02 1.761569536074969466e-01
1.264367029923479380e-01 -1.093031132676016426e-01 1.228491214009074517e-01
1.563722430047738421e-01 -1.359372147452705126e-01 4.855299468367677701e-02
-4.049792906796144398e-02 1.740237534342440884e-01 -9.996490620249501302e-02
-4.049792906796144398e-02 1.740237534342440884e-01 -9.996490620249501302e-02
-2.373068496017981255e-02 1.133169781905841722e-01 -1.564414791120422310e-01
-3.565522426731023136e-03 3.611372485150556727e-02 -1.845320507851718195e-01
1.692759533432087668e-02 -4.583251111135119155e-02 -1.799600863263161321e-01
3.462877691443086436e-02 -1.200461581171201192e-01 -1.434216258793748477e-01
4.684317787963776514e-02 -1.752288611575580912e-01 -8.047931882542611048e-02
5.171126640680934194e-02 -2.029795539272073457e-01 -7.155608399992928470e-04
4.849192014701608766e-02 -1.990734450125449806e-01 8.372633898389109097e-02
3.767525538486500569e-02 -1.641052040868630213e-01 1.599908668657857025e-01
2.090801127708336732e-02 -1.033984288432031329e-01 2.164674397753330037e-01
7.428487436345870137e-04 -2.619517550412456611e-02 2.445580114484625645e-01
-1.975026901741729415e-02 5.575106045873214761e-02 2.399860469896069048e-01
-3.745145059752730266e-02 1.299647074645010614e-01 2.034475865426656482e-01
-4.966585156273421731e-02 1.851474105049392138e-01 1.405052794887167722e-01
-5.453394008990579411e-02 2.128981032745883573e-01 6.074152150329006211e-02
-5.131459383011255371e-02 2.089919943599261032e-01 -2.370037832060022803e-02
1.516083237810976203e-01 2.342369424065667092e-03 -1.846513075506192036e-01
1.516083237810976203e-01 2.342369424065667092e-03 -1.846513075506192036e-01
8.109642378780339278e-02 5.193385239329072200e-03 -2.309560136646739981e-01
-1.791502148723673939e-03 7.261425575935565903e-03 -2.467514903355176314e-01
-8.443651868556696638e-02 8.231650039469148514e-03 -2.296330194263667135e-01
-1.542566712339326906e-01 7.956350750463490884e-03 -1.822067329538142322e-01
-2.006224744895910017e-01 6.477439530075436436e-03 -1.116928531129489782e-01
-2.164751552139210777e-01 4.020067205245472092e-03 -2.882647889963008137e-02
-1.994012864715523636e-01 9.583464362933587569e-04 5.377673539771746225e-02
-1.520002100035048320e-01 -2.241603544275824929e-03 1.235411992023247446e-01
-8.148831001021060449e-02 -5.092619359539228736e-03 1.698459053163794974e-01
1.399615926316456586e-03 -7.160659696145726776e-03 1.856413819872231308e-01
8.404463246315969915e-02 -8.130884159679305917e-03 1.685229110780722683e-01
1.538647850115254234e-01 -7.855584870673653491e-03 1.210966246055198287e-01
2.002305882671837900e-01 -6.376673650285594706e-03 5.058274476465443592e-02
2.160832689915138660e-01 -3.919301325455631230e-03 -3.228362944866436379e-02
1.990094002491451797e-01 -8.575805565035219064e-04 -1.148868437460118241e-01
