-1.025093844930367731e-01 1.662098247221270586e-01 -6.290121171367141217e-02
-1.025093844930367731e-01 1.662098247221270586e-01 -6.290121171367141217e-02
-7.997606894099948405e-02 1.331741705920420904e-01 -1.327899348456933748e-01
-4.538390385726434606e-02 7.971474663946209738e-02 -1.820749272883491199e-01
-3.999232797072665817e-03 1.397026555028241766e-02 -2.032529957118132946e-01
3.787750322363873934e-02 -5.405027140487452669e-02 -1.930999711782818706e-01
7.387095075927380128e-02 -1.139913540822889426e-01 -1.531615596355883901e-01
9.850143370394660869e-02 -1.567274960115921378e-01 -8.951802219850579778e-02
1.080191843052145662e-01 -1.757525069881389901e-01 -1.185851051172631329e-02
1.009752113126586859e-01 -1.681700015529041525e-01 6.799401875566435383e-02
-1.000356068843246682e-01 1.547673191808150717e-01 9.461082924049879495e-02
-1.095533574855926395e-01 1.737923301573618684e-01 1.695131755371936250e-02
1.289146359686230148e-01 2.743157644532609810e-02 -1.539195662179787816e-01
1.289146359686230148e-01 2.743157644532609810e-02 -1.539195662179787816e-01
6.020413397344007156e-02 1.155563319828153100e-02 -1.927859279046038876e-01
-1.784230772762588485e-02 -6.133862126122680350e-03 -2.017082270555501378e-01
-9.334282587834334677e-02 -2.294384422042040558e-02 -1.793281245059291096e-01
-1.548031510041669723e-01 -3.631514569362197242e-02 -1.290527879927858557e-01
-1.928665057439246655e-01 -4.421210710758213813e-02 -5.853618175318606870e-02
-2.017380893836583644e-01 -4.543248767315893888e-02 2.148618014751859512e-02
-1.800672837353244904e-01 -3.979049551202067103e-02 9.883161851446291279e-02
1.906278692000082098e-01 4.349861076699387819e-02 6.634160702963148859e-02
1.994994528397418809e-01 4.471899133257067893e-02 -1.368075487107308502e-02
1.778286471914080624e-01 3.907699917143242496e-02 -9.102619323801730555e-02
-1.574603708990215123e-01 2.600777247560820751e-02 1.076114098362074278e-01
-1.574603708990215123e-01 2.600777247560820751e-02 1.076114098362074278e-01
-1.946094418416337291e-01 3.382488282024311704e-02 3.651290964559426172e-02
-2.021183632611479597e-01 3.639984741357835119e-02 -4.369396706614835091e-02
-1.788439699399854976e-01 3.334065123839079214e-02 -1.207984503968055623e-01
-1.283295772783923372e-01 2.511302918067036261e-02 -1.830620817131667077e-01
-5.826554364498634508e-02 1.296956211512530904e-02 -2.210057875685391970e-01
2.068151697159284486e-02 -1.241017178318186247e-03 -2.288529827069926970e-01
9.649263024935778033e-02 -1.535527682145544810e-02 -2.054090028036986704e-01
1.576262414212218632e-01 -2.722444872970109300e-02 -1.542429812787266541e-01
1.947753123638340522e-01 -3.504155907433600253e-02 -8.314448108811352267e-02
2.022842337833483106e-01 -3.761652366767123667e-02 -2.937604376370868409e-03
1.790098404621858763e-01 -3.455732749248369845e-02 7.416687895428625277e-02
1.284954478005927159e-01 -2.632970543476325850e-02 1.364305102706474537e-01
5.843141416718665437e-02 -1.418623836921818933e-02 1.743742161260199708e-01
-2.051564644939248699e-02 2.434092422529934765e-05 1.822214112644734429e-01
-9.632675972715736001e-02 1.413860056736254527e-02 1.587774313611794719e-01
1.605759455478265180e-02 -1.553152782788620456e-01 1.233908270943702701e-01
1.605759455478265180e-02 -1.553152782788620456e-01 1.233908270943702701e-01
2.100202576201067733e-02 -1.955649585588367934e-01 5.376102081104277425e-02
2.259581298088355131e-02 -2.062707911259778482e-01 -2.608657825744654934e-02
2.059631655504496825e-02 -1.858029100205518536e-01 -1.039958969732081573e-01
1.530794168984865242e-02 -1.372773645990556790e-01 -1.681059478115001782e-01
7.535795519283199420e-03 -6.808172926674749270e-02 -2.086565566912507164e-01
-1.536883156863285988e-03 1.124958775702505562e-02 -2.194742610027025642e-01
-1.052886125418450725e-02 8.863911259557226419e-02 -1.989121633271710710e-01
-1.807119161984772557e-02 1.523049916300148465e-01 -1.501006566398761788e-01
-2.301562282707575458e-02 1.925546719099896220e-01 -8.047085035654866214e-02
-2.460941004594861814e-02 2.032605044771306768e-01 -6.232512880593506915e-04
-2.260991362011005590e-02 1.827926233717047100e-01 7.728606742770216531e-02
-1.732153875491374354e-02 1.342670779502085632e-01 1.413961182659942417e-01
6.774537275003827963e-02 -1.935531650035101359e-01 4.098633579267098315e-02
6.527024657552339681e-02 -1.901266809191197449e-01 -3.940317388717960723e-02
5.273413069097758477e-02 -1.579512860430401233e-01 -1.121213289272019326e-01
3.204553509964951086e-02 -1.019253925744734723e-01 -1.660974494142695712e-01
6.354110937732799017e-03 -3.057843491802016839e-02 -1.931141602989771278e-01
-2.042885535946067921e-02 4.522765938490654752e-02 -1.890584122562218583e-01
-4.422589996137731017e-02 1.139520996606421949e-01 -1.545476561600657439e-01
-6.141413854812180495e-02 1.651322128658083976e-01 -9.483584178536547116e-02
-6.937681760663305663e-02 1.909762907138001509e-01 -1.901355158172401971e-02
-6.690169143211817382e-02 1.875498066294097876e-01 6.137595809812659842e-02
1.659019177844924531e-01 -7.268057078765298440e-02 -8.153868050971621595e-02
1.659019177844924531e-01 -7.268057078765298440e-02 -8.153868050971621595e-02
1.191709865602632312e-01 -5.382454326551740220e-02 -1.442856897544508854e-01
5.399327320775583472e-02 -2.678094990182271901e-02 -1.829771179559984418e-01
-1.970850625255332611e-02 4.333067364592828492e-03 -1.917225459093431783e-01
-9.071392400612671159e-02 3.478068145418640456e-02 -1.691905614860902685e-01
-1.482130488656974443e-01 5.992651913012635168e-02 -1.188114550617325460e-01
-1.834521603022608582e-01 7.594235455383700761e-02 -4.825498890164145460e-02
-1.910664230429407195e-01 8.038992196596810025e-02 3.173725461726757680e-02
1.870717062185009993e-01 -8.047837320829946683e-02 -4.288753576249838828e-03
1.175575845814624126e-01 4.624838558635426672e-02 -1.606160437553636189e-01
1.175575845814624126e-01 4.624838558635426672e-02 -1.606160437553636189e-01
5.127011452480779302e-02 1.776247250655594440e-02 -1.964087403215611094e-01
-2.279681331843996100e-02 -1.339573813350806650e-02 -2.018721794906311318e-01
-9.336718060251923690e-02 -4.248269121377080959e-02 -1.761746021752820801e-01
-1.496972886304014094e-01 -6.507016180164860997e-02 -1.232282315726574845e-01
-1.832113890885422591e-01 -7.771941225606776582e-02 -5.109367264696209471e-02
-1.888072639882670545e-01 -7.850470886108389112e-02 2.924724190677178634e-02
-1.656329921028249497e-01 -6.730649732731475154e-02 1.055633361399423154e-01
1.835523274185279774e-01 7.813819399368567009e-02 5.671380540426463474e-02
1.891482023182527727e-01 7.892349059870180927e-02 -2.362710914946919080e-02
1.659739304328106679e-01 6.772527906493269745e-02 -9.994320338263966430e-02
-2.683311863012138865e-02 -1.525705911950808458e-01 2.103156840265187899e-01
3.833876959057536116e-02 -1.074870236061415546e-01 2.412539337779404658e-01
1.022955637093043713e-01 -5.139350427011646349e-02 2.409018641367011715e-01
1.553004215912714980e-01 7.170236983103581152e-03 2.093130745141604243e-01
8.380395796641426642e-02 -1.689550124609674742e-01 7.362854445000960313e-02
8.380395796641426642e-02 -1.689550124609674742e-01 7.362854445000960313e-02
8.980814552285681929e-02 -1.856407331207063915e-01 -4.955368170375183505e-03
8.195817919199421819e-02 -1.741216445294874460e-01 -8.430008123626264727e-02
6.144914518757828986e-02 -1.361514235045256371e-01 -1.523260814449865774e-01
3.140335802192511377e-02 -7.751069199596066772e-02 -1.986770269219961249e-01
-3.604983574733494709e-03 -7.126969796416721126e-03 -2.162964063907837076e-01
-3.824617694571307708e-02 6.428445941925618745e-02 -2.025018290472989924e-01
-6.724641442348189280e-02 1.258518528991897367e-01 -1.593933942439325346e-01
-8.619067273985703270e-02 1.682021330958756722e-01 -9.353397040056229961e-02
-9.219486029629961332e-02 1.848878537556146173e-01 -1.495005778017753466e-02
-8.434489396543703998e-02 1.733687651643956440e-01 6.439465528570997854e-02
-6.383585996102109084e-02 1.353985441394338907e-01 1.324206554944338532e-01
-1.574032195837903880e-01 5.283235485226876749e-02 1.866298602570446441e-01
-8.761802449421095262e-02 5.680112476725710652e-02 2.351113262894361511e-01
-4.537762272926367142e-03 5.923893004852637256e-02 2.532194535154061454e-01
7.918935028132519094e-02 5.977463694076322331e-02 2.381974437153827617e-01
1.508166192703243591e-01 5.832668892581968634e-02 1.923322617065616469e-01
-1.992895634783465458e-02 -2.052273897699206928e-01 2.450040060375764661e-02
-1.945742444658341008e-02 -1.925173599766227539e-01 -5.498588071418678003e-02
-1.063774635911892211e-02 -8.553561927041469781e-02 -1.707872995078592582e-01
-3.632316211141202195e-03 -7.550908588130410964e-03 -1.894727207147261228e-01
3.754991832133239109e-03 7.159446727788304488e-02 -1.767733791437211266e-01
1.768108101986911457e-02 2.053733137337304393e-01 8.858020689722086172e-03
-1.515507922762211190e-01 8.633678154939705696e-03 1.345922111879079286e-01
-1.515507922762211190e-01 8.633678154939705696e-03 1.345922111879079286e-01
-1.939873028552417389e-01 1.259822791077330750e-02 6.624541247269512267e-02
-2.070884610025072736e-01 1.459243837995506665e-02 -1.320421156236605692e-02
-1.888597341523909068e-01 1.431270909611498908e-02 -9.166117587057286131e-02
-1.420762807240024406e-01 1.180162630696544347e-02 -1.571811188501532897e-01
-7.386045740875270271e-02 7.441479604132292779e-03 -1.997892231222283821e-01
5.402495071589841040e-03 1.896061798293591054e-03 -2.129987910548017116e-01
8.364551072234653606e-02 -3.990387518949304289e-03 -1.947987856751705049e-01
1.489567996853926879e-01 -9.321709799842106681e-03 -1.479599928189240243e-01
1.913933102644133077e-01 -1.328625955567570155e-02 -7.961319410371121841e-02
2.044944684116788425e-01 -1.528047002485746764e-02 -1.635700686500049864e-04
1.862657415615625034e-01 -1.500074074101739006e-02 7.829339423955668231e-02
4.029299018204664934e-02 2.494116238597111554e-02 -1.841543852582024909e-01
-2.477531638103176725e-02 -2.238049413441408481e-02 -1.869083598724781137e-01
-1.621196918130267672e-01 -1.184097733184885093e-01 -3.047142471194871916e-02
1.650007754572888341e-01 1.194922593392588328e-01 -1.662625937328887638e-02
1.234053366484951786e-01 -1.587333849395105578e-01 2.647438555627636136e-02
1.234053366484951786e-01 -1.587333849395105578e-01 2.647438555627636136e-02
1.201815501591126795e-01 -1.581638006106408367e-01 -5.401821434467513755e-02
9.828143841598847852e-02 -1.333166078190309300e-01 -1.274537505684048277e-01
6.103909490700591689e-02 -8.797456642683987305e-02 -1.826523284196434616e-01
1.412432882872301926e-02 -2.904059120939992550e-02 -2.112104647968941484e-01
-3.532051196685514344e-02 3.451315434424927220e-02 -2.087804423168714563e-01
-7.976789868719981469e-02 9.301118858970275349e-02 -1.757322098739501903e-01
-1.124511196207024499e-01 1.375477160990911663e-01 -1.170970612745919626e-01
-1.283944506543727715e-01 1.613424542837373077e-01 -4.180166636410346387e-02
-1.251706641649902585e-01 1.607728699548676421e-01 3.869093353684800729e-02
-1.032705524218660714e-01 1.359256771632577354e-01 1.121264697605777322e-01
1.074620056148248293e-01 -1.349386467548643054e-01 1.017697804667649919e-01
2.917364913316954599e-03 -1.470681228171699106e-01 1.212304174167669474e-01
2.917364913316954599e-03 -1.470681228171699106e-01 1.212304174167669474e-01
6.057794215851308207e-04 -1.909164262501134302e-01 5.364835739486902011e-02
-1.974720838813051691e-03 -2.055495431546639495e-01 -2.556379373297457819e-02
-4.431278095525077731e-03 -1.887397141316386195e-01 -1.043467040174876348e-01
-6.389903774963532311e-03 -1.430460832683136119e-01 -1.707063895367132711e-01
-7.552414872419903162e-03 -7.542509164983489389e-02 -2.145401897223965515e-01
-7.741829611495800595e-03 3.828577735699641941e-03 -2.291748058506553609e-01
-6.929311315215803610e-03 8.264927216064439641e-02 -2.123822502790878308e-01
-5.238558528691845441e-03 1.490372554101757063e-01 -1.667190373685698002e-01
-2.926973036960021229e-03 1.928855588431192258e-01 -9.913697734667187289e-02
-3.464727765618390428e-04 2.075186757476697175e-01 -1.992482621882825378e-02
2.110084480150186022e-03 1.907088467246444430e-01 5.885808406568478202e-02
4.068710159588641469e-03 1.450152158613194353e-01 1.252177695849104599e-01
-1.963798141421441990e-01 4.857975304801216004e-02 5.259892820663725210e-02
-1.996361774231367736e-01 5.081867556619534820e-02 -2.781696852891608895e-02
-1.728161289860750405e-01 4.530032061222161871e-02 -1.035306785428826842e-01
-1.200027780811571826e-01 3.286480770382124023e-02 -1.630154758321264441e-01
-4.923647862943876519e-02 1.540533095309296399e-02 -1.972153392403902528e-01
2.870924177565799262e-02 -4.420062575215694296e-03 -2.009236495862997685e-01
1.019678537821721714e-01 -2.359313643405963265e-02 -1.735758502356072874e-01
1.593863978030835016e-01 -3.919496393277717428e-02 -1.193353957310371999e-01
1.922234210116059161e-01 -4.885030826560703837e-02 -4.645990357996588466e-02
1.954797842925984908e-01 -5.108923078379022653e-02 3.395599315558744946e-02
1.686597358555368131e-01 -4.557087582981651092e-02 1.096697031695539615e-01
-2.276282353124936889e-02 1.544069486065451913e-01 -1.208843438792191471e-01
-2.276282353124936889e-02 1.544069486065451913e-01 -1.208843438792191471e-01
-1.255116470028509040e-02 9.208862226527150807e-02 -1.708036959263741772e-01
-5.745274890700022936e-04 1.557562822897812227e-02 -1.927608220493067515e-01
1.134375365547510804e-02 -6.348362375232742549e-02 -1.834129488376443073e-01
2.138922846858084051e-02 -1.330530792383951555e-01 -1.441832052491807958e-01
2.803256447240778243e-02 -1.825414192801557700e-01 -8.104396412674864936e-02
3.026237398236413662e-02 -2.044144927191707262e-01 -3.607602572592068929e-03
-3.217805676239789137e-02 2.021153772992915210e-01 2.934196316465841753e-02
-2.965487149386630827e-02 1.930432069843753262e-01 -5.060253473696769977e-02
6.927429998296313896e-02 9.823245938982233527e-02 -1.672720159350513935e-01
6.927429998296313896e-02 9.823245938982233527e-02 -1.672720159350513935e-01
2.752876009476684302e-02 3.790312487836811073e-02 -2.005229795060467501e-01
-1.850509451864152527e-02 -2.814102533152803426e-02 -2.031686805541332852e-01
-6.181902679030171210e-02 -8.984536806212195525e-02 -1.748063350780794944e-01
-9.581888317362730056e-02 -1.378159764839403945e-01 -1.197538530713126437e-01
-1.153284937437225321e-01 -1.647497603194097437e-01 -4.639247586737088591e-02
-1.173776971463506569e-01 -1.665462951349382659e-01 3.410919187698602945e-02
-1.016545207395366246e-01 -1.429320747904903322e-01 1.094955009971151916e-01
9.454050755632159575e-02 1.385462856036949464e-01 1.207714064443319718e-01
1.140501181264168551e-01 1.654800694391643512e-01 4.741002924039008221e-02
1.160993215290449521e-01 1.672766042546928733e-01 -3.309163850396679152e-02
1.003761451222309753e-01 1.436623839102449673e-01 -1.084779476240958079e-01
1.002872649715452619e-01 6.471672545369791529e-02 -1.720553066808105380e-01
1.002872649715452619e-01 6.471672545369791529e-02 -1.720553066808105380e-01
3.914548286271953698e-02 2.443435964631681181e-02 -2.056469822037373107e-01
-2.820225886624627698e-02 -1.966296062375248732e-02 -2.086628084467148925e-01
-9.150287704591617000e-02 -6.086181808859569831e-02 -1.806436532027829167e-01
-1.411194263799681325e-01 -9.289006016776329977e-02 -1.258551788635553226e-01
-1.694982370074325229e-01 -1.108716773414394619e-01 -5.263843398842275867e-02
-1.723188922648368204e-01 -1.120691313986976190e-01 2.785999572682081385e-02
-1.491519729585447929e-01 -9.630012081426822523e-02 1.033849540781121151e-01
1.378822588072205202e-01 9.164145111826738077e-02 1.162383229746642155e-01
1.662610694346849383e-01 1.096230682919435706e-01 4.302157809953159606e-02
1.690817246920892081e-01 1.108205223492017832e-01 -3.747685161571191748e-02
1.459148053857971805e-01 9.505151176477238950e-02 -1.130018099670031667e-01
