1.219776790826179735e-01 3.442239029899167579e-02 -1.681540892621288807e-01
1.219776790826179735e-01 3.442239029899167579e-02 -1.681540892621288807e-01
9.596550253985622336e-02 -4.134275019106751353e-02 -1.867753197368508811e-01
5.525188151501213285e-02 -1.121695312520214066e-01 -1.773038777161232982e-01
6.035095739224429802e-03 -1.672752175137088293e-01 -1.411817043887662881e-01
-4.419204530441721984e-02 -1.982704677770777413e-01 -8.390807319555321220e-02
-8.778291470218577142e-02 -2.004365361621736064e-01 -1.420237529889125869e-02
-1.181011977404859969e-01 -1.734436583928243569e-01 5.732332868017776112e-02
-1.305312106626568269e-01 -1.214012554183670350e-01 1.197798986929618226e-01
-1.231805966796455376e-01 -5.223231132610513944e-02 1.636588881252314942e-01
-9.716842013688387070e-02 2.353282916395409846e-02 1.822801185999534945e-01
-5.645479911203971080e-02 9.435961022490797767e-02 1.728086765792259116e-01
-7.238013336252055452e-03 1.494652964865953171e-01 1.366865032518689016e-01
4.298912770738961414e-02 1.804605467499643123e-01 7.941287205865586729e-02
1.293282930656292629e-01 1.035913343912537171e-01 -1.242750998298591397e-01
1.069692797773695997e-01 -1.823410870838705899e-01 6.419755960737591471e-02
1.069692797773695997e-01 -1.823410870838705899e-01 6.419755960737591471e-02
3.359652179107637526e-02 -2.150011168822492658e-01 4.593217898844732805e-02
-4.476377450050748885e-02 -2.167051798262243922e-01 2.062163919415156005e-02
-1.161819643248431233e-01 -1.871938477799447720e-01 -7.880759532444468057e-03
-1.697852756886783498e-01 -1.309599535265652537e-01 -3.523578536010432694e-02
-1.974130903520967539e-01 -5.656459770464213749e-02 -5.727888358049341988e-02
-1.948593239793565135e-01 2.466620115751666509e-02 -7.065419231074050732e-02
-1.625127643507574826e-01 1.003657902921729489e-01 -7.332544204414104261e-02
-1.052978819474606337e-01 1.590095934720594517e-01 -6.488595922372386582e-02
-3.192512396116745088e-02 1.916696232704381830e-01 -4.662057860479529303e-02
4.643517233041644099e-02 1.933736862144133095e-01 -2.131003881049950421e-02
1.178533621547520199e-01 1.638623541681337448e-01 7.192359916096483126e-03
1.714566735185872604e-01 1.076284599147542265e-01 3.454738574375634808e-02
1.990844881820056922e-01 3.323310409283097844e-02 5.659048396414549653e-02
1.965307218092654518e-01 -4.799769476932773393e-02 6.996579269439258397e-02
1.641841621806664764e-01 -1.236972839039839483e-01 7.263704242779306375e-02
1.209401946596063392e-02 1.310537000477632052e-01 -1.578529390935152210e-01
1.209401946596063392e-02 1.310537000477632052e-01 -1.578529390935152210e-01
-4.564624929674855613e-02 8.027912593920431827e-02 -1.874962639193293312e-01
-9.677107448784558197e-02 1.566445426493083548e-02 -1.888816061260691903e-01
-1.334971649196802779e-01 -5.295331694610638101e-02 -1.617980599209170034e-01
-1.502333062468446667e-01 -1.151277540486719125e-01 -1.103688497006495434e-01
-1.444315726657768584e-01 -1.613933626065759963e-01 -4.242360651435087004e-02
-1.169752255213485498e-01 -1.847066231156636040e-01 3.169362228802823089e-02
-7.204424477389231862e-02 -1.815183029986590368e-01 1.006991604956778280e-01
-1.647896494185364241e-02 -1.523137950911823690e-01 1.540875404532447424e-01
4.126130382085557019e-02 -1.015392209826234404e-01 1.837308652790588526e-01
9.238612901195260296e-02 -3.692454930834995069e-02 1.851162074857987117e-01
1.291122194437873127e-01 3.169322190268719641e-02 1.580326612806466080e-01
1.458483607709516738e-01 9.386765900525277651e-02 1.066034510603790925e-01
1.400466271898838377e-01 1.401332675631568880e-01 3.865820787408030118e-02
1.125902800454555708e-01 1.634465280722444958e-01 -3.545902092829872343e-02
6.765929929799942288e-02 1.602582079552399563e-01 -1.044645591359482512e-01
6.920726113160294291e-02 -1.178798055727558608e-01 1.719641644031850436e-01
-6.712500208352518982e-03 -9.711034749253250054e-02 1.959490093231434638e-01
-1.714001341837330383e-01 7.732364315896615714e-02 8.133225769654858772e-02
-1.714001341837330383e-01 7.732364315896615714e-02 8.133225769654858772e-02
-1.878560330747984786e-01 -2.665421432933233817e-03 9.164384257220051233e-02
-1.755869560524200845e-01 -8.396050617952859063e-02 8.764949778104655365e-02
-1.364607588737948574e-01 -1.541851713699291526e-01 6.995732610871426005e-02
-7.643405037950774805e-02 -2.026483483170716249e-01 4.126080031238058693e-02
-4.645352794346600811e-03 -2.219719576505464476e-01 5.928706309883255074e-03
6.797615544051208158e-02 -2.092141550182870513e-01 -3.065996487312724200e-02
1.303745080119224908e-01 -1.663172002212859324e-01 -6.293491972616777064e-02
1.730501213833619822e-01 -9.981176576552303059e-02 -8.598258894605720348e-02
1.895060202744274225e-01 -1.982270117362363443e-02 -9.629417382170911421e-02
1.772369432520490562e-01 6.147238357297177269e-02 -9.229982903055516941e-02
1.381107460734238290e-01 1.316970487633722930e-01 -7.460765735822288969e-02
7.808403757913678911e-02 1.801602257105147653e-01 -4.591113156188923045e-02
6.295339993975446712e-03 1.994838350439895880e-01 -1.057903755939183267e-02
-6.632616824088316543e-02 1.867260324117301917e-01 2.600963362361864012e-02
-1.287245208122934914e-01 1.438290776147291838e-01 5.828458847665912018e-02
-1.022291548392312982e-01 4.257714142609710789e-02 -1.871899467775056947e-01
-1.501578129783033011e-01 -1.601716209810110508e-02 -1.542183413022561178e-01
-1.748148668050662768e-01 -7.232021638123872775e-02 -9.908603481062115692e-02
-1.724465033911450895e-01 -1.177603917971661168e-01 -3.018642119034928989e-02
-1.434132845970414460e-01 -1.454198335550241916e-01 4.199115796142583595e-02
-9.213525479737383339e-02 -1.510876423806429281e-01 1.064583205102308389e-01
-2.641902919264405361e-02 -1.339009457591369134e-01 1.534005253542938263e-01
4.373069258789637204e-02 -9.647626245333756900e-02 1.756712473382528450e-01
1.076342513119716710e-01 -4.451116124095384763e-02 1.698799709246476275e-01
1.555629094510436738e-01 1.408314228324434626e-02 1.369083654493981617e-01
1.802199632778066496e-01 7.038619656638199495e-02 8.177605895776318690e-02
1.778515998638854900e-01 1.158263719823094257e-01 1.287644533749123139e-02
-1.165209667225372836e-01 -6.328829212916606273e-02 1.677257985054894651e-01
-1.165209667225372836e-01 -6.328829212916606273e-02 1.677257985054894651e-01
-1.078114611921033444e-01 -1.359843343212566169e-01 1.303361184659610206e-01
-8.298710018015965917e-02 -1.894122179716725418e-01 7.299703441831079109e-02
-4.582716761738177269e-02 -2.154380321196092962e-01 4.437902128702281984e-03
-1.988926380825025830e-03 -2.100995824856362881e-01 -6.490377200185340478e-02
4.185364869589117132e-02 -1.742095996333594965e-01 -1.244713466708204930e-01
7.902592299126950937e-02 -1.132320081085333163e-01 -1.651961986162576723e-01
1.038687547113442827e-01 -3.645009345756880514e-02 -1.808783383011743906e-01
1.126000479275643951e-01 4.444679384371412467e-02 -1.691303021174923593e-01
1.038905423971304698e-01 1.171428360358047066e-01 -1.317406220779638870e-01
7.906618138518678451e-02 1.705707196862206454e-01 -7.440153803031368529e-02
4.190624882240892579e-02 1.965965338341573998e-01 -5.842405740705253377e-03
-1.931992414147840585e-03 1.912580842001843917e-01 6.349926838985048283e-02
-4.577456749086410148e-02 1.553681013479075168e-01 1.230668430588176127e-01
-8.294684178624238402e-02 9.439050982308137827e-02 1.637916950042547781e-01
-1.077896735063171574e-01 1.760859517211699199e-02 1.794738346891715242e-01
1.186187804615146252e-01 3.591371970303426642e-02 -1.698237436399430977e-01
1.186187804615146252e-01 3.591371970303426642e-02 -1.698237436399430977e-01
9.414877031216511982e-02 -4.033238738322288824e-02 -1.886051825167048279e-01
5.515084674260464781e-02 -1.121250160647092320e-01 -1.791197667079619527e-01
7.562090099241320501e-03 -1.685343894264680065e-01 -1.428115647850872472e-01
-4.137254281212602441e-02 -2.009726917264143542e-01 -8.520817135616828852e-02
-8.420319772429361860e-02 -2.045014854933240311e-01 -1.507918089469629554e-02
-1.144092956877376249e-01 -1.785835438647802031e-01 5.689890352245123573e-02
-1.273922321064836216e-01 -1.271646385070027141e-01 1.197680710257236769e-01
-1.211754726013890976e-01 -5.807283164717544355e-02 1.639570607731703211e-01
-9.670546245203959224e-02 1.817327543908173193e-02 1.827384996499320235e-01
-5.770753888247910635e-02 8.996590412056806874e-02 1.732530838411891760e-01
-1.011878223911582067e-02 1.463752774823267877e-01 1.369448819183144983e-01
3.881585067225149649e-02 1.788135797822731909e-01 7.934148848939552578e-02
1.248355399666091353e-01 1.050055265628616341e-01 -1.256347538924963703e-01
1.157345379267530477e-01 -1.784567951203625824e-01 4.993977075454401893e-02
1.157345379267530477e-01 -1.784567951203625824e-01 4.993977075454401893e-02
5.558030594869931007e-02 -2.135048470716911229e-01 5.994529886256668057e-03
-1.320228423349872893e-02 -2.176300961113035726e-01 -3.906120641461068022e-02
-8.014170678033409601e-02 -1.902045104683945387e-01 -7.836811072751756480e-02
-1.350470414164275379e-01 -1.354033869435440074e-01 -1.059420631887987713e-01
-1.695594486615316643e-01 -6.156969981998866581e-02 -1.175851794947258278e-01
-1.784247273683302049e-01 2.005604134175061753e-02 -1.115249007328333597e-01
-1.602932192176646231e-01 9.704705738898534995e-02 -8.868384940805583427e-02
-1.179252819629430654e-01 1.576821640538222935e-01 -5.253936852994470219e-02
7.795096274414399506e-02 1.694298794018543330e-01 7.576851295211682602e-02
1.328562973802374370e-01 1.146287558770038295e-01 1.033424654133981019e-01
1.673687046253416744e-01 4.079506875344836303e-02 1.149855817193251584e-01
1.762339833321401872e-01 -4.083067240829083705e-02 1.089253029574326903e-01
1.581024751814746054e-01 -1.178216884555254862e-01 8.608425163265522040e-02
-1.709549629699523010e-01 5.039045728680249109e-02 1.097969407347505200e-01
-1.709549629699523010e-01 5.039045728680249109e-02 1.097969407347505200e-01
1.686987276956597726e-01 -7.124440473569512711e-02 -1.082218879083639562e-01
1.234669776666748597e-01 -1.397668857235052353e-01 1.111062424659881587e-01
6.338805912251099794e-02 -1.252320809051830075e-01 1.653488220533467501e-01
-6.512862492712106696e-03 -9.321923922948172070e-02 1.945384361313516330e-01
-7.952663918451652325e-02 -1.041590513729425266e-01 1.722488463192621277e-01
-7.952663918451652325e-02 -1.041590513729425266e-01 1.722488463192621277e-01
-7.223441702382726870e-02 -1.679298490959315049e-01 1.207676280714087835e-01
-5.427455799541315573e-02 -2.076001567948015936e-01 5.095418288133964774e-02
-2.838128782982277110e-02 -2.171305297346346197e-01 -2.656302508121388337e-02
1.503377813311329927e-03 -1.950700550283868406e-01 -9.998270359919304850e-02
3.082976949499063521e-02 -1.447772399713832814e-01 -1.581273721692785794e-01
5.513320992608208848e-02 -7.390870975054898706e-02 -1.921450320844081405e-01
7.071372061218809957e-02 6.746444332820268619e-03 -1.968568029933582264e-01
7.519931003903013167e-02 8.490920621032392590e-02 -1.715453604875508964e-01
6.790708787834087712e-02 1.486800039333129042e-01 -1.200641422396975799e-01
4.994722884992677803e-02 1.883503116321830206e-01 -5.025069704962844414e-02
2.405395868433641421e-02 1.978806845720160468e-01 2.726651091292504187e-02
-5.830706958797709366e-03 1.758202098657682677e-01 1.006861894309042244e-01
-3.515709864047705802e-02 1.255273948087646529e-01 1.588308580009898663e-01
-5.946053907156845231e-02 5.465886458793045577e-02 1.928485179161193996e-01
-7.504104975767447727e-02 -2.599628949543873399e-02 1.975602888250695133e-01
-7.574408113887443061e-02 -1.127818756389199623e-01 1.726976086111882969e-01
-7.574408113887443061e-02 -1.127818756389199623e-01 1.726976086111882969e-01
-1.407596741791029837e-01 -1.184292734697098975e-01 1.224813423774245846e-01
-1.296239609982675067e-01 -4.575253579908157564e-02 1.626440927282686022e-01
-1.296239609982675067e-01 -4.575253579908157564e-02 1.626440927282686022e-01
-1.719567707608981588e-01 1.221555283257574551e-02 1.224173044373280950e-01
-1.885105516344151300e-01 6.702171871972063821e-02 6.331724438868467641e-02
-1.767651405412226373e-01 1.103222199251661095e-01 -5.658639018634121186e-03
1.243713570611773706e-01 2.864523728954332382e-02 -1.657489984198011745e-01
1.667041668238080920e-01 -2.932285134211404243e-02 -1.255222101288606673e-01
1.832579476973250354e-01 -8.412901722925891779e-02 -6.642215008021722100e-02
1.715125366041325428e-01 -1.274295184347043475e-01 2.553733327101515016e-03
1.332560659107524803e-01 -1.526322461699422817e-01 7.090448711227159695e-02
7.431273648448138980e-02 -1.559003136005784884e-01 1.282243286126267534e-01
3.656135907857632414e-03 -1.367361870854036376e-01 1.657868315653948932e-01
-6.795690888500734161e-02 -9.805743116311370355e-02 1.778734454009544275e-01
-1.296321530733746674e-01 8.049370392854314493e-02 -1.475468702131628451e-01
-1.818735949035056865e-01 3.314057046114730204e-02 -1.048557941039068853e-01
-2.063973605923724863e-01 -2.018652059019136746e-02 -4.698678901933631830e-02
-1.994699291223347437e-01 -7.136900302419070530e-02 1.725011360026023136e-02
-1.621459391373829828e-01 -1.126148078606329511e-01 7.807542764002155244e-02
-1.001076297699143025e-01 -1.376446352073217028e-01 1.262290504202388808e-01
-2.279977124245110426e-02 -1.426479207466734844e-01 1.543800293863015205e-01
5.800821578168309511e-02 -1.268629596102183177e-01 1.582426331798862662e-01
1.300140478042903780e-01 -9.269286903995249682e-02 1.372288153880104056e-01
1.822554896344213138e-01 -4.533973557255673026e-02 9.453773927875447347e-02
2.067792553232881969e-01 7.987355478781967000e-03 3.666873419418394814e-02
1.998518238532504265e-01 5.916983791278138116e-02 -2.756816842541274376e-02
-7.662621057586956053e-02 -1.095463812431851369e-01 1.727431482242233474e-01
-7.662621057586956053e-02 -1.095463812431851369e-01 1.727431482242233474e-01
-9.867445988651778188e-02 -1.622856813295095457e-01 1.134530550190772230e-01
-1.061250428302662197e-01 -1.920848463743843326e-01 3.703726607489738615e-02
-9.784367569363168482e-02 -1.944072236298309830e-01 -4.487060745241652771e-02
-7.509112155238678588e-02 -1.688992522111100736e-01 -1.198008343150534921e-01
-4.133125052211915340e-02 -1.194442895363851675e-01 -1.763459667173748469e-01
-1.703696933194070616e-03 -5.357140536253007790e-02 -2.058975208340289298e-01
3.775860340514244906e-02 1.869085083416782700e-02 -2.039565404362602974e-01
7.104787299302203762e-02 8.634120560674485301e-02 -1.708185221945980881e-01
9.309612230367030061e-02 1.390805056930692618e-01 -1.115284289894519776e-01
1.005467052474187245e-01 1.688796707379440487e-01 -3.511264004527211990e-02
9.226533811078420355e-02 1.712020479933907269e-01 4.679523348204171762e-02
6.951278396953931848e-02 1.456940765746698452e-01 1.217254603446786543e-01
3.575291293927161662e-02 9.623911389994486976e-02 1.782705927470001617e-01
-3.874640649653410436e-03 3.036622972608982174e-02 2.078221468636542446e-01
-4.333694098798988870e-02 -4.189602647060797214e-02 2.058811664658856400e-01
1.547405033075855141e-01 -1.424896051880303327e-01 -2.691827249284898041e-02
1.547405033075855141e-01 -1.424896051880303327e-01 -2.691827249284898041e-02
9.076529643100290923e-02 -1.943730284972432776e-01 -2.342686683521005495e-02
1.204979958178540277e-02 -2.178755381622877740e-01 -1.646919352611963747e-02
-6.942226640252949221e-02 -2.094190901374414771e-01 -7.104495255421143171e-03
-1.412475180219470994e-01 -1.702911019765949996e-01 3.241537556372792953e-03
-1.924912118149383344e-01 -1.064484551811412522e-01 1.299381520068754008e-02
-2.153519599267612883e-01 -2.761061399065378036e-02 2.066764181079314838e-02
-2.063494206905886474e-01 5.422007494042581366e-02 2.509474684871250416e-02
-1.668541490969062402e-01 1.265856310193829715e-01 2.560114370422947663e-02
-1.028789422203237047e-01 1.784690543285958886e-01 2.210973804659054770e-02
-2.416344537110617224e-02 2.019715639936404128e-01 1.515206473750013022e-02
5.730862061320862039e-02 1.935151159687941713e-01 5.787366466801657609e-03
1.291338722326262622e-01 1.543871278079476939e-01 -4.558666344992294561e-03
1.803775660256176361e-01 9.054448101249386316e-02 -1.431094398930705079e-02
2.032383141374405622e-01 1.170663982200648504e-02 -2.198477059941265910e-02
1.942357749012679768e-01 -7.012404910907303612e-02 -2.641187563733200100e-02
