-2.220099866529922847e-02 1.631871003737544734e-01 -1.431988659881853199e-01
-2.220099866529922847e-02 1.631871003737544734e-01 -1.431988659881853199e-01
-4.891425636419014303e-03 9.975948781665529286e-02 -1.940122804217631614e-01
1.298761296581687000e-02 2.162871256197856917e-02 -2.159350625512538591e-01
2.871419558810655789e-02 -5.931052311499250551e-02 -2.056296675279572772e-01
3.989409258803290614e-02 -1.307359542984376788e-01 -1.646649983255318306e-01
4.482526599337580131e-02 -1.817737065638232730e-01 -9.927755448439574970e-02
4.275698935437004244e-02 -2.046537447871208393e-01 -1.942198159070764041e-02
3.400413904032981161e-02 -1.958927905568962624e-01 6.274443327503956280e-02
1.989925716678206044e-02 -1.568246197364533689e-01 1.347125982899412266e-01
2.589684137901863189e-03 -9.339700717935418839e-02 1.855260127235190959e-01
-1.528935446433403456e-02 -1.526623192467746470e-02 2.074487948530097936e-01
-3.101593708662370164e-02 6.567300375229354059e-02 1.971433998297132395e-01
-4.219583408655007417e-02 1.370984349357387000e-01 1.561787306272878206e-01
-4.712700749189296934e-02 1.881361872011244052e-01 9.079128678615167036e-02
-4.505873085288721047e-02 2.110162254244219437e-01 1.093571389246357148e-02
-3.630588053884699351e-02 2.022552711941973946e-01 -7.123070097328350336e-02
1.161183237081624825e-03 -1.584645661472310896e-01 1.459916158920346041e-01
1.161183237081624825e-03 -1.584645661472310896e-01 1.459916158920346041e-01
-8.068797265493125870e-02 -1.547641528008358580e-01 1.307825321064358948e-01
-1.513158670265591088e-01 -1.280410370112376461e-01 9.554236712537372833e-02
-1.999700432031783215e-01 -8.236357091175490475e-02 4.563611661432372124e-02
-2.192433439131039608e-01 -2.468573464877255735e-02 -1.133844518769414229e-02
-2.062015838361558884e-01 3.621154405755797751e-02 -6.670745772201153168e-02
-1.628302527201999361e-01 9.105720655940402475e-02 -1.120414907516270597e-01
-9.573224256554474509e-02 1.315014979180282317e-01 -1.404388487018146392e-01
-1.512261717325997894e-02 1.513871414024941520e-01 -1.475762912473489730e-01
6.672653871875290632e-02 1.476867280560989204e-01 -1.323672074617502914e-01
1.373544330903807564e-01 1.209636122665007224e-01 -9.712704248068811108e-02
1.860086092669999414e-01 7.528614616701805040e-02 -4.722079196963818726e-02
2.052819099769256361e-01 1.760830990403571689e-02 9.753769832379702298e-03
1.922401498999775360e-01 -4.328896880229492206e-02 6.512278236669719056e-02
1.488688187840216393e-01 -9.813463130414092073e-02 1.104568153963127186e-01
8.177080862936654537e-02 -1.385789226627651416e-01 1.388541733465002426e-01
-3.015785103986977356e-02 1.637198913334975969e-01 -1.327955727325903779e-01
-3.015785103986977356e-02 1.637198913334975969e-01 -1.327955727325903779e-01
-7.620570141062535385e-02 1.046551929420837385e-01 -1.688494315480198182e-01
-1.103059627366260037e-01 2.958333857785544821e-02 -1.793524175583714741e-01
-1.272671793506268134e-01 -5.006666246028818046e-02 -1.627055463533746138e-01
-1.245071597769577126e-01 -1.221688195433471152e-01 -1.214431531697266614e-01
-1.024460919760699779e-01 -1.757462328631071158e-01 -6.184706332511250015e-02
-6.444257353657124876e-02 -2.026422269220959638e-01 7.009758741525186354e-03
-1.628229563812259861e-02 -1.987621304376258613e-01 7.464448605918720669e-02
3.470277598324340157e-02 -1.646966529262952339e-01 1.307603445040893542e-01
8.075062635399896105e-02 -1.056319545348814865e-01 1.668142033195188223e-01
1.148508876799996109e-01 -3.056010017065308518e-02 1.773171893298705060e-01
1.318121042940004484e-01 4.908990086749043941e-02 1.606703181248736734e-01
1.290520847203313337e-01 1.211920579505493811e-01 1.194079249412257904e-01
1.069910169194435573e-01 1.747694712703095066e-01 5.981183509661147646e-02
6.898749847994488371e-02 2.016654653292983268e-01 -9.044986970026151069e-03
2.082722058149632377e-02 1.977853688448282798e-01 -7.667971428768809161e-02
1.727082121537558967e-01 -9.574101024188982900e-02 -8.237881744083712376e-02
1.727082121537558967e-01 -9.574101024188982900e-02 -8.237881744083712376e-02
1.159037526661383516e-01 -1.160657557408857343e-01 -1.395197123359583624e-01
4.131727129591576675e-02 -1.187782117119539904e-01 -1.760494693308944925e-01
-3.969611629643282624e-02 -1.034654313219740551e-01 -1.864067640662382674e-01
-1.148028562381595841e-01 -7.245864657462036673e-02 -1.690147923076441294e-01
-1.725686282174296315e-01 -3.047835937047400912e-02 -1.265213240967414943e-01
-2.041991170984260584e-01 1.608431211588497167e-02 -6.539560476439164327e-02
-2.048788676801129027e-01 6.014062324232655188e-02 5.056529027080676822e-03
-1.745043940983826702e-01 9.498340001130475829e-02 7.410937855810693919e-02
-1.176999346107651251e-01 1.153081455103006914e-01 1.312502734532282334e-01
-4.311345324054254025e-02 1.180206014813689475e-01 1.677800304481643912e-01
3.789993435180599030e-02 1.027078210913889844e-01 1.781373251835081384e-01
1.130066742935327828e-01 7.170103634403535153e-02 1.607453534249140281e-01
1.707724462728029136e-01 2.972074913988889677e-02 1.182518852140112681e-01
2.024029351537992849e-01 -1.684192234647002850e-02 5.712616588166149340e-02
2.030826857354861570e-01 -6.089823347291151850e-02 -1.332596790981071741e-02
1.194897296122698072e-01 -1.710232610782322638e-01 6.124955488764999290e-02
1.194897296122698072e-01 -1.710232610782322638e-01 6.124955488764999290e-02
4.674983269865593677e-02 -2.054027225627818865e-01 4.008721854576957622e-02
-3.182590513302756274e-02 -2.084194798412730143e-01 1.292774406361335213e-02
-1.042750400887439838e-01 -1.796142589650282506e-01 -1.609408477015958350e-02
-1.595678481245293712e-01 -1.233723936924783632e-01 -4.255995759914085741e-02
-1.892865004474883761e-01 -4.825619817759080332e-02 -6.244068519885266622e-02
-1.889066016417046412e-01 3.429856774250079898e-02 -7.270960701148335148e-02
-1.584859878565675340e-01 1.117236893172791207e-01 -7.180337277906793936e-02
-1.026559217773134608e-01 1.722318936474589723e-01 -5.985994844845791973e-02
-2.991602486369959041e-02 2.066113551320085950e-01 -3.869761210657747530e-02
4.865971296798392298e-02 2.096281124104997229e-01 -1.153813762442126682e-02
1.211088479237002885e-01 1.808228915342550147e-01 1.748369120935166360e-02
1.764016559594857314e-01 1.245810262617050718e-01 4.394956403833293057e-02
2.061203082824447363e-01 4.946483074681736619e-02 6.383029163804475326e-02
2.057404094766610292e-01 -3.308993517327409734e-02 7.409921345067543852e-02
1.753197956915239775e-01 -1.105150567480523427e-01 7.319297921826004028e-02
-1.188975722967493265e-01 -6.069954278142557225e-02 1.714642384708780498e-01
-1.188975722967493265e-01 -6.069954278142557225e-02 1.714642384708780498e-01
-1.708148691426598087e-01 -8.187971506032629132e-02 1.097826988352509220e-01
-1.976182423865653626e-01 -9.092484582895561662e-02 3.137107639636735334e-02
-1.952271214252648268e-01 -8.645789592210442742e-02 -5.183317013258006978e-02
-1.640055327495506809e-01 -6.915891797008903719e-02 -1.271629484659321241e-01
-1.087066802108942742e-01 -4.166152455047814063e-02 -1.831499827185769369e-01
-3.774931282295958257e-02 -8.151944546915455142e-03 -2.112707544492786749e-01
3.806395345957760967e-02 2.626829225015577321e-02 -2.072441310774685852e-01
1.071912360941711106e-01 5.635901680860500029e-02 -1.716831295100729460e-01
1.591085329400817039e-01 7.753918908750570549e-02 -1.100015898744457626e-01
1.859119061839872022e-01 8.658431985613505855e-02 -3.158996743556218012e-02
1.835207852226866942e-01 8.211736994928386935e-02 5.161427909338516667e-02
1.522991965469725206e-01 6.481839199726849299e-02 1.269440574267372279e-01
9.700034400831600290e-02 3.732099857765754092e-02 1.829310916793820962e-01
2.604297662038137021e-02 3.811418574094904005e-03 2.110518634100838342e-01
-4.977028966215569367e-02 -3.060881822297630006e-02 2.070252400382737445e-01
1.020792244037217883e-01 -1.737181142157664115e-01 6.526957312681433421e-02
1.020792244037217883e-01 -1.737181142157664115e-01 6.526957312681433421e-02
2.585981285461537091e-02 -1.894171868749088827e-01 9.459303871926545704e-02
-5.494433440171707372e-02 -1.764694271333878683e-01 1.093839317772775793e-01
-1.280315184369178183e-01 -1.368460140401157321e-01 1.073904729125478852e-01
-1.822748780186006223e-01 -7.657925305140891870e-02 8.891614816648182873e-02
-2.094163533677333711e-01 -4.844212208249336696e-03 5.677350601149705467e-02
-2.053239009004973470e-01 6.743809880075657404e-02 1.585597234191339633e-02
-1.706205594068552212e-01 1.292633533652686739e-01 -2.760712925944150409e-02
-1.105895980426399722e-01 1.712192169251681440e-01 -6.699893556775843306e-02
-3.437018649353350275e-02 1.869182895843106151e-01 -9.632240116020955589e-02
4.643396076279897311e-02 1.739705298427896007e-01 -1.111132942182216782e-01
1.195211447979995789e-01 1.343471167495175200e-01 -1.091198353534919840e-01
1.737645043796824940e-01 7.408035576081072049e-02 -9.064551060742591371e-02
2.009059797288152704e-01 2.345314917650971089e-03 -5.850286845244109107e-02
1.968135272615792186e-01 -6.993699609135485551e-02 -1.758533478285747437e-02
1.621101857679371483e-01 -1.317622506558668860e-01 2.587776681849733584e-02
-3.485400130869111684e-02 1.669290488833611585e-01 -1.307101010826620113e-01
-3.485400130869111684e-02 1.669290488833611585e-01 -1.307101010826620113e-01
-9.755799807169437954e-02 1.162393645901827893e-01 -1.509860299908705461e-01
-1.450169152986773291e-01 4.801606982614499419e-02 -1.486234415651933316e-01
-1.700055630579877519e-01 -2.735445722663448764e-02 -1.239820184765223487e-01
-1.687196462509266692e-01 -9.839773705989916797e-02 -8.081319401505111799e-02
-1.413549340545043054e-01 -1.542980743279698252e-01 -2.568903037867046463e-02
-9.207745583889212493e-02 -1.865451494196018745e-01 3.299831822076833981e-02
-2.838926096096468926e-02 -1.902296374725580830e-01 8.631423496114064287e-02
4.001370024403776843e-02 -1.647906085807431253e-01 1.261418548287134844e-01
1.027176970070410311e-01 -1.141009242875647561e-01 1.464177837369220470e-01
1.501766142340239807e-01 -4.587762952352694712e-02 1.440551953112448325e-01
1.751652619933344035e-01 2.949289752925247921e-02 1.194137722225738357e-01
1.738793451862733486e-01 1.005361773625172012e-01 7.624494776110261884e-02
1.465146329898509570e-01 1.564365146305879140e-01 2.112078412472185446e-02
9.723715477423880427e-02 1.886835897222199354e-01 -3.756656447471689447e-02
3.354895989631145881e-02 1.923680777751761439e-01 -9.088248121508911426e-02
-8.257048790832337282e-02 1.703263719669279586e-01 -9.180682691238550852e-02
-8.257048790832337282e-02 1.703263719669279586e-01 -9.180682691238550852e-02
-1.381628591836193132e-01 1.555920008767874285e-01 -3.174407369873255558e-02
-1.727170467521960129e-01 1.166195928849169533e-01 3.308113201499668365e-02
-1.809724887912278479e-01 5.934234382232073113e-02 9.279974030084008063e-02
-1.616723690860407958e-01 -7.519804360776780570e-03 1.383201343978101294e-01
-1.177549559057287504e-01 -7.378769571038149011e-02 1.627122469480431488e-01
-5.590627729465235535e-02 -1.293726444884470972e-01 1.622625999308171252e-01
1.445776608831980670e-02 -1.658123461223285355e-01 1.370396480284442609e-01
8.262488648977177330e-02 -1.775591863649852442e-01 9.088335702143254813e-02
1.382172577650677414e-01 -1.628248152748447697e-01 3.082060380777958131e-02
1.727714453336444134e-01 -1.238524072829743083e-01 -3.400460190594967180e-02
1.810268873726763039e-01 -6.657515822037808617e-02 -9.372321019179301327e-02
1.617267676674892796e-01 2.869899627194190221e-04 -1.392436042887630898e-01
1.178093544871771092e-01 6.655488131232423221e-02 -1.636357168389961647e-01
5.596067587610076277e-02 1.221398300903897699e-01 -1.631860698217701133e-01
-1.440336750687126570e-02 1.585795317242711944e-01 -1.379631179193973045e-01
-1.223913668158210510e-01 -4.537478541840684471e-02 1.639833160609574514e-01
-1.223913668158210510e-01 -4.537478541840684471e-02 1.639833160609574514e-01
-1.396990562969088745e-01 -1.091183391826427707e-01 1.136561773193629082e-01
-1.356832014806366449e-01 -1.562860948770080638e-01 4.543086392004760943e-02
-1.109551798589672178e-01 -1.796971892738057075e-01 -3.030593863594876342e-02
-6.927960856372553100e-02 -1.757874954732224493e-01 -1.020239887153005787e-01
-1.700121553461770782e-02 -1.451522289149345391e-01 -1.588048633191693482e-01
3.792108779448759293e-02 -9.245533122305844842e-02 -1.920041890090262160e-01
8.712587861365356234e-02 -2.571942737261510153e-02 -1.965676694012271353e-01
1.231221735632016812e-01 4.489554623764030472e-02 -1.718005559741123678e-01
1.404298630442895046e-01 1.086391000018762099e-01 -1.214734172325178246e-01
1.364140082280172750e-01 1.558068556962415030e-01 -5.324810383320251195e-02
1.116859866063478757e-01 1.792179500930391745e-01 2.248869872279381579e-02
7.001041531110629990e-02 1.753082562924559162e-01 9.420674880214564839e-02
1.773202228199832059e-02 1.446729897341679782e-01 1.509876234060145705e-01
-3.719028104710692118e-02 9.197609204229192925e-02 1.841869490958713274e-01
-8.639507186627286284e-02 2.524018819184865522e-02 1.887504294880722744e-01
-1.200839764896167727e-01 -4.330222078866610702e-02 1.665540696336926807e-01
-1.200839764896167727e-01 -4.330222078866610702e-02 1.665540696336926807e-01
-1.551958851913147475e-01 -9.034123057288606651e-02 1.076571307694808299e-01
-1.662980770304259281e-01 -1.232704674623184005e-01 3.211395982744107147e-02
-1.517003439410653798e-01 -1.370767536448228019e-01 -4.857468021705095562e-02
-1.136250584573081368e-01 -1.296582072034088429e-01 -1.221246753615646968e-01
-5.786883764073395831e-02 -1.021442345844909144e-01 -1.773387055777142507e-01
7.079939320734145343e-03 -5.872358870451632740e-02 -2.058109352815210846e-01
7.133340989684189282e-02 -6.006669289576146986e-03 -2.032067256019856327e-01
1.251095656515380794e-01 4.798085055946943456e-02 -1.699225438555976020e-01
1.602214743532360541e-01 9.501986034368938017e-02 -1.110256049913857512e-01
1.713236661923472626e-01 1.279490972331217280e-01 -3.548243404934592338e-02
1.567259331029867142e-01 1.417553834156261294e-01 4.520620599514602739e-02
1.186506476192294712e-01 1.343368369742121982e-01 1.187562011396598310e-01
6.289442680265519559e-02 1.068228643552941726e-01 1.739702313558093849e-01
-2.054350158812813520e-03 6.340221847531962718e-02 2.024424610596161911e-01
-6.630782073492050288e-02 1.068529906037955779e-02 1.998382513800807669e-01
-5.449411936338841023e-02 1.674653835066995666e-01 -1.141536882670955710e-01
-5.449411936338841023e-02 1.674653835066995666e-01 -1.141536882670955710e-01
-1.206255863593060917e-01 1.181088161678838927e-01 -1.250739123862592839e-01
-1.681303615623103709e-01 5.025044101228344495e-02 -1.168745090256620989e-01
-1.897762735796033884e-01 -2.577891948036426309e-02 -9.080376301917839066e-02
-1.822679285272334193e-01 -9.840448438292274946e-02 -5.083070911439421802e-02
-1.467484038761063259e-01 -1.565696697913626645e-01 -3.040882411677096886e-03
-8.862522526906348175e-02 -1.914193534959677812e-01 4.529014918934223116e-02
-1.674711976110098560e-02 -1.976479870658814919e-01 8.680442424930105705e-02
5.794312266084278296e-02 -1.743073175027883004e-01 1.151817707181611306e-01
1.240745896567604645e-01 -1.249507501639726265e-01 1.261019948373248434e-01
1.715793648597647714e-01 -5.709237500837217871e-02 1.179025914767276306e-01
1.932252768770578166e-01 1.893698548427547035e-02 9.183184547024395017e-02
1.857169318246878476e-01 9.156255038683393244e-02 5.185879156545984692e-02
1.501974071735606431e-01 1.497277357952739862e-01 4.068964862742583538e-03
9.207422856651788223e-02 1.845774194998790474e-01 -4.426206673827669941e-02
2.019612305855547629e-02 1.908060530697927581e-01 -8.577634179823544203e-02
