-1.953038161685633281e-02 -1.632549910765257462e-01 1.883070204737458953e-01
1.303656364166588533e-01 -1.743354259655511551e-01 1.412121621636212299e-01
1.303656364166588533e-01 -1.743354259655511551e-01 1.412121621636212299e-01
1.266618174365154448e-01 1.882522608496026151e-01 1.217724674460863576e-01
1.550409866788120261e-01 1.312403435556516729e-01 1.783727677973219183e-01
1.708700027316826242e-01 5.434341161724082214e-02 2.114731313832809434e-01
1.717390413914655356e-01 -3.073167415043027983e-02 2.160343279035442932e-01
1.575157994000639383e-01 -1.110330031468070577e-01 1.913619565352513707e-01
-1.777382664985694208e-03 -1.508505322705015472e-01 2.032795222995248396e-01
-1.238990114409361520e-01 1.044103579311410346e-01 2.025501031869062218e-01
-4.819847083316694536e-02 1.425336172347151098e-01 2.112450389441510312e-01
2.991568497959790768e-02 1.683952275751867955e-01 1.891336747095462290e-01
-2.004558193239800584e-02 -1.573438475383946156e-01 2.061482380761391342e-01
-9.451991195493386622e-02 -1.166258739003404599e-01 2.135468070534006224e-01
-1.599168481702463451e-01 -6.728025114000080187e-02 1.901509039836157822e-01
4.117837032772339589e-04 -1.760947793438975562e-01 1.845088974672900450e-01
6.545472840117616542e-02 -1.300696960201085939e-01 2.146808041738762773e-01
1.277638136229165000e-01 -7.196328470737742289e-02 2.140027426484957251e-01
1.778530459767523886e-01 -1.062171979213718392e-02 1.825779416117445653e-01
-1.507820118474587634e-01 -9.522478764674841001e-02 1.786635664626674558e-01
-1.507820118474587634e-01 -9.522478764674841001e-02 1.786635664626674558e-01
8.598928595769828043e-02 -1.464880588318642207e-01 1.918564432171372125e-01
5.414770491280099241e-03 -1.392488692634898939e-01 2.185699531754740077e-01
-7.772825263637347937e-02 -1.212476022972097389e-01 2.139372309355520030e-01
-1.525704428300377613e-01 -8.162544110394490127e-02 1.886340850206979225e-01
-1.513232515250128307e-01 2.100870157841772112e-04 2.123169001087742702e-01
-1.375485004398925293e-01 8.399583747567115899e-02 2.052678482789994097e-01
4.080828149270465666e-03 -1.671612473929961484e-01 1.939190916278663024e-01
-7.247260939095657994e-02 -1.330615654614124566e-01 2.092825558143242004e-01
-1.429785033033460773e-01 -8.775463718812642755e-02 1.939380351986974005e-01
1.461161447221628884e-01 4.329784735630825415e-02 1.989991517821131095e-01
1.007664609675971018e-01 1.153985588847005750e-01 1.969327939983712417e-01
-1.425742056068656782e-01 6.786759503025885376e-02 2.050364590076993176e-01
-9.050221451129381034e-02 1.351887748648970822e-01 2.010473279373333755e-01
-1.557236573954417710e-02 -1.610843040256350334e-01 2.029524989398973633e-01
-3.299533575365631161e-02 1.602490907869907055e-01 1.947400820228737672e-01
2.493849185793655873e-02 -1.491866714829099272e-01 2.015394549884566844e-01
1.047728251471560790e-01 -1.204981743918857873e-01 1.936007796605155040e-01
1.282541092142579497e-01 -1.136486436188980931e-01 1.823218429169214116e-01
-1.258355095965346948e-01 -8.852410899916246523e-02 2.024984390290727465e-01
-4.924619769511664330e-02 -1.223567598480644891e-01 2.182701407488260859e-01
3.067935212037865844e-02 -1.471340953205192148e-01 2.022293281226069384e-01
1.342519568501223948e-01 -9.859137925305055949e-02 1.975478479736287318e-01
6.549869791609053138e-02 -1.486208876886684349e-01 2.029661962751032056e-01
-1.754923590589128057e-01 -2.588190186741542997e-03 1.806542859176489546e-01
-1.347516147074546700e-01 6.684692006261025443e-02 2.085559344695069039e-01
-8.135176101301964946e-02 1.331855014875344134e-01 2.058739543235049152e-01
-2.216803151326132010e-02 -1.607530022687431170e-01 1.997868986063128238e-01
-8.632614244022171479e-02 -1.085500288950152353e-01 2.202328402303633803e-01
-1.447469802566420660e-01 -4.752983396428855228e-02 2.091426790452390327e-01
-1.885365019911857121e-01 1.301781099467791414e-02 1.682047915588134601e-01
1.978103381903499325e-01 -7.330492744314724696e-02 1.954222528794460900e-01
-1.444305237294853106e-02 2.545270659431166371e-01 1.471247176284200819e-01
6.735041012229595059e-02 2.378040879391826457e-01 1.639109744043928119e-01
2.255363306026223758e-01 6.790510041067839009e-02 9.376730018528739441e-02
-1.103883435260746698e-01 1.626607897657954827e-01 1.489310865043802501e-01
-1.457428431234034094e-01 9.642582924985057535e-02 1.892065795847874821e-01
-9.821718900858343593e-02 -1.384202284950902806e-01 1.897142503424840976e-01
-9.821718900858343593e-02 -1.384202284950902806e-01 1.897142503424840976e-01
1.414842343419300819e-01 -1.013094918028082658e-01 1.835297749760746167e-01
6.594007231143743375e-02 -1.224892936104697294e-01 2.167555166677959944e-01
-1.823187407778888158e-02 -1.355208513528687875e-01 2.189272156160567695e-01
1.409332925537902792e-01 -6.526596587011422590e-02 1.976216422794809524e-01
-1.036559222294503174e-01 -1.355132650891379686e-01 1.799324601504269372e-01
-2.278166506083190157e-02 -1.497070529935562444e-01 2.026753514037833714e-01
-1.320824886607876447e-01 -1.349658762331956419e-01 1.968624912384443482e-01
-5.373504023395705986e-02 -1.636852618476431487e-01 2.140736383084251016e-01
2.937822168962022848e-02 -1.778432132186503201e-01 2.017818738325753702e-01
1.046040564056748695e-01 -1.752843105921301214e-01 1.618585075272208906e-01
-1.181407587775169382e-01 -1.065411572887105113e-01 2.042300871770428017e-01
-4.169298009993928356e-02 -1.428883207896014251e-01 2.139196549531947045e-01
3.714828085919183454e-02 -1.672390263655610942e-01 1.926978361972035980e-01
-9.543798380537391046e-02 -1.390465487172134473e-01 1.925353495945150151e-01
-9.543798380537391046e-02 -1.390465487172134473e-01 1.925353495945150151e-01
1.433061171095697806e-01 -9.601990496154702570e-02 1.878884542547872294e-01
6.802105425278871798e-02 -1.186273691945390896e-01 2.207585437180141774e-01
-1.581472520176670227e-02 -1.337363172386832055e-01 2.223903163622673873e-01
1.479404038828370793e-01 -5.295686788734209338e-02 1.973872427243362204e-01
1.712159020112183072e-01 2.636321108574344457e-02 1.767438352792874978e-01
2.447311863132886622e-02 -1.725913887440927996e-01 1.805431083165958128e-01
7.498784223702031904e-02 -1.138885474350781607e-01 2.160631044100841947e-01
1.229670466219453806e-01 -4.362066323896943154e-02 2.205185952230049873e-01
1.611063328510699000e-01 2.751461545533233355e-02 1.932312726682158810e-01
-2.196289010052994151e-01 1.275218090625535733e-02 1.301752227059732869e-01
-2.196289010052994151e-01 1.275218090625535733e-02 1.301752227059732869e-01
7.614817648328839339e-02 -1.974105158471292365e-01 1.442894363394081891e-01
1.252793821143699526e-02 -1.792538853937628573e-01 1.979699024799929929e-01
-5.946161054627321918e-02 -1.427405952216216078e-01 2.252293027434621453e-01
-1.288607135783650937e-01 -9.342946276561453489e-02 2.219176405467812863e-01
-1.851039865526384887e-01 -3.882766093563974619e-02 1.885390864391024712e-01
-5.766533630239931152e-02 1.625210507633689516e-01 1.977187125959709579e-01
-1.406063460961569922e-01 -1.805736887407144997e-01 9.379091254923718757e-02
-8.378576712625662726e-02 -1.978126445845815873e-01 1.548905525335077527e-01
-9.380207098559321943e-03 -1.948570772950014018e-01 1.962910725571796744e-01
7.128276196079921800e-02 -1.721569451995283440e-01 2.116896187432974474e-01
1.459229342241670224e-01 -1.331681376324883037e-01 1.987419020231934452e-01
2.031770200792927805e-01 -8.382634711154243745e-02 1.594190948961591858e-01
4.840031522437742567e-02 -1.460890746973242116e-01 2.090102318766649814e-01
3.684474445026213185e-02 -1.621667957451985997e-01 1.991292661482330362e-01
-4.735094959996114655e-02 -1.514920136704842879e-01 2.066469978329347201e-01
-1.428721158447291695e-01 -1.078501132489665115e-01 1.876764470117823214e-01
-6.730947412482161940e-02 -1.301742892447463606e-01 2.200907970683681492e-01
1.684799541595526431e-02 -1.433510779877665564e-01 2.217230672934198399e-01
9.678808092937915553e-02 -1.453744328397895691e-01 1.923247593417398704e-01
1.145109515970336722e-01 1.155501761039919029e-01 1.956679031223764742e-01
8.205397801400005076e-03 -1.657736905000469219e-01 1.932852761377157058e-01
9.479238646399747170e-03 -1.729288509090349257e-01 1.782489775757191974e-01
8.010268927106921344e-02 -1.330984035190634629e-01 2.044227034011774635e-01
-3.466016902140499345e-02 1.601836715186566451e-01 1.951587574088178845e-01
5.040331666177061409e-02 -1.574333976676442759e-01 1.982631583522243834e-01
