1.396114637736281250e-01 -1.760524657407359084e-01 -3.691969610252104949e-04
1.396114637736281250e-01 -1.760524657407359084e-01 -3.691969610252104949e-04
7.032105880676034482e-02 -2.224514030923668839e-01 -3.319218539458670958e-03
-1.146966806095847842e-02 -2.387920675619282784e-01 -5.765423414314629902e-03
-9.330882009870350435e-02 -2.225867411124215489e-01 -7.335399068298678604e-03
-1.627371282824887633e-01 -1.763025377941339622e-01 -7.790130939956488657e-03
-2.091847620605137292e-01 -1.069858079949271429e-01 -7.060390223982840677e-03
-2.255804902389229039e-01 -2.518939546900977877e-02 -5.257273329268661623e-03
-2.094282118301995232e-01 5.663393746287312402e-02 -2.655288457738825148e-03
-1.631869648013032914e-01 1.260273300922024609e-01 3.494357809678419273e-04
-9.389655983443553899e-02 1.724262674438334919e-01 3.299457359401302119e-03
-1.210583296671667759e-02 1.887669319133948309e-01 5.745662234257261497e-03
6.973331907102829630e-02 1.725616054638881569e-01 7.315637888241309332e-03
1.391616272548135413e-01 1.262774021456006257e-01 7.770369759899120252e-03
1.856092610328386183e-01 5.696067234639365373e-02 7.040629043925472272e-03
2.020049892112477652e-01 -2.483574017952361324e-02 5.237512149211292350e-03
1.858527108025244123e-01 -1.066590731114064605e-01 2.635527277681459779e-03
1.394641130980271426e-01 -1.247504472388430985e-01 6.790981103194810957e-03
1.394641130980271426e-01 -1.247504472388430985e-01 6.790981103194810957e-03
6.902268660725555116e-02 -1.694608661665767402e-01 8.901201896560868160e-03
-1.318564210882775499e-02 -1.838376780812710498e-01 9.654280526497787535e-03
-9.464540022355472093e-02 -1.656921436950383186e-01 8.935567598272452575e-03
-1.629550779985041997e-01 -1.177867561285036446e-01 6.854480640058238650e-03
-2.077151462212112609e-01 -4.741467637525226264e-02 3.727846276143015076e-03
-2.221112902557975388e-01 3.471058434677476434e-02 3.166624542179008656e-05
-2.039518276743678971e-01 1.160861995599912072e-01 -3.671349548383549908e-03
-1.560013720390067971e-01 1.843234695199736373e-01 -6.817450518587900125e-03
-8.555994554823520559e-02 2.290338884477072789e-01 -8.927671311953960798e-03
-3.351616832151879492e-03 2.434107003624015886e-01 -9.680749941890880172e-03
7.810814128257496936e-02 2.252651659761688574e-01 -8.962037013665540008e-03
1.464178190575245730e-01 1.773597784096342111e-01 -6.880950055451326951e-03
1.911778872802316620e-01 1.069876986563827598e-01 -3.754315691536103811e-03
2.055740313148179121e-01 2.486243793435578484e-02 -5.813566081488054930e-05
1.874145687333882704e-01 -5.651317727886055742e-02 3.644880132990456836e-03
-1.506045805834199391e-01 -7.275053708542579718e-03 1.446439300567364250e-01
-1.506045805834199391e-01 -7.275053708542579718e-03 1.446439300567364250e-01
-1.975670986529295126e-01 -6.594240317376869054e-03 7.783414474445563003e-02
-2.153953349208732604e-01 -4.959903382813488255e-03 -1.846291738625551251e-03
-2.013751020288210292e-01 -2.620855887838512838e-03 -8.226675524291354735e-02
-1.576408533408601431e-01 6.680338995646175173e-05 -1.511839592131974386e-01
-9.085073176778099557e-02 2.693902689219173675e-03 -1.981058840810112631e-01
-1.117292786512519634e-02 4.860489956351322742e-03 -2.158890921335384627e-01
6.926233500401897392e-02 6.236721920094529838e-03 -2.018262511499641643e-01
1.382095172152978668e-01 6.613079739542703124e-03 -1.580583011900666968e-01
1.851720352848073847e-01 5.932266348376989858e-03 -9.124851587778595730e-02
2.030002715527511881e-01 4.297929413813610794e-03 -1.156807939470470489e-02
1.889800386606989846e-01 1.958881918838639713e-03 6.885238410958315070e-02
1.452457899727380430e-01 -7.287773589563352559e-04 1.377695880798671113e-01
7.845566839965881223e-02 -3.355876658219051571e-03 1.846915129476809914e-01
-1.222135502996922821e-03 -5.522463925351199336e-03 2.024747210002081355e-01
-8.165739837214097685e-02 -6.898695889094404697e-03 1.884118800166338925e-01
-1.677838555874651694e-01 1.341119766079543474e-01 -1.150069522539103441e-03
-1.677838555874651694e-01 1.341119766079543474e-01 -1.150069522539103441e-03
-2.143897549321701346e-01 6.492546558528823619e-02 -2.985188544304441093e-03
-2.309703336973284171e-01 -1.683910843033818716e-02 -4.359840099369296888e-03
-2.150013490692654350e-01 -9.873383024275499131e-02 -5.064745949722426407e-03
-1.689139341983976472e-01 -1.682909708335236232e-01 -4.992590569635010911e-03
-9.972448021535851304e-02 -2.149210860847491078e-01 -4.154358961635209319e-03
-1.796645428510356898e-02 -2.315251636524798262e-01 -2.677664289452543703e-03
6.391322528283654991e-02 -2.155753832433666140e-01 -7.873199306562864933e-04
1.334491195153865439e-01 -1.694999543395775965e-01 1.228886322141115863e-03
1.800550188600915091e-01 -1.003134433169115269e-01 3.064005343906453082e-03
1.966355976252497917e-01 -1.854886930128507583e-02 4.438656898971310612e-03
1.806666129971868651e-01 6.334585251113167281e-02 5.143562749324440131e-03
1.345791981263190495e-01 1.329029931019004018e-01 5.071407369237025502e-03
6.538974414327983209e-02 1.795331083531259142e-01 4.233175761237220440e-03
-1.636828178697502870e-02 1.961371859208566049e-01 2.756481089054557861e-03
-9.824796135491506432e-02 1.801874055117434481e-01 8.661367302583027105e-04
-3.785591453833862113e-02 -1.376285019949806399e-01 1.847213984434267764e-01
-3.785591453833862113e-02 -1.376285019949806399e-01 1.847213984434267764e-01
-3.058519467209602077e-02 -1.930671122165694420e-01 1.228864177371733757e-01
-1.857197590018856703e-02 -2.205545866863181659e-01 4.510474231403431566e-02
-3.645161880539836419e-03 -2.159062065907841887e-01 -3.678207283546103268e-02
4.777318252689171686e-03 1.969680422184232338e-01 7.306204465588761465e-02
-1.079061889211533655e-02 1.608914812894811086e-01 1.465874742310563916e-01
-2.462960185548082603e-02 9.887906889372291563e-02 2.005579380887579366e-01
-3.463277093192777129e-02 2.037163267448494075e-02 2.267569223501302855e-01
-3.927723430852068931e-02 -6.267878187553552194e-02 2.211958691557634193e-01
4.135231890709396493e-03 -1.528756306051526626e-01 1.426279229999226905e-01
4.135231890709396493e-03 -1.528756306051526626e-01 1.426279229999226905e-01
1.552578354364183167e-03 -1.984474252823094365e-01 7.279823487362956091e-02
-1.153261430285536411e-03 -2.138107237121953108e-01 -9.154748022755444109e-03
-3.570347884525571468e-03 -1.966266029775071700e-01 -9.075442694889764017e-02
-5.330701506641143290e-03 -1.495111896856589073e-01 -1.595779904912232872e-01
-6.166324415310482122e-03 -7.963737840804946400e-02 -2.051476749875704164e-01
-5.950000597629206966e-03 2.357176495981750351e-03 -2.205259090635888208e-01
-4.714663393859003584e-03 8.398954732478706997e-02 -2.033714959852437609e-01
-2.648381694914246371e-03 1.528319456189651815e-01 -1.562960396385714157e-01
-6.572815856903196051e-05 1.984037402961219831e-01 -8.646635151227827221e-02
2.640111626080688268e-03 2.137670387260078575e-01 -4.513368615893234223e-03
5.057198080320722024e-03 1.965829179913197444e-01 7.708631031024885949e-02
6.817551702436295581e-03 1.494675046994715373e-01 1.459098738525745342e-01
7.653174611105632678e-03 7.959369342186189966e-02 1.914795583489217468e-01
7.436850793424359257e-03 -2.400861482169215806e-03 2.068577924249401234e-01
6.201513589654155008e-03 -8.403323231097446777e-02 1.897033793465950913e-01
1.027665407848830752e-02 1.240289536706712936e-01 -1.737229257361737611e-01
1.027665407848830752e-02 1.240289536706712936e-01 -1.737229257361737611e-01
9.878572982286785292e-03 5.313097325110625185e-02 -2.177376701240925916e-01
8.001998000601560218e-03 -2.918919994424353653e-02 -2.312967029469653879e-01
4.932620663199646649e-03 -1.103990657806143416e-01 -2.123357843704483383e-01
1.137725845725637980e-03 -1.781351583536857630e-01 -1.637415423666612191e-01
-2.804948116667239488e-03 -2.220852715984157899e-01 -9.291200977277992712e-02
-6.295164853633135327e-03 -2.355583991820630330e-01 -1.063034085491115083e-02
-8.801570505862501073e-03 -2.165033795642228309e-01 7.057682617938586256e-02
-9.942587533427228730e-03 -1.678211667475284496e-01 1.383464362939415826e-01
-9.544506437225703036e-03 -9.692318632796342870e-02 1.823611806818604408e-01
-7.667931455540484900e-03 -1.460301313261363337e-02 1.959202135047332372e-01
-4.598554118138573066e-03 6.660685270375710232e-02 1.769592949282162153e-01
-8.036593006645588672e-04 1.343429452768285237e-01 1.283650529244290961e-01
3.139014661728320010e-03 1.782930585215586616e-01 5.753552033054774861e-02
6.629231398694211512e-03 1.917661861052058769e-01 -2.474614858732096523e-02
9.135637050923579860e-03 1.727111664873657582e-01 -1.059533156216178745e-01
1.630301920149455353e-01 -1.606283123130995433e-03 -1.566000307057037744e-01
1.630301920149455353e-01 -1.606283123130995433e-03 -1.566000307057037744e-01
9.529163093488510206e-02 2.012865863702523964e-03 -2.021714328694221297e-01
1.524806771810884379e-02 5.223185127425193641e-03 -2.183295710524012778e-01
-6.491459073233647736e-02 7.535932661751825606e-03 -2.026145151901699581e-01
-1.329923063436789232e-01 8.599013619689803781e-03 -1.574187400804167858e-01
-1.786208640401203973e-01 8.250583562245948285e-03 -8.962289278288013139e-02
-1.948537295362832433e-01 6.543687807139752025e-03 -9.548276477723731739e-03
-1.792195962116687469e-01 3.738185760037578652e-03 7.061447438079672401e-02
-1.340986191411780437e-01 2.611896756713520890e-04 1.386613076516175214e-01
-6.636005806111761052e-02 -3.357959311162165682e-03 1.842327098153359044e-01
1.368350515565864602e-02 -6.568278574884833625e-03 2.003908479983150526e-01
9.384616360610391339e-02 -8.881026109211468192e-03 1.846757921360837884e-01
1.619238792174463870e-01 -9.944107067149448101e-03 1.394800170263306438e-01
2.075524369138879444e-01 -9.595677009705590871e-03 7.168416972879383675e-02
2.237853024100507626e-01 -7.888781254599396345e-03 -8.390446576362495246e-03
2.081511690854363217e-01 -5.083279207497226442e-03 -8.855319743488283823e-02
3.416929576766027706e-03 -1.587883889933180415e-01 1.454968915575786392e-01
3.416929576766027706e-03 -1.587883889933180415e-01 1.454968915575786392e-01
-2.340192397817437899e-03 -2.044182565541905749e-01 7.589942864230313224e-02
-7.641968365740371000e-03 -2.198779610441596866e-01 -5.904757191704948852e-03
-1.168125099660533364e-02 -2.028139025971976983e-01 -8.746172020800915825e-02
-1.384309612605136817e-02 -1.558239294257796337e-01 -1.563551521030878411e-01
-1.379838243029520538e-02 -8.606183898008629152e-02 -2.020966523914306534e-01
-1.155391716418507388e-02 -4.148277135549913869e-03 -2.177224923018699909e-01
-7.451399818357922269e-03 7.744615886528616322e-02 -2.008537793566330665e-01
-2.115401469303599714e-03 1.462994557966987852e-01 -1.540586221863685101e-01
3.641720505279867626e-03 1.919293233575713187e-01 -8.446115927109301702e-02
8.943496473202803762e-03 2.073890278475404303e-01 -2.656973437084889089e-03
1.298277910406776293e-02 1.903249694005785253e-01 7.889998957921923184e-02
1.514462423351379747e-02 1.433349962291604329e-01 1.477934214742979702e-01
1.509991053775763988e-02 7.357290578346697973e-02 1.935349217626408380e-01
1.285544527164750490e-02 -8.340656061069323321e-03 2.091607616730801755e-01
8.752927925820361971e-03 -8.993509206190528071e-02 1.922920487278432511e-01
1.569800828065145981e-01 8.703787978225319480e-03 -1.489869734984616834e-01
1.569800828065145981e-01 8.703787978225319480e-03 -1.489869734984616834e-01
8.756659872256883359e-02 1.241859917982068157e-02 -1.919580005268324563e-01
6.933878092829289484e-03 1.411724963291421595e-02 -2.051496535427830559e-01
-7.264247830425889230e-02 1.354113520432713609e-02 -1.865536229572673232e-01
-1.390476915687060555e-01 1.077796409332151470e-02 -1.390009858534930476e-01
-1.821721699457574395e-01 6.248404053339467329e-03 -6.973120016478108474e-02
-1.954506025268768210e-01 6.420395399042567834e-04 1.071003716993308361e-02
-1.768614683208799554e-01 -5.187611271634488298e-03 9.007627696807160578e-02
-1.292347944997086495e-01 -1.035303689113618690e-02 1.562847286771231192e-01
-5.982131041576290581e-02 -1.406784809273155246e-02 1.992557557054938921e-01
2.081141021397664437e-02 -1.576649854582508337e-02 2.124474087214444640e-01
1.003877666110647576e-01 -1.519038411723800872e-02 1.938513781359287869e-01
1.667929798755119764e-01 -1.242721300623238732e-02 1.462987410321545390e-01
2.099174582525633881e-01 -7.897652966250331280e-03 7.702895534344243733e-02
2.231958908336827418e-01 -2.291288452815127240e-03 -3.412281991271649915e-03
2.046067566276859317e-01 3.538362358723610469e-03 -8.277852178941003114e-02
1.663278872651759444e-01 -1.552987497854068366e-01 -2.725086898570470463e-03
1.663278872651759444e-01 -1.552987497854068366e-01 -2.725086898570470463e-03
9.734204899145898482e-02 -2.022819067870277876e-01 -4.971314261078183493e-03
1.561109417677942167e-02 -2.192931184893983920e-01 -6.447174358923413520e-03
-6.642218020127813038e-02 -2.037425821178507623e-01 -6.927980870914320945e-03
-1.362689517521384341e-01 -1.579977258689897746e-01 -6.340535364122179031e-03
-1.832956826697438035e-01 -8.902278942855006150e-02 -4.774271091749310476e-03
-2.003429794702661360e-01 -7.318581610232707466e-03 -2.467637591043501857e-03
-1.848155457499562615e-01 7.467617259611175617e-02 2.282010971975451845e-04
-1.390772925361941081e-01 1.444785151468651052e-01 2.902827970527690517e-03
-7.009145426247720412e-02 1.914616721484860840e-01 5.149055333035406148e-03
1.163950055220239199e-02 2.084728838508566884e-01 6.624915430880633574e-03
9.367277493025988333e-02 1.929223474793090587e-01 7.105721942871542733e-03
1.635195464811202148e-01 1.471774912304480987e-01 6.518276436079400819e-03
2.105462773987256675e-01 7.820255479000827459e-02 4.952012163706531397e-03
2.275935741992479722e-01 -3.501653028309003116e-03 2.645378663000724079e-03
2.120661404789381532e-01 -8.549640723465336267e-02 -5.046002524031916771e-05
1.298073206129726209e-01 -1.446564520834395795e-01 9.859917298240390010e-03
1.298073206129726209e-01 -1.446564520834395795e-01 9.859917298240390010e-03
5.939945233440235145e-02 -1.888240829359724704e-01 2.619959935240775278e-03
-2.254084290548815511e-02 -2.025525918124290170e-01 -4.981393451150744126e-03
-1.035388979470515114e-01 -1.837519376856115993e-01 -1.178690571429609479e-02
-1.712634931594071985e-01 -1.352843497179740950e-01 -1.676049930425368983e-02
-2.154041728464582972e-01 -6.452857881781026705e-02 -1.914498968269064128e-02
-2.292409186621091610e-01 1.774345029799025489e-02 -1.857735980494903960e-02
-2.106672114863400447e-01 9.900656699434810804e-02 -1.514402617433738274e-02
-1.625107298655869836e-01 1.668891984062298994e-01 -9.367682712869435796e-03
-9.210286158701672110e-02 2.110568292587628458e-01 -2.127725349869818462e-03
-1.016256634712619199e-02 2.247853381352193924e-01 5.473628036521701809e-03
7.083548869443714868e-02 2.059846840084019748e-01 1.227914029966705074e-02
1.965375094094948261e-01 4.489296024800094528e-03 1.906959439032000075e-02
1.779638022337257375e-01 -7.677382067155763545e-02 1.563626075970835083e-02
-1.325256728399417955e-03 -1.811642278048552490e-01 1.348613836903360397e-01
-1.325256728399417955e-03 -1.811642278048552490e-01 1.348613836903360397e-01
-8.312982634476405452e-03 -2.275364868234842353e-01 6.584576741016888446e-02
-1.406509883306499356e-02 -2.439140966735482141e-01 -1.576953180019714795e-02
-1.770589777599324358e-02 -2.278037147187779166e-01 -9.755932448051349293e-02
-1.868110082812493578e-02 -1.816580005708109402e-01 -1.670718561215190079e-01
-1.684224216501069640e-02 -1.125022208967349502e-01 -2.137244739135389648e-01
-1.246927134881438935e-02 -3.086471625322415036e-02 -2.304147397047718038e-01
-6.227933545222731279e-03 5.082594332356939887e-02 -2.146017118261384360e-01
9.315841430355214191e-04 1.201330954407519858e-01 -1.686927804267061293e-01
7.919310049112513253e-03 1.665053544593809998e-01 -9.967716414653900181e-02
1.367142624770109269e-02 1.828829643094449509e-01 -1.806186493617292430e-02
1.207559876345050236e-02 -3.016641611087904351e-02 1.965833429684017142e-01
5.834260959858847753e-03 -1.118570756876725025e-01 1.807703150897684019e-01
1.334643261054096475e-01 -1.143884240233837557e-01 -4.659790751445221611e-03
1.334643261054096475e-01 -1.143884240233837557e-01 -4.659790751445221611e-03
6.511311579214777712e-02 -1.617782798081512652e-01 1.617935396901824373e-03
-1.620527254587353361e-02 -1.793191816653935955e-01 7.678686862174652523e-03
-9.811085143721652579e-02 -1.643406862960168358e-01 1.259976917463432114e-02
-1.681342389715957952e-01 -1.191231338396099015e-01 1.563199216193109781e-02
-2.156150091604906449e-01 -5.055048675952718285e-02 1.631372736141887062e-02
-2.333246451568956048e-01 3.093769103888255670e-02 1.454118676892059842e-02
-2.185670154186079017e-01 1.129355631779826452e-01 1.058422362152366437e-02
-1.735888352950352709e-01 1.829596969371569959e-01 5.045249688458997191e-03
-1.052376249817734699e-01 2.303495527219245331e-01 -1.232476459888046843e-03
-2.391923664375210715e-02 2.478904545791668079e-01 -7.293227925160876077e-03
5.798634224759080524e-02 2.329119592097901037e-01 -1.221431023762054383e-02
1.280097297819700608e-01 1.876944067533832250e-01 -1.524653322491732049e-02
1.754904999708650215e-01 1.191217596733003398e-01 -1.592826842440509330e-02
1.932001359672699259e-01 3.763358187489069390e-02 -1.415572783190682284e-02
1.784425062289822783e-01 -4.436429026420930788e-02 -1.019876468450989920e-02
