4.653711750192962571e-02 1.179606777913411869e-01 -1.622646129756479816e-01
4.653711750192962571e-02 1.179606777913411869e-01 -1.622646129756479816e-01
4.606799862435571880e-02 4.521142028431547610e-02 -1.948535355515550460e-01
3.867132236816805957e-02 -3.410494019982183989e-02 -1.978395956505530628e-01
2.547316564233391423e-02 -1.079132067819590785e-01 -1.707681926912718584e-01
8.482828166772942227e-03 -1.649767399485685127e-01 -1.177607023713829887e-01
-9.713065195653470749e-03 -1.966081340572501390e-01 -4.688703457799333479e-02
-2.634435462669996661e-02 -1.979917960942588484e-01 3.106293723875196838e-02
-3.887907707350385378e-02 -1.689170760573876218e-01 1.042220364880076799e-01
-4.540893467108116088e-02 -1.138103365092566904e-01 1.614524534979606685e-01
-4.493981579350728173e-02 -4.106107900223101431e-02 1.940413760738677329e-01
-3.754313953731959475e-02 3.825528148190630862e-02 1.970274361728657775e-01
-2.434498281148548757e-02 1.120635480640434500e-01 1.699560332135846008e-01
-7.354645335924512098e-03 1.691270812306529259e-01 1.169485428936958005e-01
1.084124802650193904e-02 2.007584753393346355e-01 4.607487510030600086e-02
2.747253745754842449e-02 2.021421373763433449e-01 -3.187509671643923986e-02
4.000725990435227697e-02 1.730674173394721460e-01 -1.050341959656948959e-01
-1.259108044714656593e-01 -3.109401138499492262e-02 1.587561333620745030e-01
-1.259108044714656593e-01 -3.109401138499492262e-02 1.587561333620745030e-01
-1.633088053682978935e-01 -7.088086195197274009e-02 1.007768676500198773e-01
-1.759638172790625177e-01 -9.962026706383073082e-02 2.758467907102984951e-02
-1.619492293583142117e-01 -1.129369128156445384e-01 -4.967758515258605123e-02
-1.233986355744310509e-01 -1.088034606073949445e-01 -1.192474456769515717e-01
-6.618101436900639123e-02 -8.784919106795033295e-02 -1.705335218895881189e-01
9.927701084616934266e-04 -5.326420178376474468e-02 -1.957279735965603840e-01
6.789611810315135387e-02 -1.031374385964686086e-02 -1.909951739137552562e-01
1.243436013632309017e-01 3.446336483232696063e-02 -1.570556486899438997e-01
1.617416022600631498e-01 7.425021539930477810e-02 -9.907638297788926018e-02
1.743966141708277462e-01 1.029896205111627688e-01 -2.588419439889921153e-02
1.603820262500794402e-01 1.163062662629765903e-01 5.137806982471662676e-02
1.218314324661963349e-01 1.121728140547270103e-01 1.209479303490822028e-01
6.461381126077157810e-02 9.121854451528232932e-02 1.722340065617188054e-01
-2.559973216696431741e-03 5.663355523109679657e-02 1.974284582686910150e-01
-6.946332121138602822e-02 1.368309730697896826e-02 1.926956585858859150e-01
1.125946745335999061e-01 4.953052413063824266e-02 -1.625625985014620134e-01
1.125946745335999061e-01 4.953052413063824266e-02 -1.625625985014620134e-01
6.772475341922190584e-02 -9.339648128352563694e-03 -1.921220717551475887e-01
1.240473738186591984e-02 -6.671883612419818310e-02 -1.924287836936118545e-01
-4.494340261397471170e-02 -1.138715786281654652e-01 -1.634360402045743343e-01
-9.558893211611692309e-02 -1.436192980347006654e-01 -1.095577236643667934e-01
-1.318215283607277188e-01 -1.514331737279066836e-01 -3.899631935808016425e-02
-1.481251070188679686e-01 -1.361236139664524780e-01 3.750583854937632883e-02
-1.420175960321443664e-01 -1.000213604425145980e-01 1.083019900103807387e-01
-1.144288085835606511e-01 -4.862265398736943800e-02 1.626140627337062106e-01
-6.955888746918265086e-02 1.024751827162139264e-02 1.921735359873917859e-01
-1.423887143182668916e-02 6.762670626746701552e-02 1.924802479258561072e-01
4.310926856401392504e-02 1.147794487714342698e-01 1.634875044368186425e-01
9.375479806615616418e-02 1.445271681779694839e-01 1.096091878966110877e-01
1.299873943107669738e-01 1.523410438711755299e-01 3.904778359032429896e-02
1.462909729689072236e-01 1.370314841097212966e-01 -3.745437431713204146e-02
1.401834619821836214e-01 1.009292305857834721e-01 -1.082505257781364028e-01
-1.631303304122594666e-01 1.183496861098331521e-01 4.609704520140092687e-02
-1.631303304122594666e-01 1.183496861098331521e-01 4.609704520140092687e-02
-1.912518430639310596e-01 7.592355512602817769e-02 -1.497393274104052291e-02
-1.905234866316408981e-01 2.234261759253539092e-02 -7.370223120829359764e-02
-1.610561467796376434e-01 -3.423591446357922286e-02 -1.211469991320702350e-01
-1.073359588782878959e-01 -8.519847242244249497e-02 -1.500852006838677699e-01
-3.754133456085616966e-02 -1.227864688115557074e-01 -1.561112570028752589e-01
3.770212731017353464e-02 -1.412774719167121662e-01 -1.383077556408603970e-01
1.069392917486172989e-01 -1.378563941365124335e-01 -9.938511829104822171e-02
1.596294281051806319e-01 -1.130440635508445507e-01 -4.526896365536139943e-02
1.877509407568522526e-01 -7.061793256703961796e-02 1.580201428708006423e-02
1.870225843245620911e-01 -1.703699503354677569e-02 7.453031275433313896e-02
1.575552444725588919e-01 3.954153702256776870e-02 1.219750806781097902e-01
1.038350565712091722e-01 9.050409498143102693e-02 1.509132822299072973e-01
3.404043225377730714e-02 1.280920913705443642e-01 1.569393385489148141e-01
-4.120302961725227919e-02 1.465830944757008092e-01 1.391358371868999522e-01
-1.104401940556959810e-01 1.431620166955010764e-01 1.002131998370878463e-01
5.547271426968453101e-02 -1.616583102617991652e-01 1.090095852748801802e-01
5.547271426968453101e-02 -1.616583102617991652e-01 1.090095852748801802e-01
2.124390706925945865e-02 -1.958427269329991449e-01 4.555939335732527018e-02
-1.621268709498912067e-02 -1.998385645901651630e-01 -2.477658090137810354e-02
-5.119464130642603639e-02 -1.730374931723523135e-01 -9.129032301753678413e-02
-7.837627014856457519e-02 -1.195197328506052009e-01 -1.438557187025392980e-01
-9.361941703226818456e-02 -4.743287749420436322e-02 -1.744701629698425238e-01
-9.460345102396360006e-02 3.224850263780915105e-02 -1.784728842003779070e-01
-8.117856186870553437e-02 1.073936397338459414e-01 -1.552545043715547468e-01
-5.538856724345879445e-02 1.665623678633984250e-01 -1.083498113371740706e-01
-2.115976004303374985e-02 2.007467845345984048e-01 -4.489961941961918834e-02
1.629683412121486069e-02 2.047426221917644784e-01 2.543635483908419231e-02
5.127878833265174519e-02 1.779415507739516566e-01 9.195009695524281046e-02
7.846041717479028399e-02 1.244237904522045024e-01 1.445154926402454076e-01
9.370356405849393500e-02 5.233693509580362307e-02 1.751299369075486612e-01
9.468759805018935050e-02 -2.734444503620982181e-02 1.791326581380840444e-01
8.126270889493131255e-02 -1.024895821322465428e-01 1.559142783092609119e-01
1.346161904271189202e-01 -1.496854242772051036e-01 1.642229794958754638e-02
1.346161904271189202e-01 -1.496854242772051036e-01 1.642229794958754638e-02
1.296233069132956273e-01 -1.424433027340975544e-01 -6.281000667359758205e-02
1.048648697572008293e-01 -1.130879619700187050e-01 -1.326700028397975184e-01
6.411012658005822706e-02 -6.608848650947284076e-02 -1.825221394151505250e-01
1.356361758792081276e-02 -8.600120440022158627e-03 -2.047768805168025119e-01
-3.907940943040338899e-02 5.062505363759564614e-02 -1.960461435517574236e-01
-8.580453082160285905e-02 1.025705398476032398e-01 -1.576591040786157194e-01
-1.194982704181476174e-01 1.393281088015319857e-01 -9.545984087778383587e-02
-1.350310618009737396e-01 1.553017538343386406e-01 -1.891762793386347202e-02
-1.300381782871504743e-01 1.480596322912310914e-01 6.031467668932165294e-02
-1.052797411310556486e-01 1.187042915271522420e-01 1.301746728555215893e-01
-6.452499795391303250e-02 7.170481606660644713e-02 1.800268094308745404e-01
-1.397848896177564249e-02 1.421644999715572510e-02 2.022815505325265550e-01
3.866453805654869458e-02 -4.500872408046220630e-02 1.935508135674814667e-01
8.538965944774805361e-02 -9.695421029046970285e-02 1.551637740943397903e-01
1.190833990442927981e-01 -1.337117792443984210e-01 9.296451089350803165e-02
1.666653213646970277e-01 -9.249999387727490807e-02 -7.206697924573240988e-02
1.666653213646970277e-01 -9.249999387727490807e-02 -7.206697924573240988e-02
1.323557211044377735e-01 -1.517102548810325691e-01 -3.102700950750658312e-02
7.791092873525337636e-02 -1.876811574059714383e-01 1.489838161422604029e-02
1.161967035208028368e-02 -1.949364576197130106e-01 5.871746963588887758e-02
-5.642581088799712014e-02 -1.723716018341753253e-01 9.375919562720581857e-02
-1.158662073000004539e-01 -1.234218847917793876e-01 1.146887744600359749e-01
-1.576522573587374187e-01 -5.553945718194014391e-02 1.183198674841856035e-01
-1.754224137342524914e-01 2.094119674748313314e-02 1.040996737026680663e-01
-1.664713312052420735e-01 9.437659073458998238e-02 7.419308871234181479e-02
-1.321617309449828193e-01 1.535868517383476017e-01 3.315311897411600539e-02
-7.771693857579839437e-02 1.895577542632864709e-01 -1.277227214761660935e-02
-1.142568019262536587e-02 1.968130544770280710e-01 -5.659136016927940327e-02
5.661980104745205356e-02 1.742481986914904135e-01 -9.163308616059637202e-02
1.160601974594554636e-01 1.252984816490944342e-01 -1.125626649934265838e-01
1.578462475181923452e-01 5.741605403925525986e-02 -1.161937580175761986e-01
1.756164038937074456e-01 -1.906459989016792353e-02 -1.019735642360587030e-01
9.679615553982827414e-03 1.418973911827644263e-01 -1.480407299036327062e-01
9.679615553982827414e-03 1.418973911827644263e-01 -1.480407299036327062e-01
-6.906464263756539879e-02 1.358144270641032103e-01 -1.370991163668641710e-01
-1.371752710314425583e-01 1.093677358390567761e-01 -1.051789913603365656e-01
-1.842830438790648007e-01 6.658358650678551649e-02 -5.713990455963990911e-02
-2.032162297974057785e-01 1.397547796384824778e-02 -2.953714547740159731e-04
-1.910924228601559027e-01 -4.044748215778429939e-02 5.670054308602102272e-02
-1.497573627709279098e-01 -8.839989152495555946e-02 1.051707277431610799e-01
-8.550393772505392176e-02 -1.225814305011871941e-01 1.377360362859147147e-01
-8.114149227019813726e-03 -1.377882696337702217e-01 1.494386956939046107e-01
7.063010896452841247e-02 -1.317053055151089780e-01 1.384970821571361033e-01
1.387407373584055859e-01 -1.052586142900625577e-01 1.065769571506084978e-01
1.858485102060278005e-01 -6.247446495779135356e-02 5.853787034991186217e-02
2.047816961243688061e-01 -9.866356414854083115e-03 1.693337245045946262e-03
1.926578891871189025e-01 4.455660370677853865e-02 -5.530257729574916681e-02
1.513228290978909651e-01 9.250901307394977791e-02 -1.037727619528891754e-01
8.706940405201706035e-02 1.266905520501813709e-01 -1.363380704956427270e-01
1.548126257068227485e-01 -1.208703920029977480e-01 -2.350642390437389373e-02
1.548126257068227485e-01 -1.208703920029977480e-01 -2.350642390437389373e-02
1.163839874034678507e-01 -1.271499995119581006e-01 -9.318093382733345920e-02
5.988910878210300381e-02 -1.130360739503944445e-01 -1.477689988243741925e-01
-6.071177014518980286e-03 -8.067733254200101789e-02 -1.789600808417382560e-01
-7.145501440534211823e-02 -3.500010033348435745e-02 -1.820056203901443403e-01
-1.263083068535754694e-01 1.704167813654980379e-02 -1.564419616812325053e-01
-1.622801378303098396e-01 6.752511385593548687e-02 -1.061609400182913221e-01
-1.738941221547971594e-01 1.087645613698805941e-01 -3.881738515090707442e-02
-1.593821359946643590e-01 1.344816886309095905e-01 3.533625716320590998e-02
-1.209534976913094473e-01 1.407612961398699292e-01 1.050107670861654685e-01
-6.445861906994460044e-02 1.266473705783062453e-01 1.595988320832062712e-01
1.501666726677316002e-03 9.428862916991286036e-02 1.907899141005702515e-01
6.688550411750049385e-02 4.861139696139624850e-02 1.938354536489763913e-01
1.217387965657339560e-01 -3.430381508638030708e-03 1.682717949400645285e-01
1.577106275424682014e-01 -5.391381722802365828e-02 1.179907732771233592e-01
1.693246118669555489e-01 -9.515326474196872386e-02 5.064721840973923639e-02
1.626698442859585425e-01 -5.018111124853649740e-02 -1.093798388328183491e-01
1.626698442859585425e-01 -5.018111124853649740e-02 -1.093798388328183491e-01
1.243175202787807354e-01 -1.199226595363519499e-01 -1.041106703099460851e-01
6.691164839166900691e-02 -1.710275561231996699e-01 -8.277047656706301715e-02
-8.082477660883962810e-04 -1.957155437707732704e-01 -4.860810865218508081e-02
-6.853242788686021714e-02 -1.902281001568949526e-01 -6.824477397716157551e-03
-1.259504994684804979e-01 -1.554006388279775552e-01 3.621923810741137228e-02
-1.643210816087626314e-01 -9.653532505962558741e-02 7.397002236979455247e-02
-1.778026010070418994e-01 -2.259386925767246229e-02 1.006806606971970830e-01
-1.643426185452079302e-01 5.516681221300034216e-02 1.122847005368113049e-01
-1.259902945380301509e-01 1.249083605008157738e-01 1.070155320139389854e-01
-6.858442265091839463e-02 1.760132570876634939e-01 8.567533827105591748e-02
-8.645264931610890154e-04 2.007012447352370943e-01 5.151297035617806441e-02
6.685965362761073227e-02 1.952138011213588598e-01 9.729339101709129009e-03
1.242777252092311380e-01 1.603863397924413792e-01 -3.331437640341848583e-02
1.626483073495132159e-01 1.015210260240894669e-01 -7.106516066580162438e-02
1.761298267477925117e-01 2.757957022213644582e-02 -9.777579899320412715e-02
5.994810408977676967e-03 -1.464292750748309446e-01 1.414981956883548386e-01
5.994810408977676967e-03 -1.464292750748309446e-01 1.414981956883548386e-01
-1.057931879342462363e-02 -1.885425650671102016e-01 7.582409378965303259e-02
-2.553858936734199059e-02 -2.017992061064655673e-01 -1.388601443985830030e-03
-3.660558797402098385e-02 -1.841809947664055369e-01 -7.838495709806557465e-02
-4.209546439818689922e-02 -1.383701440139707139e-01 -1.434429759979546082e-01
-4.117243472011418437e-02 -7.134094059982308556e-02 -1.866581645185547977e-01
-3.397702184100455380e-02 6.702026877475323122e-03 -2.014514019542641421e-01
-2.160466214512225466e-02 8.387742408076784284e-02 -1.855705520065272229e-01
-5.938935240445453699e-03 1.484359963825708228e-01 -1.414333301196237513e-01
1.063519396195683475e-02 1.905492863748500521e-01 -7.575922822092200082e-02
2.559446453587421386e-02 2.038059274142054456e-01 1.453467012716883923e-03
3.666146314255321059e-02 1.861877160741454706e-01 7.844982266679656480e-02
4.215133956671912596e-02 1.403768653217106199e-01 1.435078415666856677e-01
4.122830988864639723e-02 7.334766190756290827e-02 1.867230300872858850e-01
3.403289700953678054e-02 -4.695305569735411938e-03 2.015162675229952294e-01
2.166053731365450916e-02 -8.187070277302782584e-02 1.856354175752583657e-01
-1.123057809215026320e-01 1.641017120773914928e-01 -4.876013430830389295e-02
-1.123057809215026320e-01 1.641017120773914928e-01 -4.876013430830389295e-02
-1.595363785962953529e-01 1.282328689865034343e-01 4.538325604010828504e-03
-1.823976107080691467e-01 7.302911488183835842e-02 5.733926015544452137e-02
-1.774090619053916296e-01 6.894720902554450463e-03 1.016042057022048944e-01
-1.453301935221629482e-01 -6.010195097777663170e-02 1.305942255475284197e-01
-9.104472247406361629e-02 -1.177612647917174182e-01 1.398958519651488097e-01
-2.281711962914637765e-02 -1.573051126940766820e-01 1.280929966524368135e-01
4.896558096421015083e-02 -1.727133023075941853e-01 9.698253733760302253e-02
1.133751138524686508e-01 -1.616400764391985045e-01 5.130075943431488400e-02
1.606057115272613578e-01 -1.257712333483104461e-01 -1.997700477999853497e-03
1.834669436390351238e-01 -7.056747924364537017e-02 -5.479863502943352338e-02
1.784783948363576345e-01 -4.433085264361491702e-03 -9.906358057619392421e-02
1.463995264531289531e-01 6.256358661596957138e-02 -1.280536004215174217e-01
9.211405540502956568e-02 1.202229004299104481e-01 -1.373552268391378117e-01
2.388645256011240336e-02 1.597667483322696702e-01 -1.255523715264258156e-01
-4.789624803324403490e-02 1.751749379457871736e-01 -9.444191221159206617e-02
-4.100926942230005007e-02 -1.193209357074496435e-01 1.603912714101683179e-01
-4.100926942230005007e-02 -1.193209357074496435e-01 1.603912714101683179e-01
-8.518051755819809612e-02 -1.538015459188430689e-01 1.036565258417868340e-01
-1.165239551626934406e-01 -1.647278231992180542e-01 3.115101997452473376e-02
-1.302678279894711189e-01 -1.504363408795876822e-01 -4.608694018737470588e-02
-1.243197559891715404e-01 -1.131028475905057618e-01 -1.162985753731147209e-01
-9.958527920443349668e-02 -5.841102925627574688e-02 -1.687948005957242148e-01
-5.982999750714287218e-02 5.312780564283694010e-03 -1.955835414445276088e-01
-1.110629215318616886e-02 6.836720948376692752e-02 -1.925864549658351244e-01
3.916809439878556065e-02 1.211527922890040798e-01 -1.602598204073710231e-01
8.333934253468359976e-02 1.556334025003975052e-01 -1.035250748389895531e-01
1.146827801391789720e-01 1.665596797807725182e-01 -3.101956897172738342e-02
1.284266529659566225e-01 1.522681974611421185e-01 4.621839119017196601e-02
1.224785809656570995e-01 1.149347041720602536e-01 1.164300263759119741e-01
9.774410418091897257e-02 6.024288583783015544e-02 1.689262515985215929e-01
5.798882248362838970e-02 -3.480923982729224736e-03 1.957149924473249591e-01
9.265117129671755769e-03 -6.653535290221240794e-02 1.927179059686324469e-01
