7.035519107548296285e-03 -1.701446021788837748e-01 1.522532128711605315e-01
7.035519107548296285e-03 -1.701446021788837748e-01 1.522532128711605315e-01
8.071896284114902023e-03 -2.154895360120204773e-01 8.113494688322343829e-02
7.975106551993037252e-03 -2.301864432331100774e-01 -1.925491407198931786e-03
6.759885270497156991e-03 -2.119978529455373573e-01 -8.428290321513787209e-02
4.611238863726658047e-03 -1.636928131406037434e-01 -1.533991191646318086e-01
1.856279269584164846e-03 -9.262532824233420115e-02 -1.987518219174280454e-01
-1.085575887493032922e-03 -9.614778598135316490e-03 -2.134364736026875820e-01
-3.766455827823340409e-03 7.270123210116996582e-02 -1.952174691180286747e-01
-5.778220882728645966e-03 1.417908374231075241e-01 -1.468684867405537497e-01
-6.814598059295249970e-03 1.871357712562442543e-01 -7.575022075261664267e-02
-6.717808327173389535e-03 2.018326784773338267e-01 7.310217537805739976e-03
-5.502587045677511009e-03 1.836440881897611621e-01 8.966762934574459831e-02
-3.353940638907007728e-03 1.353390483848275760e-01 1.587838452952385626e-01
-5.989810447645134428e-04 6.427156348655788110e-02 2.041365480480349104e-01
2.342874112312679988e-03 -1.873898615764090642e-02 2.188211997332943914e-01
5.023754052642986391e-03 -1.010549968569460777e-01 2.006021952486355397e-01
-5.449831589529258342e-03 1.661907160145900397e-01 -1.557815177014640062e-01
-5.449831589529258342e-03 1.661907160145900397e-01 -1.557815177014640062e-01
-3.917989170568595032e-03 9.692416818140957291e-02 -2.038890276838145055e-01
-1.799198079518858412e-03 1.453211052032267123e-02 -2.218220493285174288e-01
5.839749468967028821e-04 -6.844201307563274606e-02 -2.068504426534126250e-01
2.868713418923603004e-03 -1.393661444512759306e-01 -1.612534990568324500e-01
4.707186615401564266e-03 -1.874427275335170395e-01 -9.197293986403319577e-02
5.819503657967847916e-03 -2.053525383633958701e-01 -9.556102182285596686e-03
6.036324360070835157e-03 -1.903689705949027366e-01 7.344979756185840425e-02
5.324639735299905967e-03 -1.447731365944107396e-01 1.444078635827076851e-01
3.792797316339246126e-03 -7.550658876123025887e-02 1.925153735650582398e-01
1.674006225289508204e-03 6.885468899856689654e-03 2.104483952097611077e-01
-7.091668011260534145e-04 8.985959249581204622e-02 1.954767885346563872e-01
-2.993905273152951043e-03 1.607837238714552586e-01 1.498798449380762121e-01
-4.832378469630914906e-03 2.088603069536964230e-01 8.059928574527680523e-02
-5.944695512197197690e-03 2.267701177835751980e-01 -1.817551936470679797e-03
-6.161516214300183196e-03 2.117865500150821201e-01 -8.482345168061455887e-02
-1.494339480542816734e-01 -2.027110352990224226e-02 1.505623729275996636e-01
-1.494339480542816734e-01 -2.027110352990224226e-02 1.505623729275996636e-01
-1.999725184064767569e-01 -1.661822853465030544e-02 8.539427579599849494e-02
-2.217222244044034229e-01 -1.046853741462443373e-02 5.999672321577496567e-03
-2.113718704714532270e-01 -2.758264895759760058e-03 -7.553432883055544167e-02
-1.704972041677255967e-01 5.338769924741016554e-03 -1.467949150925491053e-01
-1.053210229081905647e-01 1.258986689526007084e-02 -1.969333081848378963e-01
-2.576580946605785960e-02 1.789111223339358986e-02 -2.183163922647861355e-01
5.605687608191355781e-02 2.043543939231941275e-02 -2.076887866193615206e-01
1.276902715855364745e-01 1.983549762647421680e-02 -1.666684478685949156e-01
1.782288419377315858e-01 1.618262263122228345e-02 -1.015003507369937885e-01
1.999785479356582796e-01 1.003293151119640479e-02 -2.210574726257273637e-02
1.896281940027080837e-01 2.322658992331736762e-03 5.942825388956010646e-02
1.487535276989805366e-01 -5.774375828169036814e-03 1.306888401515537701e-01
8.357734643944536579e-02 -1.302547279868810151e-02 1.808272332438426722e-01
4.022132997312742250e-03 -1.832671813682161879e-02 2.022103173237908835e-01
-7.780055255065859710e-02 -2.087104529574744169e-02 1.915827116783662964e-01
-5.456506562507051211e-03 1.670633659655305081e-01 -1.576753152086724508e-01
-5.456506562507051211e-03 1.670633659655305081e-01 -1.576753152086724508e-01
-4.401390450567046163e-03 9.778005790812177578e-02 -2.057712712052316706e-01
-2.691321966571490372e-03 1.537599489271608208e-02 -2.236921275727026259e-01
-5.866435353992971360e-04 -6.760355148128241454e-02 -2.087095963821054279e-01
1.592226630761055554e-03 -1.385256974898935178e-01 -1.631046321902250018e-01
3.513575300618894479e-03 -1.865931893141606901e-01 -9.382017738524529860e-02
4.884894556257427141e-03 -2.044881870567376858e-01 -1.140416214607777035e-02
5.497413472045697275e-03 -1.894863395298756470e-01 7.159632231015308768e-02
5.257881595552736306e-03 -1.438715420274529200e-01 1.425452046262511707e-01
4.202765483612732125e-03 -7.458823397004420153e-02 1.906411606228103905e-01
2.492696999617175467e-03 7.815829045361478294e-03 2.085620169902813736e-01
3.880185684449849958e-04 9.079537541935989164e-02 1.935794857996842311e-01
-1.790851597715369375e-03 1.617175214279710227e-01 1.479745216078038050e-01
-3.712200267573210685e-03 2.097850132522382505e-01 7.869006680282400468e-02
-5.083519523211742913e-03 2.276800109948152739e-01 -3.725948436343482807e-03
-5.696038439000011312e-03 2.126781634679532906e-01 -8.672643289257424282e-02
-1.375930489548734814e-01 -5.641560409151155989e-03 1.451675477584523644e-01
-1.375930489548734814e-01 -5.641560409151155989e-03 1.451675477584523644e-01
-1.848124312668511515e-01 -5.492547018157695367e-03 7.743655553973748107e-02
-2.025272504021504161e-01 -4.464730450257714013e-03 -3.200336475973341276e-03
-1.880405857326573060e-01 -2.714586460733594241e-03 -8.446689245453449513e-02
-1.435579006323598750e-01 -5.085586068956128580e-04 -1.539910159313745419e-01
-7.585128067123393658e-02 1.817505368201689482e-03 -2.011882893448931620e-01
4.771555023677490764e-03 3.909483310172191806e-03 -2.188733556622311227e-01
8.603651056564969035e-02 5.448890541178153142e-03 -2.043538238520991590e-01
1.555717331420737592e-01 6.201366265060214052e-03 -1.598401610127061778e-01
2.027911154540514571e-01 6.052352874066751695e-03 -9.210916879399126678e-02
2.205059345893507494e-01 5.024536306166769474e-03 -1.147227677828044530e-02
2.060192699198576671e-01 3.274392316642652737e-03 6.979427920028065391e-02
1.615365848195602638e-01 1.068364462804672005e-03 1.393184026771206452e-01
9.382996485843417278e-02 -1.257699512292635106e-03 1.865156760906393763e-01
1.320712916352283564e-02 -3.349677454263135477e-03 2.042007424079773370e-01
-6.805782637844928762e-02 -4.889084685269097681e-03 1.896812105978454288e-01
4.857107602291793093e-03 -1.572538484448539609e-01 1.535416726855463321e-01
4.857107602291793093e-03 -1.572538484448539609e-01 1.535416726855463321e-01
5.580719250154814876e-03 -2.030603838920846949e-01 8.271283182644638410e-02
5.507853576398360519e-03 -2.182846876435848016e-01 -2.552479802761433575e-04
4.649603719322876853e-03 -2.006089974618455729e-01 -8.273142869156412116e-02
3.136630439613771661e-03 -1.527242769465062822e-01 -1.521594594425639269e-01
1.199270203969826816e-03 -8.192054071995499842e-02 -1.979695519181016994e-01
-8.675314539464359410e-04 1.022984214783093440e-03 -2.131875348082993005e-01
-2.749122717320952314e-03 8.347889807132002904e-02 -1.954966081694825553e-01
-4.159048372972226279e-03 1.528940354297183557e-01 -1.475900552137619504e-01
-4.882660020835248929e-03 1.987005708769491452e-01 -7.676121435466201626e-02
-4.809794347078796307e-03 2.139248746284492519e-01 6.206865452060557169e-03
-3.951544490003310907e-03 1.962491844467100788e-01 8.868304616334850288e-02
-2.438571210294207016e-03 1.483644639313707880e-01 1.581110769143482808e-01
-5.012109746502583759e-04 7.756072770481936551e-02 2.039211693898861644e-01
1.565590683266002755e-03 -5.382797229918669969e-03 2.191391522800837099e-01
3.447181946640515224e-03 -8.783871108645543990e-02 2.014482256412669925e-01
-1.472932212950228414e-01 -7.961779686384458377e-03 1.559290416471217355e-01
-1.472932212950228414e-01 -7.961779686384458377e-03 1.559290416471217355e-01
-1.949746690084864786e-01 -7.727440800079391978e-03 8.852341517604754573e-02
-2.132479639503960245e-01 -6.315769176008038596e-03 8.017591002170837422e-03
-1.993311626136768933e-01 -3.941679022100116024e-03 -7.333214893114907429e-02
-1.553429718457263742e-01 -9.666040431072766767e-04 -1.431410441562931124e-01
-8.798019493702256832e-02 2.156527564540665614e-03 -1.907813231944441024e-01
-7.498204026822469226e-03 4.952247324837834482e-03 -2.090001854222484912e-01
7.385034733986051148e-02 6.994932247541724678e-03 -1.950239742199204040e-01
1.436808796439031644e-01 7.973602070155599852e-03 -1.509804410483442383e-01
1.913623273573667460e-01 7.739263183850536056e-03 -8.357481457727009011e-02
2.096356222992763474e-01 6.327591559779181807e-03 -3.068990403393378769e-03
1.957188209625572717e-01 3.953501405871265306e-03 7.828074952992643276e-02
1.517306301946067248e-01 9.784264268784227062e-04 1.480896447550705264e-01
8.436785328590286348e-02 -2.144705180769524138e-03 1.957299237932216274e-01
3.885862375702844613e-03 -4.940424941066692138e-03 2.139487860210259884e-01
-7.746268899098002203e-02 -6.983109863770579732e-03 1.999725748186979568e-01
-6.669523489051192890e-03 1.855130932253983567e-01 -1.451206205475554512e-01
-6.669523489051192890e-03 1.855130932253983567e-01 -1.451206205475554512e-01
-2.330538365811975383e-03 1.164912600301155621e-01 -1.933977410411298059e-01
2.285391941510790670e-03 3.425296590495086752e-02 -2.115382145594555396e-01
6.475533887139655470e-03 -4.868175436153208274e-02 -1.967803184531692617e-01
9.601976343583945930e-03 -1.196868414138726189e-01 -1.513708086237918471e-01
1.118874678812145640e-02 -1.679524144110688122e-01 -8.222287130461436444e-02
1.099427380468125451e-02 -1.861304773928063039e-01 1.363468751312043453e-04
9.048164142090123555e-03 -1.714535850546668461e-01 8.316840153575053018e-02
5.646695354949541300e-03 -1.261561612087718220e-01 1.542324150426140905e-01
1.307710231710325095e-03 -5.713432801348900664e-02 2.025095355361885008e-01
-3.308220075612444862e-03 2.510396611167569833e-02 2.206500090545141790e-01
-7.498362021241306193e-03 1.080386863781586104e-01 2.058921129482279289e-01
-1.062480447768559405e-02 1.790437734304991813e-01 1.604826031188505142e-01
-1.221157492222310625e-02 2.273093464276954301e-01 9.133466579967287891e-02
-1.201710193878290436e-02 2.454874094094328663e-01 8.975447619927450632e-03
-1.007099227619177688e-02 2.308105170712934640e-01 -7.405660704069177980e-02
1.561576272227283291e-01 7.308671741002525056e-03 -1.483436913491055775e-01
1.561576272227283291e-01 7.308671741002525056e-03 -1.483436913491055775e-01
8.643811738610363005e-02 8.215868496204547372e-03 -1.925575076165961519e-01
5.105153925991927528e-03 7.919905060193070667e-03 -2.067475064604281654e-01
-7.545905675595449003e-02 6.465839183185614382e-03 -1.887533891892879956e-01
-1.429893438997977551e-01 4.075039213816566801e-03 -1.413145970406274599e-01
-1.872048334514650192e-01 1.111482774766670316e-03 -7.165325608535844104e-02
-2.013741179411259463e-01 -1.973655530824738706e-03 9.625325997707517844e-03
-1.833400522501133223e-01 -4.710691362779759715e-03 9.014722187860510494e-02
-1.358481594006712700e-01 -6.682935826974838525e-03 1.576537028422714259e-01
-6.612864956404658490e-02 -7.590132582176859974e-03 2.018675191097620003e-01
1.520431389606512543e-02 -7.294169146165382402e-03 2.160575179535940138e-01
9.576852457801145191e-02 -5.840103269157930453e-03 1.980634006824538718e-01
1.632988117218548141e-01 -3.449303299788879836e-03 1.506246085337933360e-01
2.075143012735221615e-01 -4.857468607389815079e-04 8.096326757852422007e-02
2.216835857631830609e-01 2.599391444852427405e-03 -3.153145045416564166e-04
2.036495200721704923e-01 5.336427276807446246e-03 -8.083721038543918713e-02
-4.182291188266451347e-03 1.427762867312307726e-01 -1.520997666690850070e-01
-4.182291188266451347e-03 1.427762867312307726e-01 -1.520997666690850070e-01
-2.954668589596581331e-03 7.339586753855462109e-02 -2.000562342411267014e-01
-1.192821055306513434e-03 -9.046384884290440548e-03 -2.178085105824395795e-01
8.350260986957631481e-04 -9.199938494680541534e-02 -2.026539725448444351e-01
2.820151525693626125e-03 -1.628342903602905123e-01 -1.568997611683359272e-01
4.460337874633457655e-03 -2.107671288955592082e-01 -8.751154037202835134e-02
5.505881642215444682e-03 -2.285005603978801925e-01 -5.053037766371767069e-03
5.797608267703088965e-03 -2.133348306749819345e-01 7.792218711511023077e-02
5.291105016874337805e-03 -1.675787845994934355e-01 1.487819084564984684e-01
4.063482418204467789e-03 -9.819836540681721460e-02 1.967383760285401906e-01
2.301634883914397724e-03 -1.575611298397219112e-02 2.144906523698530409e-01
2.737877299121238518e-04 6.719688707854275245e-02 1.993361143322579798e-01
-1.711337697085738799e-03 1.380317924920278772e-01 1.535819029557494442e-01
-3.351524046025572932e-03 1.859646310272966285e-01 8.419368215944178502e-02
-4.397067813607560827e-03 2.036980625296175851e-01 1.735179553785265796e-03
-4.688794439095202507e-03 1.885323328067193827e-01 -8.124004532769663056e-02
4.051341474145026163e-03 -1.430378634553950423e-01 1.469334328577011628e-01
4.051341474145026163e-03 -1.430378634553950423e-01 1.469334328577011628e-01
5.259700699127283809e-03 -1.889172683713755407e-01 7.616532796138920924e-02
5.654568425091470278e-03 -2.042321427794314970e-01 -6.779251725417190753e-03
5.175829620244389549e-03 -1.866509358806186514e-01 -8.927274583988895063e-02
3.896367927845935906e-03 -1.388502270512438352e-01 -1.587562677084840002e-01
2.010969792214652423e-03 -6.810724089607485265e-02 -2.046515809964030153e-01
-1.933300116762588848e-04 1.480804422953027437e-02 -2.199715402976112621e-01
-2.380946820711888744e-03 9.727252779412957906e-02 -2.023838206842767384e-01
-4.218835806512317640e-03 1.667317397174177818e-01 -1.545659930344542854e-01
-5.427195031494572684e-03 2.126111446333982524e-01 -8.379788813814226245e-02
-5.822062757458760889e-03 2.279260190414542364e-01 -8.533084513358576810e-04
-5.343323952611681027e-03 2.103448121426414463e-01 8.164018566313581415e-02
-4.063862260213229119e-03 1.625441033132666580e-01 1.511237075317308776e-01
-2.178464124581940865e-03 9.180111715809750883e-02 1.970190208196499759e-01
2.583567930896775943e-05 8.885832032492459870e-03 2.123389801208581951e-01
2.213452488344595098e-03 -7.357865153210672859e-02 1.947512605075237269e-01
3.893343846487337320e-03 -1.321747768674658152e-01 1.499162073160204001e-01
3.893343846487337320e-03 -1.321747768674658152e-01 1.499162073160204001e-01
5.008975949423384241e-03 -1.780286537343923892e-01 7.912936151259589157e-02
5.307100550342008435e-03 -1.933130369733720710e-01 -3.821822615422955111e-03
4.742330881259583866e-03 -1.757010177895491909e-01 -8.630877923890192815e-02
3.400648004644107186e-03 -1.278738664503093481e-01 -1.557736169580401786e-01
1.486310976074726488e-03 -5.711283319284536641e-02 -2.016409439304208129e-01
-7.092397453572470232e-04 2.580935611975772662e-02 -2.169278754128534104e-01
-2.851751465030651165e-03 1.082685498561741372e-01 -1.993071146635164992e-01
-4.615046195542309160e-03 1.777110832644870075e-01 -1.514612627739026773e-01
-5.730678298478356948e-03 2.235649601314136092e-01 -8.067441697047819660e-02
-6.028802899396979408e-03 2.388493433703932634e-01 2.276767157540683477e-03
-5.464033230314555706e-03 2.212373241865704110e-01 8.476372378101955374e-02
-4.122350353699079893e-03 1.734101728473306514e-01 1.542285615001578458e-01
-2.208013325129697026e-03 1.026491395898665032e-01 2.000958884725386466e-01
-1.246260369772562949e-05 1.972695027726349346e-02 2.153828199549711608e-01
2.130049115975678024e-03 -6.273224345915286160e-02 1.977620592056343052e-01
1.389424287375590761e-01 6.882650915534261823e-03 -1.524877161827836725e-01
1.389424287375590761e-01 6.882650915534261823e-03 -1.524877161827836725e-01
6.924734041985219912e-02 5.977840150092507757e-03 -1.967525254102772125e-01
-1.206523951780475584e-02 4.142883184721154154e-03 -2.109825862287694476e-01
-9.261620788027630224e-02 1.657135583471675607e-03 -1.930115008744675009e-01
-1.601424099307225957e-01 -1.100970114723816111e-03 -1.455752041842693911e-01
-2.043635935335090525e-01 -3.711537319605463618e-03 -7.589544231815756326e-02
-2.185474843511391041e-01 -5.777130839080685254e-03 5.419672628366746167e-03
-2.005347135839189721e-01 -6.983282784461256748e-03 8.599065152804777346e-02
-1.530675622949843051e-01 -7.146367455857598888e-03 1.535512932211515746e-01
-8.337247397727748366e-02 -6.241556690415845689e-03 1.978161024486451147e-01
-2.059894039620466244e-03 -4.406599725044492086e-03 2.120461632671373498e-01
7.849107432285096220e-02 -1.920852123795015708e-03 1.940750779128354586e-01
1.460172763732972834e-01 8.372535744004729746e-04 1.466387812226373766e-01
1.902384599760838513e-01 3.447820779282127854e-03 7.695901935652540993e-02
2.044223507937138751e-01 5.513414298757347322e-03 -4.356095589998801483e-03
1.864095800264937985e-01 6.719566244137918816e-03 -8.492707448967976025e-02
