2.250055085403478428e-01 2.341327080244795522e-02 -1.261209865076432998e-02
-1.540195392971198951e-01 1.587886782373843786e-01 -4.607547153991398137e-02
-1.540195392971198951e-01 1.587886782373843786e-01 -4.607547153991398137e-02
-2.334467339508924377e-01 -6.677345559196738722e-02 -2.460190803902952486e-02
-1.974382040208783329e-01 -1.414552985256670448e-01 -9.288082729811887595e-03
-1.352962261021360690e-01 -1.961653696633413879e-01 6.639498183588152247e-03
-3.364098217826824028e-02 1.678276599748451947e-01 -1.148279973413307703e-01
-3.364098217826824028e-02 1.678276599748451947e-01 -1.148279973413307703e-01
-1.023502664294599629e-01 1.229614492972603002e-01 -1.222540016657542167e-01
-1.534911427568564635e-01 5.948801331208112414e-02 -1.102198072264010953e-01
-1.792778763328098657e-01 -1.292939274007878434e-02 -8.055751103641869970e-02
-1.757846707277033182e-01 -8.326587525319868732e-02 -3.778292880134727361e-02
-1.435433348289265609e-01 -1.408133423664577888e-01 1.159189708607700695e-02
-8.746231975863066888e-02 -1.768107138809508205e-01 6.005009696840514499e-02
1.795880353919434569e-01 -5.800955813027663249e-02 1.213618203200020201e-01
2.053747689678968869e-01 1.440784792188320486e-02 9.169952413001966618e-02
2.018815633627903394e-01 8.474433043500313734e-02 4.892494189494825396e-02
1.696402274640135266e-01 1.422917975482623498e-01 -4.498839924761246015e-04
1.135592123937176900e-01 1.782891690627552983e-01 -4.890808387480419239e-02
4.217634432068773781e-02 1.872561714823861023e-01 -8.907233609462737733e-02
9.352095209515232793e-03 -1.644574972994038431e-01 1.893544588243000204e-01
9.352095209515232793e-03 -1.644574972994038431e-01 1.893544588243000204e-01
5.350907900502360412e-03 -9.496288885047363126e-02 2.380577857595805313e-01
4.791917189327439541e-02 2.031831121276181651e-01 -6.546559705337125223e-02
1.241804935836666457e-01 1.712476443229753176e-01 -5.734409462623132892e-02
-2.047254936492814981e-01 -6.938740277214489049e-02 8.691266657924671957e-02
9.901480664920199459e-04 1.586205051277528311e-01 -1.411387461963011514e-01
9.901480664920199459e-04 1.586205051277528311e-01 -1.411387461963011514e-01
-1.275380855680341985e-01 6.117088757261590626e-02 -1.459285095466448801e-01
-1.646020261042425437e-01 -4.793609494083897818e-03 -1.136448760545700071e-01
1.494478416592368020e-01 -5.155951659568569490e-02 1.513511964743994576e-01
1.865117821954451749e-01 1.440498047101404500e-02 1.190675629823246123e-01
1.788851080534514804e-01 1.321297467273738757e-01 8.969470867958512575e-03
1.353555853773947548e-01 1.659674874321665217e-01 -5.208355127161064246e-02
7.288718270529256915e-02 1.752698047264032999e-01 -1.047945474046594744e-01
2.001464755100466064e-01 -1.051536716145720363e-01 -6.133654070984642659e-02
2.361787398777983327e-01 -3.606615206957932557e-02 -2.968366000938359173e-02
2.403955086506027738e-01 3.996673064663519570e-02 6.016954774736121316e-03
-3.035290864910839687e-02 -1.314038470941145953e-01 1.693149241413893780e-01
-3.035290864910839687e-02 -1.314038470941145953e-01 1.693149241413893780e-01
-1.023358133608011089e-01 -1.335516123015719203e-01 1.306909704389085103e-01
-1.576597692102127968e-01 -1.162234043644848613e-01 7.309796405278728981e-02
-1.879022054321791146e-01 -8.205728586067898012e-02 5.303918123409580646e-03
-1.884589852602727156e-01 -3.625473861572311995e-02 -6.237013841103354606e-02
1.165139837026649139e-01 1.223056332865752882e-01 -1.185068249694429948e-01
1.718379395520766018e-01 1.049774253494883403e-01 -6.091381858332173271e-02
2.020803757740429196e-01 7.081130684568243128e-02 6.880227346055910534e-03
2.026371556021365761e-01 2.500875960072661275e-02 7.455428388049900601e-02
1.734235143547519509e-01 -2.545719376845941365e-02 1.318055893794887468e-01
1.188869640894860552e-01 -7.290356933642327952e-02 1.699181515651804475e-01
4.733020020916643006e-02 -1.101070865254082931e-01 1.830896783360392577e-01
