-1.051528897145805053e-01 -2.897516460551226997e-02 5.141172622798095143e-02
-1.039476291041473710e-01 -1.137656262472428875e-01 4.335380894290305487e-02
-7.157240163231223806e-02 -1.907886685092489154e-01 2.676764976176109617e-02
-1.295604219949421376e-02 -2.483182314227567189e-01 4.178341065976590857e-03
6.297763982928160365e-02 -2.775959605409711872e-01 -2.097509966811052923e-02
1.446684297056758384e-01 -2.741645870089194914e-01 -4.486328910524353675e-02
2.196796451998617172e-01 -2.385465063413780284e-01 -6.384946695059548483e-02
2.765915087312111331e-01 -1.761642484412747067e-01 -7.504315973734221323e-02
3.067397049844037826e-01 -9.651494657732416493e-02 -7.674022920977938145e-02
3.055344443739706484e-01 -1.172448493559351268e-02 -6.868231192470146407e-02
2.731592169021355709e-01 6.529855732641247357e-02 -5.209615274355956088e-02
2.145428574693175605e-01 1.228281202399202771e-01 -2.950684404777503822e-02
1.386091754405415766e-01 1.521058493581347593e-01 -4.353403313687881707e-03
5.691838556414744593e-02 1.486744758260831190e-01 1.953478612344511367e-02
-1.809282993003831497e-02 1.130563951585416976e-01 3.852096396879702012e-02
-2.828944784055585915e-01 -5.832652404890067976e-02 -8.499519811783484702e-02
-2.245600819827729966e-01 -1.026284913238718066e-01 -1.276696384061871692e-01
-1.471263705408031031e-01 -1.274598225515609640e-01 -1.516300074799301068e-01
-6.238192470834655334e-02 -1.290401726491305912e-01 -1.532285563488727798e-01
1.677168184691960051e-02 -1.071289476401350027e-01 -1.322219204386003433e-01
7.828403005618625454e-02 -6.506193290644447791e-02 -9.180816964082300080e-02
8.468337542306994536e-02 1.088566731626504358e-01 7.550400700441128876e-02
2.634897900028437823e-02 1.531586404376215904e-01 1.181784472927635832e-01
-5.108473244168572347e-02 1.779899716653108033e-01 1.421388163665065485e-01
-1.358291782741421760e-01 1.795703217628804027e-01 1.437373652354491937e-01
-6.110382651338105986e-03 -2.123526309654566457e-01 1.644093842567053224e-02
7.553365686681765001e-02 -2.106718938446544565e-01 -7.759308684195971931e-03
2.387870885687326250e-01 -3.597097585951400389e-02 -4.847457611628904622e-02
2.382156440086647120e-01 4.910576963405554468e-02 -4.449376544166649267e-02
2.064438768006942038e-01 1.270632432379442400e-01 -3.155494230849320569e-02
7.266081106242752718e-02 2.170377886367074738e-01 1.225357803101020417e-02
-8.983228455728103912e-03 2.153570515159052845e-01 3.645382514087667364e-02
-3.542840313637825311e-02 -1.946463529122468838e-01 3.479358899556740659e-02
3.995247644482743943e-02 -2.184519593708272311e-01 3.089731063372451892e-03
1.186085304265364904e-01 -2.091893485358472526e-01 -2.823993100994114103e-02
1.885650876089385863e-01 -1.682686689411563852e-01 -5.442574017780528461e-02
2.391718963187829949e-01 -1.019197231081619970e-01 -7.148114436936386928e-02
2.627245286818592485e-01 -2.024353658524580615e-02 -7.680961290407610498e-02
2.556373099260330628e-01 6.432543162595277808e-02 -6.959993475021961085e-02
2.189892048610809216e-01 1.389123227348845191e-01 -5.094971805082382232e-02
1.583595552672421025e-01 1.921619587020662878e-01 -2.369828923373634016e-02
8.297867568603625732e-02 2.159675651606466906e-01 8.005568698458649657e-03
4.322621704327317405e-03 2.067049543256667121e-01 3.933523077177217275e-02
-6.563393547807473694e-02 1.657842747309759002e-01 6.552103993963634410e-02
2.123029618694526333e-01 -1.600877466597577514e-01 -4.622231507507211512e-02
2.123029618694526333e-01 -1.600877466597577514e-01 -4.622231507507211512e-02
1.574878414069721955e-01 -2.209322788927983450e-01 -2.283724494851747250e-02
8.446220327593736976e-02 -2.544143724407781360e-01 5.443872886481964865e-03
4.343538902740147478e-03 -2.554366820769510271e-01 3.431549460851902877e-02
-7.067081133930133707e-02 -2.238435704264696013e-01 5.938217753231627566e-02
-1.291605926326145348e-01 -1.644448023458494335e-01 7.682774641277209660e-02
-1.622212659864802065e-01 -8.628330182419141625e-02 8.399627153231280230e-02
-1.648196435785226066e-01 -1.258448780151362467e-03 7.979640992433036095e-02
2.379640818812280567e-01 3.881048826961441822e-03 -6.535103416058510306e-02
2.405624594732704569e-01 -8.114380421707852176e-02 -6.115117255260271723e-02
-1.552492907322734761e-01 1.427059726862244665e-02 4.703665326257545909e-02
-1.605442978038019719e-01 -7.056564984620339320e-02 4.172774919458910325e-02
-1.334371332747004146e-01 -1.505676457153881653e-01 3.085150558948464988e-02
-7.805461721746620452e-02 -2.135558116877470103e-01 1.606373194274553565e-02
-2.828235658055087975e-03 -2.499407704831346777e-01 -3.842672594141565909e-04
8.078947673995962031e-02 -2.541832419554261868e-01 -1.598843323994968146e-02
1.600684812604306340e-01 -2.256373482810647979e-01 -2.837317318044137171e-02
1.826356564611514299e-01 1.359324147332977017e-01 -5.746769361213962049e-03
1.074092749017401816e-01 1.723173735286853692e-01 1.070122984094577095e-02
2.379156250372555653e-02 1.765598450009768783e-01 2.630539582148128455e-02
-5.548744201674535997e-02 1.480139513266156004e-01 3.869013576197295745e-02
2.668608250127969539e-01 -1.309870298512804954e-01 -6.743988555275044761e-02
2.668608250127969539e-01 -1.309870298512804954e-01 -6.743988555275044761e-02
2.096985962547587845e-01 -1.932414089395331769e-01 -5.691288854739417341e-02
1.344850879960559353e-01 -2.287229813952329494e-01 -3.852996251017410528e-02
5.267087505692567839e-02 -2.320299994532547538e-01 -1.508974128861751904e-02
-2.328857029033649939e-02 -2.026589995924581444e-01 9.839213922428098613e-03
-8.182911106569665249e-02 -1.450814502928726712e-01 3.246169567362277436e-02
-1.140384806074297985e-01 -6.806301149357610325e-02 4.933363619165485187e-02
-8.460457627561290828e-02 9.622047851409587516e-02 5.681800737028311343e-02
-2.744234751757479440e-02 1.584748576023485844e-01 4.629101036492683230e-02
4.777116074112809641e-02 1.939564300580483569e-01 2.790808432770676417e-02
1.295853736802582701e-01 1.972634481160702169e-01 4.467863106150202213e-03
2.055448190275204479e-01 1.678924482552736075e-01 -2.046109210489541891e-02
2.640853598028807259e-01 1.103148989556880649e-01 -4.308357385609011547e-02
2.962947293446138719e-01 3.329646015639155243e-02 -5.995551437412215828e-02
2.972693431186531621e-01 -5.143750900930946918e-02 -6.850831365964296649e-02
-7.209190351568281474e-02 9.231160346847261389e-02 4.698308876114853927e-02
-7.209190351568281474e-02 9.231160346847261389e-02 4.698308876114853927e-02
-9.832061088292456952e-02 -7.194350479575671586e-02 6.256402572048322397e-02
-6.538975727864010379e-02 -1.500308903658112980e-01 5.410181263511001232e-02
-6.894954796409807907e-03 -2.092181979054323626e-01 3.596591829954926683e-02
6.825849314255166833e-02 -2.404946963759915513e-01 1.091736822409855243e-02
1.486291553572394730e-01 -2.390988224075108470e-01 -1.723042290792664577e-02
2.219813270873345901e-01 -2.052430851580624160e-01 -4.419220905703748897e-02
2.771478051260226616e-01 -1.440817137208524057e-01 -6.586330269123188974e-02
3.057299932772821194e-01 -6.492597246798328947e-02 -7.894447625365680343e-02
3.033765124932644719e-01 2.017339454337690671e-02 -8.144423965056657444e-02
2.704456588889800894e-01 9.826078011343142293e-02 -7.298202656519339748e-02
2.119508564067497658e-01 1.574480876530525431e-01 -5.484613222963265200e-02
1.367974084677881785e-01 1.887245861236117872e-01 -2.979758215418189943e-02
5.642674625310048486e-02 1.873287121551311107e-01 -1.649791022156730722e-03
-1.692542547699463218e-02 1.534729749056827630e-01 2.531199512695408299e-02
-8.435381612818743102e-02 1.087027721263065377e-01 6.433161210985664791e-02
-8.435381612818743102e-02 1.087027721263065377e-01 6.433161210985664791e-02
-7.231041875278584885e-02 -1.328967030470891153e-01 4.663717933312316877e-02
-1.265099604216159135e-02 -1.886018696422704644e-01 2.231140962801060959e-02
6.300903524533726929e-02 -2.154699370614697185e-01 -6.109040650619331457e-03
1.431511212060805893e-01 -2.094104855997515335e-01 -3.429741557986865086e-02
2.155743557423635548e-01 -1.713460118130981369e-01 -5.796229060501412178e-02
2.692529579142929341e-01 -1.070714867802134707e-01 -7.350090302610370885e-02
2.960148471389330016e-01 -2.637212428733382366e-02 -7.854763995989882952e-02
2.917857683789620848e-01 5.846632926754252724e-02 -7.233418145701342450e-02
2.572095605388914352e-01 1.345279883931821685e-01 -5.580647024937022277e-02
1.975501378282672194e-01 1.902331549883635176e-01 -3.148070054425768788e-02
1.218901065407682477e-01 2.171012224075628272e-01 -3.060250265627692187e-03
4.174802058002496929e-02 2.110417709458446145e-01 2.512812466362158298e-02
-3.067521395625791292e-02 1.729772971591912734e-01 4.879299968876705390e-02
-9.656089990406163670e-02 9.268141212496870673e-02 9.022284103090343066e-02
-9.656089990406163670e-02 9.268141212496870673e-02 9.022284103090343066e-02
-6.848968994129550625e-02 -1.448648973047951261e-01 5.005357575478790177e-02
-7.039447922579808448e-03 -1.934419068133253483e-01 1.661159474282037501e-02
6.791443120311452253e-02 -2.117668631331079410e-01 -1.944857956130932944e-02
2.802576967125688379e-01 5.556355270445456629e-04 -9.106389734118967849e-02
2.704003986329844844e-01 8.397080654604398287e-02 -7.695832718622394597e-02
2.318090360207659129e-01 1.554044598973357560e-01 -5.122577792317796475e-02
1.703587940020502012e-01 2.039814694058659783e-01 -1.778379691121043452e-02
9.540491487635571755e-02 2.223064257256486265e-01 1.827637739291936708e-02
1.835844728196350806e-02 2.075895203731393801e-01 5.146491033770156376e-02
-4.905098251784847929e-02 1.620712687791787676e-01 7.672914863709354161e-02
-8.144912694652883811e-02 1.040158355303166249e-01 7.326420119288887256e-02
-8.144912694652883811e-02 1.040158355303166249e-01 7.326420119288887256e-02
-6.232584190145501468e-02 -1.360266248528926580e-01 4.420411721771899671e-02
-1.729803570671747948e-03 -1.885881130286458651e-01 1.557322586040282321e-02
7.380849333767436349e-02 -2.116446660984653283e-01 -1.631217677583772160e-02
1.527890278756543763e-01 -2.016861328656450181e-01 -4.659782718152975095e-02
2.231877296201892902e-01 -1.602286097405532794e-01 -7.067300962251119034e-02
2.742870343964940449e-01 -9.358362880560243402e-02 -8.487249581421493771e-02
2.983075362687276355e-01 -1.189728426988207605e-02 -8.703454270261694325e-02
2.915923315732340537e-01 7.239441839960152059e-02 -7.682999824796184207e-02
2.551637493514202770e-01 1.464588315776068350e-01 -5.581241183904507575e-02
1.945677110206370242e-01 1.990203197533600976e-01 -2.718152048172894908e-02
1.190294141122907601e-01 2.220768728231795608e-01 4.703882154511666858e-03
4.004887957431084444e-02 2.121183395903592228e-01 3.498953256020366498e-02
-3.034982217022400008e-02 1.706608164652676229e-01 5.906471500118510437e-02
2.574559318322480750e-01 -1.543565771686706833e-01 -7.037959420825938561e-02
2.574559318322480750e-01 -1.543565771686706833e-01 -7.037959420825938561e-02
2.015470428523690738e-01 -2.175898761815426297e-01 -5.902456385757844093e-02
1.273007526817542534e-01 -2.543861512853206053e-01 -3.935953856726775307e-02
4.602038595458342318e-02 -2.591435031545187284e-01 -1.437834017387895104e-02
-2.991985830329095541e-02 -2.311376680925537330e-01 1.211587032232186618e-02
-8.895876630363577786e-02 -1.746322806140828132e-01 3.608958954390433654e-02
-1.221081994924323733e-01 -9.822977374009012053e-02 5.389303606168846517e-02
-1.243214571670466784e-01 -1.356173655169148548e-02 6.281579653198615665e-02
-3.935270192987036508e-02 1.297151888197196345e-01 5.014443120753878796e-02
3.489358824074445531e-02 1.665114639234976102e-01 3.047940591722807235e-02
1.161739549679152161e-01 1.712688157926957888e-01 5.498207523839305014e-03
1.921141992257895670e-01 1.432629807307308489e-01 -2.099600297236152435e-02
2.511531072261345421e-01 8.675759325225981811e-02 -4.496972219394404502e-02
2.843025404149310820e-01 1.035508637826718786e-02 -6.277316871172815282e-02
2.865157980895454148e-01 -7.431295081013135351e-02 -7.169592918202585818e-02
2.750448464512921243e-01 -1.928115221918322852e-01 -3.825978066010249368e-02
2.750448464512921243e-01 -1.928115221918322852e-01 -3.825978066010249368e-02
2.084714808516386353e-01 -2.458538887491700242e-01 -3.489566316723664158e-02
1.268774658801239963e-01 -2.694237894716627890e-01 -2.828510762825264466e-02
4.268475066457373679e-02 -2.599329206359931588e-01 -1.943451119912564459e-02
-3.128908711230862782e-02 -2.188261809874515740e-01 -9.691296955333786323e-03
9.273815578693572759e-02 1.648978936297248454e-01 1.142469001845600185e-03
1.769308710024859177e-01 1.554070247940552429e-01 -7.708127427281394675e-03
2.509047087793683239e-01 1.143002851455136859e-01 -1.745134167107325121e-02
3.033978228905617747e-01 4.783580316206770267e-02 -2.660385768336970269e-02
3.264186125639012559e-01 -3.386780627633226987e-02 -3.377228786906286140e-02
3.164623712555991730e-01 -1.183719092777539422e-01 -3.786530371436240550e-02
2.632632511769076311e-01 -1.282545008155444310e-01 -6.755260736930614185e-02
2.632632511769076311e-01 -1.282545008155444310e-01 -6.755260736930614185e-02
2.084713574834173300e-01 -1.912840211650909950e-01 -5.084850788915837305e-02
1.352266935804519177e-01 -2.276169551034429861e-01 -2.699403009926927902e-02
5.468009558270630482e-02 -2.317219427973526424e-01 3.791979982301152755e-04
-2.090594712139190459e-02 -2.029740370822283313e-01 2.710385056442617471e-02
-8.002414471932699225e-02 -1.457498460027835119e-01 4.911134150569430173e-02
-1.136742875346092169e-01 -6.876123391227970116e-02 6.305122982462861569e-02
-8.873589200398150634e-02 9.640141455355780153e-02 5.979062044248077690e-02
-3.394399831049123295e-02 1.594309349031043932e-01 4.308652096233301504e-02
3.930066559247416547e-02 1.957638688414564121e-01 1.923204317244391753e-02
1.198472635902197297e-01 1.998688565353660962e-01 -8.141184925055449870e-03
1.954333062943179322e-01 1.711209508202418406e-01 -3.486583749125152232e-02
2.545515038922531725e-01 1.138967597407968824e-01 -5.687332843251969444e-02
2.882016467075353416e-01 3.690814765029315492e-02 -7.081321675145399452e-02
2.912608055358422154e-01 -4.812406716399684342e-02 -7.456328081689900245e-02
2.686705925004985729e-01 -1.373895310976504525e-01 -6.479987925178018471e-02
2.686705925004985729e-01 -1.373895310976504525e-01 -6.479987925178018471e-02
2.102416616364548019e-01 -1.986643046437340798e-01 -5.557557875690155580e-02
1.340586697372224134e-01 -2.328689783041143768e-01 -3.884782936473146070e-02
5.171978671891840074e-02 -2.347962005801373653e-01 -1.716327928280199366e-02
-2.423963888275378065e-02 -2.041525693505918393e-01 6.176795309849100052e-03
-8.225547309384721728e-02 -1.456032996849674077e-01 2.761907963479373618e-02
-1.134953310705697910e-01 -6.806198713940414535e-02 4.389918027835051917e-02
-8.142363286160129998e-02 9.568275098138567802e-02 5.222206403128364788e-02
-2.299470199755751509e-02 1.569575245274693331e-01 4.299776353640501203e-02
5.318828990167483867e-02 1.911621981878496856e-01 2.627001414423493775e-02
1.355271729199788167e-01 1.930894204638726186e-01 4.585464062305496732e-03
2.114865985216510258e-01 1.624457892343271481e-01 -1.875461053034561260e-02
2.695024327327446012e-01 1.038965195687026055e-01 -4.019689485529027995e-02
3.007422907094670639e-01 2.635520702313945418e-02 -5.647699549884704212e-02
3.004501872648804306e-01 -5.837318648104916630e-02 -6.511641471751432320e-02
2.817859317378860751e-01 -1.484590202467939157e-01 -7.128807666418437994e-02
2.817859317378860751e-01 -1.484590202467939157e-01 -7.128807666418437994e-02
2.242008501122181863e-01 -2.102762552876688285e-01 -6.049778949487438773e-02
1.486836848540865619e-01 -2.451445162383316945e-01 -4.218919586285819340e-02
6.673123980923403864e-02 -2.477554264506167392e-01 -1.914961318079567293e-02
-9.179968165024948723e-03 -2.177114985126634705e-01 5.113390942306214604e-03
-6.749314579142322301e-02 -1.595866481041403884e-01 2.690599407338533505e-02
-9.933064038661330863e-02 -8.222985679666416914e-02 4.291046993617415872e-02
-6.895929068032356779e-02 8.193710064500636658e-02 4.906102486222501530e-02
-1.137420905465569287e-02 1.437543356858813071e-01 3.827073769291503003e-02
6.414295620347594540e-02 1.786225966365442286e-01 1.996214406089881835e-02
1.460954012483283992e-01 1.812335068488292178e-01 -3.077438621163660487e-03
2.220066092225874144e-01 1.511895789108760324e-01 -2.734044274426558965e-02
2.803197868489857858e-01 9.306472850235286698e-02 -4.913304587534471357e-02
3.121572814441758159e-01 1.570793719487667550e-02 -6.513752173813354418e-02
3.126721230636471671e-01 -6.910392477604893058e-02 -7.291733396345748131e-02
-8.882143910790238350e-02 1.676765045945356469e-01 1.028533402392873830e-01
-1.149696149324604816e-02 2.032966495574670129e-01 1.004063590301958603e-01
7.207619168112548713e-02 2.089604299981908109e-01 8.500158891799748651e-02
1.491747654369343923e-01 1.838055866869043875e-01 5.898426650768556073e-02
2.080612008201701002e-01 1.316617164885285352e-01 2.631529328861516304e-02
-1.460149530145166130e-01 -7.267802352607893868e-02 5.133217377149150440e-02
-1.201564768649865528e-01 -1.538216555267241659e-01 5.058010087562200136e-02
-6.611990740795527233e-02 -2.191100101214387141e-01 4.215422808386228709e-02
7.868177499465993374e-03 -2.586035271635853672e-01 2.733731814803069468e-02
9.054376263378224876e-02 -2.662896766931209247e-01 8.385111290234555786e-03
1.693202396143395072e-01 -2.409983121192924571e-01 -1.181709079760965946e-02
2.322046039313898080e-01 -1.865798144316746510e-01 -3.019368598104561763e-02
2.696232811658444417e-01 -1.113189065982973652e-01 -4.394700422764537262e-02
2.758796169099114182e-01 -2.667337959496380792e-02 -5.098322750850445284e-02
2.500211407603813440e-01 5.447025240568133253e-02 -5.023115461263497755e-02
1.959845713033501191e-01 1.197586070003959363e-01 -4.180528182087523553e-02
-2.786417218134050744e-01 2.132225280262479150e-01 -4.038821420015595992e-02
-2.786417218134050744e-01 2.132225280262479150e-01 -4.038821420015595992e-02
-3.353042615112122871e-01 1.529228387479919793e-01 -2.172139625856445849e-02
-3.635382033021489212e-01 7.597724480464870811e-02 1.273137211221599162e-04
-3.590451854898644157e-01 -5.899984639453896562e-03 2.183164770354574860e-02
-3.225092293069713456e-01 -8.024378362038445123e-02 4.008731759015984192e-02
-2.594926028830474851e-01 -1.357359826715121009e-01 5.211506312878703279e-02
-1.795890163439943787e-01 -1.639283975253398307e-01 5.608376909295616913e-02
-9.496306641256696546e-02 -1.605289885852494436e-01 5.138923597603163584e-02
-1.849828682967882831e-02 -1.260552850466507557e-01 3.874616388901652719e-02
6.190517684678059629e-02 9.306722761905097951e-02 -2.347369801468516051e-02
2.536922066388747066e-02 1.674110265999815272e-01 -4.172936790129926077e-02
-3.764740576003647310e-02 2.229032256511092602e-01 -5.375711343992646551e-02
-1.175509922990895240e-01 2.510956405049369899e-01 -5.772581940409557411e-02
-2.021769422305167985e-01 2.476962315648465474e-01 -5.303128628717106857e-02
