-1.235388834614899733e-01 1.661662021438351511e-01 -4.530624611803223123e-02
-1.235388834614899733e-01 1.661662021438351511e-01 -4.530624611803223123e-02
-1.725303435062889024e-01 1.212216184019072329e-01 3.891587385029770391e-03
-1.950894312285988696e-01 5.779885958956211545e-02 5.194621059882192915e-02
-1.877817300213378005e-01 -1.444653419276091880e-02 9.154174275528856319e-02
-1.517197711488346701e-01 -8.451585664782870766e-02 1.166501230180004844e-01
-9.239366094695689036e-02 -1.417416886118468278e-01 1.234488280999936349e-01
-1.883526190141221815e-02 -1.774119159217522335e-01 1.109028167829495537e-01
5.775682654166312130e-02 -1.860960698210274711e-01 8.092210556001247501e-02
1.257221532258214758e-01 -1.664720666005590488e-01 3.807098593905054729e-02
1.747136132706203493e-01 -1.215274828586311306e-01 -1.112684756401147168e-02
1.972727009929303998e-01 -5.810472404628601317e-02 -5.918147077780364779e-02
1.899649997856693029e-01 1.414066973603700025e-02 -9.877700293427027489e-02
1.539030409131661725e-01 8.420999219110474054e-02 -1.238853831969821961e-01
9.457693071128830953e-02 1.414358241551230133e-01 -1.306840882789753744e-01
2.101853166574368936e-02 1.771060514650283635e-01 -1.181380769619312932e-01
-5.557355677733153559e-02 1.857902053643036289e-01 -8.815736573899426998e-02
-1.551704291692085902e-01 1.481189217100525590e-01 6.287992060189913010e-03
-1.551704291692085902e-01 1.481189217100525590e-01 6.287992060189913010e-03
-1.985015072064197916e-01 7.818740942446897324e-02 1.685142603628361768e-02
-2.117499451970986935e-01 -3.328091388138333141e-03 2.455122407648339944e-02
-1.928987885545538905e-01 -8.401758466890475729e-02 2.821516172801188244e-02
-1.448179549914522801e-01 -1.515968265179118424e-01 2.728543769710137235e-02
-7.482731556393461270e-02 -1.957774899710008620e-01 2.190359403948868161e-02
6.417689341886054916e-03 -2.098334695161507557e-01 1.288896766551108318e-02
8.654824421690196501e-02 -1.916248696853841971e-01 1.613953722815100744e-03
1.533651984666805912e-01 -1.439237847415669458e-01 -1.020492912407970805e-02
1.966962765038917926e-01 -7.399227245598337388e-02 -2.076836310017341619e-02
2.099447144945707222e-01 7.523228356623930767e-03 -2.846816114037319795e-02
1.910935578520259470e-01 8.821272163739035665e-02 -3.213209879190168095e-02
1.430127242889243921e-01 1.557919634863973446e-01 -3.120237476099117779e-02
7.302208486140651655e-02 1.999726269394865030e-01 -2.582053110337847318e-02
-8.222920044413984525e-03 2.140286064846363412e-01 -1.680590472940088342e-02
-8.835347491942979747e-02 1.958200066538698658e-01 -5.530890786704919203e-03
1.563711385030998047e-01 -1.464716003585589121e-01 -6.803294662766646780e-03
1.563711385030998047e-01 -1.464716003585589121e-01 -6.803294662766646780e-03
9.519611000668243284e-02 -1.851590928964804983e-01 -4.700349350161467377e-02
2.007156416302090934e-02 -1.955574369592704698e-01 -8.022004403937488259e-02
-5.756546792889117442e-02 -1.760835789245925875e-01 -1.013960275654537391e-01
-1.258954519145086826e-01 -1.297022371472638935e-01 -1.073075925487744220e-01
-1.745157671448685499e-01 -6.347455046497255116e-02 -9.705475680909636527e-02
-1.960244113704036617e-01 1.251691618037735314e-02 -7.219842164559810149e-02
-1.871468884841217262e-01 8.670315085639189456e-02 -3.652273876368290761e-02
-1.492347208705137596e-01 1.477899718335398127e-01 4.540992518748223836e-03
-8.805969237409638772e-02 1.864774643714614266e-01 4.474119135759624388e-02
-1.293514653043487291e-02 1.968758084342513981e-01 7.795774189535645271e-02
6.470188556147715708e-02 1.774019503995735159e-01 9.913372542143528143e-02
1.330318695470946444e-01 1.310206086222448774e-01 1.050452904047560060e-01
1.816521847774546228e-01 6.479292193995345173e-02 9.479245466507789375e-02
2.031608290029897346e-01 -1.119854470539640573e-02 6.993611950157968549e-02
1.942833061167077990e-01 -8.538477938141089685e-02 3.426043661966457488e-02
1.641287961101678960e-01 -1.358480490153172737e-01 -2.633481847061457104e-02
1.641287961101678960e-01 -1.358480490153172737e-01 -2.633481847061457104e-02
1.037553678239093308e-01 -1.744984712929285309e-01 -6.775148981813346183e-02
2.807225100577625393e-02 -1.865574613756042777e-01 -9.906910846420573236e-02
-5.139848587783295980e-02 -1.701891473382744213e-01 -1.155198508648869749e-01
-1.225581435404126396e-01 -1.278854566139862314e-01 -1.145992406160245697e-01
-1.745733091667379111e-01 -6.608674263160123352e-02 -9.644743228265516277e-02
-1.995251453088514870e-01 5.798700611799746663e-03 -6.382787413698202961e-02
-1.936149611030744122e-01 7.682696602557466392e-02 -2.170659820965287895e-02
-1.577425285187829540e-01 1.361846440733055774e-01 2.350381306971348339e-02
-9.736910023252440260e-02 1.748350663509168346e-01 6.492048441723233254e-02
-2.168598341439129107e-02 1.868940564335926091e-01 9.623810306330465858e-02
5.778475346921783246e-02 1.705257423962627805e-01 1.126888454639858317e-01
1.289444111317975261e-01 1.282220516719745906e-01 1.117682352151234820e-01
1.809595767581229087e-01 6.642333768958946782e-02 9.361642688175408900e-02
2.059114129002364291e-01 -5.462105553811468124e-03 6.099686873608096277e-02
2.000012286944593543e-01 -7.649037096758629084e-02 1.887559280875184681e-02
2.739636070135816059e-02 1.332530840163310970e-01 -1.634044766765691270e-01
2.739636070135816059e-02 1.332530840163310970e-01 -1.634044766765691270e-01
4.496208849789348067e-02 6.086893529115326718e-02 -1.993648879501799531e-01
5.567297445196706107e-02 -2.093605100934017166e-02 -2.052293655153834828e-01
5.789838327149422065e-02 -9.970780728494660350e-02 -1.801050958244989619e-01
5.129951663708310489e-02 -1.634540477104537426e-01 -1.278170211858916661e-01
3.688099217494781451e-02 -2.024699850421864955e-01 -5.632552697071266379e-02
1.683789953019872165e-02 -2.108157965017412594e-01 2.348545489878593392e-02
-5.778382133088413863e-03 -1.872209079493700745e-01 9.946542592132529004e-02
-2.752472894878189857e-02 -1.352774272789740995e-01 1.600471242688761286e-01
-4.509045674531720477e-02 -6.289327855379632515e-02 1.960075355424869825e-01
-5.580134269939081293e-02 1.891170774669716920e-02 2.018720131076905122e-01
-5.802675151891797944e-02 9.768346402230353165e-02 1.767477434168060468e-01
-5.142788488450687062e-02 1.614297044478106846e-01 1.244596687781987093e-01
-3.700936042237154555e-02 2.004456417795435208e-01 5.296817456301959604e-02
-1.696626777762245963e-02 2.087914532390982569e-01 -2.684280730647894270e-02
5.650013885664629913e-03 1.851965646867271276e-01 -1.028227783290181913e-01
-6.255194635750106757e-02 1.711084666358809736e-01 -1.124622486859438303e-01
-6.255194635750106757e-02 1.711084666358809736e-01 -1.124622486859438303e-01
-6.383098356469560364e-02 1.132214744527744316e-01 -1.714673557901868206e-01
-5.539936447757223131e-02 3.812185992860354922e-02 -2.049800125404089013e-01
-3.854072666932806951e-02 -4.275714140502766270e-02 -2.078982207393786086e-01
-1.582164492233605058e-02 -1.171024347650465869e-01 -1.797777096424261756e-01
9.299106516413179271e-03 -1.735956231791529192e-01 -1.248995721509946061e-01
3.299712096054892296e-02 -2.036361308233272382e-01 -5.161850722659926810e-02
5.166459053398738538e-02 -2.026505627266238230e-01 2.890910729052845879e-02
6.245956221520566204e-02 -1.707889626975688246e-01 1.044236720747992314e-01
6.373859942240020504e-02 -1.129019705144623104e-01 1.634287791790421940e-01
5.530698033527681884e-02 -3.780235599029137944e-02 1.969414359292642747e-01
3.844834252703268479e-02 4.307664534333976308e-02 1.998596441282340375e-01
1.572926078004066586e-02 1.174219387033587358e-01 1.717391330312815767e-01
-9.391490658708619502e-03 1.739151271174650959e-01 1.168609955398499378e-01
-3.308950510284432850e-02 2.039556347616393872e-01 4.357993061545464147e-02
-5.175697467628278398e-02 2.029700666649360274e-01 -3.694768390167298133e-02
1.277602165961465308e-01 -1.602898060488916754e-01 3.785688143940772049e-02
1.277602165961465308e-01 -1.602898060488916754e-01 3.785688143940772049e-02
5.280374951812803058e-02 -1.958997650906471322e-01 3.915148051991375333e-02
-2.989317374868265959e-02 -2.007252115014247773e-01 3.403766827338394058e-02
-1.077406962863897422e-01 -1.740315148079643326e-01 2.329397625752899562e-02
-1.688872384781764935e-01 -1.198825483528821179e-01 8.556034189952196889e-03
-2.040237935701285088e-01 -4.652200141736117373e-02 -7.932439849335431309e-03
-2.078011395631612912e-01 3.488164774267946133e-02 -2.366122515624170114e-02
-1.796442097715621744e-01 1.119354314685408330e-01 -3.623575674958401382e-02
-1.238396415128980993e-01 1.729086096822493590e-01 -4.374167618268872543e-02
-4.888317443487957131e-02 2.085185687240047880e-01 -4.503627526319475827e-02
3.381374883193116049e-02 2.133440151347824332e-01 -3.992246301666493163e-02
1.116612713696382014e-01 1.866503184413220440e-01 -2.917877100081000749e-02
1.728078135614249389e-01 1.325013519862398292e-01 -1.444082893323319315e-02
2.079443686533770097e-01 5.914080505071872551e-02 2.047645106054447189e-03
2.117217146464097643e-01 -2.226284410932180546e-02 1.777643041296071355e-02
1.835647848548107308e-01 -9.931662783518312165e-02 3.035096200630300889e-02
-6.550919977048577994e-03 -1.440703051805837243e-01 1.499809383613561753e-01
-6.550919977048577994e-03 -1.440703051805837243e-01 1.499809383613561753e-01
-1.133466231101453066e-02 -1.913514057455550366e-01 8.227570707802633887e-02
-1.434492173043096577e-02 -2.091529049073289903e-01 1.551299552773627560e-03
-1.512341352676132775e-02 -1.947646857895171391e-01 -7.990272493725865399e-02
-1.355161938106002294e-02 -1.503772243232752714e-01 -1.496857295460338744e-01
-9.868830703660669973e-03 -8.274810914349854662e-02 -1.971738844063778695e-01
-4.635718686134821312e-03 -2.173259976852283826e-03 -2.151375484219991974e-01
1.351022805127782920e-03 7.908053280386827255e-02 -2.008419165875392209e-01
7.179966648029169687e-03 1.486431158152640430e-01 -1.564633692595692738e-01
1.196370898199511541e-02 1.959242163802353831e-01 -8.875813797623938184e-02
1.497396840141155400e-02 2.137257155420093091e-01 -8.033730450986650146e-03
1.575246019774191597e-02 1.993374964241974856e-01 7.342029403904556939e-02
1.418066605204061810e-02 1.549500349579556457e-01 1.432032986478207759e-01
1.049787737464125299e-02 8.732091977817885153e-02 1.906914535081648820e-01
5.264765357115408669e-03 6.746070611532676772e-03 2.086551175237861266e-01
-7.219761341471892750e-04 -7.450772216918778723e-02 1.943594856893262057e-01
-1.186962979354594661e-01 -5.383355470674808935e-02 1.671456595250456756e-01
-1.186962979354594661e-01 -5.383355470674808935e-02 1.671456595250456756e-01
-1.741140236690096044e-01 -6.114606027171500674e-02 1.061880913712234253e-01
-2.032475704616332202e-01 -5.948204969221480148e-02 2.880017436593201863e-02
-2.016616199104126483e-01 -4.909485349468289267e-02 -5.323648264998741275e-02
-1.695976186100937033e-01 -3.156582814002551612e-02 -1.274325423100089727e-01
-1.119370200977543167e-01 -9.563608837478740354e-03 -1.824923271198498620e-01
-3.745812780227116001e-02 1.356216597475934371e-02 -2.100334839604041659e-01
4.250032207720853827e-02 3.429080671719621914e-02 -2.058631213639059154e-01
1.157653803716869600e-01 4.946656574239207543e-02 -1.706161392312408598e-01
1.711831061052370984e-01 5.677907130735900670e-02 -1.096585710774185818e-01
2.003166528978607142e-01 5.511506072785877369e-02 -3.227065407212718201e-02
1.987307023466401423e-01 4.472786453032689263e-02 4.976600294379222855e-02
1.666667010463211696e-01 2.719883917566951609e-02 1.239620626038137469e-01
1.090061025339817691e-01 5.196619873122688277e-03 1.790218474136547055e-01
3.452721023849862625e-02 -1.792915493911537497e-02 2.065630042542090095e-01
-4.543123964098094020e-02 -3.865779568155220530e-02 2.023926416577107867e-01
-1.737426015698970982e-01 4.287255514863855255e-02 1.147683769681665938e-01
-1.737426015698970982e-01 4.287255514863855255e-02 1.147683769681665938e-01
-2.055261699784473040e-01 -1.523750113146331818e-02 6.497424389701753067e-02
-2.068400615808935750e-01 -7.184199088808987388e-02 4.471062342541589317e-03
-1.774842482912204200e-01 -1.183233936767721928e-01 -5.753010676629879971e-02
-1.219278865716704741e-01 -1.476053372778988737e-01 -1.115901474746803096e-01
-4.862892887437216677e-02 -1.552299112196781905e-01 -1.494789086402410760e-01
3.125352294796703012e-02 -1.400363432364090110e-01 -1.654281698379998500e-01
1.055580897416249775e-01 -1.043377163235074123e-01 -1.570098006310106098e-01
1.629725747848424777e-01 -5.356882281960386599e-02 -1.255054214183305428e-01
1.947561431933927389e-01 4.541233460497989122e-03 -7.571128834718149347e-02
1.960700347958389822e-01 6.114572321712457431e-02 -1.520810679270553911e-02
1.667142215061658828e-01 1.076271260058068724e-01 4.679306231613480221e-02
1.111578597866159784e-01 1.369090696069335533e-01 1.008531030245163190e-01
3.785890208931753931e-02 1.445336435487128424e-01 1.387418641900771965e-01
-4.202354973302155350e-02 1.293400755654436907e-01 1.546911253878359149e-01
-1.163281165266794315e-01 9.364144865254214745e-02 1.462727561808466747e-01
-7.548452766675310677e-02 -9.874644864677704914e-02 1.703477362489740909e-01
-7.548452766675310677e-02 -9.874644864677704914e-02 1.703477362489740909e-01
-1.453962584535057889e-01 -7.357812751387329819e-02 1.341575383312371972e-01
-1.931860213602744347e-01 -3.745883675516879785e-02 7.721581099550978156e-02
-2.115782581997830425e-01 4.112589033509819747e-03 8.191416050612684158e-03
-1.977729176392585275e-01 4.480727712174943644e-02 -6.240730808079178460e-02
-1.538717376333169629e-01 7.842983014638163497e-02 -1.238323456287251934e-01
-8.655827487267517273e-02 9.986151919860836168e-02 -1.667322914458666816e-01
-6.080393864581404642e-03 1.058395638989731713e-01 -1.845760176705336653e-01
7.530987754128999623e-02 9.545386113295564745e-02 -1.746469787388016670e-01
1.452216083280427061e-01 7.028554000005192426e-02 -1.384567808210647732e-01
1.930113712348113519e-01 3.416624924134741004e-02 -8.151505348533735762e-02
2.114036080743199597e-01 -7.405176547331172865e-03 -1.249065854044034175e-02
1.975982675137954725e-01 -4.809986463557076874e-02 5.810806559096413915e-02
1.536970875078537968e-01 -8.172241766020305054e-02 1.195331031388976589e-01
8.638362474721207607e-02 -1.031541067124297772e-01 1.624330489560391055e-01
5.905743739118447626e-03 -1.091321514127945869e-01 1.802767751807061170e-01
1.371359660940410230e-01 -1.600225207356270607e-01 2.611761400042751646e-02
1.371359660940410230e-01 -1.600225207356270607e-01 2.611761400042751646e-02
7.496680690530876934e-02 -1.972822032120183922e-01 -1.388974972473778872e-02
1.774368874863235801e-03 -2.042413399650050698e-01 -5.194648205327238866e-02
-7.129846279826311528e-02 -1.798404655086767168e-01 -8.225879047329459626e-02
-1.331270118987054885e-01 -1.277943917845314470e-01 -1.002119008096159919e-01
-1.742984423031148089e-01 -5.602666171823732916e-02 -1.030726147588822139e-01
-1.885447769523657668e-01 2.453673836370549866e-02 -9.040541455475394061e-02
-1.736971405394550916e-01 1.016307611078616641e-01 -6.413876659985395801e-02
-1.320159511140891195e-01 1.635185404104897433e-01 -2.827152993755910337e-02
-6.984679192535687975e-02 2.007782228868810748e-01 1.173583378760619834e-02
3.345646105088636874e-03 2.077373596398677524e-01 4.979256611614083644e-02
7.641847777821493548e-02 1.833364851835394271e-01 8.010487453616298159e-02
1.382470268786573919e-01 1.312904114593941851e-01 9.805798487248441886e-02
1.794184572830667679e-01 5.952268139309992850e-02 1.009186988217506270e-01
1.936647919323176703e-01 -2.104071868884281604e-02 8.825149861762239534e-02
1.788171555194069950e-01 -9.813474143299889818e-02 6.198485066272243355e-02
3.428985789363425685e-02 -1.585702775679372623e-01 1.296624841949916840e-01
3.428985789363425685e-02 -1.585702775679372623e-01 1.296624841949916840e-01
-1.237367682640014462e-02 -1.938829730659992479e-01 7.102674499847982936e-02
-5.680621090714918497e-02 -1.989203194196599023e-01 1.291553710978567658e-03
-9.224329381674335748e-02 -1.729154263102327671e-01 -6.892653894507325130e-02
-1.132899509201534122e-01 -1.198273029786850047e-01 -1.289374648913867716e-01
-1.167420194618069285e-01 -4.773813495720848760e-02 -1.696051046530339668e-01
-1.020739532993163723e-01 3.237715541286244336e-02 -1.847381787293766453e-01
-7.151883253957008746e-02 1.083217414196002149e-01 -1.720328137739497165e-01
-2.972839733538001558e-02 1.685337482828655198e-01 -1.334232864267967944e-01
1.693513738465436680e-02 2.038464437809275054e-01 -7.478754723028492590e-02
6.136767146540346440e-02 2.088837901345881598e-01 -5.052355942783638178e-03
9.680475437499759528e-02 1.828788970251610246e-01 6.516573671326811312e-02
1.178514114784076500e-01 1.297907736936133316e-01 1.251766626595816334e-01
1.213034800200611663e-01 5.770160567213664105e-02 1.658443024212289119e-01
1.066354138575706101e-01 -2.241368469793421359e-02 1.809773764975715626e-01
7.608029309782436689e-02 -9.835827070467192956e-02 1.682720115421446616e-01
-1.390721216436569541e-01 -2.514196426998523484e-02 1.552329247331918349e-01
-1.390721216436569541e-01 -2.514196426998523484e-02 1.552329247331918349e-01
-1.812477692652309513e-01 -5.929570798394908498e-02 9.276933993366973108e-02
-1.960686415484436118e-01 -8.484156703930872956e-02 1.547306759228318090e-02
-1.812783950397175436e-01 -9.789041596867456563e-02 -6.488823551944525314e-02
-1.391287106960878983e-01 -9.645568581066085723e-02 -1.360802894797818186e-01
-7.603649587103224194e-02 -8.075580122596387467e-02 -1.872647494308412597e-01
-1.606968339313672063e-03 -5.318092732279557783e-02 -2.106492453333598247e-01
7.282865103771088422e-02 -1.792908868605892075e-02 -2.026736996671622271e-01
1.359382139704593262e-01 1.963294181051591578e-02 -1.645523169614255821e-01
1.781138615920333235e-01 5.378668552447977286e-02 -1.020887321619034782e-01
1.929347338752460117e-01 7.933254457983940355e-02 -2.479245982051693498e-02
1.781444873665199713e-01 9.238139350920526738e-02 5.556884329121144356e-02
1.359948030228903537e-01 9.094666335119158673e-02 1.267608972515479326e-01
7.290258819783461408e-02 7.524677876649454866e-02 1.779453572026075681e-01
-1.526939333883883376e-03 4.767190486332626570e-02 2.013298531051260776e-01
-7.596255871090838718e-02 1.242006622658965720e-02 1.933543074389285354e-01
