1.698636906132074825e-02 2.737482753421685219e-02 2.460102207145349051e-01
-1.766667403215093912e-01 -5.994996614733187623e-02 1.082586097438852368e-01
-2.020617168508870021e-01 -6.630360076324384733e-02 2.884970346723172291e-02
-1.966699020482889360e-01 -6.261175185309603153e-02 -5.450703883099887459e-02
-1.613121508404877225e-01 -4.943646994676478140e-02 -1.291213087666514825e-01
-1.013713603300584049e-01 -2.878357228026109937e-02 -1.836337601220642546e-01
-2.597297250759473056e-02 -3.797275304326635202e-03 -2.097453663349777842e-01
5.340429156902089247e-02 2.171848376779873802e-02 -2.034808720617755917e-01
1.246759630008142938e-01 4.387916191831586765e-02 -1.657939897677708219e-01
1.769915758916053850e-01 5.931099678585621815e-02 -1.024222056497869487e-01
2.023865524209830236e-01 6.566463140176817537e-02 -2.301329937313340360e-02
1.969947376183849297e-01 6.197278249162040814e-02 6.034344292509710717e-02
1.616369864105837995e-01 4.879750058528915108e-02 1.349577128607497567e-01
-1.020188755541569792e-01 -1.516769278469293214e-01 8.726534521287646062e-02
-1.311077381831872168e-01 -1.659664266941016375e-01 9.987650752219866951e-03
-1.403944836487951708e-01 -1.547728006429946457e-01 -7.253902894588450112e-02
-1.284652891383991635e-01 -1.198001777894165398e-01 -1.477507550036147310e-01
-9.713626637778952078e-02 -6.637282293520894993e-02 -2.041972239246757914e-01
-5.117697508397059392e-02 -2.624566536747249997e-03 -2.332849725043511790e-01
2.415699265586822818e-03 6.173949724868611766e-02 -2.305856547024827674e-01
5.548275781996532541e-02 1.169205231714500054e-01 -1.965102171850282020e-01
9.994522196834448868e-02 1.545177002520492504e-01 -1.362463364194096971e-01
1.290340845973747819e-01 1.688071990992215665e-01 -5.896864195875312076e-02
1.383208300629827081e-01 1.576135730481145747e-01 2.355803773935119874e-02
1.263916355525867286e-01 1.226409501945364966e-01 9.876976379708145293e-02
-2.140431721405906540e-01 1.452612525543789217e-02 6.964519666875842487e-03
-7.590777711965882024e-02 7.222211729670289550e-03 -1.867700766089892828e-01
6.353242779848730128e-03 1.629412576059108188e-03 -2.005351825741847616e-01
8.758080789002191391e-02 -4.289875506794598760e-03 -1.817022955310984567e-01
2.131730885667933451e-01 -1.555640840774422454e-02 2.020726980782285714e-02
-8.955842706578630991e-03 -2.558229860137600786e-02 2.315271117455641736e-01
1.388626579774934755e-01 -1.612842675944425874e-01 2.652994245292829290e-02
1.388626579774934755e-01 -1.612842675944425874e-01 2.652994245292829290e-02
1.316615026850944392e-01 -1.569926036246632184e-01 -5.665153239248812284e-02
1.043130601049218342e-01 -1.288195262401289065e-01 -1.304605641823540496e-01
6.098088270555761942e-02 -8.105413108305260794e-02 -1.836603969072017062e-01
8.261901688888592318e-03 -2.096826657171382141e-02 -2.081518382923575605e-01
-4.581789598405025532e-02 4.229053910175424591e-02 -2.002062884024007061e-01
-9.302535135214068385e-02 9.909170621606751272e-02 -1.610333851814879091e-01
-1.261735572722395005e-01 1.407877719819338735e-01 -9.659684804175122652e-02
-1.402159998822465892e-01 1.610308883622775800e-01 -1.670655564405177512e-02
-1.330148445898475806e-01 1.567392243924981832e-01 6.647491920136465449e-02
1.248202153674863590e-01 -1.410411512140988533e-01 1.064202348506278484e-01
1.691346417644869204e-01 -4.371530337210641215e-02 -1.422109768784650952e-01
1.691346417644869204e-01 -4.371530337210641215e-02 -1.422109768784650952e-01
1.090654566483051230e-01 -3.171762189294714124e-02 -1.991648105628349152e-01
3.249342814125134871e-02 -1.498192300409217741e-02 -2.283646627159002240e-01
-4.892404654364231747e-02 3.943934848118531636e-03 -2.253651205446755845e-01
-1.227918949368467932e-01 2.217866136901458854e-02 -1.906228371538124522e-01
-1.778644067342097235e-01 3.694618474399707919e-02 -1.294270102499867070e-01
-2.057572912481453187e-01 4.599828340715765573e-02 -5.109414973775339153e-02
-2.022241096610345734e-01 4.795685739450886165e-02 3.245027645904877134e-02
-1.678027568411443460e-01 4.252373157099388623e-02 1.084873867840659423e-01
1.241237798601893261e-01 -2.337023317012709364e-02 1.568992470594133826e-01
1.791962916575524090e-01 -3.813775654510959123e-02 9.570342015558749860e-02
2.070891761714879209e-01 -4.718985520827016777e-02 1.737055964335428027e-02
2.035559945843772311e-01 -4.914842919562137369e-02 -6.617386655344778545e-02
1.452635839436441367e-01 -1.561578309752073013e-01 1.177094608851717364e-02
1.452635839436441367e-01 -1.561578309752073013e-01 1.177094608851717364e-02
1.387238610583803322e-01 -1.452775558196288952e-01 -7.086765667795515145e-02
1.109231681789216717e-01 -1.122531083465241747e-01 -1.424692933533141526e-01
6.609390878225733512e-02 -6.211216131631158710e-02 -1.921332638241891599e-01
1.106093123328104159e-02 -2.488219385524262101e-03 -2.122986787914029616e-01
-4.579749251135928345e-02 5.754151277925488583e-02 -1.998955366261390143e-01
-9.582518285943693315e-02 1.088380526268154097e-01 -1.568121032882951460e-01
-1.314058774575994348e-01 1.435919669696579526e-01 -8.960744095126221831e-02
-1.471227380930761885e-01 1.565122873941026671e-01 -8.512850244072459049e-03
-1.405830152078123008e-01 1.456320122385242610e-01 7.412575252239989032e-02
-1.127823223283536680e-01 1.126075647654195266e-01 1.457273891977589053e-01
1.295467233081673830e-01 -1.432375105507625312e-01 9.286553679570705433e-02
-1.983507154423580221e-01 -7.741096924668475210e-02 4.043626317336576625e-02
-2.547589598538256214e-02 -1.058785331304025294e-02 -1.992616722172542432e-01
5.225969095819882337e-02 1.961382015856781916e-02 -1.934855881025467073e-01
1.978747702025404620e-01 7.641632082985608254e-02 -1.392175247244428413e-02
8.247540864137418992e-02 -1.746671653062992768e-01 9.997897842491827725e-02
8.247540864137418992e-02 -1.746671653062992768e-01 9.997897842491827725e-02
9.113115909479960197e-02 -1.931167912097599970e-01 1.889852278295407056e-02
8.581646255863341344e-02 -1.821343692978259210e-01 -6.380874055391910771e-02
6.734043340266288036e-02 -1.433918737506864882e-01 -1.355513804858714533e-01
3.851587958026306269e-02 -8.278749831379697555e-02 -1.854072304319136499e-01
3.731078115663359618e-03 -9.547709767392453112e-03 -2.057861891821659572e-01
-3.171830029316145827e-02 6.517739800267342842e-02 -1.935857450026235438e-01
-6.243540913288334049e-02 1.300116047231969774e-01 -1.506633049223199405e-01
-8.374384703393958351e-02 1.750844901445258728e-01 -8.355342135059304343e-02
-9.239959748736500944e-02 1.935341160479865652e-01 -2.472965708628824602e-03
-8.708490095119880703e-02 1.825516941360525447e-01 8.023429762824438316e-02
2.003800016369150505e-02 2.805530592228043171e-03 2.384690545612384860e-01
-2.689606285247769096e-02 -3.216562020957507151e-02 2.411339008262908534e-01
-2.246566608194418974e-02 -2.945577359008656054e-02 2.451598983514793328e-01
-1.679154336121689572e-01 -7.804032173896070790e-02 1.138302926181145452e-01
-1.940157563143375397e-01 -8.783015271324191853e-02 3.500644885527385425e-02
-1.906809276753379523e-01 -8.434584020767554868e-02 -4.846213484855515369e-02
-1.584186451251608785e-01 -6.811783921586259116e-02 -1.238681232690600487e-01
-1.021405487237513204e-01 -4.161671578161123264e-02 -1.797316382262060530e-01
-3.041446848600957292e-02 -8.877025714504105380e-03 -2.075479659717918979e-01
4.583995007040470027e-02 2.511690995877125659e-02 -2.030823227621910143e-01
1.150136629683028988e-01 5.518982268775288191e-02 -1.670145622949086583e-01
1.665755994802489981e-01 7.676338412108610343e-02 -1.048356741460257507e-01
1.926759221824176083e-01 8.655321509536728630e-02 -2.601183038318503893e-02
1.893410935434179931e-01 8.306890258980094421e-02 5.745675332064387880e-02
1.570788109932409748e-01 6.684090159798795894e-02 1.328627417411487877e-01
1.359719944174115347e-01 2.439041366589437751e-02 -1.573450752306343181e-01
1.359719944174115347e-01 2.439041366589437751e-02 -1.573450752306343181e-01
6.418510158302262458e-02 1.217105408068383347e-02 -1.984275576436586586e-01
-1.759286870871708264e-02 -2.006733878998803559e-03 -2.085169082787981243e-01
-9.691196180003683325e-02 -1.598451051825974453e-02 -1.860771149620439879e-01
-1.616965647971527476e-01 -2.763428605263227450e-02 -1.345244328086390440e-01
-2.020838091676423476e-01 -3.518248776248637799e-02 -6.170729035021190606e-02
-2.119251030673805491e-01 -3.747997036211563049e-02 2.128856256298216482e-02
-1.897221987116836095e-01 -3.417696295245814531e-02 1.018277596841895005e-01
1.992005165661767663e-01 3.379658295858324613e-02 7.201115346092372416e-02
2.090418104659149678e-01 3.609406555821251250e-02 -1.098469945227024090e-02
1.868389061102180837e-01 3.279105814855501344e-02 -9.152389657347753671e-02
1.730984181307166150e-02 2.967061549009679736e-02 2.382445574829788748e-01
-1.475462126803315545e-02 5.834785991008350353e-02 2.435614844387861688e-01
-1.753798294173601335e-01 8.634694592078981379e-02 9.121875270715783246e-02
-1.753798294173601335e-01 8.634694592078981379e-02 9.121875270715783246e-02
-1.903093603569215864e-01 9.870279870806443479e-02 9.883846198415759468e-03
-1.763292302379479148e-01 9.597806985232643084e-02 -7.250581834442128282e-02
-1.355677871408577373e-01 7.858757462213335210e-02 -1.434071613588751570e-01
-7.423059127378119071e-02 4.917885827105024366e-02 -1.920260960932703154e-01
-1.655674684415630498e-03 1.222913127285195703e-02 -2.109608304660358369e-01
7.110808946976522604e-02 -2.663634538709515331e-02 -1.973287228127127702e-01
1.329830777014519849e-01 -6.150065520373745181e-02 -1.532051379481559061e-01
1.745493839505353195e-01 -8.705602305324655621e-02 -8.530749168670120897e-02
1.894789148900967723e-01 -9.941187584052119108e-02 -3.972585177959103014e-03
1.754987847711230731e-01 -9.668714698478318714e-02 7.841707936487796182e-02
-8.362855850804735980e-02 -1.655014278205495792e-01 1.094370611073596095e-01
-9.702110335301926403e-02 -1.900394625849404495e-01 3.063469812868012399e-02
-9.574328414828486844e-02 -1.858182188600870088e-01 -5.286282337969751971e-02
-7.998963728430497078e-02 -1.534803427374284990e-01 -1.283437626750402183e-01
-5.215851268895613235e-02 -9.794898271306269610e-02 -1.843168309860505338e-01
-1.648694679210753467e-02 -2.767828495766709584e-02 -2.122606360595049591e-01
2.159438786199579727e-02 4.663367380096077042e-02 -2.079209868841937758e-01
5.628795328042483781e-02 1.136735714814033488e-01 -1.719585557080404448e-01
8.231196862617747023e-02 1.632351913799991450e-01 -1.098482966773638714e-01
9.570451347114940222e-02 1.877732261443900430e-01 -3.104593369868435468e-02
9.442669426641499275e-02 1.835519824195366023e-01 5.245158780969322310e-02
7.867304740243510897e-02 1.512141062968781480e-01 1.279325271050359147e-01
1.517074273663549522e-01 -1.963094188829241603e-03 -1.617562897165127078e-01
1.517074273663549522e-01 -1.963094188829241603e-03 -1.617562897165127078e-01
8.240458610612211299e-02 -1.936577105132699511e-03 -2.085666324030324426e-01
4.640855498186448628e-04 -1.682894340971047287e-03 -2.252933387723019265e-01
-8.163937588534558865e-02 -1.240666797547913640e-03 -2.093899194075706793e-01
-1.514062904655980590e-01 -6.772196095468065386e-04 -1.632775257422634796e-01
-1.982152778847508512e-01 -7.833250367941666436e-05 -9.397635170203388899e-02
-2.149400941327655745e-01 4.648193871110788654e-04 -1.203687281779987177e-02
-1.990345375467188205e-01 8.695461111359796633e-04 7.006636803353985532e-02
-1.529200849326066980e-01 1.074231693519382257e-03 1.398338967001003241e-01
1.501936328993462855e-01 -2.116428857630528882e-04 1.413551327258511792e-01
1.970026203184991609e-01 -8.105299916304441448e-04 7.205395868562150530e-02
2.137274365665138565e-01 -1.353681882420938428e-03 -9.885520198612472026e-03
1.978218799804671024e-01 -1.758408606445838792e-03 -9.198876104995208636e-02
4.239630040716444587e-02 2.387366276165419493e-02 -1.932768575465106942e-01
-2.663786573377754929e-02 -2.316417936699411567e-02 -1.963737596475161329e-01
-1.751892361917948837e-01 8.101099344185878903e-02 9.106580626250355970e-02
-1.751892361917948837e-01 8.101099344185878903e-02 9.106580626250355970e-02
-1.938582429650700933e-01 9.085300315432105756e-02 1.014863686643807487e-02
-1.830650809880665641e-01 8.680412839577013318e-02 -7.267708099872799421e-02
-1.444529113315260738e-01 6.948077364505422793e-02 -1.448018826050251895e-01
-8.390008680546734432e-02 4.152026262636804993e-02 -1.952454207208494941e-01
-1.062522603126160592e-02 7.179329679642977233e-03 -2.163281239398783806e-01
6.421623767648527992e-02 -2.831392945531444397e-02 -2.048403418121952091e-01
1.292303699078268531e-01 -5.955598782240222044e-02 -1.625309850297355363e-01
1.745193583851175900e-01 -8.179052524519558887e-02 -9.584126962735450839e-02
1.931883651583928829e-01 -9.163253495765787127e-02 -1.492410023128903571e-02
1.823952031813893537e-01 -8.758366019910693301e-02 6.790161763387700389e-02
1.437830335248488911e-01 -7.026030544839108327e-02 1.400264192401741992e-01
-1.299002477145040357e-01 5.877645601906537898e-02 1.577555216648847403e-01
7.779258746701822602e-04 -2.793289962665795184e-02 2.152572006707553220e-01
-1.391515886696106097e-01 -2.402885632806475019e-02 1.452434588102042012e-01
-1.391515886696106097e-01 -2.402885632806475019e-02 1.452434588102042012e-01
-1.902285457869389018e-01 -2.933218140801666790e-02 7.922860554395000365e-02
-2.124570626799792417e-01 -3.024263688538368633e-02 -1.394007689519827578e-03
-2.024530491537735732e-01 -2.662161416703610894e-02 -8.435031887121846594e-02
-1.617395255810782362e-01 -1.902038113718967915e-02 -1.570109816245658096e-01
-9.651475685682593675e-02 -8.596156619289530010e-03 -2.083140687159126814e-01
-1.670862275528323115e-02 3.064065699644631224e-03 -2.304491501992441405e-01
6.552911625099719362e-02 1.418512267173360070e-02 -2.200463605737363049e-01
1.376785098852695566e-01 2.307393418560932385e-02 -1.786894302583499627e-01
1.887554670025979042e-01 2.837725926556124850e-02 -1.126745769920957652e-01
2.109839838956382441e-01 2.928771474292826693e-02 -3.205196375862593566e-02
2.009799703694325756e-01 2.566669202458068955e-02 5.090434742307264199e-02
1.602664467967372663e-01 1.806545899473426670e-02 1.235650101764199926e-01
-1.033845364712361881e-01 5.518551003133326943e-03 2.335866579431929990e-01
-3.726894942666511557e-02 1.531781144782610182e-01 1.917045563397976882e-01
-1.727468837305868310e-01 6.090388066632308750e-02 9.999495728922777604e-02
-1.727468837305868310e-01 6.090388066632308750e-02 9.999495728922777604e-02
-1.990752648754400000e-01 7.230166871389021033e-02 2.143700232715628484e-02
-1.951153760889916544e-01 7.262439409864995810e-02 -6.210137593717061921e-02
-1.614700745424974271e-01 6.182292480628556047e-02 -1.379022166902939273e-01
-1.032615524009929814e-01 4.154168662099656795e-02 -1.944255290638831069e-01
-2.935152949895520821e-02 1.486831420661123733e-02 -2.230661511341617553e-01
4.900786317280664967e-02 -1.413641328150331070e-02 -2.194638078188156094e-01
1.198871184096802489e-01 -4.105678901179105750e-02 -1.841669232322826477e-01
1.724955121239003797e-01 -6.179442981312937427e-02 -1.225491280858068965e-01
1.988238932687535487e-01 -7.319221786069649016e-02 -4.399117312373544697e-02
1.948640044823052586e-01 -7.351494324545623793e-02 3.954720514059149872e-02
1.612187029358110868e-01 -6.271347395309184725e-02 1.153480458937146957e-01
-1.201384900163665753e-01 4.016623986498474991e-02 1.616127524357035550e-01
1.672677959526439051e-01 -1.288341386618925000e-01 -5.760011014189196643e-02
1.672677959526439051e-01 -1.288341386618925000e-01 -5.760011014189196643e-02
1.423597467855228782e-01 -1.103697776906179262e-01 -1.352838325467442815e-01
9.577425363973152139e-02 -7.519744159829019892e-02 -1.951904504468991719e-01
3.460353554816962551e-02 -2.867179971694556670e-02 -2.281997243219017202e-01
-3.183972017366284990e-02 2.212404073297524754e-02 -2.292862914540955699e-01
-9.344013015172988879e-02 6.945687350841200924e-02 -1.982847318473597575e-01
-1.408195903759777434e-01 1.061207038925020829e-01 -1.399147519219821889e-01
-1.667650075231412177e-01 1.265337960677178630e-01 -6.306265199641594710e-02
-1.673264270283567057e-01 1.275884417955240602e-01 2.057153238169214318e-02
-1.424183778612357065e-01 1.091240808242495419e-01 9.825525478654445477e-02
-9.583288471544430809e-02 7.395174473192175912e-02 1.581618726866993729e-01
9.338149907601714372e-02 -7.070257037478050455e-02 1.612561540871599308e-01
1.407609593002649706e-01 -1.073664007588705505e-01 1.028861741617824038e-01
1.667063764474284171e-01 -1.277794929340862751e-01 2.603407423621625569e-02
6.649744734503479360e-02 -1.750699944670926489e-01 9.789201993070703600e-02
6.649744734503479360e-02 -1.750699944670926489e-01 9.789201993070703600e-02
7.459212858019345638e-02 -2.006864745550680784e-01 1.869690951299104661e-02
7.134785973739019016e-02 -1.960015195286864409e-01 -6.473641324564716193e-02
5.725855133857150198e-02 -1.617283713214913987e-01 -1.397059812801590417e-01
3.446917286755878801e-02 -1.030848060611661149e-01 -1.947983574581168831e-01
6.449200610333502906e-03 -2.899877495335236033e-02 -2.216262269200601209e-01
-2.253557865862279921e-02 4.925079535732968666e-02 -2.161052897356502689e-01
-4.807249504328995476e-02 1.197511171251999657e-01 -1.790760585437934926e-01
-6.627378451682580662e-02 1.717691554481083627e-01 -1.161758981226333476e-01
-7.436846575198452491e-02 1.973856355360837922e-01 -3.698078770491738942e-02
-7.112419690918125870e-02 1.927006805097021824e-01 4.645253505372085728e-02
-5.703488851036254276e-02 1.584275323025071680e-01 1.214221030882327301e-01
4.829615787149890010e-02 -1.230519561441841825e-01 1.607921803518672921e-01
3.087301521517027761e-02 -1.603045914534589542e-02 2.431531950792794883e-01
