1.140603489147124228e-01 5.988619064863751756e-02 -1.818671235467518577e-01
1.140603489147124228e-01 5.988619064863751756e-02 -1.818671235467518577e-01
4.762023919170465386e-02 2.229466865630872971e-02 -2.178915492840968471e-01
-2.606794718351564469e-02 -1.867627564117066430e-02 -2.219662109282303231e-01
-9.578585182039406343e-02 -5.678918737704432423e-02 -1.934707781807326610e-01
-1.509195557323452508e-01 -8.624172123393072931e-02 -1.367434223656693870e-01
-1.830754522870450818e-01 -1.025499959200031480e-01 -6.042036917112282579e-02
-1.873580977279686588e-01 -1.032312244491852965e-01 2.387888842423735100e-02
-1.631154981090129907e-01 -8.818169595326109944e-02 1.033205526261907065e-01
-1.140383694624513278e-01 -5.969256472141954567e-02 1.658103502004689700e-01
-4.759825973944357275e-02 -2.210104272909075435e-02 2.018347759378139872e-01
2.608992663577675702e-02 1.886990156838863619e-02 2.059094375819474354e-01
9.580783127265510291e-02 5.698281330426228919e-02 1.774140048344498843e-01
1.509415351846063180e-01 8.643534716114870120e-02 1.206866490193865410e-01
1.830974317393062323e-01 1.027436218472211615e-01 4.436359582483985486e-02
1.873800771802297815e-01 1.034248503764032545e-01 -3.993566177052022825e-02
1.631374775612741690e-01 8.837532188047909909e-02 -1.193773259724734692e-01
-5.376557009680311972e-02 1.734372040842762086e-01 -1.006141872004414628e-01
-5.376557009680311972e-02 1.734372040842762086e-01 -1.006141872004414628e-01
5.646231603719722297e-02 -1.711128898794851416e-01 -1.031865089601606417e-01
6.562268171681150120e-02 -2.028713086513739827e-01 -2.500514966203709610e-02
6.482493728177696202e-02 -2.037601607438257190e-01 5.986774324112326823e-02
5.419053209075632566e-02 -1.736441264832289111e-01 1.385110411795042462e-01
3.533845793295935928e-02 -1.171080990832289448e-01 1.989520149452584097e-01
1.113877220443286811e-02 -4.275917621511129280e-02 2.319890741813412927e-01
-1.472434231335238361e-02 3.808369258911723648e-02 2.325926261007469908e-01
-3.831346088478056189e-02 1.131129133964435401e-01 2.006707853949577791e-01
-5.603735404324403785e-02 1.709059674805325224e-01 1.410833629392233279e-01
-6.519771972285828832e-02 2.026643862524212802e-01 6.290200364109989339e-02
-6.439997528782376301e-02 2.035532383448730165e-01 -2.197088926206033910e-02
-1.762427284218468504e-01 7.289906579882499127e-02 9.503991776185195806e-02
-1.762427284218468504e-01 7.289906579882499127e-02 9.503991776185195806e-02
-2.043722900588488545e-01 6.867174726795052808e-02 1.557983337137893581e-02
-2.014667087494276809e-01 5.404202873200376206e-02 -6.748987472974411761e-02
-1.679683329087825749e-01 3.123715221935384478e-02 -1.415225965119002449e-01
-1.089769865951185218e-01 3.728953452331341348e-03 -1.952475211920503828e-01
-3.347356752680497038e-02 -2.429469366922733242e-02 -2.204855160052966168e-01
4.704721318320558010e-02 -4.856744290605862630e-02 -2.133943250243149625e-01
1.203267965945089002e-01 -6.539398821987477128e-02 -1.750535177941534570e-01
1.752090304138117227e-01 -7.221264061966028991e-02 -1.113001346553212645e-01
2.033385920508137545e-01 -6.798532208878582672e-02 -3.184005026484827694e-02
2.004330107413925810e-01 -5.335560355283908845e-02 5.122965783627477648e-02
1.669346349007475583e-01 -3.055072704018920240e-02 1.252623796184308413e-01
1.079432885870835329e-01 -3.042528273166701137e-03 1.789873042985810070e-01
3.243986951876984270e-02 2.498111884839202684e-02 2.042252991118273242e-01
-4.808091119124062451e-02 4.925386808522331378e-02 1.971341081308456700e-01
-1.213604946025438891e-01 6.608041339903944489e-02 1.587933009006842477e-01
-1.667137595060722566e-01 3.529189748353434020e-02 1.505086551476271239e-01
-1.667137595060722566e-01 3.529189748353434020e-02 1.505086551476271239e-01
-2.031989288393736826e-01 4.514154147585341947e-02 7.450195074277116136e-02
-2.084751051289621959e-01 4.807051633353178616e-02 -1.016672854648275823e-02
-1.817390383634051587e-01 4.363291218571106744e-02 -9.060734382183459334e-02
1.703106650405222522e-01 -3.592613759827996411e-02 -1.152977343171530805e-01
2.067958343738236504e-01 -4.577578159059904339e-02 -3.929102991229711794e-02
2.120720106634121360e-01 -4.870475644827738232e-02 4.537764937695680512e-02
1.853359438978550988e-01 -4.426715230045669136e-02 1.258182646523086645e-01
1.306579578791598195e-01 -3.313855415166085810e-02 1.897844614340795377e-01
5.636228032149500494e-02 -1.701319018905060598e-02 2.275379661172626244e-01
-2.624024535897873794e-02 1.653999100854935261e-03 2.333311498502153858e-01
-1.045741334211694878e-01 2.002110336715994671e-02 2.062820529249371204e-01
2.055063482859435797e-02 2.551308474727029957e-02 2.231400890927455472e-01
-1.518893202018366251e-01 -6.036940560856968695e-03 1.976355976126985547e-01
-1.518893202018366251e-01 -6.036940560856968695e-03 1.976355976126985547e-01
-2.002845859748239032e-01 -1.190596175251853496e-02 1.278684758891501794e-01
-2.183123456090565184e-01 -1.594453480751298335e-02 4.478605751543848074e-02
-2.032280361222706111e-01 -1.753782358797329952e-02 -3.896311245503696064e-02
-1.573281068942234129e-01 -1.644326432027318208e-02 -1.106289820823875281e-01
1.986555038670753115e-01 1.214076571849357321e-02 -4.705552404736673688e-02
2.166832635013079267e-01 1.617933877348801813e-02 3.602689432634498951e-02
2.015989540145220471e-01 1.777262755394833776e-02 1.197760642968203199e-01
1.556990247864748211e-01 1.667806828624821686e-02 1.914419339241709150e-01
8.597132395824175211e-02 1.306229769669052694e-02 2.401140242103584621e-01
3.031261897739567952e-03 7.475784080493411490e-03 2.583824506229079887e-01
-8.049428879985526253e-02 7.690234938508499433e-04 2.434660108442067150e-01
-1.303537560683761254e-01 -3.860326313013549143e-02 1.513456873965414728e-01
-1.303537560683761254e-01 -3.860326313013549143e-02 1.513456873965414728e-01
-1.819028570954067114e-01 -5.532832243410028966e-02 8.663721109069330573e-02
-2.058170291342190927e-01 -6.363190231542367736e-02 6.117727311341917412e-03
-1.984555562744134694e-01 -6.224985800931323587e-02 -7.795440244704446298e-02
-1.609391560269775034e-01 -5.139259323311141936e-02 -1.527799585445056008e-01
-9.897936024256827336e-02 -3.271302812764473322e-02 -2.069674283605580922e-01
-2.200898616241467667e-02 -9.054957149541109293e-03 -2.322672608263451066e-01
5.825392449795857575e-02 1.597989285573066590e-02 -2.248277857925028711e-01
1.295900711756064194e-01 3.858019291634835063e-02 -1.857815958939248169e-01
1.811391722026370332e-01 5.530525222031314886e-02 -1.210731195880766220e-01
2.050533442414494145e-01 6.360883210163652268e-02 -4.055363580872521634e-02
1.976918713816437911e-01 6.222678779552609507e-02 4.351849394966110507e-02
1.601754711342078530e-01 5.136952301932429243e-02 1.183440500471222567e-01
9.821567534979855352e-02 3.268995791385757160e-02 1.725315198631748592e-01
2.124530126964499846e-02 9.031886935753954612e-03 1.978313523289617626e-01
-5.901760939072811518e-02 -1.600296306951777547e-02 1.903918772951195826e-01
-2.982120435297440364e-02 -1.357428584817087780e-01 2.073981528149564102e-01
-2.982120435297440364e-02 -1.357428584817087780e-01 2.073981528149564102e-01
-3.241159320865411031e-02 -1.892818943147309418e-01 1.412880392247081174e-01
-3.005812231512437066e-02 -2.137959947128616200e-01 5.981899204915520907e-02
-2.311908628165829788e-02 -2.055531101113588777e-01 -2.460606479797616125e-02
3.253624424311273716e-02 1.920207486202349378e-01 -6.048336460412421373e-02
3.018277334958299404e-02 2.165348490183656160e-01 2.098568257142873275e-02
2.324373731611693861e-02 2.082919644168629014e-01 1.054107394185599955e-01
3.718737522884314143e-04 1.033507642448267400e-01 2.332238031544246470e-01
-1.207891988444059067e-02 2.262879510613755724e-02 2.571534297176804040e-01
-2.268131896942901168e-02 -6.132972008680418613e-02 2.480846673154568083e-01
-1.236901226319769009e-01 1.728311750653843959e-01 -3.374834766089561400e-02
-1.236901226319769009e-01 1.728311750653843959e-01 -3.374834766089561400e-02
1.261892778975299834e-01 -1.728370471585728152e-01 -2.128600836260256812e-02
1.235421199752996524e-01 -1.716923181527579001e-01 6.354290294997019806e-02
1.020755281675204129e-01 -1.443222997823334908e-01 1.409659587834823091e-01
6.505759648178742471e-02 -9.489382923436226469e-02 1.991962007290303538e-01
1.812396944886716238e-02 -3.093194307957167558e-02 2.293686023088623849e-01
-3.158013366986684584e-02 3.782574133091338997e-02 2.268896888959503477e-01
-7.648771374340411489e-02 1.009114898355578382e-01 1.921368525860040477e-01
-1.097619987937754893e-01 1.487210690982636585e-01 1.304008976719673030e-01
-1.263372805542072874e-01 1.739759040711993110e-01 5.108056365167724239e-02
-4.294980209559955131e-02 -1.264523412069652186e-01 1.625235638185773268e-01
-4.294980209559955131e-02 -1.264523412069652186e-01 1.625235638185773268e-01
-5.945003347366077662e-02 -1.787420706567144357e-01 9.834589942713986566e-02
-6.687540956858721575e-02 -2.037677702460042872e-01 1.807246547721453114e-02
-6.409548418112812063e-02 -1.977195040708970841e-01 -6.607583539281325358e-02
-5.153347575143789328e-02 -1.615180658288835613e-01 -1.412881871817287249e-01
-3.110183618804682887e-02 -1.006747963254553679e-01 -1.961141911313362685e-01
-5.911097401207353504e-03 -2.445253179689801937e-02 -2.222070851392715929e-01
2.020367898339998566e-02 5.554457893886433073e-02 -2.155944626254996666e-01
4.326675499225610816e-02 1.271377009479263964e-01 -1.772830354241699546e-01
5.976698637031733347e-02 1.794274303976756135e-01 -1.131053710327324657e-01
6.719236246524373790e-02 2.044531299869654650e-01 -3.283193708280716938e-02
6.441243707778468441e-02 1.984048638118582897e-01 5.131636378722057024e-02
5.185042864809447094e-02 1.622034255698447669e-01 1.265287155761360971e-01
3.141878908470335102e-02 1.013601560664164625e-01 1.813547195257437239e-01
6.228050297863897342e-03 2.513789153785919023e-02 2.074476135336789651e-01
-1.988672608674339065e-02 -5.485921919790308354e-02 2.008349910199070665e-01
-1.589879779901013923e-01 1.452472774017121715e-02 1.344618965032369773e-01
-1.589879779901013923e-01 1.452472774017121715e-02 1.344618965032369773e-01
-2.023849517490834415e-01 1.602302808990719446e-02 6.207881490878474490e-02
-2.148664251266470815e-01 1.509689966600029180e-02 -2.139697706081878509e-02
-1.945322069458961523e-01 1.188733712561525734e-02 -1.032570467881400028e-01
-1.444779975947031447e-01 6.882967270768828617e-03 -1.710389407205742951e-01
-7.232409670424956583e-02 8.456600471356856856e-04 -2.144234799513070611e-01
1.094471839163342272e-02 -5.305459248812291299e-03 -2.268057616642866758e-01
9.265152542828612725e-02 -1.063393846430231091e-02 -2.063006957143752873e-01
1.603572037084283475e-01 -1.432856494156036810e-02 -1.560299925135611721e-01
2.037541774674104522e-01 -1.582686529129635061e-02 -8.364691091910893272e-02
2.162356508449740644e-01 -1.490073686738944275e-02 -1.711189495054114135e-04
1.959014326642231907e-01 -1.169117432700441696e-02 8.168895077781579417e-02
1.458472233130301832e-01 -6.686804472157994311e-03 1.494708447102501281e-01
7.369332242257645160e-02 -6.494972485248411880e-04 1.928553839409828941e-01
-9.575492673306415514e-03 5.501622047423133412e-03 2.052376656539625088e-01
-9.128229970995903331e-02 1.083010126291314608e-02 1.847325997040511758e-01
-1.058684619934843751e-01 -7.088819479820983316e-02 1.964889879280496687e-01
-1.058684619934843751e-01 -7.088819479820983316e-02 1.964889879280496687e-01
-1.549440875562246578e-01 -1.015463078085641624e-01 1.343937315671812349e-01
-1.804645900527712121e-01 -1.167542570279888753e-01 5.488536714484460594e-02
-1.785447043219560159e-01 -1.141967700482294790e-01 -2.993167760077762585e-02
-1.494767155624881494e-01 -9.426320107827722283e-02 -1.071447764755898702e-01
1.545012409250590968e-01 1.014235937257439712e-01 -9.436350858048450641e-02
1.800217434216056511e-01 1.166315429451686564e-01 -1.485514415814790518e-02
1.781018576907904549e-01 1.140740559654093433e-01 6.996190058747427110e-02
1.490338689313226717e-01 9.414048699545707333e-02 1.471749994622865154e-01
9.724311492985682204e-02 5.986554121273436613e-02 2.050291581010828534e-01
3.061426849876232315e-02 1.646726840950374360e-02 2.347166053003603980e-01
-4.070903248482390935e-02 -2.944733778626572318e-02 2.317176963414083746e-01
1.064958352908834116e-01 -1.749336652312317164e-01 8.658406200054803714e-02
1.064958352908834116e-01 -1.749336652312317164e-01 8.658406200054803714e-02
1.101593871259757135e-01 -1.853698928761073061e-01 2.427741912239720148e-03
9.698092995421637996e-02 -1.673792777797303843e-01 -7.947029655838545870e-02
-1.074317322526746749e-01 1.776393361226920597e-01 -5.206137180981762480e-02
-1.110952840877669767e-01 1.880755637675676495e-01 3.209494827849067311e-02
-9.791682691600761546e-02 1.700849486711907554e-01 1.139929867491158572e-01
-6.990266137878529962e-02 1.264063988966527274e-01 1.811645096524726051e-01
-3.131769023009902536e-02 6.368957770008734642e-02 2.233832615378963937e-01
1.196387444629816617e-02 -8.517447420728341961e-03 2.342218201447702763e-01
5.335280677678547190e-02 -7.922181144946253972e-02 2.120301131769760650e-01
8.654801700565217804e-02 -1.376594158993966199e-01 1.601866268520359404e-01
-1.767089053653849162e-01 9.953096991792613479e-02 6.647588089405194467e-02
-1.767089053653849162e-01 9.953096991792613479e-02 6.647588089405194467e-02
-1.887879992329405954e-01 1.068383130294105754e-01 -1.674371399340529587e-02
-1.722069057064163911e-01 9.794668445092495623e-02 -9.902863985427969029e-02
-1.294899459672385067e-01 7.420975403072992138e-02 -1.678517626409634644e-01
-6.714038990549243968e-02 3.924125424949011232e-02 -2.127353857923457159e-01
5.349607768554092910e-03 -1.635177791340587487e-03 -2.268463845546855318e-01
7.694410203249273106e-02 -4.219647585932491396e-02 -2.080364872829389422e-01
1.367434801403455968e-01 -7.626755001269484857e-02 -1.591693303245860502e-01
1.756438288579043883e-01 -9.866138806665607219e-02 -8.768449534465511119e-02
1.877229227254600952e-01 -1.059687311781405128e-01 -4.464900457197885399e-03
1.711418291989359186e-01 -9.707710259965489363e-02 7.782002540367650989e-02
1.284248694597580343e-01 -7.334017217945992817e-02 1.466431481903602563e-01
6.607531339801198111e-02 -3.837167239822011910e-02 1.915267713417425077e-01
-6.414684276034619999e-03 2.504759642610673506e-03 2.056377701040823514e-01
-7.800917853997323126e-02 4.306605771059494880e-02 1.868278728323357896e-01
-1.378085566478260415e-01 7.713713186396485566e-02 1.379607158739829531e-01
-1.370616918816872642e-01 1.645384852679612486e-01 -3.438375408291226981e-02
-1.370616918816872642e-01 1.645384852679612486e-01 -3.438375408291226981e-02
-1.214445617933508220e-01 1.426700686523328654e-01 -1.144006812604232426e-01
-8.727899733979539720e-02 9.904183573253047546e-02 -1.780726729857276258e-01
-3.976639599746173426e-02 4.029578947967775437e-02 -2.157062457066900862e-01
1.385987938208359770e-02 -2.462451709846388836e-02 -2.215720291257304020e-01
6.543571449570154130e-02 -8.583555582941690409e-02 -1.947770108907587172e-01
1.071091559834534274e-01 -1.340185009458416399e-01 -1.394004896306043351e-01
1.325358001495168803e-01 -1.618379358332475426e-01 -6.387303871771050912e-02
1.378446709127119085e-01 -1.650586037138322970e-01 2.030697210448213774e-02
1.222275408243754802e-01 -1.431901870982038860e-01 1.003238992819931036e-01
8.806197637082002760e-02 -9.956195417840150996e-02 1.639958910072975007e-01
4.054937502848642017e-02 -4.081590792554884439e-02 2.016294637282599611e-01
-1.307690035105888056e-02 2.410439865259274977e-02 2.074952471473003324e-01
-6.465273546467696641e-02 8.531543738354591122e-02 1.807002289123285921e-01
-1.063261769524287831e-01 1.334983824999705637e-01 1.253237076521743210e-01
-1.317528211184921805e-01 1.613178173873764665e-01 4.979625673928051582e-02
1.649307178493746862e-01 -2.898247768710973324e-02 -1.517163183185963327e-01
1.649307178493746862e-01 -2.898247768710973324e-02 -1.517163183185963327e-01
1.014306107065926915e-01 -1.534153301382160973e-02 -2.056243638732544454e-01
2.240586745834390742e-02 6.738583359105037836e-04 -2.305846032292956649e-01
-6.011271109690727310e-02 1.662549820897401068e-02 -2.227970662098959775e-01
-1.335624194069011672e-01 3.008489403667052517e-02 -1.834473347320600689e-01
-1.867612052047050164e-01 3.900297481396024224e-02 -1.185260487070843860e-01
-2.116100356007973859e-01 4.202204358510436277e-02 -3.791688541934814388e-02
-2.043259014225816961e-01 3.868247449762278467e-02 4.610814074447565358e-02
-1.660177460678504413e-01 2.949268667181539905e-02 1.207569812397037284e-01
-1.025176389250685022e-01 1.585174199852729116e-02 1.746650267943618273e-01
-2.349289567681973195e-02 -1.636493512048337474e-04 1.996252661504030745e-01
5.902568287843139999e-02 -1.611528922426831018e-02 1.918377291310034150e-01
1.324753911884253288e-01 -2.957468505196483161e-02 1.524879976531675618e-01
1.856741769862292613e-01 -3.849276582925457296e-02 8.756671162819180954e-02
2.105230073823216030e-01 -4.151183460039870737e-02 6.957548340455643743e-03
2.032388732041059409e-01 -3.817226551291712233e-02 -7.706747782336809127e-02
