-3.448558360552707314e-02 -1.284882657653980964e-01 1.609123722820958446e-01
-3.448558360552707314e-02 -1.284882657653980964e-01 1.609123722820958446e-01
-7.549624878271270212e-02 -1.684460725883573096e-01 9.963256443115675598e-02
-1.048047109006360750e-01 -1.823991512989775188e-01 2.230183653207611083e-02
-1.179490222837139696e-01 -1.682232721485404092e-01 -5.930690909730512717e-02
-1.129280806773522577e-01 -1.280765842330353899e-01 -1.327694807200350269e-01
-9.050627892617045533e-02 -6.807105685696604458e-02 -1.869018677464229505e-01
-5.409713309264704145e-02 2.658012388121339283e-03 -2.134629049630117625e-01
-9.243605580207040623e-03 7.334276387027159616e-02 -2.084089152299776759e-01
3.722576064561995690e-02 1.332220849351950231e-01 -1.725093226696442217e-01
7.823642582280559976e-02 1.731798917581542363e-01 -1.112295148187051747e-01
1.075448879407289449e-01 1.871329704687744733e-01 -3.389878691962450868e-02
1.206891993238068533e-01 1.729570913183373637e-01 4.770995870975663911e-02
1.156682577174451554e-01 1.328104034028323999e-01 1.211725303324865527e-01
9.324645596626335298e-02 7.280487602676292969e-02 1.753049173588746013e-01
5.683731013273996685e-02 2.075806781675604805e-03 2.018659545754633577e-01
1.198378262030000245e-02 -6.860894470047455840e-02 1.968119648424293266e-01
-8.758803741416930355e-02 -9.053140341590824869e-02 1.755194937812067368e-01
-8.758803741416930355e-02 -9.053140341590824869e-02 1.755194937812067368e-01
-6.680477753225363968e-02 -1.589058054436960077e-01 1.318178058716573953e-01
-3.580981723948900575e-02 -2.035601593391826447e-01 6.808287522333063280e-02
6.781417295659457941e-04 -2.176962445145063929e-01 -5.982232731150871272e-03
3.710413838604424697e-02 -1.991619701456553981e-01 -7.910177670759284407e-02
6.792264494147906562e-02 -1.507790114916717217e-01 -1.401439689658986743e-01
8.844182314326304306e-02 -7.991323541501203775e-02 -1.798156890835920230e-01
9.553781411698818171e-02 2.646686076512159546e-03 -1.920772772977925591e-01
8.813031756222315660e-02 8.433175334336819040e-02 -1.750620179544621624e-01
6.734705768030747886e-02 1.527061553711559772e-01 -1.313603300449128208e-01
3.635209738754283104e-02 1.973605092666426142e-01 -6.762539939658603061e-02
-1.358615815120656927e-04 2.114965944419663624e-01 6.439708557895406672e-03
-3.656185823799038004e-02 1.929623200731153954e-01 7.955925253433739075e-02
-6.738036479342526808e-02 1.445793614191316356e-01 1.406014447926433319e-01
-8.789954299520921777e-02 7.371358534247199334e-02 1.802731649103365974e-01
-9.499553396893434254e-02 -8.846336149052100306e-03 1.925347531245371613e-01
5.565758918688357149e-02 1.117766624386489493e-01 -1.732254575682443953e-01
5.565758918688357149e-02 1.117766624386489493e-01 -1.732254575682443953e-01
3.862207433769815346e-02 3.745532277145568328e-02 -2.083030142387660155e-01
1.557335124829354808e-02 -4.317185256741590954e-02 -2.118130340249759491e-01
-9.979620928163540627e-03 -1.178301070197871891e-01 -1.832211482328323648e-01
-3.414663381607709047e-02 -1.751533981240464832e-01 -1.268802122880989813e-01
-5.324847877777962035e-02 -2.064147744464981671e-01 -5.136762295650523780e-02
-6.437707307650772370e-02 -2.068549748271310273e-01 3.182051255954044394e-02
-6.583818911123857920e-02 -1.764069827484201214e-01 1.100195547300466259e-01
-5.740938521073420120e-02 -1.197062289926136558e-01 1.713244082606360519e-01
-4.037387036154879705e-02 -4.538488932542038973e-02 2.064019649311576998e-01
-1.732514727214418820e-02 3.524228601345121697e-02 2.099119847173676612e-01
8.227824904312869281e-03 1.099005404658223994e-01 1.813200989252241324e-01
3.239483779222643300e-02 1.672238315700817213e-01 1.249791629804907073e-01
5.149668275392900452e-02 1.984852078925334606e-01 4.946657364889689434e-02
6.262527705265708011e-02 1.989254082731663209e-01 -3.372156186714873882e-02
6.408639308738793561e-02 1.684774161944554705e-01 -1.119206040376547889e-01
6.304570178364121702e-02 1.112119731297436936e-01 -1.762316327677570793e-01
6.304570178364121702e-02 1.112119731297436936e-01 -1.762316327677570793e-01
9.341827085221326987e-02 3.529640358414014301e-02 -1.941455789085692052e-01
1.098326335335833986e-01 -4.602783110840195230e-02 -1.830319086313276777e-01
1.097898519060812733e-01 -1.203798534219663458e-01 -1.445825774900706684e-01
9.329643908467762092e-02 -1.764402419620735019e-01 -8.465114760699976593e-02
6.286336765827164885e-02 -2.056743107621796796e-01 -1.236163590204777431e-02
2.312379687505422554e-02 -2.036314378549623494e-01 6.128053477376185082e-02
-1.987228385333606601e-02 -1.706226321218562714e-01 1.250640115029765798e-01
-5.957911099644415398e-02 -1.116731850101578272e-01 1.692783381522298403e-01
-8.995168006501619296e-02 -3.575761546455428347e-02 1.871922842930419939e-01
-1.063660427463863495e-01 4.556661922798781184e-02 1.760786140158004942e-01
-1.063232611188841964e-01 1.199186415415521290e-01 1.376292828745435126e-01
-8.982984829748058564e-02 1.759790300816593267e-01 7.769785299147255464e-02
-5.939677687107457194e-02 2.052130988817655599e-01 5.408341286520406896e-03
-1.965720608785716944e-02 2.031702259745482297e-01 -6.823382938928906905e-02
2.333887464053307353e-02 1.701614202414422350e-01 -1.320173061185037355e-01
1.598833616631262777e-01 -3.245586029885590140e-02 -1.367084912668166952e-01
1.598833616631262777e-01 -3.245586029885590140e-02 -1.367084912668166952e-01
9.731539881731633701e-02 -2.098273365626714820e-02 -1.912827408114666783e-01
1.904350722428765907e-02 -6.213697577372640814e-03 -2.173618106327378507e-01
-6.301612715738533210e-02 9.602796076461358327e-03 -2.109753987576984124e-01
-1.363706688655309252e-01 2.405882952331065555e-02 -1.730957785013552686e-01
-1.898525538856604411e-01 3.495360271516194384e-02 -1.094897786681239410e-01
-2.153196500379541134e-01 4.062848519492079369e-02 -2.984083614278958130e-02
-2.088948227930267632e-01 4.021952754798170659e-02 5.372521959462761565e-02
-1.715561938577145340e-01 3.378898986888083378e-02 1.284862140862874647e-01
-1.089882310119046072e-01 2.231586322629208405e-02 1.830604636309374755e-01
-3.071633941887589453e-02 7.546827147397573189e-03 2.091395334522086757e-01
5.134329496279702032e-02 -8.269666506436413808e-03 2.027531215771692652e-01
1.246978366709426272e-01 -2.272569995328571971e-02 1.648735013208260658e-01
1.781797216910722126e-01 -3.362047314513701146e-02 1.012675014875945856e-01
2.036468178433658571e-01 -3.929535562489584744e-02 2.161855896226032303e-02
1.972219905984385069e-01 -3.888639797795676034e-02 -6.194749677515673514e-02
-6.676613498512160016e-02 -1.065317529990548046e-01 1.685861898520402136e-01
-6.676613498512160016e-02 -1.065317529990548046e-01 1.685861898520402136e-01
-7.944956583031746733e-02 -1.636756798417032810e-01 1.085287439820139949e-01
-7.989715416150605654e-02 -1.959246567200824685e-01 3.111428956672086799e-02
-6.804075871266228315e-02 -1.983690692421625490e-01 -5.187152447288766871e-02
-4.568540821238018662e-02 -1.706367777601114355e-01 -1.277948602175587589e-01
-1.623450212257080555e-02 -1.169497722582231586e-01 -1.850970780469185506e-01
1.582832607772088895e-02 -4.548141265024342739e-02 -2.150544347423452018e-01
4.562180144526193498e-02 3.288789117580600413e-02 -2.131061943110746926e-01
6.861013743387091302e-02 1.062271231319173309e-01 -1.795489586979244212e-01
8.129356827906676630e-02 1.633710499745658351e-01 -1.194915128278982580e-01
8.174115661025538326e-02 1.956200268529450226e-01 -4.207705841260505480e-02
6.988476116141160988e-02 1.980644393750251031e-01 4.090875562700339862e-02
4.752941066112951335e-02 1.703321478929739341e-01 1.168320913716745235e-01
1.807850457132009758e-02 1.166451423910856017e-01 1.741343092010343985e-01
-1.398432362897158131e-02 4.517678278310596762e-02 2.040916658964609665e-01
-4.377779899651258050e-02 -3.319252104294335287e-02 2.021434254651904849e-01
-1.582934842858570446e-01 3.841460930818957169e-03 1.486142580000467672e-01
-1.582934842858570446e-01 3.841460930818957169e-03 1.486142580000467672e-01
-2.041599415431999409e-01 -1.783459305655255706e-03 7.857871276098270241e-02
-2.196723760734250463e-01 -7.001459420278436860e-03 -3.716402985266912054e-03
-2.024691603398746653e-01 -1.101814619688804356e-02 -8.574240387341748593e-02
-1.551693279904429734e-01 -1.322201548510155804e-02 -1.550115748357978052e-01
-8.497384972628298228e-02 -1.327754816391332575e-02 -2.009783125199838538e-01
-2.569350789517997179e-03 -1.117628988637923634e-02 -2.166445978030730468e-01
7.949883085537251537e-02 -7.238138177300136242e-03 -1.996253807659448265e-01
1.487365585028732062e-01 -2.062640934949182877e-03 -1.525116829229153093e-01
1.946030157602161026e-01 3.562279301525026962e-03 -8.247613768385128608e-02
2.101154502904411803e-01 8.780279416148213320e-03 -1.810219376016562135e-04
1.929122345568908270e-01 1.279696619275781308e-02 8.184497895054887451e-02
1.456124022074591629e-01 1.500083548097133450e-02 1.511141499129292076e-01
7.541692394329904681e-02 1.505636815978309700e-02 1.970808875971153118e-01
-6.987574993465837242e-03 1.295510988224901107e-02 2.127471728802045325e-01
-8.905575663835628430e-02 9.016958173169917906e-03 1.957279558430763400e-01
-2.733458938480719247e-02 -1.309866008296433071e-01 1.621800560590802853e-01
-2.733458938480719247e-02 -1.309866008296433071e-01 1.621800560590802853e-01
-5.463868912177478887e-02 -1.773621730897134430e-01 9.783719721819228443e-02
-7.330676666868762847e-02 -1.961014839797491915e-01 1.823473395993166837e-02
-8.049677644557259870e-02 -1.843516432890188461e-01 -6.450858028275775757e-02
-7.511410464149986810e-02 -1.439014577501149528e-01 -1.377958259864379975e-01
-5.797821424459816131e-02 -8.090910142949073180e-02 -1.904696843432602815e-01
-3.169788923056245794e-02 -4.964589549829119888e-03 -2.145110379081135166e-01
-2.740708510401905322e-04 7.237021439390592392e-02 -2.062598085361615485e-01
3.150924940330929874e-02 1.393217875430241559e-01 -1.669721711017035926e-01
5.881334914027688821e-02 1.856973598030942918e-01 -1.026293122608156055e-01
7.748142668718971393e-02 2.044366706931300404e-01 -2.302684900255500336e-02
8.467143646407468416e-02 1.926868300023997227e-01 5.971646524013438789e-02
7.928876466000198131e-02 1.522366444634958849e-01 1.330037109438146625e-01
6.215287426310025370e-02 8.924428814287152512e-02 1.856775693006370298e-01
3.587254924906457115e-02 1.329977626321000514e-02 2.097189228654902371e-01
4.448730869542344944e-03 -6.403502768052495020e-02 2.014676934935383246e-01
-1.755539400842698605e-01 1.065579326798813259e-01 6.422260170156837700e-02
-1.755539400842698605e-01 1.065579326798813259e-01 6.422260170156837700e-02
-2.095912037274479389e-01 3.363081861885520302e-02 4.071440269473651508e-02
-2.119991217836002251e-01 -4.465629962665617486e-02 1.080012935276621761e-02
-1.824111105565090485e-01 -1.163849179782678045e-01 -2.096604138159063879e-02
-1.253316765395093291e-01 -1.706350045134913396e-01 -4.974799797508298871e-02
-4.945064613533151077e-02 -1.991474753355980676e-01 -7.116394844543787179e-02
3.367978164024186538e-02 -1.975815652281138202e-01 -8.195350846961819979e-02
1.114037527375841413e-01 -1.661756698098926510e-01 -8.047406534154770419e-02
1.718884971266774475e-01 -1.097110519632077813e-01 -6.695085086628974058e-02
2.059257607698555259e-01 -3.678393790218165149e-02 -4.344265185945787172e-02
2.083336788260078121e-01 4.150318034332976108e-02 -1.352837851748759680e-02
1.787456675989166632e-01 1.132317986949413074e-01 1.823779221686922664e-02
1.216662335819169716e-01 1.674818852301648286e-01 4.701974881036160431e-02
4.578520317773906306e-02 1.959943560522716122e-01 6.843569928071650821e-02
-3.734522459783423676e-02 1.944284459447873370e-01 7.922525930489682233e-02
-1.150691956951764572e-01 1.630225505265662234e-01 7.774581617682634060e-02
-9.450543466002650494e-02 1.769670151029689997e-01 -8.056228092031014754e-02
-9.450543466002650494e-02 1.769670151029689997e-01 -8.056228092031014754e-02
-1.567593316311748364e-01 1.212715268631659321e-01 -8.496806960662153796e-02
-1.951414337408470256e-01 4.743602112544378219e-02 -7.647816958304509694e-02
-2.038084138774675647e-01 -3.329871568215542199e-02 -5.638509116703500218e-02
-1.814408028816065221e-01 -1.086415517428864497e-01 -2.774782340321932730e-02
-1.314438667644851344e-01 -1.671222232510124750e-01 5.073869288839673482e-03
-6.142918582658067617e-02 -1.998375780980287952e-01 3.708318172616115876e-02
1.794413944397414695e-02 -2.018070000739073389e-01 6.340698625530277743e-02
9.459223979572262131e-02 -1.727306625356752057e-01 8.003772226258498712e-02
1.568461367668709805e-01 -1.170351742958721381e-01 8.444351094889634979e-02
1.952282388765431698e-01 -4.319966855815002282e-02 7.595361092531993652e-02
2.038952190131637088e-01 3.753506824944914666e-02 5.586053250930984176e-02
1.815276080173026940e-01 1.128779043101801743e-01 2.722326474549417730e-02
1.315306719001812230e-01 1.713585758183063523e-01 -5.598427946564858183e-03
6.151599096227684804e-02 2.040739306653226171e-01 -3.760774038388629836e-02
-1.785733430827790916e-02 2.060433526412011607e-01 -6.393154491302792397e-02
-8.573296750963271817e-02 1.681347160637794713e-01 -9.532836026230011306e-02
-8.573296750963271817e-02 1.681347160637794713e-01 -9.532836026230011306e-02
-9.360116350668293284e-02 1.125696048612089412e-01 -1.574538606900956206e-01
-8.721355773976383063e-02 3.879421318612427672e-02 -1.965096921414976605e-01
-6.754260528309843914e-02 -4.195982435453372850e-02 -2.065499583200239575e-01
-3.758303033058596476e-02 -1.173984375823730886e-01 -1.860461197152334378e-01
-1.895906584523230970e-03 -1.760367814861871216e-01 -1.381196998869456960e-01
3.408572486933405393e-02 -2.089476997645312861e-01 -7.006706179993998918e-02
6.488398681643753330e-02 -2.111208034477447815e-01 7.751397295737671479e-03
8.581012306228041897e-02 -1.822252571992923342e-01 8.348852242885856922e-02
9.367831905933060588e-02 -1.266601459967217902e-01 1.456140228566540629e-01
8.729071329241153143e-02 -5.288475432163712575e-02 1.846698543080561306e-01
6.761976083574613994e-02 2.786928321902077191e-02 1.947101204865824553e-01
3.766018588323367944e-02 1.033078964468602257e-01 1.742062818817919911e-01
1.973062137170886882e-03 1.619462403506743142e-01 1.262798620535041938e-01
-3.400856931668636701e-02 1.948571586290184510e-01 5.822722396649848697e-02
-6.480683126378980474e-02 1.970302623122319741e-01 -1.959123512917907567e-02
-1.523542222257638912e-01 1.478524352653029506e-01 -7.213373853365795049e-03
-1.523542222257638912e-01 1.478524352653029506e-01 -7.213373853365795049e-03
-1.961603170932719742e-01 8.165230496984487996e-02 -3.453305800272887804e-02
-2.104661108977249895e-01 2.051224683960891325e-03 -5.704546839438680295e-02
-1.930936762147387742e-01 -7.883226270441283379e-02 -7.132329462171804746e-02
-1.466878087432854083e-01 -1.486843794510354366e-01 -7.519286707042842355e-02
-7.831338113565748660e-02 -1.968707739922486433e-01 -6.806507841296344230e-02
1.620219820613295631e-03 -2.160555045699071586e-01 -5.102506985885705421e-02
8.094382797983186439e-02 -2.033178698635780546e-01 -2.666702824240971270e-02
1.475811430700556814e-01 -1.605970592903539218e-01 1.300755406471518563e-03
1.913872379375637645e-01 -9.439692899489582345e-02 2.862043955583459809e-02
2.056930317420168075e-01 -1.479584870901185650e-02 5.113284994749252299e-02
1.883205970590306477e-01 6.608763867936180703e-02 6.541067617482375363e-02
1.419147295875772818e-01 1.359397554259844376e-01 6.928024862353415747e-02
7.354030197994927687e-02 1.841261499671977553e-01 6.215245996606917622e-02
-6.393298976321442478e-03 2.033108805448561873e-01 4.511245141196275343e-02
-8.571690713553992147e-02 1.905732458385271388e-01 2.075440979551547438e-02
