9.589306636176597731e-02 5.345420781438019187e-02 -1.787973847182983966e-01
9.589306636176597731e-02 5.345420781438019187e-02 -1.787973847182983966e-01
8.041987193912639165e-02 -2.393347670669332405e-02 -2.107041119102464333e-01
5.641118960191096598e-02 -1.056028521451928270e-01 -2.107989232572044791e-01
2.752212359671344505e-02 -1.791204964253385601e-01 -1.790673845910649986e-01
-3.171144038947188576e-02 -8.018235507913354376e-02 2.072112910621145554e-01
-7.702758052256473975e-03 1.487020359365945343e-03 2.073061024090725735e-01
-1.278130148550639666e-01 2.223203634168651188e-01 1.840274410196598293e-04
-1.278130148550639666e-01 2.223203634168651188e-01 1.840274410196598293e-04
-1.748994103517212961e-01 1.513444892934787400e-01 -1.080786064049762702e-03
-1.912368277285826645e-01 6.775094987623220266e-02 -2.310445691958665226e-03
-1.743380432890783427e-01 -1.573389623592043318e-02 -3.317746911250205825e-03
1.112988118220436251e-01 -1.329433273702410601e-01 -2.991191574094843094e-03
1.819657085633688276e-01 -8.539055197809920783e-02 -1.883780582448749434e-03
2.290521040600261571e-01 -1.441467785471280127e-02 -6.189670773793286371e-04
2.453895214368875533e-01 6.917886156253376384e-02 6.106925505295749713e-04
2.284907369973832592e-01 1.526637076746863164e-01 1.617993769821114269e-03
1.809284374845653021e-01 2.233300494531844649e-01 2.249584101066446663e-03
1.099435518459414562e-01 2.704195769542351302e-01 2.409309641714078680e-03
2.634288544040179134e-02 2.867633364834330512e-01 2.072853626116038725e-03
-5.714611811373866007e-02 2.698731388090070404e-01 1.291438432665755007e-03
-1.471557469613281321e-01 -1.612403084178331281e-01 -2.364954620102384733e-02
-2.020917857945307983e-01 -9.872035794851671819e-02 -6.264476775391261340e-03
-2.213708372710255223e-01 6.323411650089992564e-02 2.858285623377562756e-02
-1.827787890920581082e-01 1.380125398670432324e-01 4.073992925852462643e-02
-1.182518048020679002e-01 1.930555106654342767e-01 4.669751874000315633e-02
-3.761353282063674419e-02 2.199832355577907850e-01 4.554863568533924073e-02
-1.487305753540343889e-01 1.902652492282708163e-01 3.997445557064181754e-02
-1.487305753540343889e-01 1.902652492282708163e-01 3.997445557064181754e-02
-1.856368872301458750e-01 1.135866857388495299e-01 4.267196126413692892e-02
-1.910054402580989574e-01 2.869804525312288565e-02 3.892338194183744826e-02
1.289451645853030848e-01 -1.277431139763833268e-01 -3.058029083607916379e-02
1.917705838829852905e-01 -7.094824368162276629e-02 -3.931321075648419594e-02
2.286768957590967766e-01 5.730319807798506249e-03 -4.201071644997929344e-02
2.340454487870498590e-01 9.061896029352516091e-02 -3.826213712767982666e-02
2.070589294343930797e-01 1.707941517790473873e-01 -2.863816001044973414e-02
1.518257906391611844e-01 2.340499481506153057e-01 -1.460394837281744039e-02
7.675477709327825637e-02 2.707562278258796029e-01 1.703916283832841759e-03
-6.725229911327158805e-03 2.753247924675351066e-01 1.780270939668724892e-02
-8.590515605635204444e-02 2.470601195230314184e-01 3.124153565023677845e-02
-5.301294755795173813e-02 1.264244992443647464e-01 -1.816545002960461008e-01
-7.835575408525070895e-02 4.710693473769903689e-02 -1.975591762043487354e-01
7.095054659044697232e-02 -7.669320606579585475e-02 1.819320499974878269e-01
9.629335311774596395e-02 2.624358440869847819e-03 1.978367259057904615e-01
1.052615861268729608e-01 1.588267177234503613e-01 1.415136774286606669e-01
8.752168043029602551e-02 2.119311192765054030e-01 7.786062660416526171e-02
5.782281069819402569e-02 2.365564983656635312e-01 2.375128400548773625e-03
2.068636062635482303e-02 2.289538642542180147e-01 -7.345083435843366426e-02
1.659344449981863534e-01 -1.657835489526670314e-01 7.341389846537442823e-03
1.659344449981863534e-01 -1.657835489526670314e-01 7.341389846537442823e-03
9.594610013331417164e-02 -2.105542583044295035e-01 -1.041173954502893489e-02
-1.349366712025120985e-01 1.487564343093226160e-01 -6.327477214753719770e-03
9.925079983127829686e-02 1.886587904500726109e-01 3.949540645729843202e-02
1.684637526448919675e-01 1.397608905319425443e-01 4.553866570997006091e-02
2.143891912784774978e-01 6.828955003931645729e-02 4.472625542085546801e-02
2.300353840152092599e-01 -1.487436732711806993e-02 3.718185769195472140e-02
2.130203398440104201e-01 -9.706990903110974955e-02 2.405403868735728895e-02
-1.418477714307137261e-01 2.056158729736649593e-01 -1.803275977090087676e-03
-1.418477714307137261e-01 2.056158729736649593e-01 -1.803275977090087676e-03
-1.896088043822189984e-01 1.351335423362018950e-01 -2.670303121219300829e-03
-2.067643879930105844e-01 5.173610109153774922e-02 -3.094191748127729947e-03
-1.907027401740981620e-01 -3.187994633051485088e-02 -3.010408656928533280e-03
-1.438691012067110642e-01 -1.029848146913057982e-01 -2.431709063761178409e-03
-7.339346807563965069e-02 -1.507534323501413531e-01 -1.446194735760516353e-03
9.994882938115786514e-03 -1.679134602920613339e-01 -2.039012956550230720e-04
9.360083130999527490e-02 -1.518524398189489699e-01 1.106043341717322104e-03
1.646961292901894525e-01 -1.050155157043225207e-01 2.284211979994285342e-03
2.124571622416947525e-01 -3.453318506685947725e-02 3.151239124123500230e-03
2.296127458524863385e-01 4.886425617780472408e-02 3.575127751031928480e-03
2.135510980335739439e-01 1.324803035998572409e-01 3.491344659832732681e-03
1.667174590661869016e-01 2.035851719606481813e-01 2.912645066665376942e-03
9.624182593511532158e-02 2.513537896194838472e-01 1.927130738664715537e-03
1.285347492135997458e-02 2.685138175614038003e-01 6.848372985592216054e-04
-7.075247345051943748e-02 2.524527970882914918e-01 -6.251073388131211852e-04
8.291982549110452072e-02 7.118380354977378588e-02 -1.765277389771586491e-01
8.291982549110452072e-02 7.118380354977378588e-02 -1.765277389771586491e-01
7.277231552709222118e-02 -5.980653409101630014e-03 -2.110167865457595882e-01
5.546457618368424297e-02 -8.928901282522437588e-02 -2.136586019503342315e-01
3.363155388086656178e-02 -1.660583321696483816e-01 -1.840509927436522752e-01
-2.129212752769317138e-02 -8.669353734085483154e-02 2.073625694237563322e-01
-3.984388184285168888e-03 -3.385177924732106491e-03 2.100043848283309755e-01
9.740540899565820060e-03 -1.917676232293719085e-01 1.629598145621896921e-01
9.740540899565820060e-03 -1.917676232293719085e-01 1.629598145621896921e-01
-1.812121219001806144e-03 -1.364587030593827910e-01 -1.954158326276374535e-01
1.135455410649956545e-02 -5.497747317175506743e-02 -2.162436041505467754e-01
2.672884352885339376e-02 2.784179865069898174e-02 -2.039575279138348129e-01
4.197015085178695815e-02 9.939062903157920570e-02 -1.604280476509825082e-01
5.352281297035459129e-02 4.408170886159006041e-02 1.979475995388447207e-01
4.035613764485322663e-02 -3.739952102603762152e-02 2.187753710617539593e-01
2.498184822249941914e-02 -1.202187928484915458e-01 2.064892948250420524e-01
-4.450902839250407000e-02 -2.109838558490124416e-01 -7.101863484164245080e-03
-1.200609179019092726e-01 -1.784452087021194122e-01 1.401334317836436770e-02
-1.719050049189707330e-01 1.225189530941333538e-01 5.256932219154546865e-02
-1.122465924368247769e-01 1.822447717090329988e-01 4.327395076900902166e-02
-3.529140302287561010e-02 2.144789852962464827e-01 2.741337651490971528e-02
4.724483333513195688e-02 2.143142270409942873e-01 7.402228082970530032e-03
1.227967228445372566e-01 1.817755798941012302e-01 -1.371297857955809316e-02
1.798621752071171143e-01 1.218167579201108325e-01 -3.271764466813119332e-02
2.097534926002823930e-01 4.356594823648874543e-02 -4.671848204849052277e-02
8.393946513904573803e-02 6.237222190841341940e-02 -1.757162317247416838e-01
8.393946513904573803e-02 6.237222190841341940e-02 -1.757162317247416838e-01
6.281831977279342394e-02 -1.204562413990430125e-02 -2.112337488939701469e-01
3.578971205566568170e-02 -9.268855848161530742e-02 -2.146665500172552921e-01
6.968502497656098305e-03 -1.672794253932142483e-01 -1.854920222419966513e-01
-3.590957901692365395e-02 -1.682428982286018337e-01 1.747479325682429474e-01
-1.478843365067134680e-02 -9.382505218028414085e-02 2.102654497374714382e-01
1.224017406645639371e-02 -1.318211783857312774e-02 2.136982508607566111e-01
4.106138362446593720e-02 6.140874907302579233e-02 1.845237230854979704e-01
1.318952965542063982e-01 -1.607508874639809460e-01 2.298548126171763659e-03
1.318952965542063982e-01 -1.607508874639809460e-01 2.298548126171763659e-03
6.130644546636883352e-02 -2.070712748330254815e-01 -7.209285298585008453e-03
-2.177727471633747816e-02 -2.227035285990240088e-01 -1.566453001114980967e-02
-1.047071207518944502e-01 -2.052677798328365610e-01 -2.177995165101882791e-02
-1.748577753423148362e-01 -1.574184632286589336e-01 -2.462453270995720173e-02
-2.215494372434745896e-01 -8.644020348434210133e-02 -2.376521150793309972e-02
-2.376737241918912558e-01 -3.138797226431506385e-03 -1.933281190818858519e-02
-2.207758596666935524e-01 7.980387157143419008e-02 -1.200212656998233228e-02
-1.734283903623194401e-01 1.497605334619448447e-01 -2.889185883228178372e-03
-1.028395392744819031e-01 1.960809208309894081e-01 6.618647541528595475e-03
-1.975581909177561574e-02 2.117131745969879353e-01 1.507389225409339582e-02
1.800163434353615477e-01 7.544984948230594457e-02 2.317457375087668414e-02
1.961406303837781584e-01 -7.851556775604572741e-03 1.874217415113216961e-02
1.792427658585805661e-01 -9.079422557347019418e-02 1.141148881292593405e-02
-1.609021853923466860e-01 1.679059173295539831e-01 -4.643992680724009711e-03
-1.609021853923466860e-01 1.679059173295539831e-01 -4.643992680724009711e-03
-2.091927968124423498e-01 9.801861752528166771e-02 -7.596000957494627526e-04
-2.270264470262979839e-01 1.496837403557489676e-02 3.230927107940635354e-03
-2.116881244512957561e-01 -6.860116642059040093e-02 6.720067337803647609e-03
-1.655129496572393388e-01 -1.399672988685338182e-01 9.176630622977872270e-03
-9.553067442752211091e-02 -1.882651765786575171e-01 1.022662747209717067e-02
-1.239546577496373515e-02 -2.061418854909469189e-01 9.710205383128268225e-03
7.123609440562683748e-02 -1.908758587262757711e-01 7.705984937738786719e-03
1.426318591987356665e-01 -1.447912104726880589e-01 4.519090530435697015e-03
1.909224706188313303e-01 -7.490391066841575740e-02 6.346979454611484297e-04
2.087561208326869644e-01 8.146332821290999671e-03 -3.355829258228948918e-03
1.934177982576847921e-01 9.171587327745626961e-02 -6.844969488091956836e-03
1.472426234636284303e-01 1.630820057253997146e-01 -9.301532773266186702e-03
7.726034823391106365e-02 2.113798834355234968e-01 -1.035152962238548337e-02
-5.874860418647197616e-03 2.292565923478128709e-01 -9.835107533416587861e-03
-8.950642059923775984e-02 2.139905655831417786e-01 -7.830887088027108089e-03
5.250307324133935555e-02 -2.106929865747159680e-01 1.782781888630267236e-02
-3.070822539219277697e-02 -2.199838003400267361e-01 3.113873647074620523e-03
-1.109154088471605293e-01 -1.962442991023175820e-01 -1.205792349135011501e-02
-2.006877923807026121e-01 9.744541153446355242e-02 -3.711971360083490823e-02
-1.480014969857967322e-01 1.637402987432511614e-01 -2.963093314348329288e-02
-7.445424907835504480e-02 2.046469853372497871e-01 -1.761490458387861974e-02
8.757049555177117209e-03 2.139377991025605552e-01 -2.900959344650549249e-03
8.896423301014479146e-02 1.901982978648514289e-01 1.227083779377416417e-02
1.539564846854579172e-01 1.370426054884489597e-01 2.559071824975392082e-02
-1.442869012504204018e-01 1.398869403413785517e-01 -1.685065062876937164e-02
-1.442869012504204018e-01 1.398869403413785517e-01 -1.685065062876937164e-02
-1.950160325466015199e-01 7.194672789163641946e-02 -2.271098340870721100e-02
-2.160839821007947692e-01 -1.036362128592108189e-02 -2.490384681608390216e-02
-2.042833455748125915e-01 -9.451310267418418232e-02 -2.309539727548262644e-02
-1.614106629066991705e-01 -1.676907205487381813e-01 -1.756095483582403860e-02
-9.399291139083873481e-02 -2.187558459449400750e-01 -9.143088188700510682e-03
-1.229383255208169913e-02 -2.399342764277326290e-01 8.766587770145924195e-04
7.124862946036525368e-02 -2.280017879390610069e-01 1.097287041502356675e-02
1.439158921194109431e-01 -1.847749936830481166e-01 1.960849002582594480e-02
1.946450234155920334e-01 -1.168347812333060259e-01 2.546882280576378416e-02
2.157129729697853104e-01 -3.452443205574849683e-02 2.766168621314046838e-02
2.039123364438031327e-01 4.962504933251449257e-02 2.585323667253921348e-02
1.610396537756897672e-01 1.228026672070684916e-01 2.031879423288062564e-02
9.362190225982923442e-02 1.738677926032705101e-01 1.190092758575707343e-02
1.192282342107221435e-02 1.950462230860630086e-01 1.881180620041981392e-03
-7.161963859137462918e-02 1.831137345973915531e-01 -8.215031017966981444e-03
9.925480071531640747e-02 2.913720371843456225e-02 -1.690975861534307068e-01
9.925480071531640747e-02 2.913720371843456225e-02 -1.690975861534307068e-01
3.382249895433619979e-02 -3.917755029013952894e-03 -2.028240257004552682e-01
-3.748503746805885439e-02 -4.155933212436995622e-02 -2.059602749248902187e-01
-1.038118825359864578e-01 -7.805693867661155083e-02 -1.780288683124854054e-01
-1.550603753422024333e-01 -1.078541449397872748e-01 -1.232821093211478869e-01
-1.834283974257044925e-01 -1.264145963726759914e-01 -5.005469572670289552e-02
-1.845971745810400244e-01 -1.309126324955315890e-01 3.050516255925266734e-02
-1.583887710813005056e-01 -1.206634680834483692e-01 1.061329573896159784e-01
-1.087931787795519550e-01 -9.722744550925917217e-02 1.653150425691314318e-01
-4.336087701857178900e-02 -6.417248676181069866e-02 1.990414821161559933e-01
2.794665940382328254e-02 -2.653090966645470575e-02 2.021777313405909715e-01
9.427350447175085468e-02 9.966696885786871518e-03 1.742463247281861860e-01
1.384191040569168751e-01 -1.536686853830921962e-01 -9.755258003024417030e-04
1.384191040569168751e-01 -1.536686853830921962e-01 -9.755258003024417030e-04
6.823176139218609104e-02 -2.006856094286846026e-01 -1.030338255825920604e-02
-1.478601197347497766e-02 -2.171618119063640218e-01 -1.807816140170849864e-02
-9.799551260313396628e-02 -2.005889403460512643e-01 -2.311622273028087968e-02
-2.162175099659523758e-01 -8.303556043569507161e-02 -2.244760527781859694e-02
-2.332317792856974936e-01 4.851144703904361065e-05 -1.684271744288902764e-02
-2.171813880119664308e-01 8.311335465369423803e-02 -8.689197236485434600e-03
-1.705098627190255456e-01 1.535130997907358519e-01 7.716558018119519004e-04
-1.003225200542947892e-01 2.005300238363282306e-01 1.009951255976870854e-02
-1.730474668863370841e-02 2.170062263140076775e-01 1.787429140321800114e-02
1.841267513038437331e-01 8.287997484333869957e-02 2.224373527932810637e-02
2.011410206235888509e-01 -2.040970393953710877e-04 1.663884744439853708e-02
1.850906293498578437e-01 -8.326894024605045741e-02 8.485327237994954447e-03
1.264200291718199642e-01 -1.709190970653593489e-01 1.728529292885854635e-02
1.264200291718199642e-01 -1.709190970653593489e-01 1.728529292885854635e-02
5.428352207950701280e-02 -2.142300648898268767e-01 5.431234353957625424e-03
-2.885997641839297898e-02 -2.262797560473615854e-01 -7.296604999455258075e-03
-1.103526223732655132e-01 -2.052337142899512412e-01 -1.896052696797404305e-02
-2.331237817539540402e-01 2.865042069625560461e-03 -3.217759778088135486e-02
-2.126000010366546622e-01 8.516204192390261496e-02 -2.707734934361017559e-02
-1.624526146356682910e-01 1.531405841789287570e-01 -1.790174450794131469e-02
-9.031610754335536728e-02 1.964515520033962848e-01 -6.047685933040395506e-03
-7.172609045455356422e-03 2.085012431609310213e-01 6.680153420372491463e-03
1.848668117580448134e-01 6.344293029381954663e-02 3.180957164996476433e-02
1.970911962901057413e-01 -2.064355495605610033e-02 3.156114620179858304e-02
1.765674155728064187e-01 -1.029405548103330958e-01 2.646089776452742112e-02
5.251196379378733625e-02 -2.129175024817220874e-01 1.438733482832920893e-02
-3.039651907188931079e-02 -2.225806927296479498e-01 -1.676656609839884647e-03
-1.504579446611807592e-01 1.607222895731434398e-01 -2.813804518094135607e-02
-7.744158682004739780e-02 2.019666559116327920e-01 -1.425426576993731737e-02
5.466896045629303022e-03 2.116298461595586822e-01 1.809725668231780982e-03
1.319789145002454311e-01 -1.622943962279110586e-01 3.344430812048342430e-03
1.319789145002454311e-01 -1.622943962279110586e-01 3.344430812048342430e-03
6.111390119456798498e-02 -2.085049473426413280e-01 -4.508480758940761404e-03
-2.211990602475695164e-02 -2.239644934051327196e-01 -1.172437547828600671e-02
-1.050509145249284709e-01 -2.063194586685049847e-01 -1.720469878721560958e-02
-1.750536300332595219e-01 -1.582561397187714769e-01 -2.011512114119952399e-02
-2.214707736898030299e-01 -8.709174117095794254e-02 -2.001255711988805461e-02
-2.372357561453052877e-01 -3.660397597089683815e-03 -1.691262116578070088e-02
-2.199485017308378809e-01 7.933622525072475673e-02 -1.128725042690089525e-02
-1.722408382216520373e-01 1.492626439101651659e-01 -3.992856604130373688e-03
-1.013758249159745911e-01 1.954731950248954353e-01 3.860054966858726243e-03
-1.814201769664965103e-02 2.109327410873868269e-01 1.107594968620397718e-02
1.812088499683964793e-01 7.405998885321199432e-02 1.936413132780601815e-02
1.969738324238987093e-01 -9.371354720656189380e-03 1.626419537369866788e-02
1.796865780094313858e-01 -9.236797756847052454e-02 1.063882463481887614e-02
-8.464474830377585746e-02 2.404042893761926258e-02 1.761986597354117390e-01
-8.464474830377585746e-02 2.404042893761926258e-02 1.761986597354117390e-01
-7.495620784680456783e-02 -4.959383343571330260e-02 1.346086025062278313e-01
2.975877504604897139e-02 -1.163835460700503588e-01 -7.355916960862755871e-02
7.207229853108687578e-02 -7.591743987770155355e-02 -1.353464276129170973e-01
1.074572529106672114e-01 -1.035302034146384775e-02 -1.765145848003497053e-01
1.305265996459091804e-01 7.032812400721384638e-02 -1.907961624294130798e-01
1.377682398205210268e-01 1.538430203176400224e-01 -1.760169197689058773e-01
1.280796993635497372e-01 2.274772826909725876e-01 -1.344268625397219419e-01
1.029359707327313078e-01 2.800207621771222954e-01 -7.235769994019695950e-02
6.616495868364023758e-02 3.034741903321503953e-01 7.411006822514211185e-04
2.336471647069622917e-02 2.942669953253096438e-01 7.374090957513335098e-02
-1.894880701434173420e-02 2.538008891329608385e-01 1.355281675794229868e-01
-5.433376139392204901e-02 1.882364695967231327e-01 1.766963247668556225e-01
-7.740310812916398331e-02 1.075553252480455357e-01 1.909779023959189415e-01
-1.219217931626231516e-01 1.735932599403751664e-01 -5.107624944050059151e-02
-1.219217931626231516e-01 1.735932599403751664e-01 -5.107624944050059151e-02
-3.226355013758082368e-02 -2.144117783566830138e-01 5.501075466535756443e-03
2.026502344165036495e-01 5.598947675215181635e-02 5.784254218525489849e-02
1.686807997273996329e-01 1.321419940029029683e-01 4.168608756486302802e-02
1.090816943973267478e-01 1.882890661962837997e-01 1.911149276029980304e-02
3.292634194555370958e-02 2.158828105653287643e-01 -6.444464808651434451e-03
-4.819129556712632712e-02 2.107223296677666335e-01 -3.109112226745017887e-02
