-2.075148906298241447e-01 3.488225327047857205e-02 6.700699059429070237e-03
-6.429376842925642321e-02 1.386382854527324661e-02 -1.732911530429192548e-01
1.528153893053076258e-02 8.367753896455954084e-04 -1.820502526200928617e-01
2.009880673976540133e-01 -3.319834783977089476e-02 4.329162324932857991e-02
5.427052640091638985e-02 -5.260723874357688123e-02 2.326991544508663912e-01
-2.931937244774008439e-02 -3.892296793515184067e-02 2.419001524985503193e-01
-1.094548848720597045e-01 -8.551388213651989201e-02 2.121289569487519455e-01
-1.094548848720597045e-01 -8.551388213651989201e-02 2.121289569487519455e-01
1.353380634850276376e-02 1.234489725746359123e-01 2.207780442789190889e-01
-2.790774141792969412e-02 5.521574633128057547e-02 2.505366238315844818e-01
-7.109562649260592337e-02 -1.816225017050539237e-02 2.474994682532214996e-01
-1.460674407956991938e-01 -1.064225583085389761e-02 1.376705000907302023e-01
-1.460674407956991938e-01 -1.064225583085389761e-02 1.376705000907302023e-01
-1.933900843774085665e-01 -1.581638626575779250e-02 7.194512330890914797e-02
-2.120483023808246992e-01 -1.844545922270728749e-02 -6.991485756563589962e-03
-1.992015502520948500e-01 -1.812922217661252014e-02 -8.712194393761291122e-02
-1.568056295467200600e-01 -1.491581935104545342e-02 -1.562471153605862750e-01
-9.131493487211543580e-02 -9.294462196629531964e-03 -2.038433192975752928e-01
-1.269983081786399751e-02 -2.120951382395073765e-03 -2.226644651598365388e-01
6.707124567146746652e-02 5.512611098228181392e-03 -2.098452041039528537e-01
1.358538713269872300e-01 1.244408455598155355e-02 -1.673371524187916293e-01
1.831765149086966582e-01 1.761821499088544324e-02 -1.016117756369705888e-01
2.018347329121127909e-01 2.024728794783494518e-02 -2.267516657149781789e-02
1.889879807833829417e-01 1.993105090174017435e-02 5.745529160955141490e-02
1.465920600780081795e-01 1.671764807617311110e-02 1.265804630325247926e-01
8.110136540340338873e-02 1.109629092175717577e-02 1.741766669695138936e-01
2.486261349152039772e-03 3.922780107522730146e-03 1.929978128317751118e-01
-9.965756674145760663e-02 -9.399460367538828298e-02 2.097194728238739037e-01
-2.994034537420183981e-02 -6.120900034164609982e-02 2.461029335476558610e-01
4.672652287487832901e-02 -2.427402378461361587e-02 2.502431962177129599e-01
-1.090256378949053945e-03 6.047417222514536034e-02 2.344496758955973981e-01
-7.011166932698370546e-02 1.061688599909002551e-02 2.314390749511617829e-01
-1.959592635972925642e-02 4.659343297131833539e-02 2.445991009785877246e-01
-6.293402268254737197e-02 -2.665920073633288451e-02 2.407828320550301215e-01
1.634465652225844112e-01 -1.682641655862932573e-01 -2.172841759670150058e-02
1.634465652225844112e-01 -1.682641655862932573e-01 -2.172841759670150058e-02
9.981664989435926061e-02 -2.185020828482513444e-01 -2.480710701389856124e-02
2.183418652145055483e-02 -2.408497380081962569e-01 -2.361946263566348791e-02
-5.862870176040716613e-02 -2.319049031500248770e-01 -1.834629255255949484e-02
-1.293222696081996193e-01 -1.930293482957638473e-01 -9.790389108333330190e-03
-1.794840621558887184e-01 -1.301415242641921766e-01 7.456889570894320064e-04
1.905669166020106942e-01 5.953371715742887538e-02 5.687227782731289066e-03
2.125602556519926301e-01 -1.779227492219109807e-02 -5.225002528212948499e-03
2.030368547040226346e-01 -9.778425371760095242e-02 -1.485209693945151524e-02
1.159867880644625537e-01 4.067079535133995283e-02 -1.712077778572636821e-01
1.159867880644625537e-01 4.067079535133995283e-02 -1.712077778572636821e-01
4.717876020505262086e-02 1.877299479320406958e-02 -2.082230075553443416e-01
-2.983484150766475482e-02 -5.924983917422009874e-03 -2.147881119437981268e-01
-1.033293943429663964e-01 -2.966309740957997695e-02 -1.899036133923024949e-01
-1.621160188614580444e-01 -4.882743309062341497e-02 -1.373579512267815161e-01
-1.972449843822776661e-01 -6.050039457824904487e-02 -6.515072618432211915e-02
-2.033682243497459130e-01 -6.290487930162523555e-02 1.572516628248623455e-02
-1.795535309861242268e-01 -5.567482625832624599e-02 9.295710468736284593e-02
-1.294264754752911251e-01 -3.991094548360032968e-02 1.547872265174303485e-01
1.486763314506294731e-01 4.958728295836305200e-02 1.209373998869481964e-01
1.838052969714491502e-01 6.126024444598870966e-02 4.873017484448868841e-02
1.899285369389173417e-01 6.366472916936488646e-02 -3.214571762231957508e-02
1.661138435752957110e-01 5.643467612606592465e-02 -1.093776560271961379e-01
4.531442273086388681e-03 7.200005832621287662e-03 -1.927460759604416596e-01
-3.505927821393346050e-02 7.617750433833860024e-02 -1.769332270210605962e-01
-7.007182635323296049e-02 1.338351812185619993e-01 -1.319323335861937174e-01
-9.517585908014297713e-02 1.713951778364198597e-01 -6.459437374718468572e-02
-1.065495149806148512e-01 1.831393251890605645e-01 1.482905853060330521e-02
-1.024612580462491984e-01 1.672796833030054386e-01 9.424646565808360299e-02
9.151838291541508630e-02 7.689552461034498965e-02 -1.888649483818981289e-01
9.151838291541508630e-02 7.689552461034498965e-02 -1.888649483818981289e-01
3.142075238824454386e-02 3.363408367195203086e-02 -2.220916681912804280e-01
-3.393410663025273749e-02 -1.443271354944467705e-02 -2.244618546580028629e-01
-9.459650929778280759e-02 -5.998713290348937910e-02 -1.956146683783007156e-01
-1.413311547142638569e-01 -9.609392699536856153e-02 -1.399418319628638607e-01
-1.670231167656522075e-01 -1.172561637334970513e-01 -6.591903008042372669e-02
-1.677610271278399956e-01 -1.202520844106485520e-01 1.518443670078822513e-02
-1.434325456373581609e-01 -1.046255872618153254e-01 9.102130076808966075e-02
-9.774146306289874242e-02 -7.275566482335781016e-02 1.500460870301185412e-01
-3.764383253572821386e-02 -2.949422388496487565e-02 1.832728068395008958e-01
2.771102648276906402e-02 1.857257333643187042e-02 1.856429933062233306e-01
8.837342915029912371e-02 6.412699269047653083e-02 1.567958070265212389e-01
1.372094654898745603e-01 1.087654470488025465e-01 -1.298401621198691236e-01
-1.737051786969542877e-01 6.351082651216391484e-02 1.045615303689345216e-01
-1.737051786969542877e-01 6.351082651216391484e-02 1.045615303689345216e-01
-2.006885620326923081e-01 6.770178337326587803e-02 2.814776454844636344e-02
-1.979986656940936340e-01 6.179533394753387171e-02 -5.273863118898448193e-02
-1.660450020147388184e-01 4.669068161793822613e-02 -1.257834363293374169e-01
-1.096922266291270459e-01 2.468737277764554428e-02 -1.798662414428011669e-01
-3.751953875053687382e-02 -8.647882629009258706e-04 -2.067534297127000542e-01
3.948542413856111905e-02 -2.607571661619464964e-02 -2.023516704579106373e-01
1.095993544900288330e-01 -4.710727697808127917e-02 -1.673310916229275580e-01
1.621480419922164962e-01 -6.075760493503299525e-02 -1.070232588730393036e-01
1.891314253279545166e-01 -6.494856179613497926e-02 -3.060949305255115244e-02
1.864415289893558425e-01 -5.904211237040296600e-02 5.027690268487970682e-02
1.544878653100010268e-01 -4.393746004080733430e-02 1.233217078252325932e-01
-1.650718291033367591e-01 1.302243178856709593e-01 4.920176559851482945e-03
-1.650718291033367591e-01 1.302243178856709593e-01 4.920176559851482945e-03
-1.604743179360250682e-01 1.300952507823439908e-01 -7.612699576609924246e-02
-1.321778359744849307e-01 1.103608357919222682e-01 -1.496093738091996139e-01
-8.449026608911315572e-02 7.402545870378021697e-02 -2.043399316318033898e-01
-2.467160850606013936e-02 2.662085129857384019e-02 -2.319864379391611831e-01
3.817128841513565962e-02 -2.463606467009036780e-02 -2.283399627621816030e-01
9.447116329050128658e-02 -7.194188839108353606e-02 -1.939556488911799437e-01
1.356568705298989985e-01 -1.080947370312444616e-01 -1.340681964184348429e-01
1.554582595554963587e-01 -1.275906671114975799e-01 -5.779492710181313719e-02
7.487669654127282470e-02 -7.139180792960687916e-02 1.514651810898417217e-01
-1.040847328383416870e-01 7.457553916525691551e-02 1.410808983492183588e-01
-1.452704400777393989e-01 1.107283878054177995e-01 8.119344587647331357e-02
-1.201651249686885858e-02 -2.032795628438357483e-01 5.873506077400919567e-03
-1.647821678101109646e-02 -1.833653156356584435e-01 8.441555087058426332e-02
-2.505605595642147309e-03 2.002088062466434726e-01 6.541693296255396417e-02
3.107332867892746361e-03 2.118980749155719157e-01 -1.469044976258627316e-02
7.569037152034975569e-03 1.919838277073946109e-01 -9.323249455576952671e-02
8.123126947494490463e-03 4.698238801218999200e-02 2.488915289022620436e-01
-7.237908176760314560e-02 1.989592927051370835e-02 2.422404466493458808e-01
1.587143252940380611e-01 -5.063750546060807878e-02 -1.390195768192261094e-01
1.587143252940380611e-01 -5.063750546060807878e-02 -1.390195768192261094e-01
1.021714061031340631e-01 -4.200339255621546308e-02 -1.965971044659681199e-01
2.895070601921567732e-02 -2.671606828103123901e-02 -2.280907244851478333e-01
-4.980058711723957254e-02 -7.102889176012521649e-03 -2.287058187192216319e-01
-1.220933028084564137e-01 1.385021603401288652e-02 -1.983487446468947535e-01
-1.769215304255466470e-01 3.295332702119033175e-02 -1.416410916081173588e-01
-2.059381693329293550e-01 4.729816830785435466e-02 -6.721608572188839115e-02
-2.047256992934421982e-01 5.470086784442047823e-02 1.359574052997225557e-02
-1.734687078795288939e-01 5.403443173208490047e-02 8.849151916164788023e-02
-1.169257886886249098e-01 4.540031882769231253e-02 1.460690468083898630e-01
1.621671478400558697e-01 -2.955640074971348577e-02 9.111303395053907406e-02
1.911837867474385222e-01 -4.390124203637753297e-02 1.668802806431021052e-02
1.899713167079514764e-01 -5.130394157294365653e-02 -6.412379818755034599e-02
-3.430428993763620649e-02 -3.040170424152546097e-02 2.414525772725671926e-01
3.870022266881855549e-02 -7.212169481666926008e-02 2.277077543677960281e-01
1.279169096877127432e-01 2.762483668675790385e-02 -1.499044099625040094e-01
1.279169096877127432e-01 2.762483668675790385e-02 -1.499044099625040094e-01
5.944419597313686798e-02 9.155003330039152357e-03 -1.892576182516716998e-01
-1.869165786645132776e-02 -1.053453638214197317e-02 -1.985005961806075858e-01
-9.459517638725339905e-02 -2.844622851472783376e-02 -1.762261841474347390e-01
-1.567107369615861612e-01 -4.185318031042575826e-02 -1.258254594661558090e-01
-1.955818085709660203e-01 -4.871430489266141695e-02 -5.497147558578850679e-02
-2.052906229300066054e-01 -4.798505824003861803e-02 2.554889074084442518e-02
-1.843591010631653315e-01 -3.977646154478184370e-02 1.034771436594516258e-01
1.875248408287281676e-01 5.100094233678974243e-02 7.201647870783133010e-02
1.972336551877688082e-01 5.027169568416695739e-02 -8.503887618801496059e-03
1.763021333209275898e-01 4.206309898891018306e-02 -8.643214053740862213e-02
1.151804671051819967e-01 4.374088664271316013e-02 -1.618294545705250276e-01
1.151804671051819967e-01 4.374088664271316013e-02 -1.618294545705250276e-01
4.352859008220320847e-02 3.160653640689078947e-02 -1.977909397608150766e-01
-3.559531764434877010e-02 1.479118433555640447e-02 -2.033688887073622775e-01
-1.101453583831160238e-01 -4.145184649975462016e-03 -1.777141092472878936e-01
-1.687719642294234490e-01 -2.231968003026986447e-02 -1.247323089922333095e-01
-2.025497658946761315e-01 -3.696539963588786615e-02 -5.248948674981535056e-02
-2.063363992718738882e-01 -4.585266542065297851e-02 2.801604267637222354e-02
-1.795553837552554266e-01 -4.762847173209965729e-02 1.045280422156340261e-01
1.576685451478896938e-01 2.403809851594856939e-02 1.283011079428287016e-01
1.914463468131424317e-01 3.868381812156660576e-02 5.605828570041061776e-02
1.952329801903401607e-01 4.757108390633171119e-02 -2.444724372577689389e-02
1.684519646737217824e-01 4.934689021777838996e-02 -1.009592432650386201e-01
-1.288098043105065094e-01 -3.822861877131728675e-02 1.578288525087195027e-01
-1.288098043105065094e-01 -3.822861877131728675e-02 1.578288525087195027e-01
-1.781808564778287474e-01 -5.573520050800832848e-02 9.589056441017909660e-02
-2.012352650929630782e-01 -6.462069111519493092e-02 1.862559803559430890e-02
-1.944632054329897830e-01 -6.353235519510593010e-02 -6.220315589316856991e-02
-1.588956621922661128e-01 -5.263588202578509817e-02 -1.342902523049343544e-01
-9.994747140860987811e-02 -3.359016087048637134e-02 -1.866610842421680405e-01
-2.659296076215264884e-02 -9.294730125211730920e-03 -2.113426672851993482e-01
5.000031046147739022e-02 1.655165111769890326e-02 -2.045774541548342762e-01
1.181717110382151242e-01 4.001410561204177263e-02 -1.673953872233611695e-01
1.675427632055373761e-01 5.752068734873280742e-02 -1.054570991248207357e-01
1.905971718206716792e-01 6.640617795591942374e-02 -2.819213275023595491e-02
1.838251121606984395e-01 6.531784203583039516e-02 5.263662117852687533e-02
1.482575689199747415e-01 5.442136886650960487e-02 1.247237175902927431e-01
-1.073271150152691339e-01 -1.405507651471321062e-01 1.214400901414808970e-01
-1.237974330087070335e-01 -1.639476938775758508e-01 4.556897847193386308e-02
-1.219943939456089033e-01 -1.620400561968615705e-01 -3.547559693821539240e-02
-1.021924941787416691e-01 -1.351182726490992858e-01 -1.093553341536771806e-01
-6.740639344294255264e-02 -8.728094073286031540e-02 -1.648227129048829842e-01
-2.293196023844842890e-02 -2.581086058589831395e-02 -1.934333275900022575e-01
-5.675728362690363182e-02 -6.625992033327360309e-02 2.422690937768208208e-01
-4.752714360485606193e-02 1.763120777083573149e-02 2.539486805615533416e-01
-3.787828009682193964e-02 9.950882955304228561e-02 2.324478877584487679e-01
-2.707756096660692349e-02 -1.950064503707345798e-01 -6.861491025189415949e-02
-3.104221616735152595e-02 -2.047852349462322141e-01 1.181944675183143646e-02
-3.098267696223338391e-02 -1.832467864672464586e-01 9.003147010782638904e-02
-2.690800765550749665e-02 -1.336701384681813209e-01 1.541140882538976631e-01
1.785925700216686382e-02 1.968527004179749518e-01 6.305884842951146874e-02
2.182391220291145933e-02 2.066314849934725306e-01 -1.737550857421402833e-02
5.860047852977706695e-02 3.317620897495439369e-04 2.332968460421679657e-01
9.366036378497619858e-03 -6.912420252733880721e-02 2.299960409155777652e-01
-1.206015950851977575e-01 -1.662921111568122223e-01 5.269768889184900384e-02
-1.223687889846905019e-01 -1.611951727273674417e-01 -2.819347528061632094e-02
-1.060734031716561998e-01 -1.311947600465505348e-01 -1.017252224174396980e-01
-7.419626241808920109e-02 -8.085816399059761461e-02 -1.567030105839873622e-01
-3.159037243671952017e-02 -1.784867500664807927e-02 -1.847569699067933280e-01
-9.026408108332364955e-02 8.114590747879388277e-02 2.285434338005223887e-01
-6.020062707930573520e-02 6.105118773402341825e-03 2.554619353726366171e-01
-2.725064779015192590e-02 -7.223648987467042037e-02 2.494263589839771367e-01
3.569521129670245874e-03 -1.419521187172064214e-01 2.113555664270812540e-01
-3.365657000547413874e-02 -5.821336367616575247e-02 2.470622786056766162e-01
3.939760458993572800e-02 -1.452960317466548204e-02 2.508363797032027165e-01
1.084702767411666324e-01 2.600124420121255331e-02 2.217564283733733654e-01
9.143497582780532595e-03 -9.954983045191581614e-02 2.363760597679129827e-01
-3.220590191242549138e-02 -2.795812779786937402e-02 2.569723132042622260e-01
-7.457938999089033794e-02 4.487631089176986887e-02 2.443634896285562519e-01
-1.115259872092936033e-01 1.078651025723351281e-01 2.004691681309258289e-01
-7.866916388260543347e-02 -9.219483240696810245e-02 1.515956485817153143e-01
-7.866916388260543347e-02 -9.219483240696810245e-02 1.515956485817153143e-01
-1.163165184193851454e-01 -1.332760312886120679e-01 9.260564517790764727e-02
-1.368001749572301251e-01 -1.537388455335539916e-01 1.679996099282149435e-02
-1.370016824730622973e-01 -1.504679971688745455e-01 -6.428067573660209422e-02
-1.168903632742663984e-01 -1.239614432077818795e-01 -1.382924730661106161e-01
-7.952798339929662008e-02 -7.825456620834239652e-02 -1.939678057708998649e-01
-3.060262649330012380e-02 -2.030582385984896349e-02 -2.228306091448134796e-01
2.243726536424991286e-02 4.106261312179779188e-02 -2.204867830161372222e-01
7.151684944585842696e-02 9.650795651240870465e-02 -1.872931536661252561e-01
2.345031205655315892e-02 2.461894796528961080e-02 1.871331040604035656e-01
-2.958957980099679447e-02 -3.674948901635709253e-02 1.847892779317272804e-01
-8.769168924248209318e-02 -1.578567470761898794e-01 1.048339433856759761e-01
-1.011509641329580433e-01 -1.815860732018961532e-01 2.845783345958714100e-02
-9.998397724805860309e-02 -1.776371227744969472e-01 -5.253961772581712542e-02
-8.436839176224715520e-02 -1.466110876992390288e-01 -1.258272824712823867e-01
-5.668153901010368478e-02 -9.323140056462214664e-02 -1.802477781736468443e-01
-2.113849134119676065e-02 -2.562463484882287340e-02 -2.075160776852474909e-01
