-1.899306619122290984e-01 3.703384689548221836e-02 1.344080089715518900e-01
-1.899306619122290984e-01 3.703384689548221836e-02 1.344080089715518900e-01
-2.274610265137392007e-01 3.902933554214199630e-02 6.000145003313245989e-02
-1.556085425068945149e-01 1.477708317467656476e-02 -1.649481609868043153e-01
1.062820638292982789e-01 -9.294212634725811453e-03 1.718141570340598889e-01
-1.272398303768303152e-01 2.981764944032447989e-02 1.888748097845807661e-01
2.336699665325505000e-03 1.443611759479735412e-01 -1.717301390141837691e-01
2.336699665325505000e-03 1.443611759479735412e-01 -1.717301390141837691e-01
-3.198793286620749132e-02 -1.436057814780726805e-01 -1.678272792892138709e-01
-3.049154977844526632e-02 -1.876541999390441418e-01 -1.010393449275606426e-01
-2.436781662968934975e-02 -2.030460771517024199e-01 -2.275319982034535934e-02
-1.454901628005859753e-02 -1.874381393381347183e-01 5.511280010553105957e-02
-2.529972075137485333e-03 -1.432065535441481297e-01 1.207042622184009567e-01
9.859525457781780425e-03 -7.708517774655342103e-02 1.640354809996645291e-01
2.843588272279872278e-02 7.876141658338871310e-02 1.619232685370932678e-01
3.179466045639552096e-02 1.447604038818981476e-01 1.168014024934311418e-01
3.029827736863327514e-02 1.888088223428696089e-01 5.001346813177780237e-02
2.417454421987737245e-02 2.042006995555278870e-01 -2.827267697543739758e-02
1.435574387024663931e-02 1.885927617419602409e-01 -1.061386769013137471e-01
1.639913887605743970e-01 6.268320221457623041e-03 -1.335551592751975103e-01
2.119884656732226036e-01 3.022804375808332139e-02 9.823073171145937921e-02
1.664098909225953660e-01 3.081965328174134100e-02 1.682437256085686228e-01
-1.913847603613834936e-01 6.455761520094527306e-02 1.425437800869398808e-01
-1.913847603613834936e-01 6.455761520094527306e-02 1.425437800869398808e-01
-1.546839073540850484e-01 1.351162755536815946e-02 1.305828434938421934e-01
-1.546839073540850484e-01 1.351162755536815946e-02 1.305828434938421934e-01
-1.982371743265979036e-01 1.021378792050465015e-02 5.983975334531814461e-02
-2.113812404076743090e-01 5.633380413303840269e-03 -2.212731936026732238e-02
-1.921150406877261407e-01 4.677305552396057806e-04 -1.028396308368531437e-01
1.576973954767911801e-01 -9.933237152263197853e-03 -1.583535946294026275e-01
2.012506624493040075e-01 -6.635397517399685072e-03 -8.761050448087855103e-02
2.143947285303804406e-01 -2.054990010198876494e-03 -5.643431775293084041e-03
1.951285288104323279e-01 3.110659847865353874e-03 7.506887970129261234e-02
1.463851675482863435e-01 8.075128692635304140e-03 1.422387121854941372e-01
-8.735202957535248558e-02 1.502483312847714171e-02 1.793319568979012679e-01
-6.985821895926298992e-03 -1.417431994092776815e-01 7.961187317920237483e-02
-6.985821895926298992e-03 -1.417431994092776815e-01 7.961187317920237483e-02
-1.392621535642682602e-02 -1.867823508435720592e-01 1.408601685716345808e-02
-1.910765811226880495e-02 -2.033035385778660387e-01 -6.382762172338606044e-02
-2.174132247377082161e-02 -1.887915615445529272e-01 -1.422673973774500888e-01
-2.142625691612111069e-02 -1.454557366955553654e-01 -2.092915653200344006e-01
2.240851800276061866e-03 1.428210168872845465e-01 -2.141790168135621897e-01
9.181245260776592365e-03 1.878601683215789797e-01 -1.486531604915232729e-01
1.436268801661856956e-02 2.043813560558729314e-01 -7.073952191097369890e-02
1.699635237812059663e-02 1.898693790225598754e-01 7.700253743090287872e-03
1.668128682047088224e-02 1.465335541735623137e-01 7.472442168567458576e-02
1.346545721874518181e-02 8.097136800190954387e-02 1.201291599231160412e-01
6.569102796949812841e-04 -7.504288679992945910e-02 1.227742296110669873e-01
-2.061601431276585683e-01 -3.384801194691351711e-02 1.477161964692011442e-02
-1.674362433983154763e-01 8.623755052065243051e-03 -1.201555020076153640e-01
-2.111348129132173401e-01 3.899741136385784148e-03 -4.925558231922745611e-02
-2.243173752120743991e-01 -1.124774637518116249e-03 3.296153383926258423e-02
-2.049770046851104033e-01 -5.684855290418499955e-03 1.139790358327386482e-01
-1.560580974241601859e-01 -9.086269880145343009e-03 1.814627434081783341e-01
-8.500811360870486055e-02 -1.081118386931276439e-02 2.251388738285534374e-01
-2.643769204940344883e-03 -1.059699473945427926e-02 2.383581321624701488e-01
7.849571098630139798e-02 -8.476310843961542066e-03 2.191080061614647523e-01
1.460575766371235151e-01 -4.771987081875935822e-03 1.703191530063636605e-01
1.897561461520255177e-01 -4.797316619647214869e-05 9.941923331797559993e-02
2.029387084508825212e-01 4.976542607707423044e-03 1.720211715948560816e-02
1.835983379239185531e-01 9.536623260607803715e-03 -6.381538483399033790e-02
1.453093560016815167e-01 4.023049625063123552e-03 -1.989498396997974039e-01
1.453093560016815167e-01 4.023049625063123552e-03 -1.989498396997974039e-01
-2.002279257555797110e-01 1.520823855455536236e-02 -1.268956865679247148e-01
-2.158213875493306955e-01 1.107118215467798282e-02 -4.562138040863389365e-02
-1.991174732594043484e-01 5.506195896678930946e-03 3.534647928511223947e-02
-1.526592024150818794e-01 -6.395015083874864073e-04 1.036812698504166047e-01
-8.351942560713740416e-02 -6.430283341485612536e-03 1.489796388801307159e-01
1.473612046677663656e-01 -1.390398764526376389e-02 1.008345929840474692e-01
1.928780793421793482e-01 -1.182469043787972435e-02 3.162711671854386009e-02
2.084715411359303328e-01 -7.687634038002348277e-03 -4.964718944074686391e-02
1.917676268460040412e-01 -2.122647780003303775e-03 -1.306150491344928999e-01
-1.179111029312316372e-01 3.015250209561315051e-03 -1.738148177598905775e-01
-1.833926739718704790e-01 -5.964494429256657869e-03 -1.228893033713869820e-01
-2.243315021257571429e-01 -1.377342424876668373e-02 -5.060574410703701925e-02
-2.344950219178638384e-01 -1.922270047207346594e-02 3.203134338725854846e-02
-2.123359295923785695e-01 -2.148272019199050711e-02 1.124412116475567158e-01
-1.612277460831843257e-01 -2.020941589329021057e-02 1.783821871484979338e-01
-8.895122903271879267e-02 -1.559663661291750200e-02 2.198153541264954713e-01
-6.509822973656684969e-03 -8.346636181360805873e-03 2.304328885017430661e-01
7.354551535471660906e-02 4.368385570929151415e-04 2.086183669137980923e-01
1.390270863953554648e-01 9.416583195910889145e-03 1.576928525252945246e-01
1.799659145492422951e-01 1.722551301542093669e-02 8.540929326094442997e-02
1.640767696888861538e-01 -2.059516103372815293e-02 -2.427662174539882700e-01
1.640767696888861538e-01 -2.059516103372815293e-02 -2.427662174539882700e-01
9.954221723943672273e-02 -1.620707981884661475e-02 -2.937336684475515547e-01
2.060804022550152478e-02 -9.098643260521444703e-03 -3.161057628110528483e-01
-6.070874844264445569e-02 -3.520463866197964635e-04 -3.064765519811895045e-01
-1.320284048288006828e-01 8.701120716904929206e-03 -2.663119960177948164e-01
-1.824931577624700207e-01 1.668259542570522946e-02 -2.017267844736889693e-01
-2.044202060736258209e-01 2.237727056761467520e-02 -1.225534303400616504e-01
-1.944713554260825150e-01 2.491818347463625391e-02 -4.084535907551509193e-02
-1.541612281443728860e-01 2.391850319010879050e-02 3.095811615543389572e-02
1.419439463733139506e-01 -5.377778560524292505e-03 5.450389471924044216e-02
1.924086993069833440e-01 -1.335925326932460404e-02 -1.008131682486547442e-02
2.143357476181391164e-01 -1.905392841123403069e-02 -8.925467095849273780e-02
2.043868969705958660e-01 -2.159484131825561634e-02 -1.709627422230391991e-01
-1.475249158109098180e-01 2.279620551273473482e-03 1.049122743307952105e-01
-1.475249158109098180e-01 2.279620551273473482e-03 1.049122743307952105e-01
-1.933318540505978567e-01 -3.932649331341867005e-03 3.609119812579077158e-02
-2.092602933391322084e-01 -9.262128929796208457e-03 -4.509432944560095441e-02
1.533771753183461040e-01 1.452359590089822130e-03 -1.951625558372770408e-01
1.991841135580341426e-01 7.664629472705163267e-03 -1.263414796322726297e-01
2.151125528465685499e-01 1.299410907115950038e-02 -4.515595206088085511e-02
1.987375326939315734e-01 1.662943342844101779e-02 3.603426625279378126e-02
1.525520014784348954e-01 1.801715736545098090e-02 1.048687005616563001e-01
4.364530064627055589e-02 -1.593199041305336239e-01 4.618054059208177853e-02
4.364530064627055589e-02 -1.593199041305336239e-01 4.618054059208177853e-02
4.903938563276868251e-02 -1.904868181068622712e-01 -2.702858678426686007e-02
4.658221171495956908e-02 -1.922499439112679287e-01 -1.067211378451493192e-01
3.664786134749254548e-02 -1.643408616228050345e-01 -1.807646441063204545e-01
-4.870907649490325425e-02 1.646259262266168422e-01 -1.854109126238948635e-01
-5.410316148140138781e-02 1.957928402029454895e-01 -1.122017852475461902e-01
-5.164598756359223275e-02 1.975559660073511470e-01 -3.250923418666373799e-02
-4.171163719612527854e-02 1.696468837188883083e-01 4.153427207450734182e-02
-2.581252516733694921e-02 1.163144981195144284e-01 9.865628091375966413e-02
3.122115729715731897e-02 -1.034940821063991823e-01 1.017608182832398789e-01
-1.870190319591581996e-01 3.894895352416896661e-02 4.332676808128113621e-02
-1.870190319591581996e-01 3.894895352416896661e-02 4.332676808128113621e-02
-2.236520427833922908e-01 4.090489583016277547e-02 -3.074962345090202775e-02
5.761892313163986118e-02 -1.606471484587112530e-01 -1.312863875463114727e-02
5.761892313163986118e-02 -1.606471484587112530e-01 -1.312863875463114727e-02
6.412512067132242199e-02 -1.846891618897417153e-01 -8.832238053044597081e-02
5.980712390911221282e-02 -1.800273591648429705e-01 -1.672785096010052375e-01
4.532230870931761024e-02 -1.473714574895339247e-01 -2.379766710544085617e-01
2.287585688093063396e-02 -9.169302186739448912e-02 -2.896537106898048330e-01
-4.114962762769363083e-03 -2.146858939561965829e-02 -3.144422676762358426e-01
-3.154104260341837607e-02 5.261080666802841338e-02 -3.085685089213460186e-01
-5.522701060331049877e-02 1.192672498042569307e-01 -2.729266609498116614e-01
-7.156689284829670372e-02 1.683529007877367090e-01 -2.129428720211424819e-01
-7.807309038797927148e-02 1.923949142187671990e-01 -1.377491302453277000e-01
-7.375509362576904149e-02 1.877331114938684542e-01 -5.879300117476839171e-02
-5.927027842597450136e-02 1.550772098185594361e-01 1.190516027863487702e-02
-3.682382659758751120e-02 9.939877419642000056e-02 6.358219991403123161e-02
4.127904088665362153e-02 -1.115614974752313360e-01 4.685515017403814320e-02
-1.239085442304039969e-01 4.270698336540944273e-02 1.359063542223971077e-01
-1.347574404087803213e-01 -6.349672252616596693e-03 9.028830556774325444e-02
-1.347574404087803213e-01 -6.349672252616596693e-03 9.028830556774325444e-02
1.565259753083414751e-01 1.068530218466209186e-02 -2.180300845866572079e-01
2.072397616777834906e-01 3.095068746386946471e-02 1.139648868706170937e-02
1.630911522445330220e-01 2.979411293640257113e-02 8.145276295240863607e-02
9.577042436012787874e-02 2.443168497596008223e-02 1.293848284926266690e-01
1.330231037454688570e-01 3.196393082380129952e-02 -9.033485528837878475e-02
1.330231037454688570e-01 3.196393082380129952e-02 -9.033485528837878475e-02
-1.649121027488386348e-01 -8.533117918101644842e-03 -6.208483491540667254e-02
-2.034159720492934587e-01 -1.949200173843734091e-02 1.098913492986744456e-02
-2.110018140312522883e-01 -2.727646857423625740e-02 9.359850021098575779e-02
-1.865147530187907243e-01 -3.070140391611557787e-02 1.731667339196592270e-01
-1.336827220752951906e-01 -2.924539240539038298e-02 2.375802937615769383e-01
-6.054891898835974839e-02 -2.313009859579135893e-02 2.770327991611809537e-01
2.175269768160552689e-02 -1.328652053455352602e-02 2.855179638092335548e-01
1.006924528626112758e-01 -1.213253749243041382e-03 2.617439983062778697e-01
1.642524844190122735e-01 1.125165633651255617e-02 2.093302733886048816e-01
2.027563537194671528e-01 2.221054015684827479e-02 1.362563035433306813e-01
2.103421957014259824e-01 2.999500699264718087e-02 5.364693826221242356e-02
1.858551346889644740e-01 3.341994233452651175e-02 -2.592129544646097628e-02
-7.236979264984119697e-02 -1.427924640815248780e-01 -1.664095417080016792e-01
-7.936774819851780127e-02 -1.800964982711446005e-01 -9.604598403571620868e-02
-7.450502345385991154e-02 -1.899330004129858585e-01 -1.685514030581359082e-02
-5.852192417753207532e-02 -1.708044522240673435e-01 5.910690139061458570e-02
-3.385173234719948687e-02 -1.256230017654307030e-01 1.202756088029097448e-01
5.165563701711026884e-02 8.435002612070652273e-02 1.411063167481209357e-01
6.944889756346041276e-02 1.434423913146470886e-01 9.028225894181937661e-02
7.644685311213703094e-02 1.807464255042668944e-01 1.991870126953376036e-02
7.158412836747914121e-02 1.905829276461081245e-01 -5.927214246036879852e-02
5.560102909115131886e-02 1.714543794571896096e-01 -1.352341841567968328e-01
2.956244093700460124e-02 -3.284051778558931545e-02 -3.083920528497345881e-01
-1.877602006157433057e-01 3.506176214733592450e-02 1.533512356291893974e-01
-1.877602006157433057e-01 3.506176214733592450e-02 1.533512356291893974e-01
-2.259804915011034698e-01 3.623377188803240945e-02 7.916935004846345492e-02
-2.332871253372841291e-01 3.228710462726006036e-02 -3.873731000004917990e-03
-2.085677333575273185e-01 2.382260467884365907e-02 -8.313545121399060212e-02
-1.555856189089048214e-01 1.212891542904649851e-02 -1.465489322001972960e-01
1.627216635849756954e-01 -1.859948504176352907e-02 1.250639956710262457e-01
1.097395491363531428e-01 -6.905795791966385863e-03 1.884774766572330229e-01
3.656075885960408806e-02 6.236824574486952988e-03 2.263885907801473640e-01
-4.567389979302191594e-02 1.882753124495416958e-02 2.330257145796608975e-01
-1.244449455006998440e-01 2.894950326389689882e-02 2.073784061229748676e-01
-1.764084034165479542e-01 -1.099193686281048875e-02 -2.296674420207504563e-01
-2.163393363088894628e-01 -1.920399592687732290e-02 -1.578990712484771575e-01
-2.034708790483183427e-01 -2.537726880117590136e-02 3.375848877792075875e-03
-1.526305948604721463e-01 -2.239865777715364589e-02 6.832975360335499793e-02
-8.106153383268087376e-02 -1.577308619770162804e-02 1.089079209335430953e-01
1.434626306104904159e-01 1.410500173240844535e-02 4.610115188866845126e-02
1.833935635028319799e-01 2.231706079647528818e-02 -2.566721888360494475e-02
-1.684993606254001353e-01 2.123024705281421204e-02 5.995667306650477590e-02
-1.684993606254001353e-01 2.123024705281421204e-02 5.995667306650477590e-02
-2.099764021886800225e-01 1.919604611449046705e-02 -1.143575164310653425e-02
-2.210371412155740789e-01 1.456244343760988193e-02 -9.315203542197640629e-02
-1.999976804550866460e-01 8.034863026014669313e-03 -1.727516148247290051e-01
2.006654684293436020e-01 -1.031887688527778624e-02 -6.534473935628747066e-02
1.796260076688561969e-01 -3.791296473682582296e-03 1.425484004646505876e-02
1.296894142985847431e-01 3.636496727625675336e-03 7.961940068101540369e-02
-1.029205201134256453e-01 2.035535759979874987e-02 1.101563892187608501e-01
-1.812356206729673902e-01 -7.601414884171295988e-03 -1.465021570956788755e-01
-2.209681217513516649e-01 -1.682624981973851810e-02 -7.397917495289396683e-02
-2.299265630156809292e-01 -2.323307430663888382e-02 8.495373184835062694e-03
-2.067471029919333292e-01 -2.584650739475040371e-02 8.836548499717966632e-02
-1.549586043463960228e-01 -2.426867758723802795e-02 1.534716599850768082e-01
-8.244539653394289402e-02 -1.873979516923270083e-02 1.939020731955650723e-01
1.435803915849226675e-01 1.096931910761990772e-02 1.292782380631604944e-01
1.833128926633070255e-01 2.019415404318715759e-02 5.675525592037544004e-02
7.800982893492493242e-02 -1.989484217185214787e-01 1.500128738953215857e-01
2.020626103064978793e-02 -4.791824910365794638e-02 3.278360898638456589e-01
-8.979275524941182640e-03 3.117664162438099976e-02 3.318418972005117151e-01
-6.871577158988025069e-02 1.986884460639275485e-01 1.701514273167902547e-01
-6.919572322158230870e-02 2.027808827350617848e-01 8.584920086777748927e-02
-1.239584200331382974e-01 -2.873663608934887148e-03 -2.020011013699540281e-01
-2.106393214061051677e-01 -3.238200830416832626e-02 8.549505440008393908e-02
-1.584406090264081080e-01 -2.815806618762190655e-02 1.502046774181214350e-01
1.992663328244307849e-02 1.342324105492996578e-01 -2.288082038988471512e-01
1.992663328244307849e-02 1.342324105492996578e-01 -2.288082038988471512e-01
-4.756796510101206354e-02 -1.461225641454682034e-01 -2.076727560121001126e-01
-5.270808171088304378e-02 -1.853719272214934266e-01 -1.384136443814627526e-01
-5.020062726820789106e-02 -1.960695215181873508e-01 -5.940078471303241597e-02
-4.042733898175272789e-02 -1.765867352778121568e-01 1.733683136202887609e-02
-2.487611139805143493e-02 -1.298896460935678454e-01 8.011659742451493482e-02
3.061333548156628531e-02 8.863955647780596969e-02 1.079424412202582284e-01
4.261848698540369323e-02 1.504653286011999880e-01 5.898114953776795177e-02
4.775860359527470123e-02 1.897146916772252945e-01 -1.027796209286957474e-02
4.525114915259953463e-02 2.004122859739192186e-01 -8.929082176129979342e-02
3.547786086614439921e-02 1.809294997335440525e-01 -1.660284378363610092e-01
-1.647806016315617184e-01 1.231226193604312812e-02 -1.095385869479935798e-01
-2.088354716295696689e-01 7.778505170186258109e-03 -3.874848031485296496e-02
-2.223915398654532916e-01 2.343930094889140094e-03 4.346662855097401662e-02
-2.033850178363637295e-01 -3.164098499179984411e-03 1.245902346064829969e-01
-1.547094762266787715e-01 -7.907033188977624291e-03 1.922720042170428245e-01
-8.377532500158939299e-02 -1.116280516279211966e-02 2.362080014962151253e-01
1.918294581627573436e-01 -4.055609085271004617e-03 1.113425872995229687e-01
2.053855263986409385e-01 1.378965990026110363e-03 2.912747843369604614e-02
1.863790043695514320e-01 6.886994584095226628e-03 -5.199612762181285430e-02
