1.412110552365984373e-01 1.201802142211625193e-02 -1.661693661767798813e-01
1.412110552365984373e-01 1.201802142211625193e-02 -1.661693661767798813e-01
7.261956811458122885e-02 4.359225770451235354e-03 -2.085114721461307774e-01
-6.916532763239320244e-03 -3.930643790113310006e-03 -2.212232743073331009e-01
-8.528859703476478205e-02 -1.158952976683612357e-02 -2.023695160141173177e-01
-1.505651883591871965e-01 -1.745143619773543292e-02 -1.548205110568809939e-01
-1.928085374411371566e-01 -2.062394096702093241e-02 -8.581516440756010999e-02
-2.055874773198007321e-01 -2.062405898239625182e-02 -5.858914558488701255e-03
-1.869565302400299500e-01 -1.745177227709031331e-02 7.287562425602198135e-02
-1.397520890047639630e-01 -1.159003274513535284e-02 1.384018322318342209e-01
1.520241545910216707e-01 1.787942487471633202e-02 1.270529771119353890e-01
1.942675036729717142e-01 2.105192964400183844e-02 5.804763046261438020e-02
2.070464435516352342e-01 2.105204765937714745e-02 -2.190861938645694007e-02
1.884154964718644798e-01 1.787976095407121935e-02 -1.006431582009675169e-01
1.078416395891255708e-01 5.948768331937497045e-02 -1.529641526483883074e-01
1.078416395891255708e-01 5.948768331937497045e-02 -1.529641526483883074e-01
4.416724524525425521e-02 2.323393423265553148e-02 -1.872891963213361710e-01
-2.619945550982714921e-02 -1.654050958426152643e-02 -1.909624081245342164e-01
-9.254577036188826877e-02 -5.378034961648167633e-02 -1.634245748586934111e-01
-1.447710743055446170e-01 -8.281615779908992059e-02 -1.088680820074578309e-01
-1.749245382389336134e-01 -9.922749554654076987e-02 -3.559866105158896593e-02
-1.784155706200281077e-01 -1.005158854559319442e-01 4.522908285733719808e-02
1.753417230165944252e-01 9.944374672219605249e-02 6.369556561849744336e-02
1.788327553976888640e-01 1.007321366315872269e-01 -1.713217829042860962e-02
1.551298781927545611e-01 8.670143301849760065e-02 -9.321295384760101832e-02
-1.614053181545171967e-01 -7.369291955579768127e-02 1.097380949104168057e-01
-1.861550002417186322e-01 -8.387614017287148283e-02 3.335157617711239503e-02
-1.823986579737737201e-01 -8.120591558159248602e-02 -4.745625007223785996e-02
-1.507081604096496275e-01 -6.608876327033674780e-02 -1.203831248159395045e-01
-9.590809852840846694e-02 -4.082613264116600332e-02 -1.743265924580296167e-01
-2.634128498767121518e-02 -9.264030201054573518e-03 -2.010742490487519296e-01
4.740136347572002778e-02 2.379250006466167994e-02 -1.965540063402797244e-01
1.140931971119867883e-01 5.331090108122051030e-02 -1.614540303088757289e-01
1.635809888129849399e-01 7.479726387882237870e-02 -1.011179741232461765e-01
1.883306709001863755e-01 8.498048449589618025e-02 -2.473145538994169293e-02
1.845743286322414911e-01 8.231025990461721120e-02 5.607637085940849614e-02
1.526670547062342342e-01 -7.973913310527082354e-03 -1.638637966702819193e-01
1.526670547062342342e-01 -7.973913310527082354e-03 -1.638637966702819193e-01
8.680670612281164711e-02 -2.824950533556599627e-03 -2.107144567691275339e-01
8.043738335163856668e-03 2.759412594334460702e-03 -2.287225515779611751e-01
-7.163090079912057262e-02 7.929007409302506887e-03 -2.151465119059239040e-01
-1.400874697242492639e-01 1.189680996326233746e-02 -1.720531667259772857e-01
-1.869040763817138850e-01 1.405875828559329487e-02 -1.060030871996214125e-01
-2.049533168015116591e-01 1.408571534233082553e-02 -2.705179918928203586e-02
-1.914873577465001919e-01 1.197357716595297966e-02 5.278107940067472414e-02
-1.485562694135821871e-01 8.043897647233032300e-03 1.213417164917744012e-01
-3.932953042511773065e-03 -2.689428257628517262e-03 1.862004713994536709e-01
1.441982550169013388e-01 -1.182682562655638925e-02 1.295310865474697815e-01
1.910148616743660155e-01 -1.398877394888734665e-02 6.348100702111378335e-02
2.090641020941637340e-01 -1.401573100562488079e-02 -1.547028098922548917e-02
1.955981430391522946e-01 -1.190359282924702972e-02 -9.530315957918215897e-02
9.226380189805440113e-02 -1.678310109978691789e-01 7.582185276840375243e-02
9.226380189805440113e-02 -1.678310109978691789e-01 7.582185276840375243e-02
9.825549685037031356e-02 -1.811373131700884376e-01 -3.793773135005602034e-03
8.921792243290596613e-02 -1.666712851175652932e-01 -8.291811992487835292e-02
6.652696742490420145e-02 -1.266352484764255160e-01 -1.495052230664461468e-01
3.363712403231394754e-02 -6.712432689770658767e-02 -1.934177997199983956e-01
-4.444427235515778681e-03 2.801481276078745565e-03 -2.079705581585303553e-01
-4.192011540817973392e-02 7.249660562950144271e-02 -1.909479728308593471e-01
-7.308460667934908728e-02 1.313505952676283783e-01 -1.449415780430029776e-01
-9.319338975980517858e-02 1.704034637807992636e-01 -7.695543035240511032e-02
-9.918508471212109101e-02 1.837097659530185778e-01 2.660195551004211189e-03
-9.014751029465677135e-02 1.692437379004954057e-01 8.178454234087699504e-02
8.085879835639052382e-02 9.168816018311506943e-02 -1.786253198561217337e-01
8.085879835639052382e-02 9.168816018311506943e-02 -1.786253198561217337e-01
3.253083581407389263e-02 3.573043120466060096e-02 -2.116467303620010176e-01
-2.052047303308757870e-02 -2.540820178601362056e-02 -2.138601289592375609e-01
-7.021854732442579794e-02 -8.241993613916555328e-02 -1.849285457759104190e-01
-1.089973057632498549e-01 -1.266252521121867536e-01 -1.292565520862264117e-01
-1.309530339075693495e-01 -1.512942910703718169e-01 -5.531970426156057608e-02
-1.327431711765829636e-01 -1.526714154577321625e-01 2.562578285597636937e-02
-1.140951853987180742e-01 -1.305469705699558169e-01 1.012566926254073879e-01
1.120080407553977891e-01 1.300242097126873830e-01 1.106901368603456365e-01
1.339637688997173393e-01 1.546932486708725019e-01 3.675328903567960659e-02
1.357539061687308979e-01 1.560703730582328475e-01 -4.419219808185725906e-02
1.171059203908660779e-01 1.339459281704565574e-01 -1.198231078512881909e-01
-1.078927827485987728e-02 -1.913329068907456895e-02 -1.865354693575828893e-01
7.975458982411905151e-02 -1.686060345273630023e-01 6.780993455378821200e-02
7.975458982411905151e-02 -1.686060345273630023e-01 6.780993455378821200e-02
8.102411480207022398e-02 -1.898875245748203322e-01 -1.031166774034443685e-02
6.992706312949653613e-02 -1.821442803961140222e-01 -9.015148156200522567e-02
4.815286032852356124e-02 -1.465551407247688842e-01 -1.595546190065608716e-01
1.901643139195936111e-02 -8.853822945939265887e-02 -2.079550815390854290e-01
-1.304646649699008412e-02 -1.692609541552875241e-02 -2.279843374902873754e-01
-4.315454778562537175e-02 5.737896316425634968e-02 -2.165931142072535787e-01
-6.672413002818836092e-02 1.230646746882236714e-01 -1.755156221731297705e-01
-8.016695798704384646e-02 1.701309850193068463e-01 -1.110055371817186831e-01
-8.143648296499503281e-02 1.914124750667641761e-01 -3.288393488758606376e-02
-7.033943129242137271e-02 1.836692308880579216e-01 4.695587893407475455e-02
-4.856522849144838394e-02 1.480800912167127836e-01 1.163590163786303727e-01
-2.041430759304632137e-01 1.749398371169759436e-02 7.259965919243018678e-03
-1.853144366998234760e-01 1.698373749799367977e-02 -7.142766195141395102e-02
-1.379179879702201739e-01 1.389056794576381225e-02 -1.369297973084419862e-01
-6.916940941085775174e-02 8.685382079683178630e-03 -1.792743338220691429e-01
1.046495110001730185e-02 2.160622262735173091e-03 -1.920146996622751068e-01
8.886148406190011451e-02 -4.690375970044895204e-03 -1.732112896215923792e-01
1.540850279976848924e-01 -1.082461024216989191e-02 -1.257267524253785629e-01
1.962058895960464844e-01 -1.530819899268092907e-02 -5.679017841335547850e-02
2.088115495051956205e-01 -1.745855647814594652e-02 2.310346393274582966e-02
1.552886267492985251e-01 -1.392106101396862472e-01 -1.632842787736792090e-02
1.552886267492985251e-01 -1.392106101396862472e-01 -1.632842787736792090e-02
1.386753865579045120e-01 -1.251360090258292479e-01 -9.428284790653528036e-02
1.011596262099963284e-01 -9.216735704219565506e-02 -1.579744600713671732e-01
4.845278013732868400e-02 -4.532383259171925138e-02 -1.977067937856699376e-01
-1.142101213428432099e-02 8.263062365621515540e-03 -2.074309614159429993e-01
-6.934650848876802720e-02 6.043520883898390039e-02 -1.856665465902763712e-01
-1.165050772020843478e-01 1.032498704694840286e-01 -1.357269841709660974e-01
-1.457172536811208452e-01 1.301889031397523711e-01 -6.521511983309152827e-02
-1.525357488659833394e-01 1.371510833286798958e-01 1.513425426954784214e-02
-1.359225086745893263e-01 1.230764822148228965e-01 9.308867429871521548e-02
1.192579550853995335e-01 -1.053093972804903800e-01 1.345328105631461157e-01
1.484701315644359754e-01 -1.322484299507587502e-01 6.402094622527160217e-02
1.501289985942910465e-01 -5.703609203270091840e-03 -1.423753542832786045e-01
1.501289985942910465e-01 -5.703609203270091840e-03 -1.423753542832786045e-01
8.390900001618677162e-02 -1.384745923509676660e-03 -1.886996755902179690e-01
5.004951325197994939e-03 3.177639674543269663e-03 -2.061071244006181524e-01
-7.457072133245473688e-02 7.288965741713619891e-03 -1.919475744320121025e-01
-1.427033431499128147e-01 1.032332015353830054e-02 -1.483766888104799953e-01
-1.890203400792229149e-01 1.181874995730823608e-02 -8.202773990083853106e-02
-2.064703692025203485e-01 1.154758952150439048e-02 -3.001753719860838273e-03
-1.923968217706909789e-01 9.551120564402422117e-03 7.667027970874777665e-02
1.902070708703083590e-01 -1.138907177389338922e-02 8.451140114182299767e-02
2.076570999936057649e-01 -1.111791133808954189e-02 5.485414960845419810e-03
1.935835525617764230e-01 -9.121442380987573526e-03 -7.418661846776312963e-02
4.003071289814743791e-03 1.439418177866721438e-01 -1.591678868596493601e-01
4.003071289814743791e-03 1.439418177866721438e-01 -1.591678868596493601e-01
3.937717311616494194e-03 7.604631446891635393e-02 -2.032561400460906609e-01
3.296876756711356569e-03 -3.549446107290338877e-03 -2.180101880541453763e-01
2.178111790349539223e-03 -8.272773093158669599e-02 -2.011838608203654621e-01
7.517442370299560377e-04 -1.494343638924130191e-01 -1.553388141350576512e-01
-7.650743733085548859e-04 -1.935138648186169319e-01 -8.745454076967709711e-02
-2.141422157236899746e-03 -2.082555292758549725e-01 -7.865805971632453333e-03
-3.167762641275717172e-03 -1.914150724840336382e-01 7.131072685975155256e-02
-3.687844790529753222e-03 -1.455563013305867515e-01 1.380211483379540915e-01
-4.365177377449675281e-04 1.478198803484983559e-01 1.341920756133624937e-01
1.080300872593545998e-03 1.918993812747024075e-01 6.630780224798178690e-02
2.456648656521889448e-03 2.066410457319403926e-01 -1.328093255006277361e-02
3.482989140560706007e-03 1.898005889401190860e-01 -9.245746538144676563e-02
-1.312564232119978747e-01 1.546779421908309748e-01 -2.797918756906355234e-02
-1.312564232119978747e-01 1.546779421908309748e-01 -2.797918756906355234e-02
-1.141804543492173502e-01 1.367820592650071942e-01 -1.050759005343214897e-01
-7.937224604478541889e-02 9.769744117723973276e-02 -1.668540176302111266e-01
-3.213103247585785693e-02 4.337436672844590529e-02 -2.039083805489092516e-01
2.035113983436351304e-02 -1.791696843644152021e-02 -2.105977984346804055e-01
7.008433590372421806e-02 -7.684551414590534701e-02 -1.859038680541400812e-01
1.094971274632090819e-01 -1.244399335042766647e-01 -1.335860164566892161e-01
1.325892742757317222e-01 -1.534544076087294429e-01 -6.160916228553389024e-02
1.358452063199176996e-01 -1.594717457937233351e-01 1.906887088357519036e-02
1.187692374571371751e-01 -1.415758628678995823e-01 9.616558384883311383e-02
-1.049083443552892292e-01 1.196461299013842489e-01 1.246756997712008680e-01
-1.280004911678118973e-01 1.486606040058370271e-01 5.269884560004566010e-02
1.054062579080386475e-01 6.036236694961751026e-02 -1.668606900764091350e-01
1.054062579080386475e-01 6.036236694961751026e-02 -1.668606900764091350e-01
4.208991128765388057e-02 2.327530856081538174e-02 -2.010511500329671963e-01
-2.779223183454589824e-02 -1.743807657949739479e-02 -2.045587908915890984e-01
-9.360124865141061790e-02 -5.557954465146357215e-02 -1.768496061283932053e-01
-1.453183129127956497e-01 -8.534240289439537497e-02 -1.221420679391907044e-01
-1.750699704012600444e-01 -1.021955259417881845e-01 -4.876490308821911090e-02
-1.783268009636318763e-01 -1.035731785836173785e-01 3.211088024161690146e-02
-1.545929816700326032e-01 -8.926562569361673471e-02 1.081726771791514524e-01
1.432427994605292298e-01 8.425370734301390607e-02 1.231221465053326664e-01
1.729944569489937356e-01 1.011068303904067572e-01 4.974498165436093411e-02
1.762512875113655120e-01 1.024844830322359790e-01 -3.113080167547500193e-02
1.525174682177662944e-01 8.817693014223534909e-02 -1.071925986130094904e-01
2.191158755036355654e-02 4.982128903156899519e-02 -1.830258917676685915e-01
-6.955580547946668343e-03 -2.556340656375523379e-02 -1.883793328312048376e-01
-3.470988766168790762e-02 -9.698806610361092317e-02 -1.624362894189838313e-01
-7.079124523929251900e-02 -1.867205597379790749e-01 -3.662243820701108210e-02
-7.362523609028652494e-02 -1.913674351037393251e-01 4.409435125111912934e-02
7.433380896717788067e-02 1.922638975302798925e-01 -9.708872529527051015e-03
6.007653746133410910e-02 1.061390883471730606e-01 -1.615829999698322195e-01
6.007653746133410910e-02 1.061390883471730606e-01 -1.615829999698322195e-01
2.511002242917563174e-02 4.167730208443923279e-02 -1.958143041577786736e-01
-1.372107000405551648e-02 -2.923963330207122319e-02 -1.993774185134544463e-01
-5.050505802012937584e-02 -9.581525726338219195e-02 -1.717298911759200242e-01
-7.964191289128040585e-02 -1.479140345609181451e-01 -1.170808075568555706e-01
-9.669581258962296755e-02 -1.776043986277214826e-01 -4.374999524208708634e-02
-9.907045548007015201e-02 -1.803662606784419142e-01 3.709859433893093750e-02
-8.640432370874280565e-02 -1.557791522521990435e-01 1.131564963167781268e-01
9.614662903190202004e-02 1.761572492506990883e-01 5.501157985418034246e-02
9.852127192234921838e-02 1.789191113014195200e-01 -2.583700972683761199e-02
8.585514015102187202e-02 1.543320028751766770e-01 -1.018949117046847458e-01
2.389535585732122797e-02 1.323135009655231342e-01 -1.620641666624046962e-01
2.389535585732122797e-02 1.323135009655231342e-01 -1.620641666624046962e-01
1.530030603396965311e-02 6.234016275539871338e-02 -2.018733447264024761e-01
4.382435313889874659e-03 -1.727969695836964470e-02 -2.116912690469966440e-01
-7.196109456530503518e-03 -9.442467629018623521e-02 -1.900232496460823317e-01
-1.767259979576468049e-02 -1.573501514577611005e-01 -1.401680460563637098e-01
-2.545208501928566611e-02 -1.964762892876838196e-01 -6.971566108582953614e-02
-2.935020902302154858e-02 -2.058464899746712540e-01 1.060816830621640929e-02
-2.877351776398564751e-02 -1.840342254052103887e-01 8.857486723216194402e-02
2.553763361796001011e-02 1.944295751218760582e-01 5.996620697384228565e-02
2.943575762169589952e-02 2.037997758088634925e-01 -2.035762241820361640e-02
2.885906636265999844e-02 1.819875112394026828e-01 -9.832432134414906266e-02
-6.533811355366424267e-02 1.679038340762176451e-01 -1.048807550060859850e-01
-6.533811355366424267e-02 1.679038340762176451e-01 -1.048807550060859850e-01
-4.450268961701329962e-02 1.192237402742361702e-01 -1.661047282604365682e-01
-1.685039363240961943e-02 5.237083739646320596e-02 -2.024128709812375304e-01
1.340896300517825830e-02 -2.247712611703395896e-02 -2.082775975733801577e-01
4.166866754942852302e-02 -9.392522631980426695e-02 -1.828060565770897594e-01
6.362643615833867006e-02 -1.510961376346170448e-01 -1.298760592089575061e-01
7.593939760887023771e-02 -1.852861070693936907e-01 -5.754571775666041111e-02
7.673301513745332814e-02 -1.912900217105342193e-01 2.317332896986716573e-02
6.588646766952194200e-02 -1.681938399795466776e-01 9.999233782649216695e-02
-6.307808204248098460e-02 1.508061317312880678e-01 1.249876420293636187e-01
-7.539104349301256613e-02 1.849961011660646304e-01 5.265730057706670408e-02
-7.618466102159562880e-02 1.910000158072051868e-01 -2.806174614946083806e-02
6.963589596580622987e-02 9.900843388312867421e-02 -1.646935310222900628e-01
6.963589596580622987e-02 9.900843388312867421e-02 -1.646935310222900628e-01
2.980508279421095405e-02 3.699142950792146112e-02 -1.981235207618286254e-01
-1.454234427682310656e-02 -3.065655164292804824e-02 -2.008110999633174187e-01
-5.665489148615852205e-02 -9.363671766967918142e-02 -1.723471090562958830e-01
-9.012130527236505984e-02 -1.423609092113858332e-01 -1.170649326296379356e-01
-1.098466275102891743e-01 -1.694113097917193944e-01 -4.338078091012502469e-02
-1.128278566996983034e-01 -1.706697411348159221e-01 3.748760195144561908e-02
-9.861112772141478189e-02 -1.459446184763974474e-01 1.132287377381160365e-01
1.101217147886822123e-01 1.694196260674348253e-01 5.099897500930620359e-02
1.131029439780913692e-01 1.706780574105312975e-01 -2.986940785226438119e-02
9.888621499980783380e-02 1.459529347521129061e-01 -1.056105436389347535e-01
