1.984563880371852385e-01 -1.838400306329416312e-01 1.664762526589318170e-02
1.984563880371852385e-01 -1.838400306329416312e-01 1.664762526589318170e-02
1.286877548683810490e-01 -2.200933148498901148e-01 4.890957498943724474e-02
4.757246759203627440e-02 -2.261374483330655383e-01 7.353831452754824860e-02
-3.254040661593579631e-02 -2.010522665498609696e-01 8.678434154562861269e-02
-9.945440888238463173e-02 -1.486567610290300823e-01 8.663106850570960471e-02
-1.429824889391842491e-01 -7.692767251967920494e-02 7.310182983869528694e-02
-9.014268101758346474e-02 1.405131645473601532e-01 -1.910650085963992717e-02
-2.037404784877927533e-02 1.767664487643086646e-01 -5.136845058318399021e-02
6.074123942756553401e-02 1.828105822474840880e-01 -7.599719012129498019e-02
1.408541136355375700e-01 1.577254004642795471e-01 -8.924321713937538592e-02
2.077681159019863222e-01 1.053298949434487014e-01 -8.908994409945639181e-02
2.512961959587861061e-01 3.360080643409764367e-02 -7.556070543244201854e-02
2.648115982003171887e-01 -4.654176156403105891e-02 -5.071520508253143933e-02
2.462567251527330303e-01 -1.228968295674106037e-01 -1.833594525297694774e-02
-1.926896523055315058e-01 1.909826578363049698e-01 -3.452930866649116248e-02
-1.926896523055315058e-01 1.909826578363049698e-01 -3.452930866649116248e-02
-2.444019389906069706e-01 1.248477238914496024e-01 -4.853095022879513193e-02
-2.675679979731684366e-01 4.324993919140092402e-02 -5.554317468256406154e-02
-2.586610067739685270e-01 -4.138817322901899159e-02 -5.449843442068463134e-02
-2.190369740610090821e-01 -1.161812280002008091e-01 -4.555578167743389723e-02
-1.547282996220873119e-01 -1.697426605339619476e-01 -3.007665426762281408e-02
-7.552539618094350482e-02 -1.939182282626323306e-01 -1.041760902075574563e-02
1.052469214579264400e-01 1.627401046961435005e-01 4.031435131313853421e-02
4.093824701900449642e-02 2.163015372299047501e-01 2.483522390332744412e-02
-3.826465642213924129e-02 2.404771049585751053e-01 5.176178656460386947e-03
-1.203038647926984728e-01 2.315862968475318473e-01 -1.566987299831609781e-02
2.364428153431510360e-01 -1.509536720168106749e-01 -4.320243223428813645e-02
2.364428153431510360e-01 -1.509536720168106749e-01 -4.320243223428813645e-02
1.715849676567156590e-01 -2.045751398236366203e-01 -5.519600440162678728e-02
9.066779135113411936e-02 -2.303126042956333275e-01 -5.915093687799406058e-02
6.010193002901412229e-03 -2.242477697776356360e-01 -5.446512704541524308e-02
-6.949947546250409558e-02 -1.873039523471469181e-01 -4.185194697392852214e-02
-1.243655515180735471e-01 -1.251055133114202245e-01 -2.323163899065570914e-02
-1.502351724465644800e-01 -4.712160118339092651e-02 -1.438976192537879317e-03
-1.042454232754290444e-01 1.081175290892543994e-01 3.841460527822688348e-02
-3.938757558899365352e-02 1.617389968960803726e-01 5.040817744556553431e-02
4.152960071658789998e-02 1.874764613680770520e-01 5.436310992193282149e-02
1.261871990648205655e-01 1.814116268500793883e-01 4.967730008935400399e-02
2.016968675302260872e-01 1.444678094195907259e-01 3.706412001786729693e-02
2.565629435857955665e-01 8.226937038386386569e-02 1.844381203459442842e-02
2.824325645142864438e-01 4.285458255834664887e-03 -3.348850763523381242e-03
2.753673150380337997e-01 -7.761158326892850234e-02 -2.499613301645298158e-02
2.453571693010966059e-01 -2.033113349654571689e-01 1.460248739934873891e-02
2.453571693010966059e-01 -2.033113349654571689e-01 1.460248739934873891e-02
1.740257768140627270e-01 -2.405725419680144472e-01 4.184629869302445432e-02
9.175427649690300058e-02 -2.473659615512385501e-01 6.194704597171962757e-02
1.106775847989752148e-02 -2.226573571660854511e-01 7.184457267598071128e-02
-5.574998629397179273e-02 -1.702083898461383138e-01 7.003207008638695497e-02
-9.852656188724806530e-02 -9.800393941478630078e-02 5.678547529182716852e-02
-1.107496224364783732e-01 -1.703647891522969832e-02 3.412146226909217039e-02
-4.102659100392191949e-02 1.224237431927648334e-01 -2.474883045385474142e-02
3.030480148311198718e-02 1.596849501953221118e-01 -5.199264174753046031e-02
1.125763018002716997e-01 1.664783697785462147e-01 -7.209338902622564049e-02
1.932628198172770817e-01 1.417697653933931712e-01 -8.199091573048671033e-02
2.600805645911464792e-01 8.932079807344603384e-02 -8.017841314089296789e-02
3.028571401844227795e-01 1.711634764209390980e-02 -6.693181834633316063e-02
3.150802007336530597e-01 -6.385111285746260246e-02 -4.426780532359820414e-02
2.948888960725369879e-01 -1.412550215360234007e-01 -1.563676460560983056e-02
1.189715782611978079e-01 -1.424499594205523578e-01 4.879002861178320834e-03
1.189715782611978079e-01 -1.424499594205523578e-01 4.879002861178320834e-03
4.784331278877600180e-02 -1.882961358199858881e-01 -2.480582475704389347e-03
-3.546026341054779596e-02 -2.033179327383018153e-01 -9.560508015035652091e-03
-1.182569360092252525e-01 -1.852284177676146726e-01 -1.528291927313711260e-02
-1.879416621578138269e-01 -1.367815555803499894e-01 -1.877663100975006036e-02
-2.339055739938065148e-01 -6.535294177261952164e-02 -1.950975728355091796e-02
-2.491510826040717330e-01 1.818306470534623853e-02 -1.737068626515974462e-02
-2.313571975035763617e-01 1.011088641230616647e-01 -1.268507212639950754e-02
-1.832328763969006957e-01 1.707997552434230570e-01 -6.166257144698532311e-03
-1.121046109244789035e-01 2.166459316428566151e-01 1.193328192184176352e-03
-2.880103472515508495e-02 2.316677285611725423e-01 8.273253731515439746e-03
5.399563787352226751e-02 2.135782135904854551e-01 1.399566498961690025e-02
1.236803640221109390e-01 1.651313514032207996e-01 1.748937672622984107e-02
1.696442758581036547e-01 9.370273759549024861e-02 1.822250300003070561e-02
1.848897844683689007e-01 1.016673111752451099e-02 1.608343198163952534e-02
2.093074923595490411e-01 -1.620370442182779980e-01 -1.946040167396257889e-02
2.093074923595490411e-01 -1.620370442182779980e-01 -1.946040167396257889e-02
1.419208412394408203e-01 -2.135749110456952038e-01 -1.405328235745767484e-02
6.007353270171975762e-02 -2.353267546471702887e-01 -6.689533945490240899e-03
-2.377392247644559420e-02 -2.239810540153319707e-01 1.509779618763280352e-03
-9.685650932325344520e-02 -1.812650892223452714e-01 9.296387172107824226e-03
-1.480480664865768681e-01 -1.136819786867573207e-01 1.548484830031993109e-02
-1.695551434409210412e-01 -3.152063834518885332e-02 1.913302589516912428e-02
-1.154364957511526818e-01 1.261883295505725200e-01 1.705821266788871277e-02
-4.804984463104444714e-02 1.777261963779897258e-01 1.165109335138380872e-02
3.379746390667665024e-02 1.994780399794648107e-01 4.287344939416360898e-03
1.176449190848418980e-01 1.881323393476265204e-01 -3.911968624837150812e-03
1.907275059316498322e-01 1.454163745546398212e-01 -1.169857617818169729e-02
2.419190630949732412e-01 7.783326401905177327e-02 -1.788703730639381109e-02
2.634261400493174143e-01 -4.328076322516610785e-03 -2.153521490124299734e-02
2.519744792905215802e-01 -8.855932719746668902e-02 -2.208770699472573443e-02
2.629798775511673625e-01 -1.721247736607883216e-01 -3.100142428345740303e-02
2.629798775511673625e-01 -1.721247736607883216e-01 -3.100142428345740303e-02
1.961632830506975234e-01 -2.235929383113560709e-01 -4.140548361923616222e-02
1.143392787838113933e-01 -2.460213873821961994e-01 -4.625014272075303468e-02
2.996482766369672202e-02 -2.359955928166703742e-01 -4.479784615674620163e-02
-4.411482498291316445e-02 -1.950418909533258582e-01 -3.726969291398458256e-02
-9.662172357429524294e-02 -1.293951116546250835e-01 -2.481177608079951705e-02
-1.195621687761327379e-01 -4.904938197925891308e-02 -9.320700563746149928e-03
-6.780672184680489045e-02 1.064357077878721608e-01 2.122469366585445771e-02
-9.901273463350512838e-04 1.579038724384398962e-01 3.162875300163320996e-02
8.083387692055106488e-02 1.803323215092800247e-01 3.647341210315008242e-02
1.652083280406657084e-01 1.703065269437542550e-01 3.502111553914327019e-02
2.392879806872755810e-01 1.293528250804097945e-01 2.749296229638164418e-02
2.917948792786577705e-01 6.370604578170888099e-02 1.503504546319656479e-02
3.147353244804952377e-01 -1.663968389365718184e-02 -4.560300538567875830e-04
3.046168414664618962e-01 -9.945245493846735507e-02 -1.662188843425633014e-02
2.797240530802531655e-01 -1.685519821288805342e-01 -4.829560170033772581e-02
2.797240530802531655e-01 -1.685519821288805342e-01 -4.829560170033772581e-02
2.320237191155167800e-01 -1.812184962737233562e-01 -1.173079822326702909e-01
1.656406926786547495e-01 -1.724186708736189233e-01 -1.694071951027215639e-01
9.068118778104616862e-02 -1.434921995751172463e-01 -1.966616074315669926e-01
1.855710953374792305e-02 -9.884287541429995216e-02 -1.949219820040028472e-01
-3.975130495648615536e-02 -4.526815324752003766e-02 -1.644531610216319051e-01
-1.341214180974371895e-02 1.007863343998423311e-01 1.048815053028482186e-01
5.297088462711838780e-02 9.198650899973789818e-02 1.569807181728995193e-01
1.279303895247269340e-01 6.306003770123627672e-02 1.842351305017449203e-01
2.000544677720251796e-01 1.841071354041898256e-02 1.824955050741807472e-01
2.583628822622593413e-01 -3.516400862636103603e-02 1.520266840918098050e-01
2.939787054563847146e-01 -8.950786300527711903e-02 9.746726934864821668e-02
3.014797511313370704e-01 -1.363474903954060569e-01 2.712343715701603930e-02
-2.283632243647553683e-01 4.488692691817346148e-02 -1.377366980152167075e-01
2.538775433177892227e-01 -8.236619699379185700e-02 -1.237892536332463878e-01
2.538775433177892227e-01 -8.236619699379185700e-02 -1.237892536332463878e-01
1.962032438881298191e-01 -6.643003808996433834e-02 -1.839610174319218916e-01
1.209299564851497033e-01 -4.485226753039447956e-02 -2.166605457951959190e-01
3.951735676190308577e-02 -2.091790527979958680e-02 -2.169096319517227478e-01
-3.564022498080002266e-02 1.729258974701330942e-03 -1.846703547921428323e-01
-9.310072822780804391e-02 1.964139977241571855e-02 -1.248508520142269651e-01
-1.241163122405231078e-01 3.009155605085223756e-02 -4.655810065076984583e-02
-9.267021332297922798e-02 2.362037473090382311e-02 1.167719312828264244e-01
-3.499591389331983826e-02 7.684215827076304461e-03 1.769436950815019283e-01
4.027737350966030527e-02 -1.389355473249355606e-02 2.096432234447759557e-01
1.216899732329068812e-01 -3.782791698308841238e-02 2.098923096013028122e-01
1.968475549756099896e-01 -6.047508123758936482e-02 1.776530324417228968e-01
2.543080582226180941e-01 -7.838722203530378019e-02 1.178335296638069879e-01
2.853236422353331303e-01 -8.883737831374027838e-02 3.954077830034991026e-02
2.851724655047885859e-01 -9.023460851040951414e-02 -4.530585997912049689e-02
-7.971877344428003609e-02 6.438630591879818121e-02 7.204349262239795326e-02
-7.971877344428003609e-02 6.438630591879818121e-02 7.204349262239795326e-02
-8.669323197067928255e-02 4.053092676607693290e-02 -9.250500514933580887e-02
-4.729002255692864309e-02 9.784645050032507452e-03 -1.610576946354671524e-01
1.413015186290331182e-02 -2.785352217827769331e-02 -2.058722963761876468e-01
8.821662650866464450e-02 -6.665350514917899039e-02 -2.201261935018489213e-01
1.636904072111032837e-01 -1.007083581780731790e-01 -2.016493593869682910e-01
2.290612950297987727e-01 -1.248335385993225716e-01 -1.532547245326179031e-01
2.743771648829284038e-01 -1.353562063890970113e-01 -8.230993339691528021e-02
2.927390863747363903e-01 -1.306743807646244537e-01 3.843126858619544048e-04
2.813516234093276780e-01 -1.115008272363757907e-01 8.223856437481848192e-02
2.419484139955770385e-01 -8.075454552033142774e-02 1.507912538609498254e-01
1.805282395757450975e-01 -4.311637829202121658e-02 1.956058556016703198e-01
1.064417649299836399e-01 -4.316395321119825823e-03 2.098597527273315944e-01
3.096798422754508395e-02 2.973845770777427955e-02 1.913829186124509085e-01
-3.440290359115032170e-02 5.386363812902365822e-02 1.429882837581006316e-01
-4.152129494055311482e-02 -2.116159340167483027e-01 -4.462500130072118848e-02
-1.181685572622330899e-01 -1.809369679954936083e-01 -2.357841895473180086e-02
5.548963243135970197e-02 2.040789744382138227e-01 4.762239548407285611e-02
1.321368947530396909e-01 1.734000084169591283e-01 2.657581313808346848e-02
2.133139352414610002e-01 -1.742047592748188489e-01 -6.570728634097751375e-03
2.133139352414610002e-01 -1.742047592748188489e-01 -6.570728634097751375e-03
1.439962381099822997e-01 -2.221450072744208803e-01 4.495403316243854266e-03
6.143651007594309182e-02 -2.396924434979257890e-01 1.457749531863277576e-02
-2.179627867327246088e-02 -2.241756298482104892e-01 2.214064026009692973e-02
-9.303069055770515905e-02 -1.779568605431780248e-01 2.603341788337799542e-02
-1.414219321095017967e-01 -1.080725242353326176e-01 2.566318808344844951e-02
-1.596028754700984376e-01 -2.516187762445758203e-02 2.108631499120609473e-02
-9.928296161636640527e-02 1.291872765270145884e-01 2.634132421896226255e-03
-2.996526448488769784e-02 1.771275245266165921e-01 -8.431999528445373315e-03
5.259446354915154470e-02 1.946749607501215285e-01 -1.851409153083431042e-02
1.358272522983669517e-01 1.791581471004062287e-01 -2.607723647229845051e-02
2.070616641827996707e-01 1.329393777953738198e-01 -2.997001409557951621e-02
2.554529057345964471e-01 6.305504148752830162e-02 -2.959978429564997029e-02
2.736338490951930602e-01 -1.985560512334668890e-02 -2.502291120340762245e-02
2.588366104486008457e-01 -1.031701676776287657e-01 -1.693618225768844798e-02
-6.597511599952536610e-02 1.023456252016497897e-01 2.482147985902357495e-02
-6.597511599952536610e-02 1.023456252016497897e-01 2.482147985902357495e-02
-1.119363798259180171e-01 -3.834484011643327084e-02 -5.170231794060397429e-02
-8.693880447031825109e-02 -1.136157293320181755e-01 -8.210887390350578297e-02
-3.338783956731987412e-02 -1.768626543864185163e-01 -1.007439164741503052e-01
4.056386591730134356e-02 -2.184568442749050265e-01 -1.047704293482385057e-01
1.236578351973912915e-01 -2.320659606392260210e-01 -9.357541244112049794e-02
2.032437646987636515e-01 -2.156181388798606435e-01 -6.886320559382405615e-02
2.672054181030819042e-01 -1.716174107597966958e-01 -3.439601828213716128e-02
3.058052134933704758e-01 -1.067624882677203346e-01 4.578832671566899874e-03
3.131666819294745552e-01 -3.092694544171366994e-02 4.212777951749038796e-02
2.881691065738748447e-01 4.434394377387120001e-02 7.253433548039217582e-02
2.346181416708764123e-01 1.075908688282715547e-01 9.116937805103671189e-02
1.606664361862551460e-01 1.491850587167581343e-01 9.519589092512489858e-02
7.757246690616526053e-02 1.627941750810790733e-01 8.400087401800691855e-02
-2.013462595207030081e-03 1.463463533217137513e-01 5.928866717071050452e-02
1.809378538812642379e-01 2.025780769669134618e-02 -1.713711161166224239e-01
1.809378538812642379e-01 2.025780769669134618e-02 -1.713711161166224239e-01
1.122391059787150314e-01 6.489201457752620528e-02 -1.938126244403842735e-01
3.391379318262675857e-02 9.706797799667861437e-02 -1.870891999744629941e-01
-4.211376565452463333e-02 1.118871991994174198e-01 -1.522244231458006747e-01
-1.042690638913199574e-01 1.070935860942002910e-01 -9.452614017657209877e-02
-1.315379315894369128e-01 -3.841312777138674098e-03 1.186977404824325899e-01
-8.292451019288926695e-02 -5.413860973214174727e-02 1.668876653863642368e-01
-1.422576229034002576e-02 -9.877281661297658555e-02 1.893291737101260586e-01
6.409955050574825397e-02 -1.309487800321290640e-01 1.826057492442048347e-01
1.401271093428995973e-01 -1.457680012348678000e-01 1.477409724155425708e-01
2.022824075796949006e-01 -1.409743881296507406e-01 9.004268944631399485e-02
2.411028644987636971e-01 -1.172977248575359233e-01 1.829494088234656646e-02
2.506784174424958600e-01 -7.834256877221609794e-02 -5.657932895245568888e-02
2.295512752778119114e-01 -3.003948925831177730e-02 -1.231811912126906522e-01
-9.208606417491099760e-02 4.676440691195475619e-02 9.566426589765017474e-02
-9.208606417491099760e-02 4.676440691195475619e-02 9.566426589765017474e-02
-9.222759186978593537e-02 7.745951609973504570e-02 -6.791446181585540642e-02
-5.071515451904654026e-02 6.863712167389154906e-02 -1.413850879692520879e-01
1.146229635979051364e-02 4.465478637816598650e-02 -1.939004400250994853e-01
8.483880751041797397e-02 9.163603360921718927e-03 -2.174655316857466991e-01
1.582434702698827800e-01 -3.243321649184102706e-02 -2.084927913639481045e-01
2.205010901479814156e-01 -7.380293443365007477e-02 -1.683482374356038425e-01
2.621335088850028083e-01 -1.086473859252919810e-01 -1.031435143250168801e-01
2.768025681270511740e-01 -1.316618190929036147e-01 -2.280545004348713892e-02
2.622750365798777183e-01 -1.393424951130723122e-01 6.043521338848872188e-02
2.207625992291384065e-01 -1.305201006872288294e-01 1.339058395418853131e-01
1.585851483503013803e-01 -1.065377653915032669e-01 1.864211915977327660e-01
8.520863719967379513e-02 -7.104658237425892642e-02 2.099862832583800076e-01
1.180397444020904463e-02 -2.944976252149622206e-02 2.010135429365814130e-01
-5.045364543788952161e-02 1.191995542031277708e-02 1.608689890082372620e-01
