-4.515107862194078087e-02 1.724016026676190305e-01 -1.339899070019889282e-01
-4.515107862194078087e-02 1.724016026676190305e-01 -1.339899070019889282e-01
-3.195025952144135706e-02 1.139244702657820490e-01 -1.898708016727477799e-01
-1.430299069715151514e-02 3.921291424223829342e-02 -2.185634545242122750e-01
5.104091145320880166e-03 -4.035890826036959977e-02 -2.156996692592928200e-01
2.331643372109436924e-02 -1.126769085863867925e-01 -1.817154312242952041e-01
3.756137296830400207e-02 -1.667313267504825225e-01 -1.217845325921629862e-01
4.567024601725796357e-02 -1.942928675916941184e-01 -4.503090940468931769e-02
4.640855045337024393e-02 -1.911655363629370386e-01 3.686039498115975532e-02
3.966388611898911953e-02 -1.578254408944612941e-01 1.114221718191615446e-01
2.646306701848969573e-02 -9.934830849262436814e-02 1.673030664899203823e-01
8.815798194199843396e-03 -2.463675246908056393e-02 1.959957193413849330e-01
-1.059128364827252589e-02 5.493507003352724599e-02 1.931319340764654779e-01
-2.880362622404601669e-02 1.272530703595444457e-01 1.591476960414679176e-01
-4.304856547125567728e-02 1.813074885236402589e-01 9.921679740933557479e-02
-5.115743852020963878e-02 2.088690293648518548e-01 2.246317422186200688e-02
-5.189574295632191220e-02 2.057416981360947750e-01 -5.942813016398698633e-02
-1.199863643326116863e-01 1.780720788071992189e-01 -1.766294527458608585e-02
-1.199863643326116863e-01 1.780720788071992189e-01 -1.766294527458608585e-02
-1.706911009305986382e-01 1.111979135162180776e-01 -8.160009360319868746e-03
-1.916999404158892806e-01 3.007126385874658858e-02 2.353099916317587335e-03
1.687212767298028049e-01 -1.429121534539490312e-01 1.461364592414763838e-02
2.194260133277897706e-01 -7.603798816296795937e-02 5.110710009881427353e-03
2.404348528130804130e-01 5.088661494503538343e-03 -5.402399266756030896e-03
2.285493898196434559e-01 8.811699852302577740e-02 -1.532515631996958158e-02
1.855790783462393789e-01 1.604067112637558301e-01 -2.314691133842416634e-02
1.180657587878502640e-01 2.109523462597952537e-01 -2.767687302494587290e-02
3.628772203747540614e-02 2.320587887803192140e-01 -2.822539577696668925e-02
-4.730506712939001879e-02 2.205127742819560366e-01 -2.470897197786260310e-02
1.191597581071189849e-01 -1.272067874744264859e-01 -1.412468514970907293e-02
1.191597581071189849e-01 -1.272067874744264859e-01 -1.412468514970907293e-02
5.104494439822391399e-02 -1.771093753068509469e-01 -9.845244563163428608e-03
-3.091915387702682400e-02 -1.970973454975191719e-01 -4.315563533837494734e-03
-1.142542457626273822e-01 -1.841277107763030219e-01 1.622514128237218835e-03
-1.862733189534841460e-01 -1.401749804594760729e-01 7.064969927817884958e-03
-2.360121224108134019e-01 -7.193055930528277631e-02 1.118323930540302338e-02
-2.558983741916128762e-01 1.021595820276925345e-02 1.335035308046016861e-02
-2.429045727315772008e-01 9.375850943411463689e-02 1.323638782567217176e-02
-1.990089065138931357e-01 1.659784982788937713e-01 1.085869371798288061e-02
-1.308940928049980579e-01 2.158810861113181767e-01 6.579253131437238881e-03
-4.892999452974731989e-02 2.358690563019864572e-01 1.049572102111299803e-03
3.440509735585318279e-02 2.228994215807703627e-01 -4.888505559963409429e-03
1.064241705467099952e-01 1.789466912639434137e-01 -1.033096135954407468e-02
1.561629740040392789e-01 1.107022701097500200e-01 -1.444923073712922265e-02
-1.717235083779261318e-01 1.898554386865721755e-01 -1.057391420841541363e-02
-1.717235083779261318e-01 1.898554386865721755e-01 -1.057391420841541363e-02
-2.207238493604209706e-01 1.211330711285198425e-01 -5.995696672605669957e-03
-2.396379316463712328e-01 3.891483191993571483e-02 -7.826430847024652779e-04
-2.255862576643239137e-01 -4.428229732986752737e-02 4.271606402984379214e-03
-1.807080673993038400e-01 -1.157923078764621916e-01 8.397588122840244154e-03
-1.118356584973525247e-01 -1.647284488539889624e-01 1.096715876013449296e-02
-2.945423088385075092e-02 -1.836406364058420781e-01 1.158912447855492238e-02
5.389438987654697477e-02 -1.696496614166589367e-01 1.016879663560528793e-02
1.255211318301986123e-01 -1.248855230000386063e-01 6.922407270070716004e-03
1.745214728126934511e-01 -5.616315544198629411e-02 2.344189734260970596e-03
1.934355550986437133e-01 2.605508376659779884e-02 -2.868863853642233432e-03
1.793838811165964497e-01 1.092522130164010064e-01 -7.923113341329068166e-03
1.345056908515763761e-01 1.807622235629957053e-01 -1.204909506118493831e-02
6.563328194962496365e-02 2.296983645405225871e-01 -1.461866569847919406e-02
-1.674814566387675119e-02 2.486105520923756751e-01 -1.524063141689962521e-02
-1.000967664242743693e-01 2.346195771031925892e-01 -1.382030357394999076e-02
1.519030320227419406e-01 -1.636773544108354739e-01 -9.042827877899753571e-04
1.519030320227419406e-01 -1.636773544108354739e-01 -9.042827877899753571e-04
8.149054763007762547e-02 -2.103785333139051583e-01 -8.389823192597799066e-04
-1.433754354494680330e-03 -2.265795133966808095e-01 -9.425108847250162573e-04
-8.424540066449327791e-02 -2.098138423038100608e-01 -1.199107198582384298e-03
-1.543370688386639655e-01 -1.626339414779955361e-01 -1.569706798098477853e-03
-2.010379377800435019e-01 -9.222252313310150273e-02 -1.997889253740706052e-03
-2.172382235367379677e-01 -9.299087431041365079e-03 -2.418467668121166998e-03
-2.004715794582467847e-01 7.351202424536276703e-02 -2.767412790203254303e-03
-1.532905751155131391e-01 1.436035708279750633e-01 -2.991600888345379971e-03
-8.287809072284881007e-02 1.903047497310447200e-01 -3.056901356875574988e-03
4.621126172351405857e-05 2.065057298138204267e-01 -2.953372791410339288e-03
8.285785757172203780e-02 1.897400587209497058e-01 -2.696776477552971247e-03
1.529495257458927393e-01 1.425601578951352089e-01 -2.326176878036878126e-03
1.996503946872723589e-01 7.214873955024107832e-02 -1.897994422394648842e-03
2.158506804439667970e-01 -1.077469615181900035e-02 -1.477416008014188981e-03
1.990840363654756417e-01 -9.358580782822305266e-02 -1.128470885932101242e-03
-1.393381555308912667e-01 1.425765329515360502e-01 6.472798883161087757e-04
-1.393381555308912667e-01 1.425765329515360502e-01 6.472798883161087757e-04
-1.856543513813239954e-01 7.200035577700608647e-02 -2.920014549940468020e-03
-2.014096979410513744e-01 -1.093904223190167620e-02 -6.346045042854181820e-03
-1.842055865189271280e-01 -9.361488957584616910e-02 -9.109229504922674789e-03
-1.366611871233113784e-01 -1.634405379551344129e-01 -1.078889815012554383e-02
-6.601470357113276011e-02 -2.097856653750984623e-01 -1.112933665346483268e-02
1.697857742875764214e-02 -2.255946463056749951e-01 -1.007871633888985687e-02
9.968368118009225676e-02 -2.084607067089527810e-01 -7.796984625397784634e-03
1.695095053603627999e-01 -1.609923335689835422e-01 -4.631514482418297787e-03
2.158257012107955286e-01 -9.041615639445356456e-02 -1.064220044161720124e-03
2.315810477705229353e-01 -7.476758385545807101e-03 2.361810448751994543e-03
2.143769363483987445e-01 7.519908895839867713e-02 5.124994910820485777e-03
1.668325369527829671e-01 1.450247373376869209e-01 6.804663556023354820e-03
9.618605340060421005e-02 1.913698647576509981e-01 7.145102059362645405e-03
1.319277240071391188e-02 2.071788456882275309e-01 6.094481744787671323e-03
-6.951233135062058477e-02 1.900449060915053168e-01 3.812750031295600826e-03
-1.514118392094227217e-01 -1.293484808229759808e-01 -5.996505088355465370e-03
-2.050013160068565599e-01 -6.526642080338854179e-02 7.018599038787863044e-03
-2.297292679839874341e-01 1.473375438132706189e-02 1.869060557787996513e-02
-2.218310886117400571e-01 9.847274326269184197e-02 2.724255734034682075e-02
-1.825092041023647915e-01 1.732020438793425154e-01 3.137249719398862990e-02
-1.177500149186433143e-01 2.275447976351909762e-01 3.045167923408641925e-02
-3.741252057028539302e-02 2.532278128891988223e-01 2.462028964779970977e-02
4.627262368937112846e-02 2.463410833860563698e-01 1.476610463796243153e-02
1.205651132545155352e-01 2.079330512642586504e-01 2.389334543912737668e-03
1.741545900519494150e-01 1.438509912446710726e-01 -1.062576958323062024e-02
-1.381661844221141466e-01 1.894499658283046173e-01 -1.431948104257882957e-02
-1.381661844221141466e-01 1.894499658283046173e-01 -1.431948104257882957e-02
-1.879685957101226434e-01 1.212107177431033106e-01 -1.287866364038647501e-02
-2.078841741483117844e-01 3.915832307412389635e-02 -9.760111303412562569e-03
-1.948809534546352973e-01 -4.421548489709135887e-02 -5.438595355214025789e-03
-1.509385561052163927e-01 -1.162177996923763335e-01 -5.720274242644886840e-04
-8.274681375768017100e-02 -1.658869215867576907e-01 4.098701637497143349e-03
-6.873010247553067165e-04 -1.856611770235271630e-01 7.862515670682038160e-03
8.274716515130577099e-02 -1.725301148665084883e-01 1.014640810779697359e-02
1.548544436305168970e-01 -1.284928202957328625e-01 1.060267702882768982e-02
2.046568549185254493e-01 -6.025357221053155576e-02 9.161859626635336998e-03
2.245724333567145625e-01 2.179882245844787583e-02 6.043307289661419349e-03
2.115692126630381309e-01 1.051726304296630721e-01 1.721791341462892977e-03
1.676268153136192263e-01 1.771749452249480050e-01 -3.144776589486652368e-03
9.943507296608286583e-02 2.268440671193295011e-01 -7.815505651248291774e-03
1.737556023315806747e-02 2.466183225560989178e-01 -1.157931968443317791e-02
-6.605890594290289575e-02 2.334872603990802709e-01 -1.386321212154811161e-02
1.277046833378467916e-01 -1.581909921725930812e-01 -1.053028791898176844e-02
1.277046833378467916e-01 -1.581909921725930812e-01 -1.053028791898176844e-02
5.892508732294329810e-02 -2.072008072742233531e-01 -7.230595320906051116e-03
-2.334323693435491967e-02 -2.261293433223113269e-01 -3.093431741425433854e-03
-1.065756828300906955e-01 -2.120949022911422510e-01 1.251357167965395315e-03
-1.781008649806391231e-01 -1.672341006051867585e-01 5.142316681421223341e-03
-2.270297227809700280e-01 -9.837658865695173005e-02 7.987083484654223728e-03
-2.459132811721834178e-01 -1.600529844565571139e-02 9.352567619747459080e-03
-2.318766895691001528e-01 6.733948779163667631e-02 9.030886505277495313e-03
-1.870568918012700255e-01 1.389692818726661894e-01 7.071013174875816210e-03
-1.182772957863665181e-01 1.879790969742964890e-01 3.771320576800097149e-03
-3.600897152906831072e-02 2.069076330223844629e-01 -3.658430026805172940e-04
4.722347436666736453e-02 1.928731919912154147e-01 -4.710631912071346246e-03
1.187486565172158892e-01 1.480123903052599499e-01 -8.601591425527176440e-03
1.676775143175468219e-01 7.915487835702479658e-02 -1.144635822876017943e-02
1.865610727087602116e-01 -3.216411854271118871e-03 -1.281184236385341478e-02
1.725244811056770300e-01 -8.656119809156338774e-02 -1.249016124938345275e-02
-6.357208649264506350e-02 1.885069357885749419e-01 -1.082964532922311429e-01
-6.357208649264506350e-02 1.885069357885749419e-01 -1.082964532922311429e-01
-6.381534154216100818e-02 1.305929174842588025e-01 -1.660834604500563139e-01
-5.522391455821919204e-02 5.584941524867004237e-02 -1.982242000396869375e-01
-3.910577241764517931e-02 -2.434455025435796130e-02 -1.998255358151315997e-01
-1.791475615001896296e-02 -9.778017473709679774e-02 -1.706436789207239069e-01
5.122994114954117911e-03 -1.532775500676430147e-01 -1.151213025344458574e-01
4.296234646787339129e-02 -1.806788793024216577e-01 3.841064832658976080e-02
5.200325017467087585e-02 -1.484112292243270625e-01 1.130463750533549638e-01
5.224650522418686216e-02 -9.049721092001097866e-02 1.708333822111801625e-01
4.365507824024501826e-02 -1.575370868442218034e-02 2.029741218008108139e-01
2.753693609967100900e-02 6.444025681860575394e-02 2.045754575762555316e-01
6.345919832044811734e-03 1.378758813013446216e-01 1.753936006818478111e-01
-1.669183043292831597e-02 1.933732566318909496e-01 1.198712242955696783e-01
-3.806902605513229343e-02 2.224834105011290475e-01 4.646110691063692205e-02
-5.453118278584755119e-02 2.207745858666695649e-01 -3.366072656546579417e-02
-1.626619432097892726e-01 1.657226140809686943e-01 -1.216855290601802711e-02
-1.626619432097892726e-01 1.657226140809686943e-01 -1.216855290601802711e-02
-2.120490241905076123e-01 9.724443263367285595e-02 -9.210148030148811865e-03
-2.314507727264132342e-01 1.512387647821836906e-02 -5.101173461877195857e-03
-2.179134484802028593e-01 -6.813694413542209505e-02 -4.671833312753087553e-04
-1.734979863522122245e-01 -1.398623240300402026e-01 3.986339371497837902e-03
-1.049662378242610661e-01 -1.891327243088680998e-01 7.581386186228874190e-03
-2.275154036788253412e-02 -2.084471731667450478e-01 9.770643824555523549e-03
6.062966360727805454e-02 -1.948652208509741024e-01 1.022081765671246922e-02
1.324833416484987592e-01 -1.504545964809270997e-01 8.863372797589762903e-03
1.818704226292170989e-01 -8.197641503363128912e-02 5.904967921720549393e-03
2.012721711651227208e-01 1.441411218231674132e-04 1.795993353448928180e-03
1.877348469189124014e-01 8.340496173546363412e-02 -2.837996777152949381e-03
1.433193847909217666e-01 1.551303416300817417e-01 -7.291519479926100375e-03
7.478763626297049716e-02 2.044007419089097222e-01 -1.088656629465714620e-02
-7.427061193407933325e-03 2.237151907667866146e-01 -1.307582393298379123e-02
-9.080826516856846387e-02 2.101332384510157525e-01 -1.352599776514073343e-02
-4.815456569767877226e-02 1.910420720737189826e-01 -1.228161207532264404e-01
-4.815456569767877226e-02 1.910420720737189826e-01 -1.228161207532264404e-01
-3.274646695204204427e-02 1.327754171599015987e-01 -1.782960936350140302e-01
-1.346348597691728391e-02 5.831953905294661594e-02 -2.064905759462800638e-01
6.758718174890588487e-03 -2.099032974957788095e-02 -2.031072133387528400e-01
2.484149823600597176e-02 -9.307998066823849892e-02 -1.686610920991700457e-01
3.803191486293346080e-02 -1.469744178449820526e-01 -1.083963219313915233e-01
4.432184669564785684e-02 -1.744687017739389168e-01 -3.148766779195962678e-02
4.275370863099241248e-02 -1.713770769632300128e-01 5.035622490508311760e-02
3.356623547410397812e-02 -1.381702152646368531e-01 1.246753654133466310e-01
1.815813672846726401e-02 -7.990356035081949693e-02 1.801553382951342208e-01
-1.124844246657499824e-03 -5.447682243864493401e-03 2.083498206064002545e-01
-2.134704839846536181e-02 7.386218655865987859e-02 2.049664579988730861e-01
-3.942982845958074856e-02 1.459518374773205451e-01 1.705203367592903196e-01
-5.262024508650826882e-02 1.998462746540641266e-01 1.102555665915117000e-01
-5.891017691922265098e-02 2.273405585830210462e-01 3.334691245207984517e-02
-5.734203885456723437e-02 2.242489337723120868e-01 -4.849698024496278820e-02
-1.479262874244875459e-01 1.353359662804403396e-01 4.265935851214761217e-03
-1.479262874244875459e-01 1.353359662804403396e-01 4.265935851214761217e-03
-1.933946949371288249e-01 6.410610876543657022e-02 3.910650402605691731e-03
-2.081529065062190653e-01 -1.909098899684304185e-02 2.632751224653703641e-03
-1.899541182038852472e-01 -1.015893230556606519e-01 6.267868830170980794e-04
-1.415689305767309503e-01 -1.708292698998218340e-01 -1.801852735401997816e-03
-7.036354982817236148e-02 -2.162696752839842196e-01 -4.283429264372236832e-03
1.282165030120631551e-02 -2.309926494067095215e-01 -6.440145172905152419e-03
9.532247716742420218e-02 -2.127567529219057674e-01 -7.943660014605006398e-03
1.645789277519574545e-01 -1.643382357605708832e-01 -8.565077284218975545e-03
2.100473352645987613e-01 -9.310837824556711384e-02 -8.209791835609905192e-03
2.248055468336890017e-01 -9.911280483287512183e-03 -6.931892657657920571e-03
2.066067585313552113e-01 7.258705357553005277e-02 -4.925928316021314576e-03
1.582215709042009144e-01 1.418270004196913181e-01 -2.497288697602217163e-03
8.701619015564222848e-02 1.872674058038537315e-01 -1.571216863197576197e-05
3.830990026263598330e-03 2.019903799265790056e-01 2.141003739900936356e-03
-7.866983683995418253e-02 1.837544834417752515e-01 3.644518581600792936e-03
2.545007261132703480e-02 -1.256077393319813551e-01 1.177703637926373337e-01
2.545007261132703480e-02 -1.256077393319813551e-01 1.177703637926373337e-01
3.573961475125637943e-02 -1.603767002659279850e-01 4.433060615314586561e-02
3.911062043168623409e-02 -1.650597680589760696e-01 -3.736920119528767265e-02
3.504988459601377643e-02 -1.389439880917493486e-01 -1.148910031944622018e-01
2.417561746455813149e-02 -8.600525112412311934e-02 -1.764328082268883657e-01
8.143327632606401842e-03 -1.430299996857287148e-02 -2.126254343542312575e-01
-1.060621410599601327e-02 6.524674761899412756e-02 -2.179588823355756433e-01
-2.921855998656599368e-02 1.405332636886285624e-01 -1.916211830635881908e-01
-4.486014907012230574e-02 2.000948586426960496e-01 -1.376220125005906403e-01
-5.514969121005163649e-02 2.348638195766427073e-01 -6.418225486109918609e-02
-5.852069689048150503e-02 2.395468873696908196e-01 1.751755248733437298e-02
-5.445996105480906818e-02 2.134311074024641541e-01 9.503935448650881190e-02
-4.358569392335343018e-02 1.604923704348379110e-01 1.565811595189350591e-01
-2.755340409140166064e-02 8.879011927928753822e-02 1.927737856462779509e-01
-8.803862352799254193e-03 9.240371691720577346e-03 1.981072336276223089e-01
9.808483527770707130e-03 -6.604614437791372916e-02 1.717695343556349674e-01
-1.481950820109918798e-01 1.902873173541626550e-01 -1.489322026110806094e-02
-1.481950820109918798e-01 1.902873173541626550e-01 -1.489322026110806094e-02
-1.980540620998410550e-01 1.220529561591510020e-01 -1.453396922295631735e-02
-2.180471048524502964e-01 3.997291983489405232e-02 -1.227103241407577830e-02
-2.051304507471186922e-01 -4.345685014562214454e-02 -8.448921450045256132e-03
-1.612705432816219642e-01 -1.155349275956121941e-01 -3.649518077616216438e-03
-9.314465577653070760e-02 -1.652880786127142176e-01 1.396512046458912165e-03
-1.112433704178711173e-02 -1.851418369680115639e-01 5.920956578166680119e-03
7.230356291128509083e-02 -1.720736479266778418e-01 9.235009851746397991e-03
1.444379025906269154e-01 -1.280730248068274735e-01 1.083413729826327582e-02
1.942968826794760906e-01 -5.983866361181586213e-02 1.047488626011153223e-02
2.142899254320853319e-01 2.224137271244107372e-02 8.211949451230993180e-03
2.013732713267537833e-01 1.056711426929571596e-01 4.389838487200470145e-03
1.575133638612570552e-01 1.777492201429472507e-01 -4.095648852285608751e-04
8.938747635616572929e-02 2.275023711600493992e-01 -5.455595009303700754e-03
7.367157621422157701e-03 2.473561295153467454e-01 -9.980039541011464371e-03
-7.606074233164995813e-02 2.342879404740130789e-01 -1.329409281459117964e-02
