1.826643516118025001e-01 -1.323209137989688755e-01 9.625455018351955147e-03
1.826643516118025001e-01 -1.323209137989688755e-01 9.625455018351955147e-03
1.124944916424413799e-01 -1.764787605866537656e-01 -4.763274688605875946e-03
-1.120303134826663993e-01 1.820196577493845003e-01 -1.002045143553242923e-02
-4.186045351330528602e-02 2.261775045370694459e-01 4.368278271425398394e-03
4.005897704050603164e-02 2.396849681862772419e-01 1.806190989816770787e-02
1.212564874784367586e-01 2.204856598018790359e-01 2.897571216260277221e-02
1.893704928935772414e-01 1.715025000432354729e-01 3.544815760383428216e-02
2.340312534164688540e-01 1.001927309501510210e-01 3.649387507629871935e-02
2.484395731083035574e-01 1.741261844238153195e-02 3.195366357426591974e-02
2.304019159077429768e-01 -6.423531575435384444e-02 2.251872914180060026e-02
-1.412082090086661801e-01 2.084907718416260658e-01 -3.365403433478644790e-02
-1.412082090086661801e-01 2.084907718416260658e-01 -3.365403433478644790e-02
-1.951635479222245118e-01 1.438140469701540414e-01 -3.227114049970949278e-02
-2.204787240537292581e-01 6.369600664576272053e-02 -2.623697073525863011e-02
-2.132997313198020384e-01 -1.966610376400345500e-02 -1.647017268818641231e-02
-1.747195062864519421e-01 -9.358115862867022461e-02 -4.457652824914780897e-03
1.992204926801204035e-01 1.044405374163096395e-01 1.303203467190871927e-02
1.606402676467704183e-01 1.783555922809764160e-01 1.019514808637090892e-03
9.653229984471417557e-02 2.315706945390391680e-01 -1.140992961541456227e-02
1.665644623163987231e-02 2.559843272678109516e-01 -2.236402835987863491e-02
-6.682691855627828637e-02 2.478797361944681532e-01 -3.017511919006287541e-02
-7.361489450200633944e-02 9.443551804943697836e-02 -1.283967332673826012e-01
-5.031225149823301268e-02 3.685947377817784532e-02 -1.753543727159627974e-01
-1.706418385054758388e-02 -3.064424127837583889e-02 -1.953755714495226392e-01
2.106759153617356398e-02 -9.779879842556458980e-02 -1.854122834534960573e-01
5.827785752470679426e-02 -1.543805250953053099e-01 -1.469813290078475498e-01
8.890168843019909117e-02 -1.917753663167595657e-01 -8.593347254945744862e-02
1.082768836030076620e-01 -2.042902964990407355e-01 -1.156269682391883671e-02
1.134537452146540532e-01 -1.900200309700210699e-01 6.480872173731579144e-02
1.036441430131324337e-01 -1.511370882962146389e-01 1.315539269669316891e-01
8.034150000935909308e-02 -9.356104402495550587e-02 1.785115664155119686e-01
4.709343236167370939e-02 -2.605732896840189453e-02 1.985327651490717826e-01
8.961656974952538976e-03 4.109722817878688761e-02 1.885694771530452285e-01
-2.824860901358077284e-02 9.767895484852774646e-02 1.501385227073966100e-01
-7.149685823571227949e-02 1.870752174274426249e-01 -1.063906828870356397e-01
-7.149685823571227949e-02 1.870752174274426249e-01 -1.063906828870356397e-01
-3.664158305795727627e-02 1.452549034641985037e-01 -1.620266526329532386e-01
1.742383007873203951e-03 8.531681371632704458e-02 -1.935431014129677663e-01
3.781142907977531886e-02 1.638597900780509181e-02 -1.961419355976416479e-01
6.607436986001877233e-02 -5.104350593656759028e-02 -1.694275062408487353e-01
8.222842881900768730e-02 -1.067061132838132975e-01 -1.174668430452557033e-01
8.381429691714514796e-02 -1.421277156481059734e-01 -4.817048595780670794e-02
9.715080326942116679e-03 -9.275960672406012575e-02 1.548332112332195254e-01
-2.866888573888837222e-02 -3.282151697618859720e-02 1.863496600132340530e-01
-6.473793181079043335e-02 3.610931773233326536e-02 1.889484941979079347e-01
-9.300087259103390069e-02 1.035388026767059405e-01 1.622340648411150499e-01
-1.091549315500228712e-01 1.592014100239517449e-01 1.102734016455219068e-01
-1.107407996481603041e-01 1.946230123882443930e-01 4.097704455807298085e-02
-9.751704284343498674e-02 2.044109919072455983e-01 -3.510526422770903626e-02
-1.571117165047726805e-01 1.676614742608945607e-01 -1.322893403729103086e-02
-1.571117165047726805e-01 1.676614742608945607e-01 -1.322893403729103086e-02
-2.063448710283602994e-01 9.945263623452858803e-02 -1.492214476222971341e-02
-2.257888285472281209e-01 1.759266467501793482e-02 -1.461616422344822613e-02
-2.124834227890422811e-01 -6.545600181019183006e-02 -1.235757518425555958e-02
-1.684542811666830397e-01 -1.370499565867640546e-01 -8.490227351708169029e-03
-1.004044413669919616e-01 -1.862896690407816469e-01 -3.602889375716002325e-03
-1.869387462613810238e-02 -2.056788393102254586e-01 1.560385840705211247e-03
6.423772597771564008e-02 -1.922656419848387810e-01 6.213536451061747387e-03
1.357647760294639905e-01 -1.480921147664752135e-01 9.648162455842127991e-03
1.849979305530516094e-01 -7.988327674010925472e-02 1.134137318078081054e-02
2.044418880719194309e-01 1.976694819401359458e-03 1.103539264199932327e-02
1.911364823137336189e-01 8.502536130461112174e-02 8.776803602806661914e-03
1.471073406913744608e-01 1.566193160811833185e-01 4.909455770259274834e-03
7.905750089168328554e-02 2.058590285352010496e-01 2.211779426709533682e-05
-2.653065849170539031e-03 2.252481988046448058e-01 -5.141157422154114982e-03
-8.558466645302419129e-02 2.118350014792581559e-01 -9.794308032510643316e-03
-1.283038669022466549e-01 1.522931602107593374e-01 -2.497280319573985490e-03
-1.283038669022466549e-01 1.522931602107593374e-01 -2.497280319573985490e-03
-1.752315236033271384e-01 8.256838340268851661e-02 -4.564538880410867402e-03
-1.919021912579670364e-01 1.815550514442360432e-04 -6.152738023547723277e-03
-1.757779118357259418e-01 -8.232467706495544268e-02 -7.020088826503042070e-03
-1.293134607116831203e-01 -1.523894870276452096e-01 -7.034544992081493558e-03
-5.958262936817583511e-02 -1.993461426588894192e-01 -6.193905700119217358e-03
2.279869523430718553e-02 -2.160459188019744625e-01 -4.626150662403318709e-03
1.052887032136051032e-01 -1.999464259229633556e-01 -2.569956371691232457e-03
1.753290386286541214e-01 -1.534986658704191320e-01 -3.383597692962151543e-04
2.222566953297346604e-01 -8.377388906234832511e-02 1.728898791540668927e-03
2.389273629843745861e-01 -1.387060711103942079e-03 3.317097934677521766e-03
2.228030835621335193e-01 8.111917140529566195e-02 4.184448737632843161e-03
1.763386324380906978e-01 1.511839813679853872e-01 4.198904903211293782e-03
1.066078010945832599e-01 1.981406369992296523e-01 3.358265611249016715e-03
2.422647649210031562e-02 2.148404131423146957e-01 1.790510573533118065e-03
-5.826353148719748409e-02 1.987409202633036165e-01 -2.656837171789640673e-04
-1.902604232724719180e-01 1.527083338331459705e-01 -1.202472218516234710e-02
-1.902604232724719180e-01 1.527083338331459705e-01 -1.202472218516234710e-02
-2.390634839372219322e-01 8.415055715043577578e-02 -1.671897715113454877e-02
-2.579804179922443041e-01 2.052758755025483987e-03 -1.917755564158121762e-02
-2.441312937100961478e-01 -8.108641576577932386e-02 -1.902616136840135780e-02
-1.996245147201102521e-01 -1.526097807496800129e-01 -1.628784273729411147e-02
-1.312358346685558175e-01 -2.016285522387956664e-01 -1.137948393692533519e-02
-4.937681014835355181e-02 -2.206800666301786118e-01 -5.048338100267868965e-03
3.349026441120099562e-02 -2.068639035601487763e-01 1.741735211027124926e-03
1.047496281003169882e-01 -1.622834486122881337e-01 7.957008887482821397e-03
4.572503949640084608e-02 1.920534374596535587e-01 7.311770639245804282e-03
-3.613398502380134325e-02 2.111049518510364764e-01 9.806248025883406577e-04
-1.190010595833558144e-01 1.972887887810066965e-01 -5.809448508706641957e-03
-1.787578493332268592e-01 1.497899640030433410e-01 -1.457971920313464592e-02
-1.787578493332268592e-01 1.497899640030433410e-01 -1.457971920313464592e-02
-2.282355149339822808e-01 8.170188123021970839e-02 -1.881650970615662832e-02
-2.479943944162852631e-01 -2.067880924443519369e-04 -2.040816737659256752e-02
-2.350263774936437178e-01 -8.346619156450957311e-02 -1.911237676253129542e-02
-1.913057271871635712e-01 -1.554008397557260501e-01 -1.512641023859248764e-02
-1.234885161773246198e-01 -2.050593345681906432e-01 -9.057095075169302456e-03
-4.189930007582611665e-02 -2.248816203220821430e-01 -1.828429487413963262e-03
4.104070257396458948e-02 -2.118499337008383221e-01 5.459087716954517076e-03
5.743529506571078830e-02 1.869010677112238894e-01 6.173373977113654973e-03
-2.415392103578761773e-02 2.067233534651152782e-01 -1.055291610641680318e-03
-1.070939236855782406e-01 1.936916668438715128e-01 -8.342808815010156753e-03
7.318819816034705106e-02 -1.521107387960148050e-01 8.672906100960635356e-02
7.318819816034705106e-02 -1.521107387960148050e-01 8.672906100960635356e-02
8.440004250791102725e-02 -1.669203274542588600e-01 1.109019978448470486e-02
8.184520519331080213e-02 -1.546654021745606511e-01 -6.578343880520706732e-02
6.591263703803640350e-02 -1.172116642395799602e-01 -1.321885401454574727e-01
3.902792711463828890e-02 -6.026110573093772932e-02 -1.780155295209560617e-01
5.284028798451575332e-03 7.516067076523738275e-03 -1.962876632219763273e-01
-3.018185528108435420e-02 7.580139402446989250e-02 -1.842231745298424372e-01
-6.197036577189986295e-02 1.341990530931061187e-01 -1.436587724830694079e-01
-8.524199011533351023e-02 1.738185300653302956e-01 -8.077001957605815796e-02
-9.645383446289747253e-02 1.886281187235743506e-01 -5.131158350936516205e-03
-9.389899714829727517e-02 1.763731934438761972e-01 7.174248023875526292e-02
-7.796642899302287655e-02 1.389194555088955063e-01 1.381475815790056405e-01
-5.108171906962476194e-02 8.196889700025322689e-02 1.839745709545042573e-01
-1.733782075343796164e-02 1.419172419279163960e-02 2.022467046555245229e-01
1.812806332609790891e-02 -5.409360275515438105e-02 1.901822159633906051e-01
4.991657381691337603e-02 -1.124912618237906003e-01 1.496178139166176313e-01
6.412217811917955701e-02 -1.829675029801524355e-01 -4.924001160175011174e-03
-1.768209991997404459e-02 -2.019062828490483519e-01 1.516236945867136584e-03
-1.005292623018994025e-01 -1.880065869551505731e-01 7.452573746640416691e-03
-1.718065795653455630e-01 -1.433845179972481620e-01 1.198125577725421900e-02
-2.206627262874427398e-01 -7.483338147411926211e-02 1.441283225115240832e-02
-2.396597970118246046e-01 7.210533496189738475e-03 1.437711769247962748e-02
-2.259056599295789503e-01 9.025678458939055682e-02 1.187954931904051242e-02
-1.814942577299145099e-01 1.616623328926841130e-01 7.300359275177494695e-03
-1.131868238073667488e-01 2.105563309698012253e-01 1.336687734607598307e-03
-3.138254576821310898e-02 2.294951108386971417e-01 -5.103550371434549884e-03
5.146461661371217605e-02 2.155954149447993906e-01 -1.103988717220782956e-02
1.324034897742765171e-01 5.489394222804911544e-02 -1.518750066061967385e-01
1.324034897742765171e-01 5.489394222804911544e-02 -1.518750066061967385e-01
6.942367170784342900e-02 1.962245854854155133e-02 -1.874265444418370674e-01
-2.005259551252865091e-03 -1.703505995390496019e-02 -1.927726648613407590e-01
-7.100889672368923544e-02 -4.949783838852562373e-02 -1.670994694935406533e-01
-1.270820615694908673e-01 -7.282371301446877165e-02 -1.143154696050887875e-01
-1.695586219964081431e-01 -7.979178061729125249e-02 3.753741824720080444e-02
-1.494953463035047503e-01 -6.237314846733103824e-02 1.134880805853836772e-01
-1.045527478168768731e-01 -3.385746326417165414e-02 1.738326364771773935e-01
-4.157292975044377809e-02 1.414020415335920378e-03 2.093841743128177224e-01
2.985600150865251601e-02 3.807153891778242150e-02 2.147302947323214140e-01
9.885963868108883779e-02 7.053431735240306422e-02 1.890570993645213638e-01
1.549328035268904835e-01 9.386019197834619132e-02 1.362730994760694980e-01
1.895388650027892141e-01 1.044980098333920110e-01 6.441418056183204066e-02
1.974093639538078149e-01 1.008282595811687415e-01 -1.557978837622012343e-02
1.773460882609044775e-01 8.340962743120854117e-02 -9.153045071440293889e-02
1.452906446985937350e-01 7.293697012515854006e-02 -1.780243965651242821e-01
1.452906446985937350e-01 7.293697012515854006e-02 -1.780243965651242821e-01
7.891067826742606539e-02 4.310681938123643586e-02 -2.130469481270700072e-01
5.474401041376537880e-03 9.797560286346511035e-03 -2.175550963550568762e-01
-6.383817947339959220e-02 -2.191977441149986147e-02 -1.908625165478393115e-01
2.152397755117627098e-01 1.027497868680762733e-01 3.903734457015570897e-02
2.190714204636803608e-01 1.052155115301826871e-01 -4.159736044927321574e-02
1.945085521816284357e-01 9.474664247834055364e-02 -1.178193076643053450e-01
-1.155581506129795266e-01 1.448752249230127742e-01 2.571092375599909764e-03
-1.155581506129795266e-01 1.448752249230127742e-01 2.571092375599909764e-03
-1.613955868328894316e-01 7.451692086991407171e-02 -1.938984359294692889e-03
-1.767741421885137554e-01 -8.041600097014701271e-03 -6.331358606147505057e-03
-1.593525710339100954e-01 -9.023155155541479067e-02 -9.937331202846887493e-03
-1.117831496504310962e-01 -1.595402584495101417e-01 -1.220792550976834180e-02
-4.130789122583278933e-02 -2.054160984396672107e-01 -1.279746412667173011e-02
4.134398500454818104e-02 -2.208748907529096972e-01 -1.161619514331438223e-02
1.235894801257602094e-01 -2.035631743938477733e-01 -8.843956054182453702e-03
1.929074630628684894e-01 -1.561165012470489277e-01 -4.902795130186352740e-03
2.387448992827784500e-01 -8.575819719395028073e-02 -3.927183952917508462e-04
2.541234546384027460e-01 -3.199676227021508185e-03 3.999655851561061647e-03
2.367018834837991414e-01 7.899027523137852613e-02 7.605628448260442348e-03
1.891324621003201700e-01 1.482989821254739049e-01 9.876222755181896656e-03
1.186572036757217452e-01 1.941748221156310850e-01 1.046576137208528670e-02
3.600532744534083729e-02 2.096336144288735714e-01 9.284492388727944023e-03
-4.624016767587108695e-02 1.923218980698116753e-01 6.512253299596018098e-03
-1.074485126018451114e-01 1.729560013390801232e-01 -2.662598722115557199e-04
-1.074485126018451114e-01 1.729560013390801232e-01 -2.662598722115557199e-04
-1.541282653584674645e-01 1.031225735920946046e-01 5.628164443128947335e-03
1.276684149421668524e-01 -1.790186824169296975e-01 5.972740151518904882e-03
1.975660162238508377e-01 -1.324314935457873155e-01 1.067061869599649838e-04
2.442457689804732324e-01 -6.259806579880182464e-02 -5.787718128380536092e-03
2.606011040078507479e-01 1.985009449114723962e-02 -1.081316012558148146e-02
2.441420698095463915e-01 1.023610023143491365e-01 -1.420454181631417359e-02
1.973744051407354538e-01 1.723731199179635576e-01 -1.544555608111614249e-02
1.274180629973084011e-01 2.192277370582665919e-01 -1.434726974799360906e-02
4.492326231478150494e-02 2.357916630138091052e-01 -1.107688695517409019e-02
-3.755091132016101507e-02 2.195431902102225608e-01 -6.132293836770504047e-03
-1.829631596494477597e-01 1.567359721897457758e-01 -1.311929261326072113e-02
-1.829631596494477597e-01 1.567359721897457758e-01 -1.311929261326072113e-02
-2.322810314031428791e-01 8.841374923680413167e-02 -1.492960427735957885e-02
-2.517615546334445176e-01 6.414243750205878350e-03 -1.471474038188102379e-02
-2.384389962699219878e-01 -7.677886288708268836e-02 -1.250741200716561086e-02
-1.943415950541291792e-01 -1.485001743369240568e-01 -8.643664888782202904e-03
-1.261827805772333111e-01 -1.978307710863871083e-01 -3.711719500549842937e-03
-4.433911448214981899e-02 -2.172605169633392563e-01 1.537580180369379785e-03
3.872944698282551612e-02 -2.038314092890994578e-01 6.305075862575612762e-03
1.217549037577164567e-01 1.456482385547632763e-01 5.389331821430424357e-03
5.359608928082042201e-02 1.949788353042264111e-01 4.573864331980518130e-04
-2.824757681426296602e-02 2.144085811811785036e-01 -4.791913247721164837e-03
-1.113161382792381970e-01 2.009794735069387328e-01 -9.559408929927393911e-03
-1.436904963822822900e-01 -1.162891730231781773e-01 -1.307892258575773028e-02
-1.946229200929105729e-01 -4.973486160446027177e-02 -4.626596711230607575e-03
-2.160249008188120656e-01 3.123536377096767375e-02 4.362718602429169722e-03
-2.046381810039067106e-01 1.142945202866176291e-01 1.252048158706315674e-02
-1.621962855191416142e-01 1.867976042961105587e-01 1.860474677856642153e-02
-9.516060821533164904e-02 2.377066785010944205e-01 2.168923995553389411e-02
-1.373672328205388996e-02 2.592712978457673012e-01 2.130437499277255953e-02
6.967932090895498365e-02 2.482084445186638622e-01 1.750874409205326748e-02
1.423881877979376598e-01 2.062023376538204833e-01 1.088019765053070860e-02
1.933206115085660537e-01 1.396480262351024459e-01 2.427871776003575916e-03
2.147225922344675186e-01 5.867780085967464615e-02 -6.561443537656195743e-03
-1.263778725645131606e-01 1.378455046598440759e-01 2.691908635742520060e-03
-1.263778725645131606e-01 1.378455046598440759e-01 2.691908635742520060e-03
-1.721441484659159138e-01 6.739838851327803471e-02 -1.283139339062500930e-03
-1.874305221743178818e-01 -1.520593860569359121e-02 -5.283278051917229823e-03
-1.699097818639375423e-01 -9.739171670329746511e-02 -8.699522645137253846e-03
-1.222493014211239737e-01 -1.666469060801071267e-01 -1.101178084773919014e-02
-5.170495694996444375e-02 -2.124280319533582428e-01 -1.186803230904968573e-02
3.098351458988212598e-02 -2.277653329157878215e-01 -1.113792050602305066e-02
1.132275429793351551e-01 -2.103238439288454553e-01 -8.932598342190109508e-03
1.825062204400743071e-01 -1.627588735833016553e-01 -5.587806125699233857e-03
2.282724963414770603e-01 -9.231175743673565581e-02 -1.612758150894210698e-03
2.435588700498790005e-01 -9.707430317763979591e-03 2.387380561960518194e-03
2.260381297394987166e-01 7.247834777983985788e-02 5.803625155180542651e-03
1.783776492966851202e-01 1.417335371566494917e-01 8.115883357782479809e-03
1.078333048255254445e-01 1.875146630299006634e-01 8.972134819092973668e-03
2.514483328567900314e-02 2.028519639923301865e-01 8.242023016066340330e-03
-5.709919510377393231e-02 1.854104750053878758e-01 6.036700852233400916e-03
