-9.615272281863096460e-02 2.327872010181554485e-01 3.963781022481104727e-02
-3.387262395299892037e-02 2.730417833610514489e-01 8.148279147860076899e-02
4.429886740674800205e-02 2.861717795228344574e-01 1.125804716144001155e-01
1.264608503274219364e-01 2.701782666115846165e-01 1.281965107327060482e-01
2.001049077095804485e-01 2.274961119864842007e-01 1.259535084375035807e-01
2.540193994018322687e-01 1.646232867745094364e-01 1.061929414953708406e-01
2.799963327801162638e-01 9.113160867060403347e-02 7.192317709326224995e-02
2.484401539938948800e-01 -1.525595780607464369e-01 4.012432204764115190e-02
2.484401539938948800e-01 -1.525595780607464369e-01 4.012432204764115190e-02
1.782831214453872437e-01 -1.929004798818927391e-01 1.348143550186254799e-02
4.616872292468611472e-02 2.232497014440544825e-01 3.727294527481423911e-03
1.263823652505796646e-01 2.319130569171568568e-01 3.111267084418072731e-02
2.044408174482201801e-01 2.075799487049485026e-01 5.507136163663774869e-02
2.684603877721483123e-01 1.539548719525627996e-01 7.195587341777381907e-02
3.086946769793960099e-01 7.920175848301913568e-02 7.919569232739137599e-02
3.190183792628995540e-01 -5.298907816605170906e-03 7.568862156562294885e-02
2.978598045345900447e-01 -8.668266650264008777e-02 6.196858086427224632e-02
-1.923623293538239132e-01 1.056325930089965365e-01 -2.867750854884807549e-03
-1.801466525870796254e-01 1.885405708525185742e-01 1.229394269986570573e-02
-1.366549549434047939e-01 2.602268554289042246e-01 2.720639857152922295e-02
-6.850845313582806795e-02 3.097778597491865349e-01 3.959933053539407832e-02
1.391816568502424016e-02 3.296498925865753438e-01 4.758602704216984003e-02
9.807619600283748462e-02 3.168176170820044546e-01 4.995058594828405418e-02
1.711533405961694343e-01 2.732346308561776627e-01 4.633302459506066784e-02
2.220242666466504811e-01 2.055360484812229216e-01 3.728408390525259075e-02
2.429443368091878108e-01 1.240283654345501058e-01 2.418138307003154380e-02
2.307286600424435230e-01 4.112038759102813745e-02 9.019689515281049605e-03
-3.155827089624850812e-01 -1.293253299034653470e-01 -4.028060152540725164e-02
-2.461436343621627165e-01 3.229008085301378339e-02 4.849813160342675983e-02
-2.497802911035539308e-01 1.096247246341008341e-01 8.395163732933599854e-02
-2.221193188976278710e-01 1.863995087350095448e-01 1.082688454779136833e-01
-1.673718500153994204e-01 2.509261682415274697e-01 1.177476815445796798e-01
-9.387269030714648355e-02 2.933811041794124330e-01 1.109450786640469588e-01
-1.281142056690884323e-02 3.073009374070738708e-01 8.889667145912800994e-02
6.347111570960253801e-02 2.905664994992028793e-01 5.495913005746268926e-02
-1.228475043907091002e-01 2.590710897211488950e-01 2.286766955629212020e-02
-1.228475043907091002e-01 2.590710897211488950e-01 2.286766955629212020e-02
-1.671658014152931082e-01 1.878799537178451884e-01 8.030362864487267452e-03
2.413733614862211552e-01 3.421349735827165783e-02 1.385113576193170229e-02
2.545934664432943362e-01 1.171017958570000628e-01 2.824536249963745943e-02
2.347027381936921397e-01 1.990682647890186230e-01 4.000511874641869692e-02
1.847293598035159301e-01 2.676342522873189078e-01 4.734008821615885709e-02
1.122813251228667042e-01 3.123612083075090196e-01 4.913358829875377753e-02
2.838819068880391733e-02 3.264398592463808590e-01 4.511257486474712364e-02
-5.417807427424409933e-02 3.077268581217799115e-01 3.588921075888890089e-02
2.495147917976444085e-01 -1.472345657229235383e-01 3.802485506994190273e-02
2.495147917976444085e-01 -1.472345657229235383e-01 3.802485506994190273e-02
1.793792670929028610e-01 -1.879265843112037371e-01 1.185793900323639342e-02
4.424694539778617486e-02 2.273320906278331055e-01 5.720504478770777751e-03
1.246688056027952241e-01 2.364144247510102659e-01 3.235460493065998172e-02
2.031335021178371780e-01 2.125043713703944626e-01 5.540108941265455000e-02
2.676954961827422430e-01 1.592420193680107454e-01 7.135133957927290715e-02
3.085258094570620946e-01 8.473607901179883162e-02 7.777707443202523663e-02
3.194083968724930056e-01 3.294043229610035817e-04 7.370003408901140696e-02
2.986864831459363212e-01 -8.112785362553870394e-02 5.974091098399265942e-02
-2.636020287083299940e-01 1.874469878226647235e-01 -6.394554486282652550e-02
-2.621029826213611136e-01 1.950801503808585191e-01 6.885349723127244526e-02
-2.621029826213611136e-01 1.950801503808585191e-01 6.885349723127244526e-02
-2.957350283553287218e-01 1.171037616939720194e-01 6.254354815458502970e-02
-2.976298913863016371e-01 3.314920121696223604e-02 4.842659311971868330e-02
-2.674990959947903812e-01 -4.400221026753191322e-02 2.865181056021572081e-02
-2.099297826428121738e-01 -1.026048697402829890e-01 6.229731861910186089e-03
9.296266765025551493e-02 1.996740652951931316e-01 -6.125907261802426840e-03
3.539335429827733526e-02 2.582767247679441658e-01 1.629617143650312350e-02
-4.085007092345437074e-02 2.894089085586567522e-01 3.795198804844376883e-02
-1.241602376733011992e-01 2.883310238991436680e-01 5.554464080531797132e-02
-2.018539282721415473e-01 2.552071689577669611e-01 6.639580780268600213e-02
-2.183887962767984137e-01 7.464153818544186358e-02 7.022938729077407224e-03
-2.129503187798569563e-01 1.548786080620045413e-01 3.516534607118797229e-02
-1.754101644860693310e-01 2.274568716089176712e-01 5.930435986595319897e-02
-1.114834815843185195e-01 2.813269461247610570e-01 7.576503408382499749e-02
-3.090252804957260499e-02 3.082876010979390680e-01 8.204138029151578082e-02
5.406497641066607823e-02 3.042343212077313064e-01 7.717788167412466260e-02
1.304834994746723598e-01 2.697841815743481364e-01 6.191496180842465807e-02
1.867190137415877249e-01 2.101819036656787654e-01 3.857626188525548061e-02
-2.044697213384132350e-01 -1.547683147632791800e-01 1.888118864083989518e-02
-2.656693199299995367e-01 -1.067998489259635725e-01 5.360432280573654978e-02
-3.035865666213857783e-01 -3.600446764839308755e-02 8.193023006214042447e-02
-3.124489043245057829e-01 4.683987403165160157e-02 9.954654780525275248e-02
-2.909071224613506423e-01 1.291208760792110222e-01 1.037713513510025998e-01
-2.422407620438470077e-01 1.983120018116852901e-01 9.396145265748916120e-02
-1.738588352839040008e-01 2.438795295554217479e-01 7.161031987384669506e-02
-9.617187064701332444e-02 2.588862162821041757e-01 4.012071035286159104e-02
-1.566788285497481559e-01 -1.879948988435797552e-01 8.903531734503578737e-03
-1.181565858495422228e-01 -2.627391289786387141e-01 2.264395770214742976e-02
-5.354308254979821963e-02 -3.169487822261773946e-01 3.472166911715132698e-02
2.732486119496374891e-02 -3.423709302909884178e-01 4.329794390130754095e-02
1.121358340193393671e-01 -3.351352815825503484e-01 4.706712196285282174e-02
1.879781341242004189e-01 -2.963433980254041034e-01 4.545538010960108177e-02
2.433054588307443367e-01 -2.319009922418249769e-01 3.870809142823364302e-02
2.696947244958471934e-01 -1.516188363404997741e-01 2.785246945616447201e-02
2.631284046412860622e-01 -6.771916079784989773e-02 1.454118423218290004e-02
2.246061619410801569e-01 7.025069337209088882e-03 8.007582645390455556e-04
4.673212456836790818e-02 -2.972447582168482039e-01 3.235245925922695248e-02
1.263887376350769920e-01 -2.964360945776973733e-01 6.257882780713708293e-02
2.017653421568770811e-01 -2.636102077097101093e-01 8.494603460255603644e-02
2.613865333859455853e-01 -2.037645413211321421e-01 9.604887517011570508e-02
2.961755254251011715e-01 -1.260100556173075481e-01 9.419704268090559052e-02
3.008360095993806715e-01 -4.218416620047576310e-02 7.967246184450457736e-02
2.746584694406441485e-01 3.495139514923059632e-02 5.468636842760154354e-02
2.216281981380667232e-01 9.365343845192358740e-02 2.304266865341910581e-02
-1.627684896784495627e-01 1.747981933052628611e-01 1.024051299375207738e-02
-1.237244987133063190e-01 2.419027823590214066e-01 4.521945859701407416e-02
-5.900848790618230810e-02 2.885780109756442280e-01 7.495574479543101742e-02
2.152711674963669539e-02 3.077179987102515724e-01 9.492229157539960882e-02
1.056214995023763148e-01 2.964088559346703677e-01 1.020793731868668286e-01
1.804720528954100178e-01 2.563722971188481803e-01 9.533738883359321736e-02
2.346834586966045910e-01 1.937035254101844850e-01 7.572274451712429633e-02
2.600025218003453320e-01 1.179432932074934715e-01 4.622159202744902107e-02
