1.639273644532848739e-01 -2.680555585462045948e-02 -1.406565900632311961e-01
1.639273644532848739e-01 -2.680555585462045948e-02 -1.406565900632311961e-01
9.771421750025226227e-02 -3.944416179783796772e-02 -1.911567784143786974e-01
1.663618061163529491e-02 -4.624838285208522637e-02 -2.129338012422631321e-01
-6.696335007050881194e-02 -4.618233804227053763e-02 -2.026723042305425826e-01
-1.403571038314563035e-01 -3.925608209199046850e-02 -1.619345072785494666e-01
-1.923715469771375142e-01 -2.652407468300866517e-02 -9.692237068317569038e-02
-2.150879520507237574e-01 -9.924648527408012552e-03 -1.753340290458128489e-02
-2.050479523044863306e-01 8.015084216794098743e-03 6.414614537572793651e-02
-1.637800466869655525e-01 2.456396186337518606e-02 1.356813033590237028e-01
-9.756689973393292692e-02 3.720256780659270124e-02 1.861814917101712319e-01
-1.648886284531584506e-02 4.400678886083995989e-02 2.079585145380556666e-01
6.711066783682811954e-02 4.394074405102527114e-02 1.976970175263351170e-01
1.405044215977756528e-01 3.701448810074521589e-02 1.569592205743419733e-01
1.925188647434569467e-01 2.428248069176338134e-02 9.194708397896815544e-02
2.152352698170431622e-01 7.683054536162754744e-03 1.255811620037379159e-02
2.051952700708057353e-01 -1.025667820803934788e-02 -6.912143207993529104e-02
7.694451667556190255e-02 -1.767741970315761524e-01 9.557810423305546088e-02
7.694451667556190255e-02 -1.767741970315761524e-01 9.557810423305546088e-02
6.864047460084730934e-02 -2.046806911145840624e-01 1.654584294214584209e-02
4.988969531287461984e-02 -2.015756472763812202e-01 -6.550654782372260232e-02
2.354681498200018874e-02 -1.679317802940414051e-01 -1.380873353772208989e-01
-6.377701660205203384e-03 -1.088710639332121921e-01 -1.901467527598064977e-01
-3.532811822138465924e-02 -3.338495687310289589e-02 -2.137592255947744768e-01
-5.889699621627821069e-02 4.703446536964932950e-02 -2.053299689406002659e-01
-7.349618762257445481e-02 1.201440747624635402e-01 -1.661422607114799999e-01
-7.690309789066436530e-02 1.748135960155431656e-01 -1.021620742478375893e-01
-6.859905581594977209e-02 2.027200900985511034e-01 -2.312981295692798436e-02
-4.984827652797708258e-02 1.996150462603482612e-01 5.892257780894048086e-02
-2.350539619710266537e-02 1.659711792780085016e-01 1.315033653624386734e-01
6.419120445102711146e-03 1.069104629171793441e-01 1.835627827450243277e-01
3.536953700628222425e-02 3.142435585706992995e-02 2.071752555799923623e-01
5.893841500117576182e-02 -4.899506638568223993e-02 1.987459989258181792e-01
7.353760640747197819e-02 -1.221046757784963743e-01 1.595582906966979964e-01
-1.802152499484693804e-01 8.577969549126650273e-02 9.142045224734175746e-02
-1.802152499484693804e-01 8.577969549126650273e-02 9.142045224734175746e-02
-1.876780524698261621e-01 4.680922119295626016e-03 1.131548856872977016e-01
-1.671582408822626931e-01 -7.695318272336329479e-02 1.176158631379922714e-01
-1.217797704874301890e-01 -1.466945665894185957e-01 1.041242412214186119e-01
-5.845110204608335025e-02 -1.939257359924823620e-01 7.473399707251782154e-02
1.318654874739158545e-02 -2.114561735425550260e-01 3.391952893973333022e-02
8.222699895660967595e-02 -1.966170290364500917e-01 -1.210553038779331805e-02
1.381594658904571893e-01 -1.516674277080421185e-01 -5.633428284564796773e-02
1.724687384873310747e-01 -8.345053889043049788e-02 -9.203330180676168315e-02
1.799315410086878841e-01 -2.351765518459598622e-03 -1.137677352467176134e-01
1.594117294211243596e-01 7.928233932419935515e-02 -1.182287126974122388e-01
1.140332590262918833e-01 1.490237231902546144e-01 -1.047370907808385793e-01
5.070459058494510701e-02 1.962548925933184085e-01 -7.534684663193776111e-02
-2.093306020852999175e-02 2.137853301433910724e-01 -3.453237849915322122e-02
-8.997351041774803715e-02 1.989461856372861104e-01 1.149268082837336634e-02
-1.459059773515954395e-01 1.539965843088782482e-01 5.572143328622799346e-02
-1.642195177346315038e-01 1.342728536988459787e-01 2.578866082896887069e-02
-1.642195177346315038e-01 1.342728536988459787e-01 2.578866082896887069e-02
-1.883773340398992024e-01 9.370681021169280367e-02 -4.396726116156178532e-02
-1.837384383975719238e-01 3.858019116945967525e-02 -1.074859918304106043e-01
-1.510090606175003569e-01 -2.271447540271941817e-02 -1.550973802319726980e-01
-9.517195177415192775e-02 -8.084563215676636438e-02 -1.795530240804208422e-01
-2.472780552427434816e-02 -1.269633374371256784e-01 -1.771297732907923805e-01
4.959889544336438388e-02 -1.540465886729020795e-01 -1.481965458289851156e-01
1.164925846796634884e-01 -1.579722063737324655e-01 -9.715816329569915144e-02
1.657693043911992459e-01 -1.381425508304784111e-01 -3.178475676753746149e-02
1.899271206964669445e-01 -9.757650734332526388e-02 3.797116522299320146e-02
1.852882250541396936e-01 -4.244988830109212852e-02 1.014898958918420274e-01
1.525588472740681267e-01 1.884477827108692674e-02 1.491012842934041349e-01
9.672173843071968369e-02 7.697593502513389030e-02 1.735569281418522791e-01
2.627759218084200002e-02 1.230936403054932876e-01 1.711336773522238452e-01
-4.804910878679665570e-02 1.501768915412696470e-01 1.422004498904165803e-01
-1.149427980230956770e-01 1.541025092421000331e-01 9.116206735713065779e-02
-9.642882400657408482e-02 -7.796518349296632788e-02 1.724328157783172333e-01
-9.642882400657408482e-02 -7.796518349296632788e-02 1.724328157783172333e-01
-7.636156630339263618e-02 -1.488911475041207466e-01 1.316897616007243754e-01
-4.453229395595786899e-02 -1.970557395062984551e-01 7.036885843180232247e-02
-5.786725146094393903e-03 -2.151263369802816627e-01 -2.194342096352019413e-03
3.397647850435199512e-02 -2.003518552710304157e-01 -7.495275049037795900e-02
6.870372969393948037e-02 -1.549815752877680142e-01 -1.368295586288995058e-01
9.310811923236932131e-02 -8.592271087533399909e-02 -1.784045833874892961e-01
1.034743000387576689e-01 -3.688848120356559568e-03 -1.933484041251900543e-01
9.822411505499485662e-02 7.920065282454111233e-02 -1.793859596007591206e-01
7.815685735181343574e-02 1.501266168356955311e-01 -1.386429054231662905e-01
4.632758500437865468e-02 1.982912088378732673e-01 -7.732200225424418205e-02
7.582016194515190863e-03 2.163618063118564472e-01 -4.758801726089969403e-03
-3.218118745593119556e-02 2.015873246026052279e-01 6.799960666793598840e-02
-6.690843864551875020e-02 1.562170446193427986e-01 1.298764148064576185e-01
-9.131282818394854950e-02 8.715818020690883905e-02 1.714514395650474088e-01
-1.016790089903368832e-01 4.924317451931485394e-03 1.863952603027481669e-01
-1.372328331716240468e-01 1.626785130267154322e-01 -3.434615698144458801e-02
-1.372328331716240468e-01 1.626785130267154322e-01 -3.434615698144458801e-02
-1.636862618709826189e-01 1.088959525898681030e-01 -9.357461098913290309e-02
-1.654398740746621521e-01 3.813373173664497823e-02 -1.392910238557919511e-01
-1.422266982211867481e-01 -3.883524286917995616e-02 -1.645354861427874571e-01
-9.758072990628478827e-02 -1.102931425693622070e-01 -1.654647573085448742e-01
-3.829891308918961096e-02 -1.653611499020228026e-01 -1.419373642419416992e-01
2.659363301070373498e-02 -1.956556599434937926e-01 -9.753513926101908815e-02
8.721760650208175425e-02 -1.965646081603785178e-01 -3.901791861195066241e-02
1.343435569785703387e-01 -1.679496154262924146e-01 2.470558132136895998e-02
1.607969856779289108e-01 -1.141670549894450576e-01 8.393403532905725772e-02
1.625505978816084995e-01 -4.340483413622195363e-02 1.296504481957163057e-01
1.393374220281330955e-01 3.356414046960292524e-02 1.548949104827118117e-01
9.469145371323116345e-02 1.050220401697852246e-01 1.558241816484692288e-01
3.540963689613586818e-02 1.600900475024458758e-01 1.322967885818660538e-01
-2.948290920375740143e-02 1.903845575439167825e-01 8.789456360094348442e-02
-9.010688269513533744e-02 1.912935057608015632e-01 2.937734295187512806e-02
-1.719437410058604343e-01 5.078554695570730582e-02 1.186624156388071116e-01
-1.719437410058604343e-01 5.078554695570730582e-02 1.186624156388071116e-01
-2.032752779667031662e-01 5.863953217057098904e-02 4.088099027311908884e-02
-2.036848152257658140e-01 5.741772871904387426e-02 -4.333088477762021828e-02
-1.731100044478206812e-01 4.730614510094513503e-02 -1.211527149194839559e-01
-1.162055834124599285e-01 2.984417826039652277e-02 -1.807368319700203840e-01
-4.163473438245612890e-02 7.690254355748016649e-03 -2.130120942396513672e-01
3.924980686380251382e-02 -1.578289252433795475e-02 -2.130648856238066824e-01
1.141341021417653506e-01 -3.700168855197467216e-02 -1.808871691128037529e-01
1.716176963231896002e-01 -5.273576438081938045e-02 -1.213777103537162366e-01
2.029492332840323321e-01 -6.058974959568306368e-02 -4.359628498802821384e-02
2.033587705430949799e-01 -5.936794614415593502e-02 4.061559006271105166e-02
1.727839597651498749e-01 -4.925636252605723048e-02 1.184374202045747615e-01
1.158795387297891916e-01 -3.179439568550863904e-02 1.780215372551112174e-01
4.130868969978522542e-02 -9.640471780860080872e-03 2.102967995247422839e-01
-3.957585154647330627e-02 1.383267509922586971e-02 2.103495909088975713e-01
-1.144601468244360876e-01 3.505147112686256283e-02 1.781718743978947250e-01
-5.621319904489296970e-02 -1.176660338158908997e-01 1.706831004272899577e-01
-5.621319904489296970e-02 -1.176660338158908997e-01 1.706831004272899577e-01
-1.245111979653352879e-01 -6.939103766648530014e-02 1.606914340523565854e-01
-1.739013827097135589e-01 -1.068069519153613117e-02 1.259260684696361654e-01
-1.968645453738358531e-01 4.952687617772543599e-02 7.167971544027422481e-02
-1.899047526036773959e-01 1.020656194833228919e-01 6.210890468576238735e-03
-1.540815697578163390e-01 1.389369873218730955e-01 -6.051337131989294182e-02
-9.484875168657379285e-02 1.545276481797385193e-01 -1.183349059247781609e-01
-2.122395799446356174e-02 1.464640652710017532e-01 -1.584509088560021595e-01
5.558410388930735274e-02 1.159738459969569396e-01 -1.747540823197581694e-01
1.238821028097496502e-01 6.769884984755135393e-02 -1.647624159448247971e-01
1.732722875541279073e-01 8.988507372602191903e-03 -1.299970503621044327e-01
1.962354502182502014e-01 -5.121906399665932669e-02 -7.575069733274245043e-02
1.892756574480917997e-01 -1.037578073022568381e-01 -1.028187236104444527e-02
1.534524746022306596e-01 -1.406291751408070556e-01 5.644238942742480641e-02
9.421965653098822446e-02 -1.562198359986724516e-01 1.142639240323099908e-01
2.059486283887806274e-02 -1.481562530899357411e-01 1.543799269635339200e-01
1.165992971982617032e-01 -1.741678576826599378e-01 5.485359544967170764e-02
1.165992971982617032e-01 -1.741678576826599378e-01 5.485359544967170764e-02
4.538395188533007191e-02 -2.102679523873973444e-01 2.799020930944132873e-02
-3.265255818909332947e-02 -2.145420354000870111e-01 -3.450513812892932759e-03
-1.056298817689028391e-01 -1.863394163267058645e-01 -3.468200883282045871e-02
-1.624378828801582020e-01 -1.299536882637976898e-01 -6.094956374776468871e-02
-1.944280583194830936e-01 -5.396906717104251600e-02 -7.825418143790356662e-02
-1.967301938679028306e-01 3.004647719249303739e-02 -8.396139072666347625e-02
-1.689938102570812672e-01 1.093023398002669899e-01 -7.720232073581173582e-02
-1.154415204608223861e-01 1.717325340264293787e-01 -5.900597860033351266e-02
-4.422617514789073390e-02 2.078326287311667853e-01 -3.214259246010311294e-02
3.381033492653264666e-02 2.121067117438564242e-01 -7.018693377688716133e-04
1.067876585063421147e-01 1.839040926704753609e-01 3.052962568215863981e-02
1.635956596175974498e-01 1.275183646075671862e-01 5.679718059710286981e-02
1.955858350569224247e-01 5.153374351481187360e-02 7.410179828724176854e-02
1.978879706053421617e-01 -3.248180084872363121e-02 7.980900757600167816e-02
1.701515869945206261e-01 -1.117376634564975352e-01 7.304993758514996549e-02
1.704907189338867035e-01 -5.414656761803871010e-02 -1.191793370698372989e-01
1.704907189338867035e-01 -5.414656761803871010e-02 -1.191793370698372989e-01
1.156943778535446249e-01 -1.140809717075110946e-01 -1.416376917732734830e-01
4.300014772349376735e-02 -1.566679860116933498e-01 -1.426597503788758214e-01
-3.652493389380268018e-02 -1.754241236550198035e-01 -1.220899137289256364e-01
-1.107738942187714015e-01 -1.674939327061050198e-01 -8.305975298734427636e-02
-1.684430021104373065e-01 -1.340847128495614160e-01 -3.151125631774937680e-02
-2.007526586640590305e-01 -8.028271495321553930e-02 2.470778495019918322e-02
-2.027840115571137025e-01 -1.427880548046062299e-02 7.703853141033445429e-02
-1.742278057258936363e-01 5.387851867840568604e-02 1.175141012934987073e-01
-1.194314646455515577e-01 1.138129227678780497e-01 1.399724559969349191e-01
-4.673723451550067243e-02 1.563999370720603188e-01 1.409945146025372298e-01
3.278784710179569878e-02 1.751560747153867448e-01 1.204246779525870586e-01
1.070368074267644964e-01 1.672258837664720166e-01 8.139451721100575410e-02
1.647059153184304015e-01 1.338166639099283572e-01 2.984602054141076433e-02
1.970155718720521254e-01 8.001466601358256381e-02 -2.637302072653775059e-02
1.990469247651068530e-01 1.401075654082772383e-02 -7.870376718667296267e-02
1.275351200852093414e-01 -1.734295432212920041e-01 3.694965691881246794e-02
1.275351200852093414e-01 -1.734295432212920041e-01 3.694965691881246794e-02
8.555516966015483393e-02 -2.007398139846431617e-01 -3.084095323847321768e-02
3.051912515680046262e-02 -1.981345653765448911e-01 -9.462167475735752675e-02
-2.919427455220387560e-02 -1.660104228809426985e-01 -1.446824709602705927e-01
-8.449420566447853054e-02 -1.092579959867150396e-01 -1.734020394275666288e-01
-1.269617549633035303e-01 -3.651732722647735296e-02 -1.764080862036362107e-01
-1.501316230372258531e-01 4.113747597682858997e-02 -1.532429679167046643e-01
-1.504764075073678486e-01 1.118841737780434664e-01 -1.074333638336370800e-01
-1.279436180636295273e-01 1.649522227573448352e-01 -4.595337091098543325e-02
-8.596366763857499205e-02 1.922624935206959929e-01 2.183723924630022462e-02
-3.092762313522058604e-02 1.896572449125977222e-01 8.561796076518451981e-02
2.878577657378366197e-02 1.575331024169955574e-01 1.356787569680976413e-01
8.408570768605834467e-02 1.007806755227679679e-01 1.643983254353937051e-01
1.265532569848833999e-01 2.804000676253013552e-02 1.674043722114632871e-01
1.497231250588056950e-01 -4.961479644077569640e-02 1.442392539245317407e-01
1.500679095289477183e-01 -1.203614942419905243e-01 9.842964984146419793e-02
-8.673668146544841195e-02 1.759387763238301483e-01 -9.035551479122663765e-02
-8.673668146544841195e-02 1.759387763238301483e-01 -9.035551479122663765e-02
-1.003325395662413577e-01 1.186664224042038862e-01 -1.505918070780996043e-01
-9.857656999886096894e-02 4.328209892808750070e-02 -1.881084851611616038e-01
-8.173610321203711448e-02 -3.873761421587414155e-02 -1.971939748918001556e-01
-5.237494761485227135e-02 -1.149059592120641460e-01 -1.764650928186951295e-01
-1.496307298743939154e-02 -1.736269960025792758e-01 -1.290776233296928033e-01
2.480390189766581988e-02 -2.059609790435876497e-01 -6.224587908601315889e-02
6.087181560273115938e-02 -2.069853525253819437e-01 1.385561268251381088e-02
8.774965522261227169e-02 -1.765441648713277079e-01 8.764108971587056263e-02
1.013455133234052452e-01 -1.192718109517014041e-01 1.478773820027435015e-01
9.958954375602485642e-02 -4.388748747558503943e-02 1.853940600858055010e-01
8.274907696920105749e-02 3.813222566837657507e-02 1.944795498164441083e-01
5.338792137201612414e-02 1.143005706645665726e-01 1.737506677433391100e-01
1.597604674460322005e-02 1.730216074550817995e-01 1.263631982543366450e-01
-2.379092814050193586e-02 2.053555904960901179e-01 5.953145401065709774e-02
-5.985884184556720944e-02 2.063799639778844119e-01 -1.657003775786978356e-02
1.109346041034035696e-01 -1.760361303679638389e-01 6.101497912423280851e-02
1.109346041034035696e-01 -1.760361303679638389e-01 6.101497912423280851e-02
4.604977828945588242e-02 -2.115927104294739736e-01 2.074616533176426580e-02
-2.582482286810865516e-02 -2.152260071852070411e-01 -2.303430101974029282e-02
-9.374694288793272712e-02 -1.863828841400198832e-01 -6.366124079918003553e-02
-1.473760547125494147e-01 -1.294544453139807039e-01 -9.494957070926154930e-02
-1.785476122157699796e-01 -5.310752946077095665e-02 -1.121359261505917304e-01
-1.825160283386016713e-01 3.103473756747378992e-02 -1.126038403019281320e-01
-1.586771477001250041e-01 1.101624583672533575e-01 -9.628207747538213013e-02
-1.106602237775569236e-01 1.722291547413764556e-01 -6.565547810414690266e-02
-4.577539796360920871e-02 2.077857348028865625e-01 -2.538666431167835302e-02
2.609920319395532193e-02 2.114190315586196578e-01 1.839380203982621254e-02
9.402132321377937307e-02 1.825759085134325554e-01 5.902074181926595525e-02
1.476504350383960606e-01 1.256474696873933761e-01 9.030907172934748983e-02
1.788219925416167089e-01 4.930055383418348314e-02 1.074954271706776432e-01
1.827904086644483728e-01 -3.484171319406119405e-02 1.079633413220140586e-01
1.589515280259717611e-01 -1.139694339938406437e-01 9.164157849546807066e-02
-3.701016218631457411e-02 -1.323749955928567312e-01 1.661316141755310449e-01
-3.701016218631457411e-02 -1.323749955928567312e-01 1.661316141755310449e-01
-8.823683825075102904e-02 -1.653547640850488998e-01 1.079764947126057584e-01
-1.260207905990241850e-01 -1.734178532716180443e-01 3.313522983907985636e-02
-1.446097549984904918e-01 -1.553367309159945919e-01 -4.699827630580784288e-02
-1.411737301287129265e-01 -1.138640839910398245e-01 -1.202244238235403301e-01
-1.162358196284722645e-01 -5.531374704059757036e-02 -1.753951955512230154e-01
-7.359259430870851437e-02 1.140052189475341399e-02 -2.041113416176073281e-01
-1.973609866255549711e-02 7.612208013595997413e-02 -2.020010890965986128e-01
3.713450405820870048e-02 1.289976571431847296e-01 -1.693857048050336767e-01
8.836118012264516930e-02 1.619774256353768982e-01 -1.112305853421083901e-01
1.261451324709183808e-01 1.700405148219460982e-01 -3.638932046858247421e-02
1.447340968703846320e-01 1.519593924663226181e-01 4.374418567630514870e-02
1.412980720006070945e-01 1.104867455413678506e-01 1.169703331940376984e-01
1.163601615003664047e-01 5.193640859092551326e-02 1.721411049217204947e-01
7.371693618060265463e-02 -1.477786034442544333e-02 2.008572509881047519e-01
1.986044053444971369e-02 -7.949941858563189245e-02 1.987469984670960366e-01
