-2.190050446058053324e-01 1.377063342174336680e-01 -1.568210620365586595e-03
-2.190050446058053324e-01 1.377063342174336680e-01 -1.568210620365586595e-03
-2.666705187359212914e-01 6.780802847474237671e-02 8.422775037809522840e-04
-2.839447347353271645e-01 -1.501149934075852836e-02 3.313774371571458731e-03
-2.681978498092713048e-01 -9.814372688004824319e-02 5.470016989059723299e-03
-2.218271844418783501e-01 -1.689325260957891262e-01 6.982736964121164652e-03
-1.518922520842057033e-01 -2.166009440094474048e-01 7.621636393393392724e-03
-6.904001222596850562e-02 -2.338918961089531678e-01 7.289448630407467135e-03
1.411603267184134702e-02 -2.181729916800276559e-01 6.036746250788419497e-03
8.491612858495625749e-02 -1.718372914297513765e-01 4.054241836057902691e-03
1.780333606335658680e-02 1.824699867971297795e-01 -5.135605177701075760e-03
-6.504890379488054153e-02 1.997609388966354593e-01 -4.803417414715147570e-03
-1.482049486926902415e-01 1.840420344677100306e-01 -3.550715035096106871e-03
-1.622479800660447391e-01 -1.165621180724809025e-01 -2.052064919586115734e-03
-1.140703599761731524e-01 -1.860910038215209672e-01 -4.347363866255391993e-03
-4.293835818642364327e-02 -2.318952542890185264e-01 -6.028550582669624930e-03
4.031882284391649640e-02 -2.470015875578616127e-01 -6.839679631250287703e-03
1.230260320312033806e-01 -2.291102013271209825e-01 -6.657263967254103271e-03
1.925918465193908469e-01 -1.809448969646067495e-01 -5.509074721922383941e-03
2.384255016683309858e-01 -1.098384054399404730e-01 -3.569913299495454991e-03
2.535492389647163169e-01 -2.661604550580173173e-02 -1.134999447995747738e-03
2.356606065021921159e-01 5.605233295040811664e-02 1.424973271234932469e-03
1.874829864123205569e-01 1.255812186994481883e-01 3.720272217904209595e-03
3.309380359223083184e-02 1.864918024357889170e-01 6.212587982899104438e-03
-1.008362026116192411e-01 2.043563348359550558e-01 3.305035451312384603e-02
-1.008362026116192411e-01 2.043563348359550558e-01 3.305035451312384603e-02
-1.394472331573711477e-01 1.291871497718987682e-01 3.728406399105305830e-02
-1.468015028816829215e-01 4.490465717360346554e-02 3.605178269880870284e-02
1.685744162299405158e-01 -1.203162556102711084e-01 -2.123418001408873199e-02
2.325640282064053432e-01 -6.570420509609688209e-02 -3.028933637284877273e-02
2.711750587521573053e-01 9.464979967959398499e-03 -3.452304585077799193e-02
2.785293284764690513e-01 9.374747256625470815e-02 -3.329076455853365035e-02
2.535072164804352823e-01 1.743120272233963930e-01 -2.678009615220221587e-02
1.999181124894419126e-01 2.388934208123414393e-01 -1.598223087729157971e-02
1.259204717996803280e-01 2.776597215909635263e-01 -2.541045839014403548e-03
4.277976441588374201e-02 2.847091116831090840e-01 1.149716038519734904e-02
-3.684659063515426103e-02 2.589683853501293931e-01 2.399519815436378795e-02
7.838473628938980031e-02 2.017135735408795982e-01 1.808287320428460937e-02
2.218922172095891265e-03 2.286269291338871301e-01 4.324025156610084714e-02
-8.017356625703465911e-02 2.237875933492531888e-01 6.185509282474545290e-02
1.338221801005987366e-01 -1.768147125129712616e-01 -7.423182921165154095e-03
1.338221801005987366e-01 -1.768147125129712616e-01 -7.423182921165154095e-03
6.469938598056444723e-02 -2.256281091954594198e-01 -6.018659329675418897e-03
-1.781947251521425607e-02 -2.442743343089220642e-01 -3.644352960780888884e-03
-1.011716472160700264e-01 -2.299146691082860350e-01 -6.617304360049237021e-04
-1.726675251131429001e-01 -1.847352424496589429e-01 2.475131002795850129e-03
-2.214225069083504693e-01 -1.156142124892943213e-01 5.288672637283769497e-03
-2.400140885883829400e-01 -3.307462945496076473e-02 7.350558258426475623e-03
-2.256118703755630173e-01 5.031760335954792163e-02 8.346884471444687703e-03
-1.804084594363593586e-01 1.218667744606956455e-01 8.125969642126001924e-03
-1.112856653163250692e-01 1.706801711431838453e-01 6.721446050636268460e-03
1.978047483383097438e-01 -1.805564568644008328e-01 -9.478485626573499067e-04
1.978047483383097438e-01 -1.805564568644008328e-01 -9.478485626573499067e-04
1.275500941606023120e-01 -2.277248810405119450e-01 -3.593704342226888620e-04
4.459261017002364574e-02 -2.444166986249463047e-01 2.423396914327092090e-04
-3.843817870732554876e-02 -2.280907317021770575e-01 7.656769021936820317e-04
-1.089015875408443773e-01 -1.812324607409370736e-01 1.130967851785500290e-03
-1.560702010880212764e-01 -1.109756327237911289e-01 1.282600304503513176e-03
-3.932788533623499116e-02 1.726484692176906699e-01 -1.855407448201751427e-04
4.362959865434367507e-02 1.893402868021250574e-01 -7.872508704755734306e-04
1.971237963652117120e-01 1.261560489181158817e-01 -1.675879030828364294e-03
2.442924099123886528e-01 5.589922090096983293e-02 -1.827511483546377831e-03
2.609852343452124246e-01 -2.706019898620338690e-02 -1.742400773015875771e-03
2.446609384646161733e-01 -1.100923910945958983e-01 -1.433504233384615177e-03
1.090676435576847514e-01 -1.847092743608467758e-01 -6.567501892489878770e-03
1.090676435576847514e-01 -1.847092743608467758e-01 -6.567501892489878770e-03
3.981497328286499882e-02 -2.333541730403047298e-01 -6.924858898866432556e-03
-4.277453865383452208e-02 -2.518128904305810267e-01 -6.128315038608484963e-03
-1.261273877358413120e-01 -2.372752541376959845e-01 -4.299136893752227018e-03
-1.975538582858784309e-01 -1.919544875032400955e-01 -1.715800255310850550e-03
-2.461799176452705296e-01 -1.227502664135368404e-01 1.228405291517885040e-03
-2.646026890728759851e-01 -4.019830619166709501e-02 4.085251141519048029e-03
-2.500174726216806143e-01 4.313360555397242890e-02 6.419808411402083345e-03
-2.046447352810626397e-01 1.145589406657691045e-01 7.876661919641645901e-03
-1.353920650062429565e-01 1.632038393452270308e-01 8.234018926018204024e-03
-5.280255306954340089e-02 1.816625567355033555e-01 7.437475065760253828e-03
3.055029601246335436e-02 1.671249204426183410e-01 5.608296920903995883e-03
1.544403808983027815e-01 -1.132839392490499891e-01 -5.110648384250311878e-03
1.076783102068345072e-01 -1.809627936098442691e-01 -5.658102256947391238e-03
1.076783102068345072e-01 -1.809627936098442691e-01 -5.658102256947391238e-03
3.828341971788673526e-02 -2.294005430621335051e-01 -6.786606232307277296e-03
-4.436874024847586861e-02 -2.476148263125809157e-01 -6.770551156247165032e-03
-1.276951275810705444e-01 -2.328326838491947270e-01 -5.612381268557589849e-03
-1.990100551640919258e-01 -1.873045628615702951e-01 -3.488417435803110346e-03
-2.474564717444533435e-01 -1.179617070566290615e-01 -7.220138977405035456e-04
-2.656588495656546089e-01 -3.536093763612010998e-02 2.265669484470716252e-03
-2.508460416093837297e-01 4.792252703352353760e-02 5.019784999306192708e-03
-2.052731636085445288e-01 1.192095344228357862e-01 7.121043525751538303e-03
-1.358782731195967985e-01 1.676472838751250360e-01 8.249547501111422626e-03
-5.322611315323411141e-02 1.858615671255724466e-01 8.233492425051315566e-03
3.010027417936052274e-02 1.710794246621862857e-01 7.075322537361740383e-03
2.480284447074848353e-01 -2.159497530858294490e-01 -4.287505681076187250e-03
2.480284447074848353e-01 -2.159497530858294490e-01 -4.287505681076187250e-03
1.941357103081902680e-01 -2.464253058787324868e-01 -6.199419874323808949e-02
1.250471512056545997e-01 -2.489600267911593334e-01 -1.108162711518120014e-01
5.128087423389107030e-02 -2.231680275414952008e-01 -1.433210049557810950e-01
-1.593287363111527133e-02 -1.729759062104460898e-01 -1.545598490896366861e-01
-6.636140857105879420e-02 -1.060249582779513589e-01 -1.428217914143750378e-01
1.373619155481576315e-01 9.737811315322547623e-02 1.360505014431605264e-01
2.045756634131640217e-01 4.718599182217636523e-02 1.472893455770161730e-01
2.550041983531076140e-01 -1.976495611031845595e-02 1.355512879017544969e-01
2.809702330591895558e-01 -9.328205573339071188e-02 1.026233412926764732e-01
2.785206741300996214e-01 -1.621729950635955042e-01 5.351848712843484263e-02
2.506630457141099666e-01 -2.075871656500337947e-01 -6.886033583504560379e-03
2.506630457141099666e-01 -2.075871656500337947e-01 -6.886033583504560379e-03
1.812153853553795102e-01 -2.558890049622497553e-01 -9.065295648454797794e-03
9.855112440655226791e-02 -2.739593710952799022e-01 -1.000136348513609025e-02
1.525514724369564368e-02 -2.590472146136472698e-01 -9.551729250889789968e-03
-5.599148869005875218e-02 -2.134227761626454056e-01 -7.784845681935396479e-03
-1.043421289261597801e-01 -1.440319629098748555e-01 -4.969704784806793472e-03
1.735482006972741131e-01 1.444222198577470029e-01 7.753069026963653118e-03
2.447948366310285229e-01 9.879778140674513875e-02 5.986185458009264833e-03
2.931454768671295508e-01 2.940696815397443598e-02 3.171044560880654020e-03
3.112391747292760358e-01 -5.318609761211896131e-02 -2.637739821501109382e-04
2.963213287377357563e-01 -1.364073703366531498e-01 -3.795350184614236511e-03
-2.049306258812392256e-01 4.558702693394198202e-02 7.602426169268650981e-03
-2.184805295626430777e-01 -3.780307198718997619e-02 2.747210122776029290e-03
-7.757993118306232005e-02 -2.328106965289423180e-01 -1.116315425865736441e-02
5.942021616656975071e-03 -2.462625077189526390e-01 -1.321590532476132548e-02
8.829156797270740209e-02 -2.267783514722062632e-01 -1.325438927852963869e-02
2.014126822068567635e-01 -1.054298936233491607e-01 -7.572666379351847277e-03
2.149625858882605600e-01 -2.203979470221720596e-02 -2.717450332859222117e-03
8.712010758674769428e-02 -1.401527457358577589e-01 -1.645801404996353849e-03
8.712010758674769428e-02 -1.401527457358577589e-01 -1.645801404996353849e-03
1.704751905299414783e-02 -1.875289323467751734e-01 -4.417251174453335968e-03
-6.584203198896708409e-02 -2.044806947115028750e-01 -6.493723237769023944e-03
-1.489293627886487115e-01 -1.884272806781195631e-01 -7.559093546569729816e-03
-2.195651804203284652e-01 -1.418126770086471922e-01 -7.451169128946444342e-03
-2.669958219648644326e-01 -7.173353454932847317e-02 -6.186380499145031735e-03
-2.840004022069372858e-01 1.114123252941360241e-02 -3.957280260715278879e-03
-2.679901279515952139e-01 9.419469220147502764e-02 -1.103228718114129727e-03
-2.214024183207165541e-01 1.647827081132711147e-01 1.941270653339045122e-03
-1.513298297869629661e-01 2.121588947241885570e-01 4.712720422796028326e-03
-6.844027874500177577e-02 2.291106570889162586e-01 6.789192486111717169e-03
1.464705205467975446e-02 2.130572430555329744e-01 7.854562794912424775e-03
8.528286968635957754e-02 1.664426393860606590e-01 7.746638377289141904e-03
-1.282343889963697414e-01 -9.914227711949236133e-02 -1.087050138706862623e-01
-7.229996824782652931e-02 -1.563954627480307891e-01 -1.359129804112716167e-01
2.274883528676420463e-03 -1.956250300257467156e-01 -1.427315334894780352e-01
8.413682117288134865e-02 -2.108586329515207691e-01 -1.281226102094861485e-01
1.608231067587708174e-01 -1.997770935728583330e-01 -9.431028671045539602e-02
2.206589484688029623e-01 -1.640674758057560911e-01 -4.644218273563747307e-02
2.545348818158811866e-01 -1.091662452467642153e-01 8.194216810244698418e-03
2.572936030340133851e-01 -4.343161656759485234e-02 6.128101537652579089e-02
2.285151218256090688e-01 2.312890890124112003e-02 1.047362291145168545e-01
1.725807010770659122e-01 8.038209452977955471e-02 1.319441956551022088e-01
9.800584930056283062e-02 1.196116618074955784e-01 1.387627487333085996e-01
-2.424458110663760962e-02 2.172880481459434909e-01 -1.174584737313645599e-01
-2.424458110663760962e-02 2.172880481459434909e-01 -1.174584737313645599e-01
-9.154772211742974453e-02 1.673413654746049306e-01 -1.284088904791670371e-01
-1.399839651957467401e-01 9.859552855421277462e-02 -1.199097264430072501e-01
1.563080590530238623e-01 -7.962446210443653583e-02 1.271016367892871535e-01
2.047443021313408718e-01 -1.087862518404436596e-02 1.186024727531272555e-01
2.269396683441458618e-01 6.620043549683507500e-02 9.194764861239659859e-02
2.195151143870350263e-01 1.398781316729631463e-01 5.119511971593877775e-02
1.836009612962291593e-01 1.989377019915032907e-01 2.549089165645074088e-03
1.246648133171952555e-01 2.343878622477957030e-01 -4.658452586456716255e-02
5.167916472222919277e-02 2.408316468993230430e-01 -8.872557788367757547e-02
-1.519168399326984997e-01 -1.224902616689946822e-01 -8.732579060721961176e-03
-1.033980147399717331e-01 -1.917306091889667274e-01 -1.221633126384599234e-02
-3.204635655427074542e-02 -2.371897414858545883e-01 -1.390358262228977120e-02
5.127549147002362362e-02 -2.519469177555176964e-01 -1.353746441170187824e-02
1.338825332856458106e-01 -2.337554916850357323e-01 -1.117371481077448353e-02
2.031985956108660341e-01 -1.853849429879517174e-01 -7.172193268805289110e-03
2.486709363083392799e-01 -1.141992492232807577e-01 -2.142095166675997767e-03
2.633768037146700935e-01 -3.103578696677313301e-02 3.150792657517049837e-03
2.450773628262646608e-01 5.144456053168043608e-02 7.900676012688059510e-03
1.965585376335379220e-01 1.206849080516524814e-01 1.138442821581209588e-02
4.188503142354253056e-02 1.809012166182035752e-01 1.270556136366799045e-02
-4.072201039207955925e-02 1.627097905477216666e-01 1.034181176274059748e-02
-2.206191480737466071e-01 1.528009081116430967e-01 9.849208933923677897e-03
-2.206191480737466071e-01 1.528009081116430967e-01 9.849208933923677897e-03
-2.653831941068033329e-01 8.137416443227574181e-02 2.026153578594010098e-03
2.685353778458122315e-02 -1.924586026122022120e-01 -1.637781126831249628e-02
9.569561116442751314e-02 -1.435935431217839064e-01 -1.007109907082332986e-02
8.597177975356279367e-02 1.617724974947703231e-01 1.835048591837516729e-02
1.414873978644359126e-02 2.065213567883229517e-01 2.075677908166061875e-02
-6.933755558439676225e-02 2.205300805589818225e-01 1.998615040948222704e-02
-1.517770746939001991e-01 2.016659676020615133e-01 1.615592113141284952e-02
