5.604462930727480835e-02 -7.167378249198250867e-03 2.364067093300202260e-01
-9.522784713381304833e-03 -6.150640039080392668e-02 2.340897210972250342e-01
-2.221655316555227327e-02 4.702214998626758069e-02 2.248849733796973727e-01
1.647873523041120114e-01 -4.010081872968881272e-02 -1.141413083167017589e-01
1.647873523041120114e-01 -4.010081872968881272e-02 -1.141413083167017589e-01
1.057922192077546120e-01 -2.766745356461264294e-02 -1.692644604567034028e-01
3.082081437122242973e-02 -1.103783431668300778e-02 -1.971269876346268268e-01
-4.871314543659950591e-02 7.256330231476688583e-03 -1.934870726620709913e-01
-1.207013358121115376e-01 2.442991936442370435e-02 -1.588988595976961737e-01
-1.741842073452126438e-01 3.786840981564001951e-02 -9.862809033762126587e-02
-2.010194776684259277e-01 4.552591323414724445e-02 -2.185044314580870256e-02
-1.971217201373734462e-01 4.623664413991900729e-02 5.974538118389294272e-02
2.027224969696400647e-01 -4.573433176849280024e-02 4.144629289438303554e-02
1.988247394385875833e-01 -4.644506267426456309e-02 -4.014953143531854035e-02
2.326841356537934224e-02 4.222078734312133957e-02 2.110765112249839426e-01
3.031846389452858698e-02 3.991191409829825121e-02 2.223124464755373564e-01
-1.375157789912648254e-01 -1.106999913321935619e-01 1.025084321408916560e-01
-1.605568264611478835e-01 -1.284376558474642493e-01 2.610695406470025376e-02
-1.589856810408378784e-01 -1.265942068102999807e-01 -5.560494017908820807e-02
-1.330415353781082000e-01 -1.054502926257018802e-01 -1.301873554120228371e-01
-8.667415046584346638e-02 -6.822488255821569647e-02 -1.862857950061669043e-01
-2.694254033554499203e-02 -2.058520784143359761e-02 -2.153597800669333207e-01
3.705969883884349669e-02 3.021602290374106325e-02 -2.129830599251512357e-01
9.558880632476413064e-02 7.644478281065889003e-02 -1.795174686773852724e-01
1.397342560751660967e-01 1.110631622482437658e-01 -1.200578392247677040e-01
1.627753035450492658e-01 1.288008267635143977e-01 -4.365636114857624622e-02
1.612041581247392052e-01 1.269573777263501291e-01 3.805553309521216704e-02
1.352600124620095823e-01 1.058134635417521119e-01 1.126379483281467891e-01
4.745266145359016211e-03 4.271667753342389684e-02 2.296492654932693889e-01
1.436536648573990826e-01 1.088319530229559483e-02 -1.407194400070748141e-01
1.436536648573990826e-01 1.088319530229559483e-02 -1.407194400070748141e-01
7.464252276324537250e-02 2.666256147846499894e-03 -1.836410147657945857e-01
-5.527441135225857546e-03 -5.951792441480356632e-03 -1.967109623175481437e-01
-8.465107657700475519e-02 -1.365893069076495360e-02 -1.779395016269506302e-01
-1.506825273236218898e-01 -1.928181666693591645e-02 -1.301844174204305760e-01
-1.935691035754963929e-01 -2.196441695170951378e-02 -6.071598836751437855e-02
-2.067817128660621728e-01 -2.129832996956112015e-02 1.988984694136895770e-02
1.962599127230256757e-01 2.202752604862123070e-02 8.559691042831316099e-02
2.094725220135914556e-01 2.136143906647282667e-02 4.991075119429888053e-03
1.909996643509614123e-01 1.744807052234100680e-02 -7.448065871335977917e-02
9.397903420495062887e-02 -1.717981123760313755e-01 5.759148621435246362e-02
9.397903420495062887e-02 -1.717981123760313755e-01 5.759148621435246362e-02
9.996705714286246991e-02 -1.856964690582669497e-01 -2.276987379528983696e-02
9.091122952967031767e-02 -1.714595731405886281e-01 -1.027840706645972157e-01
6.819021902820099346e-02 -1.312548629686800528e-01 -1.702696682507184311e-01
3.526309352083006887e-02 -7.120314120960907767e-02 -2.149525960796320467e-01
-2.857290619081193604e-03 -4.467381309809320103e-04 -2.300302834411353525e-01
-4.036745046837404705e-02 7.024232530687436749e-02 -2.132072891140158744e-01
-7.155680422043950162e-02 1.301022799934992147e-01 -1.670447614837540506e-01
-9.167705549872129378e-02 1.700199904596953471e-01 -9.857052691770233632e-02
-9.766507843663313482e-02 1.839183471419309213e-01 -1.820916690806002880e-02
-8.860925082344098258e-02 1.696814512242525996e-01 6.180502996124734305e-02
-6.588824032197168612e-02 1.294767410523440798e-01 1.292906275473685029e-01
5.159269325310525227e-03 -1.331383785355170655e-03 1.890512427377855353e-01
7.385878292666876732e-02 -1.318804019098351876e-01 1.260657207804042890e-01
-8.731373754910880247e-02 1.714017733019925216e-01 -7.212025358321992596e-02
-8.731373754910880247e-02 1.714017733019925216e-01 -7.212025358321992596e-02
-6.533143997693112437e-02 1.304984637264691993e-01 -1.393433682637298943e-01
-3.332091879529970602e-02 6.979688961979702011e-02 -1.836817796333807540e-01
3.844514321979115509e-03 -1.461684621422604550e-03 -1.983853664898430624e-01
4.050675908828987870e-02 -7.242878702954808068e-02 -1.812156410225672087e-01
7.108432108203809052e-02 -1.323003195813275690e-01 -1.347865382899970377e-01
9.092204367596536108e-02 -1.719613841825467782e-01 -6.616646830230202281e-02
9.699981343454937288e-02 -1.853739432761160044e-01 1.419778532737480878e-02
8.839234500716575127e-02 -1.704960563251902150e-01 9.407149348768831243e-02
-8.984343621790837064e-02 1.728671011593490847e-01 8.811770820677042315e-02
-9.592120597649239633e-02 1.862796602529182832e-01 7.753454577093734680e-03
-3.532579067998547345e-02 -1.438530581478609030e-02 2.289149962883453571e-01
-7.779103872914511220e-02 -1.623971518559359506e-01 9.700092522556810759e-02
-9.123408561136789330e-02 -1.858839476560938953e-01 1.986300538014786413e-02
-9.066549547303867640e-02 -1.810670086759627317e-01 -6.174016593464067004e-02
-7.617183100843555321e-02 -1.486796702096068457e-01 -1.353852456207109423e-01
-4.995962124689883044e-02 -9.365261094657462149e-02 -1.898604378901685430e-01
-1.601943751034932278e-02 -2.436320183812837326e-02 -2.168723885388361972e-01
2.048163489585506924e-02 4.863987268902873057e-02 -2.123087729443966509e-01
5.398663858091502787e-02 1.142425563126554661e-01 -1.768643602118249170e-01
7.939474045739491892e-02 1.624574351408625827e-01 -1.159352408752534896e-01
9.283778733961772778e-02 1.859442309410205274e-01 -3.879732102983322189e-02
9.226919720128845537e-02 1.811272919608893917e-01 4.280585028495523248e-02
7.777553273668535994e-02 1.487399534945335056e-01 1.164509299710255463e-01
1.561417379089078683e-01 -1.377763402286797945e-01 -3.170627926709945754e-02
1.561417379089078683e-01 -1.377763402286797945e-01 -3.170627926709945754e-02
1.379948941892411574e-01 -1.239850930879550783e-01 -1.102206729162319709e-01
9.881747398831144946e-02 -9.122070872767000516e-02 -1.740614225097697199e-01
4.457388438751191256e-02 -4.447126765679403071e-02 -2.135093526399327313e-01
-1.647777981580002965e-02 9.146051506370539777e-03 -2.225588735407807717e-01
-7.504295618138420720e-02 6.146849796144038952e-02 -1.998322776892710040e-01
-1.222056275022262439e-01 1.045304535397894169e-01 -1.487894832866913930e-01
-1.507857046004081047e-01 1.317761258622133502e-01 -7.720129307675117902e-02
-1.564321298167755947e-01 1.390576083002577623e-01 4.033639929646485114e-03
-1.382852860971088838e-01 1.252663611595331017e-01 8.254803357877900372e-02
-9.910786589617920361e-02 9.250197679924800076e-02 1.463887831723167388e-01
1.219152355943584898e-01 -1.032491854682114213e-01 1.211168439492384674e-01
1.504953126925403506e-01 -1.304948577906353546e-01 4.952865373929835752e-02
1.675681798257328686e-02 -6.945434045434900616e-02 2.428846404786086655e-01
5.197555065134069896e-02 7.915271331898548340e-03 2.484179534916124699e-01
8.448950630590382205e-02 8.173185292413470693e-02 2.210137844405638263e-01
-5.029557913021966142e-02 -6.327549387017331051e-02 2.382389672143921944e-01
-4.120317391728431367e-02 2.069360631432504843e-02 2.493686586125899995e-01
-3.125557955262599219e-02 1.023850188902071523e-01 2.273479836301362522e-01
6.714360401448699056e-02 -1.703796743600645147e-01 9.205835757309129008e-02
6.714360401448699056e-02 -1.703796743600645147e-01 9.205835757309129008e-02
7.550481667361241822e-02 -1.947583903106511194e-01 1.447364126222284823e-02
7.251768996700685976e-02 -1.895883253942533819e-01 -6.706142712167779962e-02
5.863698685737990524e-02 -1.556565751276377252e-01 -1.401338725343972136e-01
3.597591856428526691e-02 -9.812894089681425958e-02 -1.936190775652160412e-01
7.984427312251022452e-03 -2.576348352412298481e-02 -2.193744045927830677e-01
-2.107603609910070619e-02 5.042281209994852603e-02 -2.134788385497721208e-01
-4.678127954914847175e-02 1.188312730971250314e-01 -1.768299259227923137e-01
-6.521791274123459048e-02 1.690473314048295261e-01 -1.150071314360811420e-01
-7.357912540036004589e-02 1.934260473554161031e-01 -3.742241512521270186e-02
-7.059199869375445968e-02 1.882559824390183656e-01 4.411265325868796855e-02
-5.671129558412752597e-02 1.543242321724027644e-01 1.171850986714073201e-01
4.870697082240081632e-02 -1.201636160523599506e-01 1.538811520598025451e-01
5.124512980979689658e-02 -1.512248581648626550e-02 2.119814788624621582e-01
5.222902306543449058e-02 1.468014442775500243e-02 2.337433074079468820e-01
3.462283435073672255e-02 -3.532649171519063047e-02 -1.839656992986549999e-01
-2.924695408459349055e-02 1.544381156307566075e-02 -1.876954206929661861e-01
-3.675343952167232919e-02 7.027764588741831908e-03 2.318790814930825339e-01
2.665966610181377122e-02 5.041387499660113930e-02 2.406192792174350059e-01
5.114337765248372358e-02 -3.118134332587923357e-02 2.401920269351733583e-01
-4.477529867073060804e-02 1.419161413244455355e-02 2.341080454492603102e-01
9.595838034229002209e-03 -9.286728900304692946e-03 -1.909925003428297186e-01
-1.104286080230400952e-02 -2.075050740173766950e-01 2.786454361077527614e-02
1.286057143195172559e-02 2.099376758077875493e-01 7.866434118135194609e-03
-2.782014883591736598e-02 1.012604181516977425e-01 2.243598517319769226e-01
-3.876230355853175352e-02 1.971447021661533461e-02 2.464523836230060327e-01
-4.923231495418443904e-02 -6.410358989948125585e-02 2.353860382592342648e-01
4.505339432896296459e-02 1.221464270383808975e-01 -1.695291133028369035e-01
4.505339432896296459e-02 1.221464270383808975e-01 -1.695291133028369035e-01
2.120920368057671243e-02 5.314626496703109271e-02 -2.062903441340193933e-01
-5.689779500100182463e-03 -2.380227956060924563e-02 -2.123171247585338706e-01
-3.154842886369942090e-02 -9.698448818050002529e-02 -1.866919324592003493e-01
-5.242999945385325156e-02 -1.552590330286359732e-01 -1.333159704706458060e-01
-6.515546144011946650e-02 -1.897541429119529721e-01 -6.031524515132732217e-02
-6.778747859168923751e-02 -1.952182500496657258e-01 2.119654482211175833e-02
-5.992535015653097097e-02 -1.708194936623120275e-01 9.880996833243149702e-02
5.471737986429046907e-02 1.571330968324278210e-01 1.244959423854307690e-01
6.744284185055671177e-02 1.916282067157448477e-01 5.149521706611214639e-02
7.007485900212648278e-02 1.970923138534575736e-01 -3.001657290732682309e-02
6.221273056696821624e-02 1.726935574661039308e-01 -1.076299964176464785e-01
-5.243551466051552673e-02 -1.140595746293853324e-01 1.522843887779063432e-01
-5.243551466051552673e-02 -1.140595746293853324e-01 1.522843887779063432e-01
-7.736944932429817845e-02 -1.625290880634995272e-01 9.134097075671794574e-02
-9.039685918948783816e-02 -1.862380304224640348e-01 1.418354937104353286e-02
-8.953443919787384964e-02 -1.815769301542241310e-01 -6.744135740691456493e-02
-7.491348497532279715e-02 -1.492553975216402429e-01 -1.411070974518346954e-01
-4.875990426293801139e-02 -9.419409287260033237e-02 -1.955987296234741879e-01
-1.505534264138051401e-02 -2.477560070795115782e-02 -2.226203968915766440e-01
2.106898591507951751e-02 4.843174282043795353e-02 -2.180582953665972656e-01
5.411347985157480972e-02 1.142827832865914023e-01 -1.826069636501607141e-01
7.904741451535746144e-02 1.627522967207055971e-01 -1.216635456289723582e-01
9.207482438054712115e-02 1.864612390796701047e-01 -4.450612424329791761e-02
9.121240438893316038e-02 1.818001388114302563e-01 3.711878253466007610e-02
7.659145016638210790e-02 1.494786061788463682e-01 1.107845225795802552e-01
4.031568362682992623e-02 6.068587075560800959e-03 2.468186071290843497e-01
3.404486112713837193e-02 -7.769964320478513209e-02 2.326548537125636695e-01
2.303473877915363302e-02 3.191480923096474270e-02 2.327191156168616770e-01
1.709499709089387365e-01 -8.459885812026292362e-02 -7.121717478349719188e-02
1.709499709089387365e-01 -8.459885812026292362e-02 -7.121717478349719188e-02
1.281304176238552972e-01 -6.415194830076804966e-02 -1.377085367981332464e-01
6.580613816219063605e-02 -3.388970588917805671e-02 -1.809817659481345598e-01
-6.534560899017058735e-03 1.580717035253020051e-03 -1.944489053682126045e-01
-7.787846389776882650e-02 3.685927012246510703e-02 -1.760597051615832576e-01
-1.373641083365958748e-01 6.657511346581022893e-02 -1.286137543611909628e-01
-1.759353440883964781e-01 8.620427929105478615e-02 -5.933426887778034398e-02
-1.877200501590817749e-01 9.275840504013663224e-02 2.123157764389916810e-02
1.877459091900040566e-01 -9.211757867934365629e-02 8.369612974742922026e-03
4.386079810279177454e-02 2.567067781220707182e-02 2.250847558917882518e-01
-1.528991765563417760e-01 7.699151894439398847e-02 1.863373495028898263e-01
-1.222119766807695657e-01 1.152018675194210751e-02 2.313853525294623514e-01
-7.726335103070333665e-02 -5.917279562172272217e-02 2.468658385433680769e-01
-2.489632040105976135e-02 -1.243250624436908203e-01 2.304220438799451376e-01
2.691670950311283658e-02 -1.740177716970872090e-01 1.845573872133298154e-01
5.933290591303269634e-02 -3.972094438519593873e-02 2.343684012263026473e-01
2.936381768112842836e-02 3.978444070364202390e-02 2.405509999643850039e-01
3.042887901460746003e-02 3.769661228765532057e-02 -1.838471693219139169e-01
-1.986753695548919979e-02 -2.661772537803198252e-02 -1.862893518892174138e-01
1.197382145766799633e-02 4.298147106313059129e-02 2.289531694392497874e-01
-1.178184786083065344e-01 1.654941825574162972e-01 -3.053393981625398754e-02
-1.178184786083065344e-01 1.654941825574162972e-01 -3.053393981625398754e-02
-9.853747607058806202e-02 1.380966140456008073e-01 -1.050351280880493787e-01
-6.409601664792824449e-02 8.962514519780565014e-02 -1.610450687566765127e-01
-1.973750032481992600e-02 2.745911775114842635e-02 -1.900367560867134986e-01
2.778489089949544300e-02 -3.893725415205945978e-02 -1.875964684924622816e-01
7.123630375266505610e-02 -9.945572477416463053e-02 -1.540957176388854377e-01
1.040016545158321953e-01 -1.448829055642539831e-01 -9.463468915837737472e-02
1.210927155539489736e-01 -1.683029200454556340e-01 -1.826578562152992788e-02
1.199075277548161816e-01 -1.661502833159666515e-01 6.338451969400624164e-02
-1.190036664074393263e-01 1.676468192869052798e-01 5.111636549928232076e-02
3.984751641817010914e-02 1.777650840420769499e-02 2.058082154396859431e-01
1.561629359292032448e-01 -1.377749996471300253e-01 -2.867955938740887958e-02
1.561629359292032448e-01 -1.377749996471300253e-01 -2.867955938740887958e-02
1.380178958271176815e-01 -1.239851232205743392e-01 -1.071861494789118630e-01
9.884436947599190004e-02 -9.122399531747718560e-02 -1.710205539305537925e-01
4.460617115388419707e-02 -4.447920068072096916e-02 -2.104645633248895253e-01
-1.643942511515675275e-02 9.132789448866635365e-03 -2.195131847924669533e-01
-7.499878067887758015e-02 6.145003556795662625e-02 -1.967888477408053227e-01
-1.221567644945818903e-01 1.045077112119346674e-01 -1.457511264893917580e-01
-1.507340010145165610e-01 1.317506755828067588e-01 -7.417005144065874633e-02
-1.563798650318155847e-01 1.390314343131946184e-01 7.056807613285299291e-03
-1.382348249297300213e-01 1.252415578866389601e-01 8.556339770478826878e-02
-9.906129857860426768e-02 9.248042998354175093e-02 1.493978021564302539e-01
1.219398353919695366e-01 -1.032512765458700743e-01 1.241283747152682471e-01
1.505170719119041933e-01 -1.304942409167421657e-01 5.254729966653531176e-02
-3.765474318493957501e-02 -1.881345825265053756e-02 2.420887612859915217e-01
-4.805632583840456495e-02 6.495980375485499447e-02 2.306335504009865145e-01
-4.965734959694768913e-02 8.939395011773914462e-03 2.412558940475995339e-01
-1.744432559039425790e-02 -6.970421286027561614e-02 2.353593990421292415e-01
1.471690202651863011e-01 -1.525077527380654940e-01 7.127318812199161767e-03
1.471690202651863011e-01 -1.525077527380654940e-01 7.127318812199161767e-03
1.371091783451855450e-01 -1.432583170084179569e-01 -7.344813173579252397e-02
1.065037339924814336e-01 -1.124255987332435092e-01 -1.426710034728231880e-01
6.001208867072912317e-02 -6.470359977065037738e-02 -1.900027416838246941e-01
4.712173932351118241e-03 -7.357561861695447077e-03 -2.082375182894475596e-01
-5.097709949870989077e-02 5.088210056511102697e-02 -1.945992538501471192e-01
-9.857754456709569291e-02 1.011489268491423399e-01 -1.511642504956319244e-01
-1.308424250102535880e-01 1.357902483585696485e-01 -8.454509374734098248e-02
-1.428597052625822650e-01 1.495322379179441497e-01 -4.883946316041865542e-03
-1.327998633425815367e-01 1.402828021882966125e-01 7.569150423194984101e-02
1.351517400128575686e-01 -1.387657631786909374e-01 8.678846624349838279e-02
