-1.344144092394544687e-01 -2.522304253233192961e-02 1.621954615616053585e-01
-1.344144092394544687e-01 -2.522304253233192961e-02 1.621954615616053585e-01
-1.559719352905858669e-01 -8.838169808385384907e-02 1.124492106321984958e-01
-1.535963946471754493e-01 -1.378442096818717211e-01 4.554443550276573993e-02
-1.276494418378528173e-01 -1.660803583143715401e-01 -2.833321830653357659e-02
-8.208126521812451892e-02 -1.687914463133799725e-01 -9.793654770583314073e-02
-2.382920660179446010e-02 -1.455647351071218121e-01 -1.526690767498416756e-01
3.823838614302743633e-02 -9.993628092608855540e-02 -1.841982740432203391e-01
9.467228466507138229e-02 -3.885260229637530621e-02 -1.877241051109372338e-01
1.368809394889201614e-01 2.838686443556971695e-02 -1.627097941346708210e-01
1.584384655400515596e-01 9.154551998709163640e-02 -1.129635432052639304e-01
1.560629248966410865e-01 1.410080315851095500e-01 -4.605876807583116073e-02
1.301159720873185655e-01 1.692441802176093690e-01 2.781888573346813151e-02
8.454779546759023934e-02 1.719552682166177737e-01 9.742221513276770606e-02
2.629573685126007643e-02 1.487285570103596133e-01 1.521547441767763520e-01
-3.577185589356178530e-02 1.031001028293263705e-01 1.836839414701549045e-01
-9.220575441560562024e-02 4.201642419961319069e-02 1.872097725378718547e-01
-1.347631233005917584e-01 -1.510996064991749349e-02 1.550890982196438950e-01
-1.347631233005917584e-01 -1.510996064991749349e-02 1.550890982196438950e-01
-1.286613515648544759e-01 -9.396821237037777941e-02 1.289858537149677353e-01
-1.021618153613532004e-01 -1.578116031719674628e-01 8.252048071153388065e-02
-5.929882885817698568e-02 -1.969205555469232538e-01 2.276691103945990141e-02
-6.597893196494338669e-03 -2.053410860196943355e-01 -4.117791598613880499e-02
4.791775190437506243e-02 -1.817912451581000788e-01 -9.957898011191533560e-02
9.594859366337726847e-02 -1.298562827534791853e-01 -1.435452487316848103e-01
1.301823718233690308e-01 -5.744282604032864559e-02 -1.663832560033048635e-01
1.454073039894633046e-01 2.442483262639412109e-02 -1.646161223467227097e-01
1.393055322537260776e-01 1.032830843468544313e-01 -1.385128778420465778e-01
1.128059960502247466e-01 1.671264751484441147e-01 -9.204750483861270927e-02
6.994300954704862905e-02 2.062354275233999334e-01 -3.229393516653878554e-02
1.724207388536592306e-02 2.146559579961710429e-01 3.165089185905999025e-02
-3.727357121550355090e-02 1.911061171345767307e-01 9.005195598483660413e-02
-8.530441297450570837e-02 1.391711547299558371e-01 1.340182246046059678e-01
-1.195381911344974013e-01 6.675769801680538074e-02 1.568562318762259655e-01
7.663185861136871972e-04 1.531907430108135071e-01 -1.517851853961963149e-01
7.663185861136871972e-04 1.531907430108135071e-01 -1.517851853961963149e-01
-5.419586043675845427e-02 9.906636882223611440e-02 -1.828923667121876151e-01
-1.006619001023309617e-01 3.017018035024853634e-02 -1.863806478796336541e-01
-1.315577670872188076e-01 -4.300900225579286362e-02 -1.617189697121383385e-01
-1.421798457147044892e-01 -1.093303118150605741e-01 -1.126618491520335608e-01
-1.309110208031358247e-01 -1.586969301513241892e-01 -4.667778810069000972e-02
-9.946686879314700636e-02 -1.835932371323972800e-01 2.618773829382822077e-02
-5.263447678631097415e-02 -1.802289957059962366e-01 9.484161416559733215e-02
2.456348071022134479e-03 -1.491163811323661936e-01 1.488319092620749851e-01
5.741852709389431292e-02 -9.499200694378878707e-02 1.799390905780662853e-01
1.038845667594668065e-01 -2.609581847180119513e-02 1.834273717455123243e-01
1.347804337443546108e-01 4.708336413424011463e-02 1.587656935780170642e-01
1.454025123718403201e-01 1.134046736935078181e-01 1.097085730179122864e-01
1.341336874602716556e-01 1.627712920297715304e-01 4.372451196656858968e-02
1.026895354502828372e-01 1.876675990108445935e-01 -2.914101442794952632e-02
5.585714344344692994e-02 1.843033575844436334e-01 -9.779489029971860647e-02
-2.984667996819879987e-02 1.563558050329541260e-01 -1.376717278165477676e-01
-2.984667996819879987e-02 1.563558050329541260e-01 -1.376717278165477676e-01
-8.414826137458390753e-02 1.009980826046297381e-01 -1.678286530823073774e-01
-1.262676701313967254e-01 2.940685498223771441e-02 -1.726484923602981947e-01
-1.497926080688036232e-01 -4.751876240480722852e-02 -1.513974688123979062e-01
-1.511416166399278949e-01 -1.180675416417855950e-01 -1.073108581327662236e-01
-1.301093215186090168e-01 -1.714990706161436951e-01 -4.710044715125604603e-02
-8.989769897883773120e-02 -1.996788833995518653e-01 2.006727486893237350e-02
-3.662860403302813095e-02 -1.983168589463751852e-01 8.396663112714179700e-02
2.158822649886835837e-02 -1.676203531328273877e-01 1.348695238821666087e-01
7.588980790525345910e-02 -1.122626307045030136e-01 1.650264491479262463e-01
1.180092166620662769e-01 -4.067140308211095873e-02 1.698462884259170358e-01
1.415341545994731609e-01 3.625421430493388358e-02 1.485952648780168306e-01
1.428831631705974881e-01 1.068029935419122639e-01 1.045086541983851480e-01
1.218508680492785407e-01 1.602345225162704612e-01 4.429824321687485245e-02
8.163924550950729664e-02 1.884143352996786036e-01 -2.286947880331351851e-02
2.837015056369777272e-02 1.870523108465019513e-01 -8.676883506152285874e-02
-5.833851433518526253e-02 -1.173691139732516292e-01 1.677330092776284087e-01
-5.833851433518526253e-02 -1.173691139732516292e-01 1.677330092776284087e-01
-1.220133212869312228e-01 -1.328915681479019562e-01 1.163980651396115257e-01
-1.676289518221546482e-01 -1.284370522144885340e-01 4.689931945112802564e-02
-1.882408396985883192e-01 -1.046837258435861229e-01 -3.018267376444902853e-02
-1.807110118342739602e-01 -6.524781765072480699e-02 -1.031128797900565663e-01
-1.461858162634940284e-01 -1.613308717086974625e-02 -1.607883358722596578e-01
-8.992140104022250391e-02 3.518319310656160825e-02 -1.944284766518542540e-01
-2.048351334400830975e-02 8.088858469256940409e-02 -1.989118956437826991e-01
5.155655787941926249e-02 1.140248560385904442e-01 -1.735560329488181619e-01
1.152313648311652367e-01 1.295473102132407850e-01 -1.222210888108013621e-01
1.608469953663886898e-01 1.250927942798273906e-01 -5.272234312231782044e-02
1.814588832428223331e-01 1.013394679089249933e-01 2.435965009325916433e-02
1.739290553785080573e-01 6.190355971606364971e-02 9.728985611886670215e-02
1.394038598077280144e-01 1.278882923620853866e-02 1.549653122010699047e-01
8.313944458445649000e-02 -3.852745104122273778e-02 1.886054529806645008e-01
1.370155688824243809e-02 -8.423284262723050586e-02 1.930888719725929459e-01
1.089511512059268550e-01 -1.701858623943338367e-01 6.849134342243184959e-02
1.089511512059268550e-01 -1.701858623943338367e-01 6.849134342243184959e-02
4.851593997945218700e-02 -2.047586896307488080e-01 2.300278329557412654e-02
-1.874869516185490720e-02 -2.077830182987222274e-01 -2.581551795444145259e-02
-8.260232327316630041e-02 -1.787984217741627468e-01 -7.053141650130281826e-02
-1.333238083091151105e-01 -1.222175421319128957e-01 -1.043373221418800595e-01
-1.631912639643849083e-01 -4.665430539055390874e-02 -1.220865921936930693e-01
-1.676576408646206495e-01 3.638747063848905144e-02 -1.210770611888869752e-01
-1.460429736145687774e-01 1.142654283303684570e-01 -1.014624210715221464e-01
-1.016378993656032598e-01 1.751233545919401446e-01 -6.622882299231198922e-02
-4.120268813912856404e-02 2.096961818283551160e-01 -2.074026286545425923e-02
2.606194700217853710e-02 2.127205104963285354e-01 2.807803838456133377e-02
8.991557511348989562e-02 1.837359139717691381e-01 7.279393693142262312e-02
1.406370601494387196e-01 1.271550343295192453e-01 1.065998425719999337e-01
1.705045158047085729e-01 5.159179758816011957e-02 1.243491126238129296e-01
1.749708927049443141e-01 -3.144997844088275041e-02 1.233395816190068495e-01
1.533562254548924975e-01 -1.093279361327620797e-01 1.037249415016420762e-01
-1.373424966655071577e-01 1.596121071092911625e-01 -3.235221544555048900e-02
-1.373424966655071577e-01 1.596121071092911625e-01 -3.235221544555048900e-02
-1.826672612789116967e-01 9.615389071790458875e-02 -6.132712243234234722e-02
-2.007878866639680182e-01 1.745234539758313413e-02 -8.129045005019341907e-02
-1.889456718696793103e-01 -6.451093200793918403e-02 -8.920296263730134734e-02
-1.489434867485317227e-01 -1.372577755126314636e-01 -8.386005187938416761e-02
-8.687130136450886553e-02 -1.897131376446827555e-01 -6.607512750572815119e-02
-1.217904325656649252e-02 -2.138911650285302002e-01 -3.855578303148152891e-02
6.376206836536706113e-02 -2.061109721693469565e-01 -5.491589189369443583e-03
1.293906876647434034e-01 -1.675570229023198299e-01 2.808373023581007405e-02
1.747154522781479424e-01 -1.040988065109332561e-01 5.705863722260191839e-02
1.928360776632042362e-01 -2.539726119061179802e-02 7.702196484045299718e-02
1.809938628689156392e-01 5.656601621491046811e-02 8.493447742756092544e-02
1.409916777477680516e-01 1.293128597196027407e-01 7.959156666964374571e-02
7.891949236374504184e-02 1.817682218516541715e-01 6.180664229598773624e-02
4.227234255802762505e-03 2.059462492355015606e-01 3.428729782174112783e-02
-7.171387736613067665e-02 1.981660563763183447e-01 1.223103979629081104e-03
1.564274984906891333e-02 -1.595158223347650506e-01 1.433364218663060741e-01
1.564274984906891333e-02 -1.595158223347650506e-01 1.433364218663060741e-01
-6.096228161568421899e-02 -1.719866852136449631e-01 1.132687110737149727e-01
-1.281587803317697782e-01 -1.585508885312625071e-01 6.602434181371388822e-02
-1.757166885074415430e-01 -1.212539105367100301e-01 8.795841034864290697e-03
-1.963957457364645665e-01 -6.577387803171078073e-02 -4.970427079690543926e-02
-1.870477530118407061e-01 -5.571230374038899612e-04 -1.005698819600426286e-01
-1.490958574861288854e-01 6.446769468968366334e-02 -1.360571642528731195e-01
-8.831789121832904488e-02 1.194011361020433093e-01 -1.507635006393284738e-01
-1.396674861907756804e-02 1.558800827175297610e-01 -1.424499847178422041e-01
6.263828284567557469e-02 1.683509455964097290e-01 -1.123822739252510750e-01
1.298347815617612033e-01 1.549151489140272175e-01 -6.513790466525004597e-02
1.773926897374328848e-01 1.176181709194747682e-01 -7.909403886400493550e-03
1.980717469664559360e-01 6.213813841447551195e-02 5.059070794536927457e-02
1.887237542418320480e-01 -3.078616579831456451e-03 1.014563191085065680e-01
1.507718587161203105e-01 -6.810343430691895295e-02 1.369436014013369896e-01
8.999389244832049772e-02 -1.230368757192785295e-01 1.516499377877923993e-01
-4.881495662596058160e-02 -1.253977659334883643e-01 1.669112918753304919e-01
-4.881495662596058160e-02 -1.253977659334883643e-01 1.669112918753304919e-01
-1.113424346225931894e-01 -1.446288616978302632e-01 1.154326584858957755e-01
-1.574464063707154970e-01 -1.422093331146409290e-01 4.616405149077879022e-02
-1.801079601052203716e-01 -1.185075314776297406e-01 -3.034901161649989840e-02
-1.758770796975256123e-01 -7.713184122866473258e-02 -1.024581105705014289e-01
-1.453978783366764727e-01 -2.438133613658476084e-02 -1.591852887260887806e-01
-9.331053813521372753e-02 3.171319758286039736e-02 -1.918943474422242779e-01
-2.754488446589541464e-02 8.261187566909974911e-02 -1.956056290377319873e-01
4.188685806725983563e-02 1.205658357811690562e-01 -1.697541245325472903e-01
1.044143360638925266e-01 1.397969315455109551e-01 -1.182754911431125461e-01
1.505183078120147788e-01 1.373774029623216486e-01 -4.900688414799556081e-02
1.731798615465196811e-01 1.136756013253105158e-01 2.750617895928307577e-02
1.689489811388249496e-01 7.229991107634549385e-02 9.961527791328461667e-02
1.384697797779757267e-01 1.954940598426543191e-02 1.563424560688720932e-01
8.638243957651306482e-02 -3.654512773517971241e-02 1.890515147850075350e-01
2.061678590719477622e-02 -8.744380582141900171e-02 1.927627963805153000e-01
-6.882506133658182479e-02 1.654759816546849394e-01 -1.014023093718628560e-01
-6.882506133658182479e-02 1.654759816546849394e-01 -1.014023093718628560e-01
-5.988694045600223559e-02 1.120494478227646307e-01 -1.639870639293615484e-01
-4.166116640567915641e-02 4.054054626587869081e-02 -2.014761847990977073e-01
-1.692244806772108881e-02 -3.816414098374391189e-02 -2.081622931683810296e-01
1.056296894795805651e-02 -1.120825387521146577e-01 -1.830274896477113167e-01
3.661067905664680544e-02 -1.699612410509434013e-01 -1.298983202255493408e-01
5.725515451737739347e-02 -2.029887401269764580e-01 -5.686321932929912226e-02
6.935346108388969200e-02 -2.061368986409123916e-01 2.495888099442362604e-02
7.106374125285430665e-02 -1.789264379971324537e-01 1.031113076905184472e-01
6.212562037227473133e-02 -1.254999041652122005e-01 1.656960622480171119e-01
4.389984632195165215e-02 -5.399100260832620513e-02 2.031851831177533541e-01
1.916112798399359496e-02 2.471368464129628656e-02 2.098712914870366486e-01
-8.324289031685565970e-03 9.863208240966703233e-02 1.847364879663669912e-01
-3.437199914037436521e-02 1.565107847084959425e-01 1.316073185442049320e-01
-5.501647460110488386e-02 1.895382837845289437e-01 5.857221764795474128e-02
-6.711478116761718238e-02 1.926864422984649050e-01 -2.324988267576787865e-02
1.637568411964925308e-01 -2.267718636332568052e-02 -1.345250367140234382e-01
1.637568411964925308e-01 -2.267718636332568052e-02 -1.345250367140234382e-01
1.095932954164482859e-01 -7.930011532334435564e-02 -1.627376431209256180e-01
3.896545343706802472e-02 -1.233148376613779074e-01 -1.659328098756598646e-01
-3.737423604326941401e-02 -1.480205108959122551e-01 -1.436241018040765594e-01
-1.078037473221910847e-01 -1.496559202344751038e-01 -9.920781748113205456e-02
-1.616008257525907432e-01 -1.279720894302928402e-01 -3.944593356037469356e-02
-1.905753538151703230e-01 -8.627018515888651429e-02 2.656334487408711781e-02
-1.903162222671531678e-01 -3.089894431687408016e-02 8.877070355620556019e-02
-1.608628815376914323e-01 2.971186361909614049e-02 1.377056360377387767e-01
-1.066993357576471596e-01 8.633479257911483296e-02 1.659182424446409843e-01
-3.607149377826685682e-02 1.303495149171484124e-01 1.691134091993752031e-01
4.026819570207052640e-02 1.550551881516827324e-01 1.468047011277919256e-01
1.106977069809922110e-01 1.566905974902456089e-01 1.023884168048474763e-01
1.644947854113918972e-01 1.350067666860632898e-01 4.262653288408994184e-02
1.934693134739714770e-01 9.330486241465696384e-02 -2.338274555037174116e-02
1.932101819259542941e-01 3.793362157264460605e-02 -8.559010423249011068e-02
-1.299098122347945028e-01 -3.413919320277743891e-02 1.642678500582640533e-01
-1.299098122347945028e-01 -3.413919320277743891e-02 1.642678500582640533e-01
-1.467262320252347430e-01 -9.997848949479354319e-02 1.162072193804187387e-01
-1.411090526256801869e-01 -1.505289842631929997e-01 5.032456683658377561e-02
-1.139134386798549281e-01 -1.780948229208631217e-01 -2.335007095117445572e-02
-6.927967588215656891e-02 -1.784793564171233693e-01 -9.360039824192445401e-02
-1.400285001246734731e-02 -1.516240430129728867e-01 -1.497314395264521536e-01
4.350164327622676325e-02 -1.016173607301714549e-01 -1.831977525983446153e-01
9.447926616025192903e-02 -3.607237363457177493e-02 -1.889043946652896044e-01
1.311691376688174648e-01 3.503228815530864959e-02 -1.659825812034339265e-01
1.479855574592577050e-01 1.008715844473247608e-01 -1.179219505255886674e-01
1.423683780597031767e-01 1.514220792157242312e-01 -5.203929798175371130e-02
1.151727641138779595e-01 1.789879178733943810e-01 2.163533980600443676e-02
7.053900131617958646e-02 1.793724513696546286e-01 9.188566709675445587e-02
1.526217544649032497e-02 1.525171379655041459e-01 1.480167083812823081e-01
-4.224231784220374569e-02 1.025104556827027419e-01 1.814830214531747143e-01
-9.321994072622889760e-02 3.696546858710313133e-02 1.871896635201197312e-01
1.779811385755734887e-01 -5.673257735959097436e-02 -1.146197391912422009e-01
1.779811385755734887e-01 -5.673257735959097436e-02 -1.146197391912422009e-01
1.218092024266662493e-01 -1.127452709127983177e-01 -1.400211996249221824e-01
4.806971317333176563e-02 -1.512279150710434672e-01 -1.444389213469754463e-01
-3.201116039574435079e-02 -1.663218761072714214e-01 -1.272003462719664690e-01
-1.062418312145969462e-01 -1.557292352808141711e-01 -9.092989118699308648e-02
-1.633213525537622612e-01 -1.210626261349715266e-01 -4.114940408624846030e-02
-1.945598847165017908e-01 -6.759972565860360161e-02 1.456248713041826716e-02
-1.952016443590376960e-01 -3.479775806837732098e-03 6.772415205482117118e-02
-1.651489293933595670e-01 6.153554230418752796e-02 1.102422091139124705e-01
-1.089769932444522721e-01 1.175482358573949060e-01 1.356436695475925214e-01
-3.523750399111780229e-02 1.560308800156400277e-01 1.400613912696457575e-01
4.484336957795826556e-02 1.711248410518680096e-01 1.228228161946367941e-01
1.190740403968108679e-01 1.605322002254107594e-01 8.655236110966341156e-02
1.761535617359762385e-01 1.258655910795680732e-01 3.677187400891872293e-02
2.073920938987157403e-01 7.240269060320023153e-02 -1.894001720774796810e-02
2.080338535412517009e-01 8.282740751434411464e-03 -7.210168213215081834e-02
