-9.701031130668805180e-02 -7.472705370654876555e-02 1.887341299509865122e-01
-9.701031130668805180e-02 -7.472705370654876555e-02 1.887341299509865122e-01
-1.378033023180081085e-01 -1.108287118136538074e-01 1.311453855818891789e-01
-1.587936647269977408e-01 -1.297975502245816148e-01 5.709507047776171684e-02
-1.567858061349973187e-01 -1.287457352442167302e-01 -2.214332615457048278e-02
-1.320854048113554446e-01 -1.078333961685932624e-01 -9.450647672568904256e-02
8.155224826057559662e-02 7.814470201988099607e-02 -1.427001853427068145e-01
1.223452392718956533e-01 1.142463601269860518e-01 -8.511144097360945349e-02
1.433356016808852995e-01 1.332151985379138592e-01 -1.106112586948194629e-02
1.413277430888848774e-01 1.321633835575490024e-01 6.817727076285019783e-02
1.166273417652430172e-01 1.112510444819255206e-01 1.405404213339687125e-01
7.299480990178855433e-02 7.366189536448122799e-02 1.950116921430142258e-01
1.707280494484637173e-02 2.511854341186194398e-02 2.232983259926088759e-01
-4.262505478512660512e-02 -2.698872608772743056e-02 2.210939392981264018e-01
-1.363098984115472811e-01 -3.020506715384701016e-02 1.479618206342893094e-01
-1.363098984115472811e-01 -3.020506715384701016e-02 1.479618206342893094e-01
-1.844122430036888027e-01 -4.373322775055539513e-02 8.643417399597924655e-02
-2.059827172964844022e-01 -5.061130444189530786e-02 1.047428533721337859e-02
-1.977374121156922626e-01 -4.979217240153069324e-02 -6.835364087181655668e-02
-1.609316004312103809e-01 -4.140053705715664167e-02 -1.380487674427162137e-01
1.160364811857689804e-01 3.010123730075298445e-02 -1.646908634176268982e-01
1.641388257779105575e-01 4.362939789746138330e-02 -1.031632167793167937e-01
1.857093000707061570e-01 5.050747458880129603e-02 -2.720332812055093960e-02
1.774639948899140451e-01 4.968834254843668141e-02 5.162459808847889853e-02
1.406581832054321912e-01 4.129670720406262985e-02 1.213197246593786111e-01
8.089521620070910801e-02 2.661011896649623926e-02 1.712716003596242986e-01
9.700729166411481419e-02 -1.652622923112121445e-01 8.638387138031039525e-02
9.700729166411481419e-02 -1.652622923112121445e-01 8.638387138031039525e-02
9.921799919234122744e-02 -1.727117441005138754e-01 7.487651502522799096e-03
8.504430362629447626e-02 -1.541133193427989267e-01 -6.826325622321560704e-02
5.664402163103489374e-02 -1.122984596122890560e-01 -1.293364627793496813e-01
-9.555581260372277008e-02 1.296683956837136331e-01 -1.001186764856408229e-01
-1.138143630451635413e-01 1.620316125145595532e-01 -3.008837873618300240e-02
-1.160250705733899546e-01 1.694810643038612841e-01 4.880784114160462150e-02
-1.018513750073431479e-01 1.508826395461462799e-01 1.245587488673430276e-01
-7.345109301208359309e-02 1.090677798156364509e-01 1.856319554234770741e-01
-3.514791007219209007e-02 5.040241845365445172e-02 2.227296187418314199e-01
7.226861428950907135e-03 -1.618217507526301113e-02 2.302039558733420255e-01
4.722204665855643524e-02 -8.054909999718137814e-02 2.069170667447711998e-01
7.874874122267405685e-02 -1.328990754803662799e-01 1.564141691297683268e-01
1.523287652212816923e-01 -1.130126325053982805e-01 -3.341634009834347496e-02
1.523287652212816923e-01 -1.130126325053982805e-01 -3.341634009834347496e-02
1.250793680788198914e-01 -9.323061752635355970e-02 -1.051546973552100195e-01
-1.072602623301882468e-01 7.009049568922100237e-02 -1.481500110677307913e-01
-1.512375911441935505e-01 1.003766854044531726e-01 -8.959242465836454727e-02
-1.736093115548786037e-01 1.153627525760358291e-01 -1.505938782390082477e-02
-1.709695319298672189e-01 1.127672043261326446e-01 6.410212022127456666e-02
-1.437201347874054458e-01 9.298518934708793759e-02 1.358404774781411251e-01
-9.600959382603282966e-02 5.902834009504889790e-02 1.892341693641688138e-01
-3.510140640998771211e-02 1.606627904903356469e-02 2.161544903047321053e-01
2.973170806073112057e-02 -2.936040944875554712e-02 2.125030654699473776e-01
8.861949562160281735e-02 -7.033592386848670774e-02 1.788357911906618414e-01
1.325968244356080239e-01 -1.006221135837187947e-01 1.202782047812956390e-01
1.549685448462931048e-01 -1.156081807553014373e-01 4.574516794683206738e-02
-1.943805303649942876e-02 -1.391158010889015084e-01 9.512003704611179944e-02
-1.943805303649942876e-02 -1.391158010889015084e-01 9.512003704611179944e-02
-2.466353073806692997e-02 -1.850292211567482747e-01 3.068653820651304209e-02
-2.760952006455466567e-02 -2.028562292296595126e-01 -4.651801128576290439e-02
-2.782752084646460122e-02 -1.898828249307651372e-01 -1.247399186315008845e-01
-2.528434444093296748e-02 -1.480840914603690217e-01 -1.920706075206682073e-01
-2.036716640175043752e-02 -8.382350708287644725e-02 -2.382595909241037313e-01
-1.382458251105262229e-02 -6.884163246112722651e-03 -2.562750148228116753e-01
-6.652641857527607019e-03 7.102062240766350565e-02 -2.433741942384380352e-01
5.679260812934718017e-05 1.380305524713053844e-01 -2.015211621587238988e-01
5.282270309696851865e-03 1.839439725391521230e-01 -1.370876633191251415e-01
8.228259636184582365e-03 2.017709806120634164e-01 -5.988311382684922274e-02
8.446260418094521383e-03 1.887975763131690687e-01 1.833879351888874354e-02
5.903084012562889379e-03 1.469988428427728977e-01 8.566948240805608017e-02
1.176048229081894658e-01 -1.559298491859651969e-01 5.590166395054125409e-02
1.176048229081894658e-01 -1.559298491859651969e-01 5.590166395054125409e-02
1.134309824106478071e-01 -1.538122915367252375e-01 -2.323330609499299829e-02
9.054879139981975023e-02 -1.282838016810018411e-01 -9.471022558117805912e-02
-8.914161759831346066e-02 9.218233334064371287e-02 -1.354859516046903745e-01
-1.213458511298018683e-01 1.342405954919915767e-01 -7.650935958326007813e-02
-1.365157905253389925e-01 1.558563490056240064e-01 -1.763920807519431949e-03
-1.323419500277973337e-01 1.537387913563840747e-01 7.737104923801481349e-02
-1.094597590169692769e-01 1.282103015006606506e-01 1.488479687241998917e-01
-7.135282364667543120e-02 8.315736060265085938e-02 2.017851245991526821e-01
-2.382257938681357073e-02 2.543887050815043724e-02 2.281233147574247555e-01
2.589492493678947210e-02 -3.615805188536868470e-02 2.238527885037073784e-01
7.023064998116393398e-02 -9.225583352098490342e-02 1.896236947477122348e-01
1.024348835126523416e-01 -1.343140956723326840e-01 1.306471027262819939e-01
7.950095425499184576e-02 -1.672511509441036992e-01 5.493036073061784152e-02
7.950095425499184576e-02 -1.672511509441036992e-01 5.493036073061784152e-02
9.374618524101890893e-02 -1.769196553730406352e-01 -2.242391893931299993e-02
9.239881608295186233e-02 -1.598869063711809702e-01 -9.980712916467812668e-02
7.566397152117460001e-02 -1.187459855718037138e-01 -1.654383776692131824e-01
-9.684968181805050924e-02 1.641881072349489212e-01 -1.001582613753923823e-01
-1.110949128040775724e-01 1.738566116638858294e-01 -2.280398170546156164e-02
-1.097475436460105258e-01 1.568238626620261922e-01 5.457922851990357205e-02
-2.221360655800336259e-02 1.495523282177270985e-01 -1.949312980134375872e-01
-2.221360655800336259e-02 1.495523282177270985e-01 -1.949312980134375872e-01
-1.705537082453238706e-02 8.590647852984381605e-02 -2.419329987997126397e-01
-1.077311630283795535e-02 9.182592250913694173e-03 -2.609208898769140306e-01
-4.323259295069008593e-03 -6.893881443685721810e-02 -2.490042369541990430e-01
1.312267937441026489e-03 -1.365644655375709560e-01 -2.079972424143233523e-01
5.275507459724052689e-03 -1.833989686991975010e-01 -1.441428494466518440e-01
6.963091981368223909e-03 -2.023121953712077314e-01 -6.716231053899879289e-02
6.118102056944997591e-03 -1.904247782416147172e-01 1.122478509026855059e-02
2.869179742595064780e-03 -1.495464688086944050e-01 7.908471271238554090e-02
-2.065669475284932083e-02 1.365703249466036218e-01 9.215065711327136144e-02
-2.461993427513235744e-02 1.834048281082302778e-01 2.829626414559969355e-02
-2.630751879677652172e-02 2.023180547802404250e-01 -4.868427476205324650e-02
-2.546252887235330234e-02 1.904306376506474385e-01 -1.270713703913204928e-01
-1.772151277146131743e-01 8.635742691661310588e-02 3.419401287549361790e-04
-1.772151277146131743e-01 8.635742691661310588e-02 3.419401287549361790e-04
-1.925527152924580709e-01 9.271331597818363579e-02 -7.717796924257673552e-02
-1.803029071738963263e-01 8.508427414128791333e-02 -1.551312577499889545e-01
-1.423306256001918846e-01 6.463175386815689372e-02 -2.216502438665481911e-01
-8.441680622135155909e-02 3.446946596781679667e-02 -2.666080149521190545e-01
-1.537830304772388329e-02 -8.106546487262596221e-04 -2.831601579021330028e-01
5.427439764809611350e-02 -3.583752943269343655e-02 -2.687867589980000305e-01
1.139373035884739815e-01 -6.527863421763627216e-02 -2.256760379276888384e-01
1.545272781895762337e-01 -8.465182768432671923e-02 -1.603912111744945912e-01
1.698648657674211304e-01 -9.100771674589722138e-02 -8.287130180316293337e-02
1.576150576488593857e-01 -8.337867490900149892e-02 -4.918013295750672809e-03
1.196427760751549718e-01 -6.292615463587050706e-02 6.160097282080848058e-02
-1.366251531135108110e-01 6.698423344992265882e-02 6.562676688194926666e-02
1.085877271337881006e-01 -1.608527912030008333e-01 1.359767390956073338e-02
1.085877271337881006e-01 -1.608527912030008333e-01 1.359767390956073338e-02
1.113178534130251779e-01 -1.603886931797773863e-01 -6.569139536309280547e-02
9.574113476085868712e-02 -1.355879797907108553e-01 -1.394254847249613571e-01
6.422898538877476471e-02 -9.022633483025992163e-02 -1.963792474718849268e-01
-7.045588011954112551e-02 9.113876999406191060e-02 -1.999552196293343242e-01
-1.058290111027132829e-01 1.358440812357997185e-01 -1.447773052629314217e-01
-1.264503453359964447e-01 1.597872532953960867e-01 -7.200429811905163791e-02
-1.291804716152334942e-01 1.593231552721726396e-01 7.284771153601887067e-03
-1.136037529630670173e-01 1.345224418831061086e-01 8.101886051547044221e-02
-8.209160359098317816e-02 8.916079692265524437e-02 1.379726232623939841e-01
5.259326191733278144e-02 -9.220430790166667112e-02 1.415485954198434093e-01
8.796639290050491111e-02 -1.369096191434044374e-01 8.637068105344064550e-02
-1.716025229384287587e-01 4.651293146402796230e-02 7.302251640086038220e-02
-1.716025229384287587e-01 4.651293146402796230e-02 7.302251640086038220e-02
-2.018620690461014333e-01 5.414081379678244155e-02 1.699163693834396249e-04
-2.029970022187021494e-01 5.357275136025060891e-02 -7.907473823036229033e-02
-1.748345391688972961e-01 4.489522651089561389e-02 -1.526471670901482502e-01
-1.216621596026564167e-01 2.942931374507315109e-02 -2.093466348518005504e-01
-5.157487630011858837e-02 9.529558082531313853e-03 -2.405411615305626805e-01
2.475715719871004680e-02 -1.177448306884217206e-02 -2.414816632186816692e-01
9.571308074523954268e-02 -3.123946256536466737e-02 -2.120249570598104483e-01
1.504904981965595467e-01 -4.590201372916911937e-02 -1.566555595409308277e-01
1.807500443042322213e-01 -5.352989606192361943e-02 -8.380295950945391981e-02
1.818849774768329652e-01 -5.296183362539177292e-02 -4.558304909708189856e-03
1.537225144270281674e-01 -4.428430877603680565e-02 6.901412395007774925e-02
1.005501348607872464e-01 -2.881839601021433592e-02 1.257135917117300217e-01
-1.168251054871086853e-01 3.185038030022347560e-02 1.283919139197400028e-01
5.320915197961623155e-02 -1.925193095727886494e-01 -3.358907189385776371e-02
4.374450311887145837e-02 -1.904165613013654723e-01 -1.122708181741377681e-01
-7.194035942665823191e-02 1.902147202033335482e-01 -8.818278681576950662e-02
-6.247571056591344485e-02 1.881119719319103711e-01 -9.501040535489488348e-03
5.687562351692099227e-02 1.001717166749407084e-01 -2.409332296327439948e-01
5.687562351692099227e-02 1.001717166749407084e-01 -2.409332296327439948e-01
1.711459863184437019e-02 4.002831812755806157e-02 -2.738804950550438044e-01
-2.659394061552973129e-02 -2.604088450654545167e-02 -2.767289767037465764e-01
-6.759576534368347267e-02 -8.797745404514079048e-02 -2.490450190693879184e-01
-9.964871942022217322e-02 -1.363521092323779216e-01 -1.950432537460979332e-01
-1.178730311477450693e-01 -1.638002473333411702e-01 -1.229449599771259560e-01
-1.194942142695340076e-01 -1.661431381401503593e-01 -4.372644941613738900e-02
-1.042654583513581978e-01 -1.430240977658268908e-01 3.055197782154381314e-02
-7.450520343274374957e-02 -9.796279053273861115e-02 8.858210452460014983e-02
4.996618542786071537e-02 9.018638018734285999e-02 9.669389396124412894e-02
8.201913950439944367e-02 1.385610353745799772e-01 4.269212863795418533e-02
1.002434512319223814e-01 1.660091734755432535e-01 -2.940616513101794449e-02
1.018646343537112781e-01 1.683520642823524704e-01 -1.086246756920064560e-01
8.663587843553550993e-02 1.452330239080290020e-01 -1.829031029296875055e-01
3.701863820555058998e-02 -1.596670132192911651e-01 1.265374576686626451e-01
3.701863820555058998e-02 -1.596670132192911651e-01 1.265374576686626451e-01
4.666671476454867240e-02 -1.890667619425722701e-01 5.354218114393098638e-02
4.768089261774596799e-02 -1.894326724693529695e-01 -2.573315268678129375e-02
3.990677238053823295e-02 -1.607090382389180228e-01 -9.921959288043895320e-02
2.452789338646497314e-02 -1.072687721824584772e-01 -1.557294950737967976e-01
-4.029620750597856516e-02 1.089953467960603078e-01 -1.575570053241743262e-01
-5.710935057470182402e-02 1.629530884821081549e-01 -1.019546552524842609e-01
-6.675742713369992032e-02 1.923528372053893154e-01 -2.895937872775258826e-02
-6.777160498689718815e-02 1.927187477321699594e-01 5.031595510295970575e-02
-5.999748474968948087e-02 1.639951135017350681e-01 1.238023952966173236e-01
-4.461860575561620718e-02 1.105548474452755364e-01 1.803122974899751818e-01
-2.397626292163977657e-02 4.053374563266909369e-02 2.112425413376335381e-01
-1.213065820929436558e-03 -3.540811392798309115e-02 2.118842775971450654e-01
2.020549513682729295e-02 -1.057092715332432487e-01 1.821398077403528215e-01
4.007989215313340764e-02 1.148934679630379818e-01 -2.298583050004109063e-01
4.007989215313340764e-02 1.148934679630379818e-01 -2.298583050004109063e-01
1.059118770851604288e-02 5.001245483571394729e-02 -2.646296445161057109e-01
-2.183271582853973936e-02 -2.219080841848829200e-02 -2.694829795374890091e-01
-5.225557306793467832e-02 -9.072402949332770972e-02 -2.436794338031466889e-01
-7.604577977885854101e-02 -1.451536467353560789e-01 -1.911473632414077140e-01
-8.958149264833401015e-02 -1.771932443251835188e-01 -1.198842993908915133e-01
-9.080202209352614129e-02 -1.819650839694342548e-01 -4.073939772155664441e-02
-7.952155357053147799e-02 -1.587426963391051493e-01 3.423824793776091002e-02
-5.745743615427406636e-02 -1.110614794394457899e-01 9.363397070948042966e-02
5.866823577771785453e-02 1.489856352589482291e-01 5.492302895047734834e-02
7.220394864719337225e-02 1.810252328487757523e-01 -1.634003490003898412e-02
7.342447809238547562e-02 1.857970724930264883e-01 -9.548493656937379059e-02
6.214400956939084703e-02 1.625746848626974383e-01 -1.704625822286912618e-01
-1.686434641584217409e-01 -7.138060063684004142e-02 1.134527056212451118e-01
-1.912599421310475778e-01 -8.388952748203770682e-02 3.851520863274887629e-02
-1.860580419223685777e-01 -8.353556187835764479e-02 -4.058233699400250194e-02
-1.538297056838132670e-01 -7.037259188025388190e-02 -1.117980469583727543e-01
1.045838919012149065e-01 4.911483083720805803e-02 -1.504420371915152210e-01
1.515755943026966812e-01 7.258227941280634421e-02 -9.107314344767090952e-02
1.741920722753225736e-01 8.509120625800400961e-02 -1.613564645917466359e-02
1.689901720666435736e-01 8.473724065432391983e-02 6.296189916757664873e-02
1.367618358280882629e-01 7.157427065622015694e-02 1.341776091319469288e-01
-1.439781016852265949e-01 -1.659131411264751915e-02 6.718883019858049033e-02
-1.439781016852265949e-01 -1.659131411264751915e-02 6.718883019858049033e-02
-1.910006067870806956e-01 -2.381287977587052268e-02 3.829480041110194799e-03
-2.103942467496871527e-01 -2.737984294519067024e-02 -7.290928299171804683e-02
-1.992065156925232894e-01 -2.674916581268062254e-02 -1.513446778667753567e-01
-1.591406442520076903e-01 -2.201686325466257685e-02 -2.195356267329593158e-01
-9.629629815692977712e-02 -1.390338543716527521e-02 -2.671006757778842111e-01
-2.024095941484928968e-02 -3.643935809043125085e-03 -2.867984774627034827e-01
5.744663609411469751e-02 7.199577425964762134e-03 -2.756302200419203929e-01
1.249392561935292745e-01 1.697632767452067828e-02 -2.352961694673435245e-01
1.719617612953833474e-01 2.419789333774368528e-02 -1.719368193098732567e-01
1.913554012579898322e-01 2.776485650706384672e-02 -9.519805627704498729e-02
1.801676702008259967e-01 2.713417937455378515e-02 -1.676266140198777455e-02
1.401017987603103698e-01 2.240187681653574639e-02 5.142828746419622621e-02
-5.576325032159842876e-02 -1.158430472986458071e-01 1.853943390325307472e-01
-5.576325032159842876e-02 -1.158430472986458071e-01 1.853943390325307472e-01
-7.580840668113951464e-02 -1.640149306704013488e-01 1.257163263500273853e-01
-8.582182939217189444e-02 -1.873244108078592485e-01 5.061503914318168929e-02
-8.427906561884390690e-02 -1.822228306610552406e-01 -2.847603240562800175e-02
-7.141498716045621697e-02 -1.494868595614009255e-01 -9.951598961544438904e-02
3.593403600416387317e-02 1.144323470656501973e-01 -1.365783416575275522e-01
5.597919236370495211e-02 1.626042304374057390e-01 -7.690032897502424580e-02
6.599261507473735966e-02 1.859137105748636387e-01 -1.799041768178522016e-03
6.444985130140938601e-02 1.808121304280596309e-01 7.729202978063114127e-02
5.158577284302168914e-02 1.480761593284053435e-01 1.483319869904475008e-01
2.935881903170221158e-02 9.268955212350610262e-02 2.005056403548917954e-01
1.152842097386374415e-03 2.308441767946349879e-02 2.258700241045726587e-01
-2.873805365949386875e-02 -5.014249325673212493e-02 2.205636407423126333e-01
-1.509576126144013264e-01 1.468130292401022552e-01 -9.411662401755835350e-02
-1.509576126144013264e-01 1.468130292401022552e-01 -9.411662401755835350e-02
-1.388746788022787726e-01 1.340763492624371112e-01 -1.714153318517978031e-01
-1.071905266149792979e-01 1.010037066556486174e-01 -2.361117409513791565e-01
-6.072878100546445779e-02 5.263011145236849708e-02 -2.783564095052999954e-01
-6.562821566010164018e-03 -3.679994985436369458e-03 -2.917179696750999418e-01
4.706107539437170972e-02 -5.935390940499611634e-02 -2.741622450477715356e-01
9.197915766529946024e-02 -1.059157830212237861e-01 -2.283619355547854557e-01
1.213530544044541110e-01 -1.362769926604840975e-01 -1.612897231356094085e-01
1.307108561083363263e-01 -1.458153193802503855e-01 -8.315674411994335158e-02
1.186279222962137586e-01 -1.330786394025852970e-01 -5.858036285703888124e-03
8.694377010891432556e-02 -1.000059967957968171e-01 5.883837281387745144e-02
-1.122259141713644326e-01 1.069134928810755863e-01 5.108856741728377837e-02
-1.415998109105190972e-01 1.372747025203359117e-01 -1.598364500189217163e-02
