1.667395345277732088e-02 2.299373140428222217e-01 -8.607265948091918917e-02
1.667395345277732088e-02 2.299373140428222217e-01 -8.607265948091918917e-02
1.244351889034914227e-02 1.768483163175691153e-01 -1.524666002114460073e-01
2.352514238313307970e-02 1.047569019523168499e-01 -1.963359427796826373e-01
4.823174720951992067e-02 2.463833527387641192e-02 -2.110019774561957273e-01
8.280197675062272999e-02 -5.131005821757505386e-02 -1.942319334094215477e-01
1.219728269387197334e-01 -1.115258240868654827e-01 -1.485788978246536385e-01
1.597808909173143721e-01 -1.468416578376722514e-01 -8.099313152387485615e-02
2.093686809811144967e-01 -1.258767814857184031e-01 7.704670851928431541e-02
2.135991155435426614e-01 -7.278778376046529663e-02 1.434406492498111474e-01
2.025174920507586962e-01 -6.963693952129548781e-04 1.873099918180478052e-01
1.778108872243719385e-01 7.942219728322735817e-02 2.019760264945608674e-01
1.432406576832691014e-01 1.553705907746788240e-01 1.852059824477867434e-01
1.040698074951719870e-01 2.155863566439693291e-01 1.395529468630187508e-01
-1.542876825281543351e-01 -5.881026974696285103e-02 1.067073636131327663e-01
-1.542876825281543351e-01 -5.881026974696285103e-02 1.067073636131327663e-01
-1.484887999669357583e-01 -2.560953067263038729e-01 -3.318173230971515481e-02
-8.973274722402355130e-02 -2.935938690888507119e-01 -8.174195868811588717e-02
-1.406630061379597618e-02 -3.050955015183791641e-01 -1.186040368707795833e-01
6.699100928538646860e-02 -2.888491847400511681e-01 -1.381560496099666080e-01
1.410989418277172891e-01 -2.473282732101386716e-01 -1.374213802055725131e-01
1.969752360737078711e-01 -1.868539493210707170e-01 -1.165118754146216018e-01
2.261132327442749168e-01 -1.166328806838466542e-01 -7.861081779640317901e-02
2.240769359829221097e-01 -4.735558844291151703e-02 -2.948829979934817352e-02
-9.841138828216364209e-02 1.664054142105228506e-03 1.276168684040837054e-01
-8.109823485509710939e-02 1.847201399439980518e-01 8.132597964008184133e-02
1.300835153895769924e-01 -1.607008833165560480e-01 7.047219286962040641e-02
1.300835153895769924e-01 -1.607008833165560480e-01 7.047219286962040641e-02
5.701650589321876489e-02 -2.041542578198700664e-01 7.217389927032560881e-02
-2.711480843543893904e-02 -2.164405600481942860e-01 7.125294105887892970e-02
-1.095021976421215737e-01 -1.956893118628733885e-01 6.784952577446619337e-02
-1.776029285636546162e-01 -1.450597026895891761e-01 6.248179254210282224e-02
-9.989942189023293118e-02 -2.231550904047294864e-02 4.513807673779796081e-02
-1.388167806566122098e-02 -2.409623063581868840e-01 -1.166087811392071266e-02
6.213943525728152228e-02 -2.717218473744966167e-01 -3.356434000095052245e-02
1.451187537777798298e-01 -2.703588753931153721e-01 -5.138835981360681537e-02
2.224234284604834078e-01 -2.370808905428366808e-01 -6.241939211055462511e-02
2.822845233535716258e-01 -1.769541643514316587e-01 -6.497806222114040076e-02
3.155887294017483136e-01 -9.913244583141142541e-02 -5.867483581542978777e-02
3.172657831375581550e-01 -1.546338617181402392e-02 -4.446932197480256421e-02
2.870603683322541233e-01 6.131515875610129424e-02 -2.452418140819061232e-02
2.295709855771765895e-01 1.195143514863025169e-01 -1.875880963711106485e-03
-6.734120948967942111e-03 1.156329356709523692e-01 4.888263303292278428e-02
-2.054863918814351931e-01 -7.440455797634301649e-02 -1.841393287480440066e-01
-1.475224709455299765e-01 -1.320130560816029641e-01 -2.076378571068238921e-01
-8.051007979966523509e-02 -1.837622787285658199e-01 -1.997579200775910779e-01
-1.465124752696035648e-02 -2.217738758771029550e-01 -1.616991666412392059e-01
6.940281645754688145e-02 -1.673452373507291757e-01 1.297851921796137342e-01
2.931184724984123302e-02 -1.126478354013623340e-01 1.810847479984721009e-01
-2.865207368606391414e-02 -5.503933729610240022e-02 2.045832763572520419e-01
-9.566446483192880823e-02 -3.290114649139461167e-03 1.967033393280192277e-01
-1.615232971046335897e-01 3.472148249939764619e-02 1.586445858916674390e-01
-8.198392255362470238e-02 1.774508048480448186e-01 1.111729027220425964e-01
8.363564564164319148e-02 1.971201573424083142e-01 1.138161278611782151e-01
1.593803111370262204e-01 1.606729150847794330e-01 1.009517901404452661e-01
-2.349728549076050832e-01 9.028211187878082411e-02 1.560484801176148517e-01
-2.349728549076050832e-01 9.028211187878082411e-02 1.560484801176148517e-01
2.174083636569544564e-02 3.691449354230014884e-02 -1.822799782410998992e-01
6.492034771055643638e-02 1.070109780736727967e-01 -1.605735886954386127e-01
-1.917933435627439676e-01 1.603785964101535899e-01 1.777548696632761660e-01
-1.510510466727002163e-02 2.282697481381111837e-01 6.598458726351627557e-02
6.744245512346133675e-02 2.094834434177730020e-01 7.389035213850236872e-02
1.367210055627470222e-01 1.604359771001830082e-01 7.882537874071765538e-02
1.821835153578293398e-01 8.859438131580490983e-02 8.003835400610238848e-02
-1.499790928497819753e-01 -2.434569954219941157e-01 -1.444536367380026311e-02
-2.266072268376941867e-01 -2.174045561648179081e-01 -4.014235842111345265e-02
-2.880170312007793720e-01 -1.624066239149097868e-01 -6.051389309780979414e-02
-3.248594199060205745e-01 -8.683613529982095458e-02 -7.245858621778396291e-02
-3.315254732501301538e-01 -2.198012163013435272e-03 -7.415796653243268699e-02
-3.070003450393914424e-01 7.862235849443058311e-02 -6.535331879377156983e-02
-2.550177637230486294e-01 1.433208078783996808e-01 -4.738507080568130081e-02
-1.834916060832417484e-01 1.820475835630886996e-01 -2.298872544177497229e-02
7.823529916595045597e-02 -5.235209824938109879e-02 6.383419772834654504e-02
5.371017095521177231e-02 -1.331724689068250478e-01 5.502954998968542788e-02
1.260534872484649072e-01 -1.674830079533608934e-02 -8.501305923693536215e-02
1.260534872484649072e-01 -1.674830079533608934e-02 -8.501305923693536215e-02
6.310626619616968580e-02 -1.992877876098720150e-03 -1.398265863854203650e-01
-1.570077338504109743e-02 1.540268016611941182e-02 -1.657388030994544903e-01
-9.836997410652087437e-02 3.279005731051691519e-02 -1.588048092791555232e-01
-1.723156995565950644e-01 4.752218300382558824e-02 -1.200802426268534617e-01
-2.520483915849616174e-01 6.079503857213529316e-02 2.521645669445014490e-02
-2.456967785805883042e-01 5.731509650559649810e-02 1.096684840096424363e-01
-2.081925198444408154e-01 4.744618809055193426e-02 1.850384589700823923e-01
-1.452452987921456495e-01 3.269076517131457721e-02 2.398519861185673951e-01
-6.643825921093481079e-02 1.529520712909643657e-02 2.657642028326015482e-01
1.623094151054488982e-02 -2.092170015301040784e-03 2.588302090123025812e-01
9.017666696061910070e-02 -1.682429570860973639e-02 2.201056423600005474e-01
-2.167237772604112545e-01 1.189875149366804996e-01 -4.419436130638020738e-02
-1.984712207861188960e-01 1.953149023355063019e-01 -7.660568210898660579e-02
-1.504502639312992884e-01 2.619278992726204458e-01 -9.819771635661378451e-02
-7.997166206604086613e-02 3.086852808126682168e-01 -1.056832725673384349e-01
2.234856565787653616e-03 3.284686594728965514e-01 -9.792274266481366951e-02
8.365409470643750400e-02 3.182661951890597418e-01 -7.609759697732017270e-02
1.518907114162263428e-01 2.796311206628029900e-01 -4.353051609034053887e-02
1.608055193521744641e-01 -2.481640915863193853e-02 -1.832980058508892063e-01
1.608055193521744641e-01 -2.481640915863193853e-02 -1.832980058508892063e-01
9.385614199398004120e-02 -6.449115246494044329e-02 -2.176856857289074521e-01
2.214093316566849434e-02 -1.102223875066107306e-01 -2.197832740440030519e-01
-4.342211668863658891e-02 -1.550479483032265182e-01 -1.892714319898880226e-01
-9.285162755914425081e-02 -1.921435495682234373e-01 -1.307953109287644800e-01
-8.769341272359243433e-02 -2.113085903823046785e-01 1.106813069060292865e-01
-3.570230264068317838e-02 -1.837304588272997696e-01 1.721238658106363506e-01
3.124707471751127230e-02 -1.440557155209912510e-01 2.065115456886545964e-01
1.029622835458228469e-01 -9.832448047932096369e-02 2.086091340037501685e-01
1.685253334001278747e-01 -5.349891968270523157e-02 1.780972919496351670e-01
2.179548442706355782e-01 -1.640331841770827082e-02 1.196211708885116243e-01
2.127966294350838172e-01 2.761722396373053612e-03 -1.218554469462820727e-01
-1.520011635983959386e-01 5.182915190999649868e-02 1.692679307718834569e-01
-1.520011635983959386e-01 5.182915190999649868e-02 1.692679307718834569e-01
-1.803042726065270385e-01 6.145425179097492585e-02 8.996928859485021912e-02
-1.446936533628332688e-01 4.919791990585198338e-02 -7.194490783399989930e-02
-8.620131907979347585e-02 2.918240356533535751e-02 -1.299104934353699503e-01
-1.116614106644376117e-02 3.530917883638256052e-03 -1.598054181081756397e-01
6.898845502026586252e-02 -2.385133097549766573e-02 -1.570784505691493749e-01
1.420596585293567304e-01 -4.879564384397300919e-02 -1.221447469060855662e-01
2.252261501268102151e-01 -7.712957508930007311e-02 1.897599535015984107e-02
2.226600937755841836e-01 -7.620560928177706750e-02 1.036786801975422279e-01
1.896155308831165009e-01 -6.487324320417713064e-02 1.808901917790099179e-01
1.311231966000767080e-01 -4.485772686366051171e-02 2.388557773803799966e-01
5.608801858672685103e-02 -1.920624118196337382e-02 2.687507020531857416e-01
-2.406657749998264081e-02 8.176007677172520208e-03 2.660237345141595044e-01
-9.713778100907349833e-02 3.312032054564784112e-02 2.310900308510956958e-01
-1.074685405728104670e-01 2.785316221750368526e-01 -1.375628308326123928e-01
-1.074685405728104670e-01 2.785316221750368526e-01 -1.375628308326123928e-01
-1.813830222203413056e-01 2.371495848369523374e-01 -1.429584105397882221e-01
-2.385655377979748748e-01 1.763949061990007783e-01 -1.273390370676158734e-01
-2.703105676698109860e-01 1.055169353412769434e-01 -9.308261843726045592e-02
-2.717852188072750752e-01 3.530620081646351771e-02 -4.540438384998538718e-02
9.560852267490876910e-02 4.340449568591146778e-02 1.174971518449978714e-01
4.471092988010492986e-02 2.818860457420586663e-01 -7.008680541634546013e-02
-2.807490264977419159e-02 2.942409781576335592e-01 -1.119737260454539973e-01
1.321823530832939020e-01 -1.595075630843617587e-01 7.122303093428708487e-02
1.321823530832939020e-01 -1.595075630843617587e-01 7.122303093428708487e-02
5.916158856113090669e-02 -2.030252654343032426e-01 6.924365299388764161e-02
-2.487016177447234910e-02 -2.153223422023137767e-01 6.509790279076266284e-02
1.284043504835640503e-01 1.188626744757751014e-01 -1.612255355805761181e-01
1.284043504835640503e-01 1.188626744757751014e-01 -1.612255355805761181e-01
9.479412210528262439e-02 5.282293469454583945e-02 -2.028978362578756911e-01
6.526484766572457352e-02 -2.608320571806203511e-02 -2.142696559016728231e-01
4.431209151477329133e-02 -1.058430021701729368e-01 -1.936097380570012405e-01
3.512572083920355304e-02 -1.743137486763083333e-01 -1.440633679330905192e-01
8.222134639696562775e-02 -2.253630134898572668e-01 8.786088763484450892e-02
1.147956761208560605e-01 -1.822436260699669131e-01 1.534894393278739555e-01
1.484059044991374865e-01 -1.162038862887376511e-01 1.951617400051735007e-01
1.779351789386955374e-01 -3.729774587612978698e-02 2.065335596489706882e-01
1.988879350896468057e-01 4.246205057598105570e-02 1.858736418042990779e-01
2.080743057652165440e-01 1.109327970821164938e-01 1.363272716803883844e-01
1.361705163922320161e-01 -6.835643849466126187e-02 -1.721211855717682260e-01
8.880523406951154608e-02 -7.496444709373772941e-03 -2.081472700102143525e-01
4.403743692151957517e-02 6.473126084758888676e-02 -2.130758054433059823e-01
8.682616242946139540e-03 1.373306647509605072e-01 -1.861564670286398326e-01
-1.187677701014346054e-02 1.992491658716879499e-01 -1.314874800154384182e-01
3.281146675682886094e-02 2.429288874828103850e-01 1.027183718342142421e-01
7.556329938799703771e-02 2.027019878257906860e-01 1.643573604995301196e-01
1.229285817107175216e-01 1.418419940405031832e-01 2.003834449379762461e-01
1.676963788587095272e-01 6.961428848354038468e-02 2.053119803710678482e-01
2.030511995372829004e-01 -2.985115419831138595e-03 1.783926419564017263e-01
2.236105927903724866e-01 -6.490361654055852580e-02 1.237236549432003951e-01
-3.101910697607809797e-02 -2.436462522776849937e-01 9.702083096942727691e-02
-3.101910697607809797e-02 -2.436462522776849937e-01 9.702083096942727691e-02
2.019338343804980007e-02 -1.873786421721760354e-01 -1.331298064621879995e-01
-9.097117739995108643e-04 -1.238307401165053279e-01 -1.856817087530366062e-01
-3.821479938237205831e-02 -5.149465884433254703e-02 -2.106056069696095878e-01
-8.604251797015444181e-02 1.861708899886362067e-02 -2.041070635441337155e-01
-1.371115309417054173e-01 7.583062536853353575e-02 -1.671754228036947398e-01
-2.348595344279896524e-01 5.516809788888461796e-02 1.247174451667476258e-01
-2.137564392159403415e-01 -8.379804166786047892e-03 1.772693474575962602e-01
-1.764513516075677524e-01 -8.071588543895891199e-02 2.021932456741692696e-01
-1.286236330197854105e-01 -1.508276332821550381e-01 1.956947022486933974e-01
-7.755462004823447664e-02 -2.080411696518248976e-01 1.587630615082545049e-01
1.351980161274338177e-01 -3.865643898666724226e-02 -6.508654780864195355e-02
1.351980161274338177e-01 -3.865643898666724226e-02 -6.508654780864195355e-02
7.881286964782226179e-02 -1.874720670745896878e-02 -1.251620082387513988e-01
4.663406817313760222e-03 6.184297855310981820e-03 -1.577963530544205795e-01
-7.596178881470111444e-02 3.234247913661247170e-02 -1.580212990885361823e-01
-1.507882620824665398e-01 5.574499116087122674e-02 -1.258026003465450571e-01
-2.400955112239476774e-01 8.099365895222974954e-02 1.215320388992206790e-02
-2.409800679881023422e-01 7.899593392783872681e-02 9.688778876187550959e-02
-2.109433652782829460e-01 6.713997406906155319e-02 1.752584205413460772e-01
-1.545582187986714595e-01 4.723074178985327970e-02 2.353338809714555779e-01
-8.040875596816293713e-02 2.229923722708333778e-02 2.679682257871247586e-01
2.164396638518750748e-04 -3.858944054218152106e-03 2.681931718212403615e-01
7.504291293161732823e-02 -2.726145607847689500e-02 2.359744730792492362e-01
1.326790115837853667e-01 -4.434547853429926523e-02 1.762171343813880020e-01
1.643501620730984936e-01 -5.251012386983546637e-02 9.801866884278211123e-02
1.652347188372531583e-01 -5.051239884544444364e-02 1.328408397082874587e-02
1.384330500219711491e-01 -5.263580653974364587e-02 -1.166218198586341931e-01
6.727023998481020117e-02 -2.589319734561176811e-02 -1.540567580089402533e-01
-1.182844330369489834e-02 4.005088496203270711e-03 -1.595502158415117999e-01
-8.682094234421885992e-02 3.250730799492129730e-02 -1.322658641996590223e-01
-1.462903289665384854e-01 5.527425660512556849e-02 -7.635749828759048896e-02
-1.861866579675262590e-01 7.113891444040271184e-02 8.422316715071687110e-02
-1.605397459169169705e-01 6.182137332353605103e-02 1.644485160313304828e-01
-1.081467018667786467e-01 4.230576060453797999e-02 2.281258045145463376e-01
-3.698389182961767802e-02 1.556315141040611263e-02 2.655607426648524672e-01
4.211479145888736425e-02 -1.433513443140892879e-02 2.710542004974240138e-01
1.171072904994113345e-01 -4.283735393012694237e-02 2.437698488555712362e-01
1.765766771217310849e-01 -6.560430254033128294e-02 1.878614829435025779e-01
2.114692763039303647e-01 -7.916991871902127886e-02 1.118406446607318472e-01
2.164730061227188029e-01 -8.146896037560841242e-02 2.728081750519541909e-02
