1.809314061879692126e-01 -2.567971340682435599e-01 -1.845169176878523783e-03
1.809314061879692126e-01 -2.567971340682435599e-01 -1.845169176878523783e-03
1.125413353983149289e-01 -3.039005544977623208e-01 1.126290392924507010e-03
3.133294546033955907e-02 -3.212239501080834114e-01 4.266503595710639286e-03
-5.033052241378802721e-02 -3.061299909545077691e-01 7.097401437459255162e-03
-1.200165455214117216e-01 -2.609165954910868113e-01 9.188005383916970220e-03
-1.671160585497682705e-01 -1.924670933166758302e-01 1.022003993560755691e-02
-1.844585875984391943e-01 -1.112023006410466086e-01 1.003638718745263753e-02
-1.694038898301817031e-01 -2.949404548188362674e-02 8.665006605542485349e-03
1.767040452003430795e-01 4.433779242285128264e-02 -4.718496108918497460e-03
2.238035582286996839e-01 -2.411170975155979557e-02 -5.750530660609085021e-03
2.411460872773706077e-01 -1.053765024271889061e-01 -5.566877912454167368e-03
2.260913895091131165e-01 -1.870847575863518186e-01 -4.195497330544018660e-03
8.564849253199259549e-02 -1.857864485646526231e-01 -1.492327491385064264e-01
8.103930229253514250e-02 -1.164093223656270798e-01 -1.959165035182272863e-01
6.866611638762691594e-02 -3.537693191476964927e-02 -2.130763160366521969e-01
5.041264020808060298e-02 4.497427590222539961e-02 -1.980997607919388614e-01
2.905780003405852852e-02 1.124115580807330816e-01 -1.532668825572834903e-01
-2.095686144098396833e-02 3.670671378536100038e-02 1.919416223619584139e-01
-8.583675536075727891e-03 -4.432567666549638158e-02 2.091014348803833245e-01
9.669800643470539969e-03 -1.246768844824913264e-01 1.941248796356700446e-01
-1.672695588372670183e-01 3.048007405095426448e-02 3.277856842041255991e-02
-1.672695588372670183e-01 3.048007405095426448e-02 3.277856842041255991e-02
-2.074998598351258661e-01 -4.076859272646690679e-02 1.750946712468340327e-02
-2.167830757354469728e-01 -1.216591789110463007e-01 2.314446805286316314e-04
-1.937059210699681733e-01 -1.998768260311714617e-01 -1.642507662059266779e-02
-1.417816834415807081e-01 -2.635136063575401755e-01 -2.992429240232635790e-02
-6.891535733482027914e-02 -3.028813969543128204e-01 -3.821106943259927613e-02
1.379981963544982260e-02 -3.119868085730412854e-01 -4.002382102837321459e-02
9.377121159045243015e-02 -2.894436248355360952e-01 -3.508657219182571146e-02
1.588238990475115964e-01 -2.386838411113627878e-01 -2.415097430204898865e-02
1.990542000453704163e-01 -1.674351743339416165e-01 -8.881873006319811192e-03
2.083374159456915786e-01 -8.654458814936218103e-02 8.396149437834964785e-03
1.852602612802128346e-01 -8.326941029237075464e-03 2.505267073895624599e-02
-1.877143908339235501e-01 -6.584557249716649352e-02 -3.540461097723252709e-02
1.533936299964434036e-01 -1.629029998486444808e-01 2.516945526855228488e-02
2.517107169171030612e-01 4.751481522565093735e-02 9.183469915456482502e-02
2.729838102151634915e-01 3.693263990579907785e-02 1.228391375738169082e-02
2.619301432924419082e-01 2.655761578093491018e-02 -6.934346959065154636e-02
-1.201289465912441928e-01 -1.396384761883368297e-01 -9.831442925022329526e-02
-1.962982697220152506e-01 -1.095261881891691491e-01 -7.978089994089804238e-02
-2.531600241465674639e-01 -5.596887167097087251e-02 -4.895295621226593286e-02
-2.820575232068500693e-01 1.287985742464537592e-02 -1.052387304100543645e-02
-2.785913846274164496e-01 8.653840420815558931e-02 2.965587002056548765e-02
-2.432892965863608647e-01 1.537929226481596079e-01 6.546927132160046403e-02
-1.815256819737090244e-01 2.044045219758946486e-01 9.146406516330821135e-02
-1.027034912256764992e-01 2.306680449890033957e-01 1.036827798266816564e-01
-1.882268835871291068e-02 2.285851083881691170e-01 1.002652267671464564e-01
5.734663477205825810e-02 1.984728203890014364e-01 8.173169745782118967e-02
-2.066648596232865676e-01 2.961834579054921021e-02 1.600439369968082171e-01
-2.066648596232865676e-01 2.961834579054921021e-02 1.600439369968082171e-01
-2.568998593061928015e-01 3.277921335276798992e-02 9.298473032130248617e-02
-2.776392915820741214e-01 3.784554567779818690e-02 1.190025768638825442e-02
-2.657257658903492969e-01 4.404603959557084475e-02 -7.086510498184356299e-02
-2.229730085212041080e-01 5.043672611472239942e-02 -1.427110814870356237e-01
-1.558897392293803752e-01 5.604468114442959920e-02 -1.926997731916711976e-01
-7.468877765320773576e-02 6.001614436765843885e-02 -2.132208549323383051e-01
8.267765895891204808e-03 6.174649651007611817e-02 -2.011501780380895443e-01
8.035050966550599805e-02 6.097230714368075816e-02 -1.583253936451158306e-01
9.665865856342356621e-02 4.015392681950756548e-02 1.444296248387279824e-01
2.957538927159973630e-02 3.454597178980035876e-02 1.944183165433636395e-01
-5.162557230457280599e-02 3.057450856657152605e-02 2.149393982840307193e-01
-1.345821158536716633e-01 2.884415642415385020e-02 2.028687213897820141e-01
-1.501379626611679119e-01 -9.052186570768359919e-02 1.660999130396229317e-01
-1.501379626611679119e-01 -9.052186570768359919e-02 1.660999130396229317e-01
-5.619463526167889356e-02 -2.726685842220208933e-01 8.104299799604432197e-02
2.211309903964522525e-02 -2.996265628199951125e-01 7.331718319207826406e-02
1.030238881250009481e-01 -2.962593060548434076e-01 5.432697868176745992e-02
1.742197978142722148e-01 -2.630794482448014504e-01 2.696347095517420689e-02
2.248618962497960228e-01 -2.051383219652882506e-01 -4.607493987142906311e-03
2.472403830165293970e-01 -1.312569384547418727e-01 -3.557952292422600360e-02
2.379483363657247663e-01 -5.268306861623390375e-02 -6.123740521254558700e-02
1.984003861673546143e-01 1.862112814122683646e-02 -7.767496086298716906e-02
1.346173493360593443e-01 7.180023423547002293e-02 -8.238972103458405694e-02
-1.455319785079824124e-01 2.980759347395117720e-02 3.658275225102795153e-02
-1.455319785079824124e-01 2.980759347395117720e-02 3.658275225102795153e-02
-1.849548824767727473e-01 -4.182000103505596061e-02 2.130211298351983307e-02
-1.933553938334127698e-01 -1.226091390638562595e-01 3.393395150761950672e-03
-1.694546108746790847e-01 -2.002604067029247759e-01 -1.441696130013975924e-02
-1.168912111449018354e-01 -2.629521023647073963e-01 -2.941749105081876980e-02
-4.366749576453458209e-02 -3.011399836863340451e-01 -3.932449942687499950e-02
3.906888837439462941e-02 -3.090102919105932600e-01 -4.262973421030846755e-02
1.187220767939237975e-01 -2.853648439548632787e-01 -3.883000336736934510e-02
1.831655936151305175e-01 -2.338034449238845514e-01 -2.850378147424923597e-02
2.225884975839208524e-01 -1.621758504148774205e-01 -1.322314220674114180e-02
2.309890089405609026e-01 -8.138671238607714242e-02 4.685575626016759247e-03
2.070882259818272453e-01 -3.735444747008667687e-03 2.249593207691844704e-02
1.545248262520500238e-01 5.895625091477399438e-02 3.749646182759745761e-02
1.516560995414764079e-01 -1.050677812598168614e-01 -6.129929060439762677e-03
1.516560995414764079e-01 -1.050677812598168614e-01 -6.129929060439762677e-03
-1.436046824864159743e-01 1.798097968705114347e-01 2.586404168189018402e-02
-1.436046824864159743e-01 1.798097968705114347e-01 2.586404168189018402e-02
-1.840551916896900619e-01 1.071345582391963341e-01 1.820149737878248158e-02
-1.705377518344377286e-01 -5.457399147883153223e-02 -4.427833675456495366e-03
-1.186277104579759739e-01 -1.189886417626281334e-01 -1.594950990897671395e-02
1.173647185633570206e-01 -1.440245183726944767e-01 -3.205933626237380402e-02
1.826498773843156509e-01 -9.204282868683902330e-02 -2.853789263149094160e-02
2.231003865875897663e-01 -1.936759005552396440e-02 -2.087534832838323917e-02
2.325580228317599973e-01 6.293705124231181725e-02 -1.023825626206175884e-02
2.095829467323374606e-01 1.423409596625038742e-01 1.753982725855727370e-03
1.576729053558757199e-01 2.067556099463004893e-01 1.327565895937596156e-02
8.473073193624411359e-02 2.463744555082523213e-01 2.257270167620059956e-02
1.861211154133256274e-03 2.551658862572816489e-01 2.822972040059516102e-02
-7.831952366545724686e-02 2.317914865563669435e-01 2.938548531277304643e-02
-2.462019164837365992e-01 5.524898561854016399e-02 6.200916724673635749e-02
-2.072458680748117676e-01 8.053997377843133409e-02 1.314032295039916087e-01
-5.106940615667605876e-02 2.018698343988202248e-01 -1.432245038662364467e-01
-5.106940615667605876e-02 2.018698343988202248e-01 -1.432245038662364467e-01
-1.317958066280114360e-01 1.844934677554639357e-01 -1.305824976241362900e-01
-1.982077050616818381e-01 1.457690294821040733e-01 -9.789629565057186844e-02
-2.401944919465193728e-01 9.159196426795242207e-02 -5.014207589485964595e-02
-2.513640595904784170e-01 3.021023917554453708e-02 5.410014578273298486e-03
-2.300159425721490791e-01 -2.903133457652408433e-02 6.030267357524660143e-02
-1.794001981864093431e-01 -7.711376441070429133e-02 1.061789913669639457e-01
-1.072226146831225385e-01 -1.067169362530540483e-01 1.360547144394928798e-01
1.038592171704928596e-01 1.656495632655279326e-01 -1.040219604540555676e-01
3.168163366720619378e-02 1.952527351078776618e-01 -1.338976835265844878e-01
-1.003059787224425264e-01 -1.343158367865684433e-01 5.248199403083000925e-02
-1.963980731237046085e-01 -5.618024369032185994e-03 1.987627601455588255e-02
-1.995569912373673371e-01 7.484197904646051891e-02 -2.414590990251073294e-03
2.199604141377771993e-01 8.651942437915972894e-02 -1.971557077717266820e-02
2.231193322514399280e-01 6.059420963667065674e-03 2.575296227634286342e-03
1.680654529173671863e-01 -8.680055377067558142e-02 -2.642186178353868320e-02
1.680654529173671863e-01 -8.680055377067558142e-02 -2.642186178353868320e-02
-1.338236417459478800e-01 -1.117222367324002819e-01 -2.260196320123292538e-02
-1.855987367307166125e-01 -4.718255997904820254e-02 -1.078032826249289942e-02
-2.083369820197908395e-01 3.211179803883464079e-02 2.679180511587990476e-03
-1.985766858906157784e-01 1.140889901181709326e-01 1.572747492090681432e-02
-1.578037649515536267e-01 1.862687318899784450e-01 2.637807042472811725e-02
-9.222552680812785841e-02 2.376623119804879558e-01 3.300951040548379123e-02
-1.182566374946596166e-02 2.604455237048831640e-01 3.461221824025689786e-02
7.115567390032427608e-02 2.511498296084533344e-01 3.094219618978593170e-02
1.440853297117613840e-01 2.111904148517031732e-01 2.255817184242236637e-02
1.958604246965302276e-01 1.466507380983509690e-01 1.073653690368233347e-02
2.185986699856043991e-01 6.735638008046823666e-02 -2.722971870398552523e-03
2.088383738564294212e-01 -1.462081199886797189e-02 -1.577126627971735251e-02
-1.694334209633155397e-01 -1.454634277060247796e-02 7.731954881995800610e-02
-1.641195638089712194e-01 -9.860691683384864570e-02 7.712400641412707480e-02
2.045421697721400422e-01 -1.529437781276701824e-01 -6.513986259945983570e-02
2.296031640111518279e-01 -7.336013762340456990e-02 -7.666575338376724336e-02
2.242893068568075354e-01 1.070043643984163600e-02 -7.647021097793629818e-02
1.894095848906210133e-01 8.644048367194050175e-02 -6.458300494065843944e-02
1.901084076055120087e-01 -1.467280846173488473e-01 -3.338026249587765226e-02
1.901084076055120087e-01 -1.467280846173488473e-01 -3.338026249587765226e-02
1.267901199493224051e-01 -2.015943605750116774e-01 -2.419657911742070788e-02
-1.626144144841789874e-01 -1.194410837714395546e-01 2.890415537300684845e-02
-1.880168389525909978e-01 -3.938965570256397486e-02 3.599919059704864005e-02
2.094307932301280595e-01 9.246962639094404024e-02 -2.874895575388936725e-02
2.348332176985399866e-01 1.241819832206858369e-02 -3.584399097793115191e-02
2.280480981770390825e-01 -7.157686781474895121e-02 -3.747028963460896644e-02
-8.552882860670196763e-02 -1.485431353443702751e-01 -7.585284373102864353e-02
-1.611574265568706255e-01 -1.202874124720101912e-01 -5.471007353350145624e-02
-2.179924329113632209e-01 -6.681829254500259996e-02 -2.511408222573510013e-02
-2.473812331633237771e-01 3.724035626544677791e-03 8.429408803992292226e-03
-2.448496488845290642e-01 8.060014204631089918e-02 4.081370711890811714e-02
-2.107830908325568631e-01 1.521063363955266479e-01 6.710859686496167820e-02
-1.503678836567022281e-01 2.073564487897897601e-01 8.331091944208543487e-02
-7.280169498427216390e-02 2.379391504605897212e-01 8.695401811233222089e-02
1.010672609860695931e-02 2.391985023114282516e-01 7.748326412792862217e-02
8.573532404877565183e-02 2.109427794390681121e-01 5.634049393040140713e-02
1.425703304032683305e-01 1.574736595120604654e-01 2.674450262263501632e-02
-1.201111146357397019e-01 -1.434956931855307094e-01 3.269230865103865680e-02
1.833921848064324622e-01 -1.386306393091291667e-01 -6.922887053194382891e-03
2.279687098926490851e-01 -6.797275090802437636e-02 -1.930991972570390500e-02
-1.748562432958406243e-01 -9.599169280423401618e-02 1.575019556952166888e-01
-1.748562432958406243e-01 -9.599169280423401618e-02 1.575019556952166888e-01
-2.210542751333152978e-01 -9.974508102993284719e-02 8.704994618162879838e-02
-2.367450945283622321e-01 -1.033465706416301089e-01 4.269156304866555257e-03
-2.195399164657175772e-01 -1.062478674935295186e-01 -7.823778908606199289e-02
-1.720580733400914331e-01 -1.080072754402508495e-01 -1.479099554827103813e-01
-1.015282453433806187e-01 -1.083569405709785272e-01 -1.941403871309499429e-01
-1.868795943360148856e-02 -1.072436295392815570e-01 -2.098909198922427888e-01
6.385110180854391970e-02 -1.048368338575461911e-01 -1.927636779326170335e-01
1.335231145273922948e-01 -1.015029663506594321e-01 -1.453661285815907589e-01
1.307249445716431591e-01 -8.948738371464259878e-02 1.600457825963362279e-01
6.019511657493224061e-02 -8.913771858391492109e-02 2.062762142445759006e-01
-2.264516933484682706e-02 -9.025102961561189130e-02 2.220267470058686909e-01
-1.051842305769921659e-01 -9.265782529734725714e-02 2.048995050462430190e-01
-1.182862857822017943e-01 -1.455688778858003629e-01 2.190963804726198116e-02
-1.837944361067946897e-01 -9.456432267490295918e-02 1.465898881568643633e-02
-2.246068251091188905e-01 -2.252311458614718320e-02 5.184414074525919326e-03
-2.345101365287981243e-01 5.958712550413149817e-02 -5.071668059111798452e-03
-2.119966809759278037e-01 1.392658578733681485e-01 -1.454786205199643488e-02
-1.604939279734496627e-01 2.043827178078539974e-01 -2.180150327062375937e-02
-8.784270479237239748e-02 2.450242536683687189e-01 -2.572829059387914813e-02
-5.103501577036876485e-03 2.550031600365890716e-01 -2.573040624821269079e-02
7.512738801576679393e-02 2.328002388769649378e-01 -2.180752814443057824e-02
1.406355383403597448e-01 1.817956836660675757e-01 -1.455687891285504902e-02
1.814479273426840289e-01 1.097544755773116470e-01 -5.082304171694520742e-03
1.913512387623632349e-01 2.764423548703304548e-02 5.173777961943195301e-03
1.688377832094929698e-01 -5.203449688220350422e-02 1.464997195482781872e-02
-3.293703667463339368e-02 -1.205789639048552853e-01 1.376625129137129810e-01
-3.293703667463339368e-02 -1.205789639048552853e-01 1.376625129137129810e-01
-1.166543184166014824e-01 -1.170721977337871034e-01 1.339073167758398353e-01
-1.920499244275332140e-01 -8.906583356920641514e-02 1.101138653700063641e-01
-2.476455571551346435e-01 -4.082358647684723035e-02 6.990449598457676439e-02
-2.749772854922941101e-01 2.031009874053765762e-02 1.940072060964140310e-02
-2.698841015624134365e-01 8.502817268683782181e-02 -3.370871877182949478e-02
-2.331413964489897350e-01 1.434778952745303926e-01 -8.133839145227393652e-02
-1.703429139320903896e-01 1.867608260876938431e-01 -1.162371115301522595e-01
-9.104915370525178131e-02 2.082875312707688775e-01 -1.330918652312927664e-01
-7.331871963283678739e-03 2.047807650997006956e-01 -1.293366690934195928e-01
4.635672355220535334e-02 -9.905225872178022306e-02 1.208077592125724464e-01
1.569155366242623861e-01 -1.212731487496487015e-01 3.437039045468383985e-02
1.569155366242623861e-01 -1.212731487496487015e-01 3.437039045468383985e-02
-1.429417397928353373e-01 -7.961968824938088496e-02 3.754866565549708907e-02
-1.798266954736794654e-01 -6.571252003379081386e-03 2.079784847120451363e-02
-1.584111481966840040e-01 1.506992150958200161e-01 -1.986933783180667296e-02
-1.033709681793475166e-01 2.109782429934986825e-01 -3.759449648485364143e-02
-2.851765773535700627e-02 2.459661396279133605e-01 -4.984165430129062352e-02
5.475304516713883074e-02 2.503363149025472079e-01 -5.474629252432715310e-02
1.337639308620364453e-01 2.234234492475747624e-01 -5.156172444516213260e-02
1.964863082377502068e-01 1.693247824932309076e-01 -4.077277168566691146e-02
2.333712639185943627e-01 9.627634624722897216e-02 -2.402195450137428745e-02
2.388033977651162765e-01 1.539910274229966403e-02 -3.859432962057007723e-03
2.119557166415989569e-01 -6.099412085196995181e-02 1.664523180163684363e-02
-1.704648923433790819e-01 2.738650305173711413e-02 1.302457251532429527e-02
-1.837231960163661637e-01 -5.584302247210380654e-02 1.202980168597678201e-02
-1.641676147986615986e-01 -1.377815809439608685e-01 9.276988033807543471e-03
1.900431099448100514e-01 -1.939625737294796148e-01 -1.114578601763426338e-02
2.340968419610985340e-01 -1.221130219371319714e-01 -1.206050285225661323e-02
2.473551456340856158e-01 -3.888349641329108541e-02 -1.106573202290909996e-02
2.277995644163811062e-01 4.305506205856591412e-02 -8.312918370739864893e-03
1.784072582765952597e-01 1.112282507259811648e-01 -4.221152819973759615e-03
1.580512063120160515e-01 -1.982955605100883423e-01 2.975175430890886208e-02
1.580512063120160515e-01 -1.982955605100883423e-01 2.975175430890886208e-02
-1.791098222331661549e-01 -9.786531878810031393e-02 -4.260860754915637982e-02
-1.880084775747225545e-01 -1.409720242694612394e-02 -4.495504326952003832e-02
1.843588460637539950e-01 1.059886628758888866e-01 3.371773968320570386e-02
2.239376645168745239e-01 3.211468518105119185e-02 4.254619909417037271e-02
2.328363198584308957e-01 -5.165343118010289059e-02 4.489263481453403121e-02
2.097000724791829029e-01 -1.325627498514536651e-01 4.039982327636409271e-02
-1.032234043738274737e-01 2.073855870638277032e-01 -1.367620842058809294e-01
-1.032234043738274737e-01 2.073855870638277032e-01 -1.367620842058809294e-01
-1.832657672159089257e-01 1.871629911509026800e-01 -1.212341590140041253e-01
-2.474713343173176316e-01 1.452333190780884520e-01 -8.693550818604639518e-02
-2.860653901117792275e-01 8.797998332504716745e-02 -3.908779039252043008e-02
-2.931723394605739719e-01 2.411928525739837764e-02 1.502461307315145281e-02
-2.677102137500040335e-01 -3.662656274272799162e-02 6.716357931347957666e-02
-2.135553908047594651e-01 -8.500955597979598100e-02 1.093914233592799129e-01
-1.389524515035612251e-01 -1.136638223263879421e-01 1.352793387509388656e-01
-5.525901707768797466e-02 -1.182270094828064833e-01 1.408861250446137858e-01
2.478334576439346348e-02 -9.800441356988148778e-02 1.253581998527370234e-01
5.507296935324410003e-02 1.741681335608172010e-01 -1.052673825205469871e-01
-1.952996994795404978e-02 2.028223999074091344e-01 -1.311552979122059814e-01
-2.485378500401778656e-01 7.236977363380593664e-02 -2.056367145600913535e-02
-2.207490186626668294e-01 1.009794927720198965e-01 -9.386710145535456795e-02
