-1.621732513235825401e-01 2.875252470433176805e-02 1.264332466026333035e-01
-1.621732513235825401e-01 2.875252470433176805e-02 1.264332466026333035e-01
-1.998544530748810055e-01 3.636299855904587264e-02 5.308639450740153948e-02
-2.070526177251829081e-01 3.836068690934874709e-02 -2.938632011335870486e-02
-1.826718899580047628e-01 3.444145981299678166e-02 -1.084291740756563455e-01
-1.304240145640519211e-01 2.520198406752742482e-02 -1.720086093889871270e-01
-5.826325694388385934e-02 1.204888609913221630e-02 -2.104452333759126714e-01
2.282456169372555632e-02 -3.015394159630674364e-03 -2.178874184632877131e-01
1.004945560241068125e-01 -1.769745659740520199e-02 -1.932021594351351901e-01
1.629221734907111696e-01 -2.976209030126761301e-02 -1.401475632060610044e-01
2.006033752420096350e-01 -3.737256415598172454e-02 -6.680071111082927504e-02
2.078015398923115375e-01 -3.937025250628459205e-02 1.567200350993097624e-02
1.834208121251334200e-01 -3.545102540993260581e-02 9.471485747222858909e-02
1.311729367311805783e-01 -2.621154966446327672e-02 1.582942927855593984e-01
-6.545752453113980185e-02 -5.503446233504255547e-02 2.401733985679244676e-01
1.905619448881571212e-02 -5.054399337975107320e-02 2.499063942804863880e-01
-5.741923094497961011e-02 -5.764285767910652669e-03 2.289386436577194317e-01
3.754232523494901302e-02 -1.652302457706168737e-01 1.154136077203414545e-01
3.754232523494901302e-02 -1.652302457706168737e-01 1.154136077203414545e-01
4.193821564492491299e-02 -2.010525129240415543e-01 4.087185769207746233e-02
3.993304713289715785e-02 -2.062511653183121130e-01 -4.175976147580497122e-02
3.183208842792413507e-02 -1.800347552523021144e-01 -1.199013348224888115e-01
1.886863705746447128e-02 -1.263944935062125685e-01 -1.816565161610678159e-01
3.016260978691352995e-03 -5.349662368070204344e-02 -2.176236389448561181e-01
-1.331165925254900601e-02 2.756081436413096789e-02 -2.223270347728019403e-01
-2.762934579401576246e-02 1.044375604734664315e-01 -1.950506542664898479e-01
-3.775706065992228549e-02 1.654298269415967471e-01 -1.399470790970008538e-01
-4.215295106989817853e-02 2.012520940950214554e-01 -6.540532906873690322e-02
-4.014778255787042338e-02 2.064507464892920141e-01 1.722629009914557890e-02
-3.204682385289742141e-02 1.802343364232821266e-01 9.536786344582934283e-02
-1.908337248243776457e-02 1.265940746771925807e-01 1.571230447844083611e-01
-4.565639293528422904e-02 1.685114183117943365e-01 1.819468870248942272e-01
1.842776195496410169e-02 1.313496346002351045e-01 2.238720003911378598e-01
8.316692857589408350e-02 7.766410912939625266e-02 2.369943807979781880e-01
1.387051556714759548e-01 1.562797649171273479e-02 2.193162647831483347e-01
1.161113146949571684e-01 -1.695592385860185403e-01 6.570057008161361845e-02
1.161113146949571684e-01 -1.695592385860185403e-01 6.570057008161361845e-02
1.183310372417624573e-01 -1.737123796413297672e-01 -1.693981737172642679e-02
1.025153845526697444e-01 -1.514538360504522341e-01 -9.508091894112630227e-02
7.107214638034471677e-02 -1.061722693008969876e-01 -1.568264602634945049e-01
2.878827070286007345e-02 -4.476138745185899437e-02 -1.927762423972264605e-01
-1.789890571217465226e-02 2.342955942617587842e-02 -1.974572368980479775e-01
-6.188168347587856555e-02 8.801911782349949864e-02 -1.701568047865297528e-01
-9.646408337860098992e-02 1.391741129799244636e-01 -1.150311893726171375e-01
-1.163812485253882256e-01 1.691066606040707021e-01 -4.047276588813021603e-02
-1.186009710721935145e-01 1.732598016593819013e-01 4.216762156520982574e-02
3.402051278832514403e-02 -2.400897402061510227e-02 2.377873522350116009e-01
-8.612193095288475653e-02 3.209079428857972843e-02 2.340243173252993247e-01
-2.774535275800835143e-03 3.086341811566760754e-02 2.516121283149843624e-01
4.595694448256749942e-02 8.401724752879027869e-02 2.292155433615963578e-01
3.942217017671621054e-02 1.094784504692489745e-03 2.476158021046086510e-01
3.138753048727592476e-02 -8.241450726354988821e-02 2.328154499314834258e-01
-1.338419172380128086e-01 1.609620542787322806e-01 -1.112993723844085334e-02
-1.338419172380128086e-01 1.609620542787322806e-01 -1.112993723844085334e-02
-3.274643599916422787e-02 4.297427397287605089e-02 -1.883640876306843792e-01
2.013260399722816701e-02 -2.046451125245533909e-02 -1.937988477076433569e-01
1.346734102752921436e-01 -1.628116296183991507e-01 4.412841914538569166e-02
-4.259703276264256017e-02 2.827878551782368743e-04 2.325855006642711387e-01
6.707989345203727721e-03 3.264751660150109341e-02 2.391316029969569323e-01
2.464790030875654847e-02 4.009245501223270697e-02 2.068599742635848782e-01
5.077725994513454522e-02 -3.813524420082181621e-02 2.426488474358940717e-01
2.340568835970625178e-02 4.243863696327804941e-02 2.466862562713771356e-01
1.215441347588510218e-01 -1.674258285608333507e-01 4.963982166445759375e-02
1.215441347588510218e-01 -1.674258285608333507e-01 4.963982166445759375e-02
1.216875620208360542e-01 -1.693978138765134811e-01 -3.312580076088523368e-02
1.032452643362614525e-01 -1.455620229054302162e-01 -1.102347773966538269e-01
6.902491434775887003e-02 -9.954723875094780017e-02 -1.699479655446662629e-01
2.423625013283259647e-02 -3.835879517552914786e-02 -2.031745736107861411e-01
-2.430206019204685097e-02 2.868792196109051784e-02 -2.048561517168988599e-01
-6.920049888079540801e-02 9.138565775486517939e-02 -1.747366948398922926e-01
-1.036236856484113456e-01 1.401892502875829449e-01 -1.174016172557341697e-01
-1.223310023564902344e-01 1.676687950018055095e-01 -4.157966478283998957e-02
-1.224744296184753084e-01 1.696407803174855844e-01 4.118595764250281704e-02
-1.040321319339007067e-01 1.458049893464023472e-01 1.182949342782714380e-01
1.028368180507720497e-01 -1.399462838466107584e-01 1.254617741373519058e-01
-1.730903649401646649e-01 7.155439369238456027e-02 9.036523404950463911e-02
-1.730903649401646649e-01 7.155439369238456027e-02 9.036523404950463911e-02
-1.952949230817154214e-01 8.152792515847694099e-02 1.121030386983877178e-02
-1.878597998823068327e-01 7.906133587910790794e-02 -7.123150338989404917e-02
-1.519169254494893428e-01 6.453014171237385355e-02 -1.444091699112433624e-01
-9.293827659269121577e-02 4.014658524455688021e-02 -1.971820593235326102e-01
-1.990281795757675720e-02 9.622841910392383041e-03 -2.215159776011745019e-01
5.607046394673898676e-02 -2.239412506591547530e-02 -2.137063062739165964e-01
1.234153256498395634e-01 -5.103002269675220581e-02 -1.749419970064870489e-01
1.718791224401192697e-01 -7.192529515288134667e-02 -1.111245644855133885e-01
1.940836805816700261e-01 -8.189882661897372740e-02 -3.196963430584751076e-02
1.866485573822614652e-01 -7.943223733960469435e-02 5.047217295388536917e-02
1.507056829494439754e-01 -6.490104317287063995e-02 1.236498394752345992e-01
-1.246265681498848893e-01 5.065912123625541247e-02 1.541826665704784105e-01
7.936057362463454917e-03 -3.716374642724514649e-02 2.066004840829158973e-01
2.232143681397011706e-02 -1.594991927944219845e-01 1.298285944773605871e-01
2.232143681397011706e-02 -1.594991927944219845e-01 1.298285944773605871e-01
2.719192763296738452e-02 -1.995583068602239385e-01 5.751172012418906410e-02
2.790169581952992722e-02 -2.091534864655881232e-01 -2.474162858715164837e-02
2.434268560131827575e-02 -1.868239524961176623e-01 -1.044091249438227342e-01
1.705672402154715175e-02 -1.359691740809348126e-01 -1.693621148131738141e-01
7.153032683330525984e-03 -6.433133023403705963e-02 -2.097120942879156236e-01
-3.860641184273653354e-03 1.718336671755718928e-02 -2.193161447664934705e-01
-1.430756557412488431e-02 9.616504309553562668e-02 -1.967121366244782565e-01
-2.259729094947373826e-02 1.605894546420302271e-01 -1.453413251956477970e-01
-2.746778176847099878e-02 2.006485687078321534e-01 -7.302445084247621843e-02
-2.817754995503355883e-02 2.102437483131963658e-01 9.228897868864481893e-03
-2.461853973682190388e-02 1.879142143437259327e-01 8.889639422553549664e-02
-1.733257815705077989e-02 1.370594359285431385e-01 1.538493840948866043e-01
6.877477920025411307e-02 1.042823899655951625e-01 -1.855335457203851068e-01
6.877477920025411307e-02 1.042823899655951625e-01 -1.855335457203851068e-01
2.820873218509436370e-02 4.081906646496637203e-02 -2.199866623613531968e-01
-1.657054895483112134e-02 -2.879405353688166413e-02 -2.229940450535921048e-01
-5.874582459116303723e-02 -9.395900356417184740e-02 -1.940978470442006054e-01
-9.189629132809558343e-02 -1.447550106969922590e-01 -1.376972525354212273e-01
-1.109750911146599878e-01 -1.734488433163222099e-01 -6.237874076855328548e-02
-1.130776496331026143e-01 -1.756721255161092787e-01 2.039112760390694723e-02
-9.788387140873099079e-02 -1.510863827355390376e-01 9.801139043297768527e-02
-6.770687144426311421e-02 -1.034345714426401497e-01 1.586650663323674881e-01
5.981373234715403608e-02 9.480682208712683245e-02 1.672293676561829867e-01
9.296419908408656840e-02 1.456028292199472163e-01 1.108287731474036919e-01
1.120429988706510283e-01 1.742966618392772782e-01 3.551026138053559739e-02
1.141455573890936409e-01 1.765199440390642360e-01 -4.725960699192457287e-02
9.895177916472205903e-02 1.519342012584941060e-01 -1.248798698209951930e-01
-3.066328943784758093e-02 -7.945658304317801401e-03 2.193556942619448169e-01
1.169278387783925510e-01 -3.831843492173543642e-02 -2.037993707238468510e-01
4.485555560703469169e-02 -1.368272113502527754e-02 -2.374879962114379850e-01
-3.402433256425387020e-02 1.296887038757692581e-02 -2.394658217734218497e-01
-1.077030778093613361e-01 3.757887643403375055e-02 -2.094317413970197550e-01
-1.310011212568734651e-01 1.634211959950596926e-01 -2.625638183693885033e-02
-1.310011212568734651e-01 1.634211959950596926e-01 -2.625638183693885033e-02
-1.116689044896634758e-01 1.423944039882540924e-01 -1.039542535429642811e-01
-7.534798405407482080e-02 9.964686538065954668e-02 -1.648333019634323493e-01
-2.756789083646222355e-02 4.168650541787990993e-02 -1.996252438462750300e-01
2.439728909841643034e-02 -2.266273650772315101e-02 -2.030333214295679811e-01
7.263632817100493244e-02 -8.360427164030713454e-02 -1.745386857955551485e-01
1.098052699704798602e-01 -1.318603036923277905e-01 -1.184793869149997347e-01
1.302454800451676165e-01 -1.600842892258848849e-01 -4.338994486365642389e-02
1.308451217021626423e-01 -1.639793822945601887e-01 3.929795349364491319e-02
1.115129049349526530e-01 -1.429525902877546439e-01 1.169958251996703474e-01
-1.099612695251906830e-01 1.313021173928272667e-01 1.315209585717058705e-01
-1.304014795998784115e-01 1.595261029263843056e-01 5.643151652036262900e-02
-5.448735238707578393e-02 -1.280858381444050648e-02 2.336176655265682633e-01
9.946688218576242579e-03 4.287632717032641150e-02 2.359068775371328530e-01
-2.989042117197864001e-02 -2.205846967704960804e-02 -1.888271578583388399e-01
-7.916195275255039077e-02 1.027188603455604643e-01 2.122735389792353433e-01
-1.721646071544172263e-02 5.549766449003924046e-02 2.467778697140648458e-01
5.012868049966551914e-02 3.363629241261937436e-03 2.488535586599396887e-01
-7.276197682844820491e-03 4.772442412208975637e-02 2.326587757058454498e-01
-2.390915202816167040e-02 -5.366110250768206524e-02 2.415236391933065774e-01
4.665827192858994221e-02 -6.026579266989642858e-03 2.444571806129362812e-01
-1.468876913087666936e-01 -7.842753555089523876e-03 1.334836744051949298e-01
-1.468876913087666936e-01 -7.842753555089523876e-03 1.334836744051949298e-01
-1.945938630900092559e-01 -1.538819554106126515e-03 6.607833250277773962e-02
-2.127753588959676312e-01 4.939283946943135058e-03 -1.446088721146798414e-02
-1.986642108058545853e-01 1.060532441417797594e-02 -9.587261862589310790e-02
-1.544087131985139028e-01 1.459669854924663945e-02 -1.657626636318344227e-01
-8.674636440757826916e-02 1.630575582198154350e-02 -2.134908964319729985e-01
-5.978143675748590763e-03 1.547230775525156032e-02 -2.317911262399954819e-01
7.559971955629836426e-02 1.222323926199079744e-02 -2.178773089596267309e-01
1.455677351166549949e-01 7.053191567418962832e-03 -1.738676971427351725e-01
1.932739068978975849e-01 7.492575664355661212e-04 -1.064623552403180101e-01
2.114554027038559880e-01 -5.728845934613697836e-03 -2.592313552607225166e-02
1.973442546137429421e-01 -1.139488640184853525e-02 5.548859588835278189e-02
1.530887570064022596e-01 -1.538626053691719876e-02 1.253786408942941799e-01
-7.376214100200798041e-02 1.841906147026335996e-02 2.409223674181564245e-01
9.412694078206294834e-03 3.345091389728521020e-02 2.515849528722785000e-01
9.032321166276902069e-02 4.777754589346853292e-02 2.290919258101169753e-01
-1.482588505414514923e-01 -2.849189636309758591e-02 2.071591839008275204e-01
-1.482588505414514923e-01 -2.849189636309758591e-02 2.071591839008275204e-01
8.189698741687394257e-03 1.565894534991710552e-01 2.016653559886902591e-01
-5.076760639733754465e-02 1.043840298128184824e-01 2.339828878568529502e-01
-1.057050311270868181e-01 3.939210260397595781e-02 2.359120636707815466e-01
8.222916912691741881e-03 3.333898899536300031e-02 2.448898212442188194e-01
-1.641914337634913790e-01 1.301072874586826911e-01 4.137461695261746009e-02
-1.641914337634913790e-01 1.301072874586826911e-01 4.137461695261746009e-02
-1.613236588708486241e-01 1.287673558492618553e-01 -4.134606694875388871e-02
-1.339280587206380657e-01 1.077860242466242707e-01 -1.165923021452960756e-01
-8.617536509399548184e-02 7.035751019102691461e-02 -1.729085314371561211e-01
-2.533549271633150912e-02 2.217996565710964735e-02 -2.017211194225381754e-01
3.932923935767088097e-02 -2.941201493036735282e-02 -1.986436107674282581e-01
9.797421185700092017e-02 -7.656402020942931763e-02 -1.641445282668814176e-01
1.416712593366350748e-01 -1.120975848103313716e-01 -1.034760444966443677e-01
1.637679024325207899e-01 -1.306030456351513491e-01 -2.587438614956071720e-02
1.609001275398780073e-01 -1.292631140257305133e-01 5.684629775181065936e-02
1.335045273896674212e-01 -1.082817824230929288e-01 1.320925329483528810e-01
-1.420947906676056083e-01 1.116018266338626580e-01 1.189762752997012007e-01
1.452068408098597940e-01 7.675471397027332568e-03 -1.573854197093525475e-01
1.452068408098597940e-01 7.675471397027332568e-03 -1.573854197093525475e-01
7.530944331952323101e-02 3.167552445052816343e-03 -2.015526236144933314e-01
-6.146223181750990264e-03 -1.896203771429517222e-03 -2.155541298838626052e-01
-8.675927186659951329e-02 -6.744886271524648536e-03 -1.972583361119192857e-01
-1.542570968318601188e-01 -1.064032709800940592e-02 -1.494506110486582273e-01
-1.983637660958788851e-01 -1.298948069731051431e-02 -7.940924745685400132e-02
-2.123644390911614832e-01 -1.343470972906478204e-02 2.202591983183158422e-03
-1.941276402705928439e-01 -1.190823210919884738e-02 8.296024452987449394e-02
-1.464297569376116215e-01 -8.642440217783214571e-03 1.505690896529294498e-01
1.530341807041082636e-01 9.673358277253518711e-03 1.426342809922351851e-01
1.971408499681270854e-01 1.202251187655462884e-02 7.259291740043091745e-02
2.111415229634096558e-01 1.246774090830889657e-02 -9.018922039606195457e-03
1.929047241428410442e-01 1.094126328844296364e-02 -8.977657458629739740e-02
-3.813656588211881970e-02 -1.528072304622651693e-02 2.459615119641381520e-01
3.279743509151628045e-02 -6.186773373762149281e-02 2.385137055572354725e-01
1.758405240490289179e-02 -2.880232665209750409e-02 2.064455350279881252e-01
-1.389947572034139212e-01 -2.032521176682833275e-02 1.477839100436335040e-01
-1.389947572034139212e-01 -2.032521176682833275e-02 1.477839100436335040e-01
-1.887689567494142961e-01 -2.664872148349350239e-02 8.189030242082269428e-02
-2.097832255600742823e-01 -2.897618071548384300e-02 1.812785719769080192e-03
-1.988383317037919207e-01 -2.695325489319931253e-02 -8.025756404628846263e-02
-1.576005360544764644e-01 -2.088791613521448487e-02 -1.518262800950409275e-01
-9.234791917818761797e-02 -1.170355728499980139e-02 -2.019976741800922626e-01
-1.301460047789554375e-02 -7.984137210801354762e-04 -2.231336063568133410e-01
6.832164143260530120e-02 1.016730530431030760e-02 -2.120163225490006853e-01
1.392781010373100037e-01 1.952416847404634531e-02 -1.703383284379650919e-01
1.890523005833104064e-01 2.584767819071150455e-02 -1.044447208151543099e-01
2.100665693939703926e-01 2.817513742270185556e-02 -2.436720411410069065e-02
1.991216755376880865e-01 2.615221160041733203e-02 5.770314565195675677e-02
1.578838798883726025e-01 2.008687284243250784e-02 1.292718617007092563e-01
7.490358269774410882e-02 2.149341663067398309e-02 2.325948040201517020e-01
-9.009342592120868007e-03 2.964065447074105963e-02 2.448424807214010235e-01
