-2.467122301088357506e-01 1.710239429274178768e-01 1.118441076676444934e-01
-2.467122301088357506e-01 1.710239429274178768e-01 1.118441076676444934e-01
-2.858413432610062421e-01 9.834651297937517522e-02 9.196406035300477844e-02
-2.931625130948726787e-01 1.691618624325905845e-02 6.907705615688106149e-02
-2.675611578697987269e-01 -6.087000820310681237e-02 4.666743399692348249e-02
-2.129348518419388048e-01 -1.231698273888718331e-01 2.814685570325485553e-02
-1.375999549153374135e-01 -1.604986885922705109e-01 1.633491143162589532e-02
-1.621951600017128986e-02 2.422042863751330821e-01 1.280906026734734970e-01
-1.007939486809802110e-01 2.488792088649173506e-01 1.313956514832487210e-01
-1.817322264094850537e-01 2.238839962003407735e-01 1.256906411102239884e-01
-2.377056283600076092e-01 1.740741155423101982e-01 7.268862917446655691e-02
-2.377056283600076092e-01 1.740741155423101982e-01 7.268862917446655691e-02
-2.746165766552557952e-01 1.055166491716489352e-01 5.393554893765953318e-02
-2.232419648738231122e-01 1.192493273154242028e-01 9.860512816975997019e-02
-2.232419648738231122e-01 1.192493273154242028e-01 9.860512816975997019e-02
-2.624703348267833913e-01 4.674068098898471330e-02 7.788889862648089302e-02
-2.698558290321283470e-01 -3.459566193173597287e-02 5.432229591470711522e-02
-2.442740729467656746e-01 -1.123769805528427590e-01 3.149312166552065140e-02
-1.896196570354956312e-01 -1.747617742036812472e-01 1.287691071138024473e-02
-1.142132206772951269e-01 -2.122525235704738888e-01 1.307812413681240515e-03
-1.581428828925263430e-01 1.718914929368978994e-01 1.133171263896686209e-01
2.806311631883023350e-01 -1.124011377466093975e-01 3.207919634623202648e-02
2.806311631883023350e-01 -1.124011377466093975e-01 3.207919634623202648e-02
2.148155121198165873e-01 -1.655703744771753749e-01 2.437210764232063120e-02
1.334884726741891736e-01 -1.900974306819379067e-01 2.282193174669670116e-02
1.104129883819607305e-02 2.107039899708677555e-01 1.052559094818241864e-01
9.236833828382354228e-02 2.352310461756302595e-01 1.068060853774481234e-01
1.768254615824442211e-01 2.273818998857323193e-01 1.019633482370553568e-01
2.515548373175726105e-01 1.883515124711226119e-01 9.146496089074918068e-02
3.051795954570131753e-01 1.240819066043323537e-01 7.690920764388639586e-02
3.295358526836790203e-01 4.435754717315273932e-02 6.051206998007019333e-02
3.209155896248320206e-01 -3.868425480213729534e-02 4.476986346819345625e-02
2.605489335654087579e-01 -8.525944761259753035e-02 2.203497064331103039e-02
2.605489335654087579e-01 -8.525944761259753035e-02 2.203497064331103039e-02
1.956298953450585631e-01 -1.322345602893456040e-01 1.755666432034450053e-02
-4.159607532260589657e-02 1.928948074614539321e-01 4.602572445727429878e-02
2.332296289774431208e-02 2.398699201382019641e-01 5.050403078024082171e-02
1.013580853675302151e-01 2.585202658101603546e-01 5.247436816575808127e-02
1.806291520808736006e-01 2.460064984145779454e-01 5.163677060803396196e-02
2.490678617246771809e-01 2.042337255998482037e-01 4.811875474239118988e-02
2.962550411541197137e-01 1.395614733558851461e-01 4.245590659348062040e-02
3.150068700539150890e-01 6.183550583140597079e-02 3.551034345812763282e-02
3.024685524598219599e-01 -1.711110300563777054e-02 2.833946436200307159e-02
2.694943359622682388e-01 -8.993496588348172394e-02 -1.667973501547988929e-02
2.694943359622682388e-01 -8.993496588348172394e-02 -1.667973501547988929e-02
2.007913908413031523e-01 -1.396480959105698139e-01 -2.141906637305988903e-02
1.182078701435350931e-01 -1.593855059263873941e-01 -2.350424793116474148e-02
1.844128140639780811e-02 2.541450716854534719e-01 1.344868847708844718e-02
1.010248021041658673e-01 2.738824817012711077e-01 1.553387003519330310e-02
1.849163059739810655e-01 2.606393299509773276e-01 1.464745180381944560e-02
2.573440720300403939e-01 2.164317662390847774e-01 1.092438292329227581e-02
3.072816294496431011e-01 1.479899913981660986e-01 4.931466880968590413e-03
3.271264378007397444e-01 6.573364522151756151e-02 -2.418929181626997080e-03
3.138573049055117803e-01 -1.781448924110128063e-02 -1.000777409547056775e-02
1.323064440759031679e-01 -2.077884693330103727e-01 4.167990259132246800e-03
2.134813563734922481e-01 -1.831872339573596131e-01 9.618166599995543742e-03
2.788433245004076633e-01 -1.304594934136536211e-01 2.272885271505705601e-02
3.184415813170430321e-01 -5.763256822151335834e-02 4.150406549196428152e-02
3.262476511821576497e-01 2.420630243627870312e-02 6.308544898316072180e-02
3.010731307209872920e-01 1.025978923732834835e-01 8.418743318784022156e-02
2.467506124661488776e-01 1.656077926431245295e-01 1.015974323008035363e-01
1.715502073870872612e-01 2.036433171158867905e-01 1.126649317791369453e-01
8.692049546372022928e-02 2.109139019834800899e-01 1.157050051543967728e-01
5.745583166131260078e-03 1.863126666078293581e-01 1.102548288135334759e-01
1.307876172670216497e-01 -1.888420782636175133e-01 -2.758353197385127187e-02
3.156140391441433768e-01 3.224947932798406108e-02 2.856494335294798223e-02
-1.271249838067087801e-01 -1.890687566537417041e-01 -2.757133694813930849e-02
-1.999529953280697048e-01 -1.455192041222140020e-01 -2.276680437119248113e-02
-2.504724127791784216e-01 -7.753192732918089136e-02 -1.576073730023044503e-02
-2.709921128127633638e-01 4.542627139817132301e-03 -7.619745936651020450e-03
-2.583881571102551455e-01 8.820935237456416222e-02 4.167775827113168186e-04
1.318782203481567994e-01 -1.862217608783280354e-01 -2.815355000786807019e-02
2.309458164723219020e-01 -1.582750248915527347e-01 2.487662676958272978e-02
2.309458164723219020e-01 -1.582750248915527347e-01 2.487662676958272978e-02
1.646372113927773717e-01 -2.104271074447892076e-01 1.422391644721719001e-02
4.498968149016466939e-02 1.908368042473184700e-01 1.002913841003577194e-01
1.295135383898224357e-01 1.819000937118490091e-01 9.784110267606974110e-02
2.040633209882421750e-01 1.419992150060699343e-01 8.887445043111916188e-02
2.572895006802766171e-01 7.720871521056987818e-02 7.475651888689466285e-02
2.810888741043336969e-01 -2.607639408129178160e-03 5.763663514163637480e-02
2.718382023984582396e-01 -8.529853239638690576e-02 4.012114630342718258e-02
2.466995547948742651e-01 -1.454089761183200158e-01 -2.383433740763382311e-02
2.466995547948742651e-01 -1.454089761183200158e-01 -2.383433740763382311e-02
1.779188566492383439e-01 -1.952294247529104132e-01 -2.801697822515171118e-02
9.524127020621413198e-02 -2.150329815784182141e-01 -2.962690393041367970e-02
7.803203228581521989e-02 2.189081765072747321e-01 7.390889047368696951e-03
1.620195939644646366e-01 2.056799295167059671e-01 6.183003045761463479e-03
2.345307859623075031e-01 1.614337594000171128e-01 2.341195031515853203e-03
2.845264366132645439e-01 9.290574446494315186e-02 -3.549654551275606938e-03
3.043951613174290527e-01 1.052865377734697218e-02 -1.059271725431734472e-02
2.911121268490302061e-01 -7.315634735577170034e-02 -1.771575062659366470e-02
9.488369054174133899e-02 -2.081795763552366507e-01 6.520478528100621951e-03
-9.622852875030055153e-02 -1.877757423221298738e-01 6.764810881082040234e-03
8.699416814445123936e-02 -2.116666583013945835e-01 2.556733704351096814e-03
1.681092660313180109e-01 -1.868299208250666921e-01 7.958621667048672299e-03
2.333364939895156143e-01 -1.339571309335071958e-01 2.120927633758737385e-02
2.727455978487023924e-01 -6.109769159467215438e-02 4.029140565986137623e-02
2.803368987907332022e-01 2.065620802456312119e-02 6.229992842448753287e-02
2.549546900624982682e-01 9.885827780811552723e-02 8.388424654830713145e-02
2.004631828525762494e-01 1.616029615349671433e-01 1.017583432592997633e-01
1.251582151669347609e-01 1.993379498896792612e-01 1.132010493623069047e-01
4.050428569448105698e-02 2.063184329637680059e-01 1.164703165815348107e-01
2.034639270089248220e-01 -8.529244034786606643e-02 -4.606380408661049641e-02
2.034639270089248220e-01 -8.529244034786606643e-02 -4.606380408661049641e-02
1.373339126441299740e-01 -1.328303681318556695e-01 -4.761535946967766775e-02
1.241141085229994917e-01 2.520904314072285879e-01 -2.593238376457033395e-02
1.933459269763880273e-01 2.093131851647968278e-01 -2.946837295317183275e-02
2.408899584525693027e-01 1.433205730667601596e-01 -3.393837535367173752e-02
2.595080551470130836e-01 6.415937208052667484e-02 -3.866187362126659310e-02
2.463657806114572801e-01 -1.611884254182372606e-02 -4.291975796333351995e-02
2.456002407223200901e-01 -1.014371052646093063e-01 3.926548614142137683e-02
2.456002407223200901e-01 -1.014371052646093063e-01 3.926548614142137683e-02
1.792630606982792418e-01 -1.537274374042607306e-01 3.037931146581032693e-02
9.768554379729373072e-02 -1.771682325243751910e-01 2.729673955444146538e-02
-2.095032973057625592e-02 2.252709840625351234e-01 1.066216541064764767e-01
6.062718717040932459e-02 2.487117791826496671e-01 1.097042260178453521e-01
1.450256035021966761e-01 2.397343887175267807e-01 1.065139015350501372e-01
2.193960254518206587e-01 1.997055389852342433e-01 9.753637864023288750e-02
2.724162304470046370e-01 1.347192594950870903e-01 8.413840381268188062e-02
2.960143729065869422e-01 5.466912219736988487e-02 6.835969726694753057e-02
2.865978495587903629e-01 -2.825796516064163488e-02 5.260242404028683122e-02
-2.304953586766119722e-01 9.754756577034121023e-02 9.271584881568825653e-02
-2.304953586766119722e-01 9.754756577034121023e-02 9.271584881568825653e-02
-2.698216085003785070e-01 2.475014289845636067e-02 7.309820547796069823e-02
-2.773059979251231710e-01 -5.689652989444976550e-02 5.054437279031070290e-02
-2.518090965070876042e-01 -1.349624868045890547e-01 2.848796732843051835e-02
-1.972125763571807022e-01 -1.975628935620544757e-01 1.028687688207798046e-02
-1.218282627495383685e-01 -2.351674057121222738e-01 -1.287947521585453003e-03
-8.420169622007053767e-02 1.752981368203316015e-01 1.120978262478362908e-01
-1.653143134961493899e-01 1.504129909992420744e-01 1.064106944397039956e-01
-2.685008139912370417e-01 -4.671797743808932951e-02 1.765864747678189822e-02
-1.196993140651004262e-01 -2.173338774244002181e-01 -3.194798589970725133e-02
-7.780055663621282536e-02 4.002489704702705264e-02 -1.482141258403915640e-01
-7.383834162311192495e-02 -3.513126334409220203e-02 -1.833613159473524157e-01
8.346949843860738960e-02 -1.161400111309878469e-01 2.038977067758203088e-01
6.753293710036871456e-02 -3.481742698765486616e-02 2.095665590338710305e-01
-2.448662460218213321e-01 1.072189947767263618e-01 9.452482431563738463e-02
-2.448662460218213321e-01 1.072189947767263618e-01 9.452482431563738463e-02
-2.842949282779030917e-01 3.436191731326066617e-02 7.539941015391357637e-02
-2.919006438078921017e-01 -4.740043526504713473e-02 5.336246435910502878e-02
-2.665254913683304805e-01 -1.256204859557214781e-01 3.176891216306026999e-02
-2.120326078918118307e-01 -1.883899411076324082e-01 1.390617614158900367e-02
-1.367180409084173265e-01 -2.261527201804293397e-01 2.493695927854984451e-03
-5.204775051311891915e-02 -2.331597823807237402e-01 -7.310818199915414262e-04
-9.848152685862865408e-02 1.848943839056151617e-01 1.132809038079326258e-01
-1.796172564912404401e-01 1.600789675325892114e-01 1.078270359104651077e-01
-2.827831434932978061e-01 -3.726179470419650752e-02 1.989983414075428489e-02
-1.345085132104761605e-01 -2.080568997148214139e-01 -2.870450481966406106e-02
-2.767157721477574439e-01 1.598778454038726204e-01 7.382540359759126591e-02
-2.767157721477574439e-01 1.598778454038726204e-01 7.382540359759126591e-02
-3.186764418197651216e-01 9.318642827635173487e-02 4.208471695732526885e-02
-3.301835560816832604e-01 1.389537491439834550e-02 1.386363823395058564e-02
-3.094852610993854003e-01 -6.592397058281876387e-02 -6.541429161614653598e-03
-2.597326846534150913e-01 -1.341198364275170696e-01 -1.602399869079221273e-02
-1.885002054994427134e-01 -1.803100202419045117e-01 -1.314043510247160651e-02
-1.066323228646291754e-01 -1.974624852552995247e-01 1.670265186594341311e-03
-2.106896786488054452e-01 2.038164625984976441e-01 1.042534663438090536e-01
4.737818402942611980e-03 -3.147136728771003922e-01 -2.693228515841961102e-02
1.239990962528832175e-02 -3.356074691961467571e-01 5.517019464352970054e-02
1.933820744450857887e-02 -3.233667566235691182e-01 1.390635825548436066e-01
2.449641891345343686e-02 -2.798550726862066851e-01 2.119758707614796678e-01
2.708925309527945163e-02 -2.116966768291256851e-01 2.628068243355161093e-01
2.672197448990400181e-02 -1.292680669641697311e-01 2.838178913790473379e-01
2.345049793560665535e-02 -4.511825172606931389e-02 2.718103274004929348e-01
1.777287608177036127e-02 2.794172233514961856e-02 2.286121751667491431e-01
1.055347538787141520e-02 7.878913645898054374e-02 1.607999617631782341e-01
-6.475927275355551627e-02 -1.759038796745592548e-01 2.613265512332749868e-02
-1.491821293648101787e-01 -1.673860273663615728e-01 2.926159891835342780e-02
-2.237424693740048265e-01 -1.278905695141528132e-01 3.877092709540515270e-02
-2.770891569059046322e-01 -6.343033154871480228e-02 5.321293064180111776e-02
-3.011006423727047299e-01 1.618119963322676297e-02 7.038894543469069454e-02
-2.921213947767425378e-01 9.882389008954864384e-02 8.768407892281827876e-02
-2.515184231674211235e-01 1.719161393561302043e-01 1.024653038133919170e-01
-1.854731619054054703e-01 2.243303150650240163e-01 1.124823126089590508e-01
-1.040404033160532982e-01 2.480868341002370747e-01 1.162101065248054843e-01
-1.961754670479864959e-02 2.395689817920393927e-01 1.130811627297795552e-01
-1.219323246662578075e-01 -2.137135052125856693e-01 -3.302528049121793152e-02
-1.948788416789422051e-01 -1.702971011893577025e-01 -2.812142422488175808e-02
-2.455527135077656409e-01 -1.024201422434296849e-01 -2.069825461886606183e-02
-2.662393025265818447e-01 -2.041628006815416480e-02 -1.188588195448669199e-02
-2.537892630816724338e-01 6.323014068714505331e-02 -3.025910085538267152e-03
-2.100980008186362769e-01 1.357847107191658409e-01 4.532810586776800724e-03
2.518244644013183445e-02 6.917343328866569496e-02 2.992474469766159273e-01
1.970757338470065928e-02 -3.064703724557049092e-01 1.848655164471151024e-01
1.970757338470065928e-02 -3.064703724557049092e-01 1.848655164471151024e-01
2.234050704653461894e-02 -3.511143499687445213e-01 1.125341956790096576e-01
2.296943740845197590e-02 -3.647386786459121399e-01 2.859481787212256668e-02
2.149861552411874710e-02 -3.452691779509559078e-01 -5.417360761480227715e-02
1.815196069239105592e-02 -2.956699028732197032e-01 -1.231703382990260442e-01
-3.144335436115239246e-03 5.054781288987794663e-02 1.267461273400985189e-01
2.023193956124432619e-04 9.485378121417975539e-04 1.957428580243222582e-01
4.915309314105636984e-03 -7.122947163633738810e-02 2.404637671160929635e-01
1.027712432763372950e-02 -1.549977678123132252e-01 2.541005016022389040e-01
1.547147670536121525e-02 -2.376033869844894619e-01 2.345769922745503666e-01
-1.047661296902845235e-01 -1.651498638715613032e-01 1.566384434262060033e-01
-1.200309090358815389e-01 3.481726338150130384e-02 -1.693529818306447887e-01
-1.818354310762382853e-01 -8.424241559501194354e-03 -1.324295134991865797e-01
-1.389237712965161742e-01 -1.711885978948908815e-01 2.905843154153691515e-02
-2.132564810917611520e-01 -1.310398152192819854e-01 3.767329286024581614e-02
-2.662180878748768853e-01 -6.605457155886676479e-02 5.121872178387351648e-02
-2.897456671112950133e-01 1.387371883175733678e-02 6.763254954841663169e-02
-2.802573581403078884e-01 9.657669829237447434e-02 8.441591966844268213e-02
-2.391976699910132176e-01 1.694635879044813498e-01 9.901371618480669934e-02
-1.728175679771411233e-01 2.214380194459344142e-01 1.092035569072472012e-01
-9.122282089318053955e-02 2.445873568639425066e-01 1.134341309569087963e-01
-6.835489324440294223e-03 2.353873233858802538e-01 1.110613717849797677e-01
-9.331820723339749601e-02 -2.062177664364608365e-01 -3.059567341498379070e-02
