-1.321480687629508211e-01 1.788841159257753277e-01 -1.480365865377021237e-02
-1.321480687629508211e-01 1.788841159257753277e-01 -1.480365865377021237e-02
-1.799594437000913427e-01 1.110196610452393456e-01 -1.350369093984825700e-02
-1.981616836456145669e-01 3.004449592013017090e-02 -1.128945978744557224e-02
-1.839836625715306206e-01 -5.171364460095409510e-02 -8.498061817460090400e-03
-1.395838556622875926e-01 -1.218078247630677985e-01 -5.554462066736486590e-03
-7.172173103456598586e-02 -1.695668410418544880e-01 -2.906796913524248120e-03
9.271318008755261020e-03 -1.877198161454296521e-01 -9.581493762555546440e-04
9.106483395464846919e-02 -1.735031241714029560e-01 -5.183377945651088115e-06
1.612064954604196798e-01 -1.290811275981864070e-01 -1.929793531789325209e-04
2.090178703975602015e-01 -6.121667271765046658e-02 -1.492947067100887891e-03
2.272201103430834535e-01 1.975849240745873592e-02 -3.707178219503571778e-03
2.130420892689995349e-01 1.015166329285429186e-01 -6.498576189489053620e-03
1.686422823597565901e-01 1.716108130906566498e-01 -9.442175940212656562e-03
1.007801577320348585e-01 2.193698293694434642e-01 -1.208984109342489850e-02
1.978710868871365672e-02 2.375228044730186006e-01 -1.403848863069359285e-02
-6.200640725717941615e-02 2.233061124989919599e-01 -1.499145462900349293e-02
-1.186992511827651420e-01 -6.109177351849166826e-02 1.666833416442264904e-01
-1.186992511827651420e-01 -6.109177351849166826e-02 1.666833416442264904e-01
-1.686638761010152976e-01 -8.573499486998718833e-02 1.051436887504225148e-01
-1.938471965945214037e-01 -9.779801024347421767e-02 2.696974802136323582e-02
-1.904152804055158910e-01 -9.544433489984606445e-02 -5.593720671548949031e-02
-1.588906056633771768e-01 -7.903229457404993552e-02 -1.309553431548659830e-01
-1.040725183257076442e-01 -5.106047363017229834e-02 -1.866638300649714199e-01
-3.430657526246839312e-02 -1.578732824173028140e-02 -2.145815553124336417e-01
3.978599112481120276e-02 2.141712495774510117e-02 -2.104582983031361154e-01
1.069252592544545633e-01 5.488884522784172326e-02 -1.749217875393264676e-01
1.568898841727047744e-01 7.953206657933725721e-02 -1.133821346455225615e-01
1.820732046662108805e-01 9.159508195282430043e-02 -3.520819391646324431e-02
1.786412884772054233e-01 8.924140660919614720e-02 4.769876082038939508e-02
1.471166137350667091e-01 7.282936628340001828e-02 1.227168972597659086e-01
9.229852639739709319e-02 4.485754533952236028e-02 1.784253841698714982e-01
2.253258333415790807e-02 9.584399951080360691e-03 2.063431094173336644e-01
-5.155998305312159413e-02 -2.762005324839496290e-02 2.022198524080361659e-01
-1.005386347566915584e-01 -4.688618059470420207e-02 1.450825669506823901e-01
-1.005386347566915584e-01 -4.688618059470420207e-02 1.450825669506823901e-01
-1.498766447986818462e-01 -7.199036521821952639e-02 8.319459387508283676e-02
-1.740607735569377479e-01 -8.502434393510376054e-02 4.837565811653076614e-03
-1.694092066576879940e-01 -8.400381163902255477e-02 -7.805937002517784884e-02
-1.366301029947843415e-01 -6.908413512090598452e-02 -1.528759066168471625e-01
-8.071378395758929680e-02 -4.253669988343286579e-02 -2.082219044808661934e-01
-1.017300223682148647e-02 -8.403112288408842723e-03 -2.356714371551580645e-01
6.425304760431087281e-02 2.812009837456584671e-02 -2.310455621206952137e-01
1.312336741513172311e-01 6.147260436578236287e-02 -1.950485269178129366e-01
1.805716841933074635e-01 8.657678898929767330e-02 -1.331605538422133694e-01
2.047558129515633929e-01 9.961076770618187970e-02 -5.480352577878358500e-02
2.001042460523136113e-01 9.859023541010068781e-02 2.809341005804730229e-02
1.673251423894100143e-01 8.367055889198414531e-02 1.029099466497166437e-01
1.114088233522148585e-01 5.712312365451097107e-02 1.582559445137357301e-01
4.086804163144715923e-02 2.298953605948697229e-02 1.857054771880276012e-01
-3.355800820968512371e-02 -1.353367460348765469e-02 1.810796021535647227e-01
1.287033367497275593e-01 -1.339144578651579875e-01 -1.124920650914507103e-02
1.287033367497275593e-01 -1.339144578651579875e-01 -1.124920650914507103e-02
6.034097880975394790e-02 -1.810237789166618816e-01 -1.081847554636824159e-02
-2.083971058873994309e-02 -1.983887890133372023e-01 -9.799782591320813432e-03
-1.024797073896153432e-01 -1.833658227821735875e-01 -8.348214411934120130e-03
-1.721500621483529336e-01 -1.382419906483376981e-01 -6.684759105021474343e-03
-2.192440949162733910e-01 -6.988698700564922872e-02 -5.062662661800419912e-03
-2.365921661129311016e-01 1.129275848094361823e-02 -3.728874561410488054e-03
-2.215531891592917857e-01 9.293836545733243082e-02 -2.886451951316806527e-03
-1.764167119678815010e-01 1.626200303806322467e-01 -2.663646037326162543e-03
-1.080543540279079034e-01 2.097293514321361407e-01 -3.094377000102991118e-03
-2.687366462941398124e-02 2.270943615288115169e-01 -4.113069955150421009e-03
5.476633217146137378e-02 2.120713952976479300e-01 -5.564638134537112577e-03
1.244366869301989503e-01 1.669475631638120683e-01 -7.228093441449757496e-03
1.715307196981195048e-01 9.859255952112341848e-02 -8.850189884670815396e-03
1.888787908947771599e-01 1.741281403453068949e-02 -1.018397798506074509e-02
1.738398139411378995e-01 -6.423279294185803290e-02 -1.102640059515442618e-02
-1.621473057195119138e-01 1.199543686629129247e-01 -2.486949147616039635e-04
-1.621473057195119138e-01 1.199543686629129247e-01 -2.486949147616039635e-04
-2.063942527051903786e-01 4.978802981916168047e-02 3.126830770086680769e-03
-2.204551837217469112e-01 -3.201536410668497784e-02 4.857887990118698804e-03
-2.021894494845677959e-01 -1.130019879390293941e-01 4.680938975657338713e-03
-1.543778424519703929e-01 -1.808423623449703366e-01 2.622922610107535427e-03
-8.429924638137070714e-02 -2.252084052957286087e-01 -1.002846770840562333e-03
-2.622492260462109051e-03 -2.393457889312322062e-01 -5.644378646618888017e-03
7.821787449746686605e-02 -2.211022247486774395e-01 -1.059504186473143005e-02
1.459146408732709677e-01 -1.732551300165371677e-01 -1.510114282809436881e-02
1.901615878589494602e-01 -1.030887911727858958e-01 -1.847666851294265528e-02
2.042225188755059928e-01 -2.128539724693925828e-02 -2.020772573297466984e-02
1.859567846383269052e-01 5.970122658540510940e-02 -2.003077671851331149e-02
1.381451776057295300e-01 1.275416009913460103e-01 -1.797276035296350993e-02
6.806658153512967768e-02 1.719076439421043934e-01 -1.434699097201540957e-02
-1.361017258577880418e-02 1.860450275776079632e-01 -9.705459096237083888e-03
-9.445053934370770121e-02 1.678014633950532519e-01 -4.754795878124553135e-03
1.306991507195743862e-01 6.761961973059910092e-02 -1.539179300704319742e-01
1.306991507195743862e-01 6.761961973059910092e-02 -1.539179300704319742e-01
6.503436911643001306e-02 3.130619962118942612e-02 -1.894518193737941836e-01
-7.819816910093785323e-03 -8.297947529003174560e-03 -1.935706079060299234e-01
-7.677201796229965458e-02 -4.516344932884977514e-02 -1.656472474500173542e-01
-1.313248864832483875e-01 -7.367786731592974869e-02 -1.099328165092916115e-01
-1.631732427636099769e-01 -8.950013983555284158e-02 -3.490933214200403478e-02
-1.674684632657680861e-01 -9.022146932586405654e-02 4.800156024650523851e-02
-1.435566396045399318e-01 -7.573203991083156394e-02 1.261774288791968068e-01
-9.507813017112620724e-02 -4.823773587188941170e-02 1.877167064227571180e-01
-2.941334856798186181e-02 -1.192431576247971609e-02 2.232505957261192719e-01
4.344083745854197820e-02 2.767983138771288112e-02 2.273693842583550118e-01
1.123930385107478058e-01 6.454533318755945048e-02 1.994460238023424981e-01
1.669459070316964833e-01 9.305975117463942403e-02 1.437315928616167970e-01
1.987942633120581559e-01 1.088820236942625586e-01 6.870810849432903988e-02
2.030894838142162373e-01 1.096033531845737596e-01 -1.420278389418014320e-02
1.791776601529881385e-01 9.511392376954133643e-02 -9.237865252687159356e-02
7.859208491186095435e-02 -1.519157832308244971e-01 8.874729281340343334e-02
7.859208491186095435e-02 -1.519157832308244971e-01 8.874729281340343334e-02
8.652790734299659059e-02 -1.669920103953551893e-01 7.476143063678636347e-03
7.951426929963797963e-02 -1.533255033644730092e-01 -7.412842268964693615e-02
5.861893359509923879e-02 -1.129968639464349334e-01 -1.436428490578601780e-01
2.702302567370660352e-02 -5.214576191261068028e-02 -1.904841947762447862e-01
-1.046326390112643431e-02 1.996377406896360576e-02 -2.075212895770330579e-01
-4.813298735569274123e-02 9.235372081966465585e-02 -1.921603902184539081e-01
-8.025127077092808481e-02 1.540033651631996792e-01 -1.467400543809515567e-01
-1.019283966498270577e-01 1.955271076036830813e-01 -7.817511645941610521e-02
-1.098642190809626940e-01 2.106033347682137735e-01 3.096033290308680078e-03
-1.028505810376040830e-01 1.969368277373315657e-01 8.470059904363427816e-02
-8.195524533306539072e-02 1.566081883192936008e-01 1.542150254118474506e-01
-5.035933741167275546e-02 9.575708628546930612e-02 2.010563711302321144e-01
-1.287304783683965170e-02 2.364755030389491600e-02 2.180934659310203860e-01
2.479667561772662399e-02 -4.874239644680608552e-02 2.027325665724412362e-01
5.691495903296194675e-02 -1.103920407903410394e-01 1.573122307349389681e-01
-2.032579641395239889e-01 -1.003130646521315644e-01 4.250181226181724836e-02
1.350861906013557101e-01 6.722422352207974017e-02 -2.029403181806881673e-01
1.350861906013557101e-01 6.722422352207974017e-02 -2.029403181806881673e-01
6.794488485316454995e-02 3.385862545537242363e-02 -2.385999404593387996e-01
-6.273509075338194046e-03 -3.105723268161468195e-03 -2.428536046557412675e-01
-7.626991349995432268e-02 -3.804133563801947310e-02 -2.150537289555551623e-01
-1.313880103660221565e-01 -6.562958136300547918e-02 -1.594325924276331630e-01
-1.632365690724752183e-01 -8.167040011956062939e-02 -8.445800890149310347e-02
-1.669669352641595939e-01 -8.372172266238353533e-02 -1.544179072697757227e-03
-1.420111945042451251e-01 -7.147125372961453393e-02 7.668601808305788858e-02
-9.216863209907541488e-02 -4.678401616549032749e-02 1.383227442073131086e-01
-2.502732635088425472e-02 -1.341841809878300748e-02 1.739823664859637686e-01
4.919106757761849968e-02 2.354593062475087914e-02 1.782360306823662366e-01
1.191874720022345346e-01 5.848154299460888578e-02 1.504361549821802146e-01
1.743055688683024240e-01 8.606978871959489186e-02 9.481501845425815977e-02
2.061541275747555135e-01 1.021106074761500837e-01 1.984043492811798926e-02
2.098844937664399168e-01 1.041619300189729619e-01 -6.307339490067727372e-02
1.849287530065255036e-01 9.191146108620397437e-02 -1.413035920564328085e-01
-1.211568729430257119e-01 1.358976632595528256e-01 -1.534987645741722057e-03
-1.211568729430257119e-01 1.358976632595528256e-01 -1.534987645741722057e-03
-1.659530165355531939e-01 6.600575791462516551e-02 -7.628198571772064687e-04
-1.806073742007944516e-01 -1.570946397349018073e-02 -9.664611978266726341e-04
-1.628889528262996433e-01 -9.680760062265866828e-02 -2.114909119589588986e-03
-1.154952214484457618e-01 -1.649421958844838054e-01 -4.033322837083883755e-03
-4.564144604426635665e-02 -2.097403752719967929e-01 -6.429641252284705975e-03
3.603776930700311465e-02 -2.243820220699561663e-01 -8.939046609158257661e-03
1.171075044920629471e-01 -2.066380782802313409e-01 -1.117950468993674992e-02
1.852256272279671490e-01 -1.592098984955570007e-01 -1.280992606162473235e-02
2.300217708204946310e-01 -8.931799315062932676e-02 -1.358209385018924534e-02
2.446761284857359442e-01 -7.602771262513977057e-03 -1.337845250953978091e-02
2.269577071112411359e-01 7.349536538665440988e-02 -1.223000458777686802e-02
1.795639757333872821e-01 1.416299606484795748e-01 -1.031159087028257412e-02
1.097102003292077660e-01 1.864281400359926455e-01 -7.915272455081747566e-03
2.803098497793836408e-02 2.010697868339519911e-01 -5.405867098208196747e-03
-5.303875020712137123e-02 1.833258430442272213e-01 -3.165409017429707955e-03
9.364310096686920271e-02 -1.761130939945759200e-01 9.028193762729980199e-02
9.364310096686920271e-02 -1.761130939945759200e-01 9.028193762729980199e-02
1.013488408630171256e-01 -1.902122018389677538e-01 8.824052342190665324e-03
9.379848783731471740e-02 -1.757328307751057639e-01 -7.258166199813768926e-02
7.214151469380458703e-02 -1.348793337916374124e-01 -1.415419233300083401e-01
3.967499927263574977e-02 -7.387128546642328375e-02 -1.875581569919696767e-01
1.341674236985936899e-03 -1.996608117642090924e-03 -2.036248085471849545e-01
-3.702255916892385756e-02 6.980243017392687155e-02 -1.872958759409317220e-01
-6.957709418168581128e-02 1.305950766882951197e-01 -1.410572911403692453e-01
-9.136579795320161346e-02 1.711262020803630546e-01 -7.194845952756831475e-02
-9.907153784934952245e-02 1.852253099247548884e-01 9.509425757540814969e-03
-9.152118482364712815e-02 1.707459388608929540e-01 9.091514009786917649e-02
-6.986421168013705330e-02 1.298924418774246026e-01 1.598754014297397996e-01
-3.739769625896818828e-02 6.888439355221047389e-02 2.058916350917011917e-01
9.356287766816575539e-04 -2.990283796570816950e-03 2.219582866469164972e-01
3.929986218259147457e-02 -7.478932208813969529e-02 2.056293540406632370e-01
7.185439719535335890e-02 -1.355819686025078741e-01 1.593907692401008713e-01
1.145755221208934749e-01 6.276875702757614417e-02 -1.813781746242257020e-01
1.145755221208934749e-01 6.276875702757614417e-02 -1.813781746242257020e-01
4.758181183378142054e-02 2.867170043984265670e-02 -2.166021479838251274e-01
-2.605255500533144516e-02 -9.475118864374226096e-03 -2.203830185704433731e-01
-9.511741354238775759e-02 -4.586419344778561169e-02 -1.921451831109451391e-01
-1.490982651396223768e-01 -7.495561657284965928e-02 -1.361875960774230065e-01
-1.797770144789945790e-01 -9.232048278318263912e-02 -6.102929283894124174e-02
-1.824831000771402201e-01 -9.531514861116560655e-02 2.188755624815678230e-02
-1.568045449324687313e-01 -8.348370333120141984e-02 9.993961255346914263e-02
-1.066506762890741949e-01 -5.862737723484615082e-02 1.612441580481643322e-01
-3.965696600196214061e-02 -2.453032064711267723e-02 1.964681314077637575e-01
3.397740083715074244e-02 1.361649865710421077e-02 2.002490019943820587e-01
1.030422593742070098e-01 5.000557324051557034e-02 1.720111665348838248e-01
1.570231109714416429e-01 7.909699636557962488e-02 1.160535795013617755e-01
1.877018603108138728e-01 9.646186257591264634e-02 4.089527626287983719e-02
1.904079459089595139e-01 9.945652840389559990e-02 -4.202157282421808970e-02
1.647293907642880806e-01 8.762508312393145482e-02 -1.200736291295304015e-01
-1.415420679107198265e-01 1.778869943487700611e-01 -1.139951348116910804e-02
-1.415420679107198265e-01 1.778869943487700611e-01 -1.139951348116910804e-02
-1.885509046695777180e-01 1.094632782406204097e-01 -1.019600272643154427e-02
-2.057931265949369537e-01 2.826461505829853255e-02 -8.593823558272609131e-03
-1.906437616997925522e-01 -5.334723479640175042e-02 -6.836893231254178270e-03
-1.454091634600954974e-01 -1.229476069963635343e-01 -5.192688461051730639e-03
-7.697588940518550193e-02 -1.699404758030877427e-01 -3.911524519175233611e-03
4.237714839251413221e-03 -1.871716029321671693e-01 -3.188447001995325415e-03
8.586761423015558392e-02 -1.720177054787558335e-01 -3.133537906788635974e-03
1.554863965621423871e-01 -1.267858269597131327e-01 -3.755156645548195140e-03
2.024952333210003064e-01 -5.836211085156350203e-02 -4.958667400285758468e-03
2.197374552463595143e-01 2.283655233075836816e-02 -6.560846568444691877e-03
2.045880903512151683e-01 1.044484021854585887e-01 -8.317776895463121004e-03
1.593534921115180858e-01 1.740487743854204350e-01 -9.961981665665569502e-03
9.092021805660796541e-02 2.210416431921446712e-01 -1.124314560754207000e-02
9.706613812171157804e-03 2.382727703212240700e-01 -1.196622312472197386e-02
-7.192328557873291228e-02 2.231188728678127897e-01 -1.202113221992866590e-02
