1.671110029399550112e-01 -2.027222070545033061e-02 -1.494635355570453350e-01
1.671110029399550112e-01 -2.027222070545033061e-02 -1.494635355570453350e-01
9.998266301051456084e-02 -2.729811605230098026e-02 -2.000241407676313921e-01
1.842957018414086157e-02 -3.019790950503895011e-02 -2.212993910541141140e-01
-6.513255643697811459e-02 -2.853013379717800335e-02 -2.100503224210005238e-01
-1.379821405673410939e-01 -2.254869266181552812e-02 -1.679895035946211423e-01
-1.890284934062249345e-01 -1.316420628991154911e-02 -1.015203129590201148e-01
-2.105002704702503558e-01 -1.805377661007647426e-03 -2.076208224375416384e-02
-1.991285883435632842e-01 9.798514534183500740e-03 6.199047999996202402e-02
-1.566446825453965963e-01 1.988088289848872342e-02 1.341390463243672948e-01
-8.951634261595620146e-02 2.690677824533936613e-02 1.846996515349533796e-01
-7.963249789582476160e-03 2.980657169807734291e-02 2.059749018214361016e-01
7.559887683153639071e-02 2.813879599021639616e-02 1.947258331883225668e-01
1.484484609618994255e-01 2.215735485485392092e-02 1.526650143619432132e-01
1.994948138007834049e-01 1.277286848294992803e-02 8.619582372634207457e-02
2.209665908648087984e-01 1.414039854046040450e-03 5.437593011076147925e-03
2.095949087381217268e-01 -1.018985234114509753e-02 -7.731496923263991849e-02
-1.796282873896454246e-01 2.186251517149299679e-03 1.513155046578499308e-01
-1.796282873896454246e-01 2.186251517149299679e-03 1.513155046578499308e-01
-2.260012943923569162e-01 1.737810804390550919e-03 8.085536491359741895e-02
-2.418803076258489448e-01 1.031384374534406951e-03 -1.985724352272159269e-03
-2.248478912689358122e-01 1.745192477549318731e-04 -8.459595825537423452e-02
-1.774970763127186879e-01 -7.023346278974157983e-04 -1.543986775475968409e-01
-1.070365950980753517e-01 -1.465684198554742610e-03 -2.007670509799250325e-01
-2.419341716408233284e-02 -1.999316411865558699e-03 -2.166419140276387711e-01
5.842033462408795230e-02 -2.221990600741354741e-03 -1.996064626977154810e-01
1.282274654522113366e-01 -2.099806638472336701e-03 -1.522541900283851390e-01
1.746004724549228559e-01 -1.651365925713588374e-03 -8.179405028413268275e-02
1.904794856884149123e-01 -9.449394958574435389e-04 1.047038981736874439e-03
1.734470693315018075e-01 -8.807436907797006054e-05 8.365727288483892909e-02
1.260962543752847387e-01 7.887795065743787764e-04 1.534599921770615771e-01
5.563577316064116651e-02 1.552129077231706022e-03 1.998283656093898797e-01
-2.720740477335171006e-02 2.085761290542522111e-03 2.157032286571035629e-01
-1.098211565615219154e-01 2.308435479418316852e-03 1.986677773271803005e-01
-1.353421854705063043e-01 -1.007338731643224071e-03 1.585928328293861600e-01
-1.353421854705063043e-01 -1.007338731643224071e-03 1.585928328293861600e-01
-1.823839319429509664e-01 -2.161957848499671615e-04 8.858723519696690141e-02
-1.990534085426612088e-01 5.751581215398652875e-04 5.908109493445150989e-03
-1.828128385665128419e-01 1.246246528919447418e-03 -7.685739688095886979e-02
-1.361347015722408904e-01 1.694902310696800186e-03 -1.471089858519256943e-01
-6.612532077885788229e-02 1.852821691171109217e-03 -1.941514898308654702e-01
1.655701022446095724e-02 1.695962876207912510e-03 -2.108231140283450822e-01
9.932465605965731803e-02 1.248206198456655374e-03 -1.945857547889479899e-01
1.695769929389004116e-01 5.777185531805774767e-04 -1.479114028648443324e-01
2.166187394113451015e-01 -2.134243936126785379e-04 -7.790580523242511546e-02
2.332882160110553438e-01 -1.004778300002511339e-03 4.773320471096732971e-03
2.170476460349069769e-01 -1.675866707382093253e-03 8.753882684550064186e-02
1.703695090406351087e-01 -2.124522489159446671e-03 1.577904158164675219e-01
1.003601282472519340e-01 -2.282441869633755269e-03 2.048329197954073533e-01
1.767779724393315002e-02 -2.125583054670557477e-03 2.215045439928869375e-01
-6.508984859126311362e-02 -1.677826376919302510e-03 2.052671847534899008e-01
1.607941517252655661e-01 -1.770521454582213829e-03 -1.476038880805282394e-01
1.607941517252655661e-01 -1.770521454582213829e-03 -1.476038880805282394e-01
9.091344921342782437e-02 -1.339097724970882402e-03 -1.948348725363517886e-01
8.278640186999161252e-03 -7.278653601533082839e-04 -2.117280467440177394e-01
-7.452987476615582918e-02 -2.987894683778488094e-05 -1.957115780674144045e-01
-1.449052499054766519e-01 6.485994108109933249e-04 -1.492238286729045127e-01
-1.921334723203659556e-01 1.204277533262627107e-03 -7.934213699330470992e-02
-2.090244732730591748e-01 1.552558463608579150e-03 3.294642892278668890e-03
-1.930067509858136021e-01 1.640419587378172958e-03 8.610581035054061527e-02
-1.465188584758483903e-01 1.454484844940559171e-03 1.564841158210629746e-01
-7.663815596401070407e-02 1.023061115329226877e-03 2.037151002768865793e-01
5.996653062418018897e-03 4.118287505116533008e-04 2.206082744845525023e-01
8.880516801557290785e-02 -2.861576628038699395e-04 2.045918058079491675e-01
1.591805431548937999e-01 -9.646360204526486333e-04 1.581040564134393311e-01
2.064087655697831591e-01 -1.520314142904282849e-03 8.822236473383933408e-02
2.232997665224763506e-01 -1.868595073250234459e-03 5.585584848256042872e-03
2.072820442352308612e-01 -1.956456197019828917e-03 -7.722558261000576907e-02
-1.395693202969925661e-01 6.675655712296503421e-04 1.535747590432799403e-01
-1.395693202969925661e-01 6.675655712296503421e-04 1.535747590432799403e-01
-1.862307582965042341e-01 6.914292617016871458e-04 8.330933514054254807e-02
-2.024511438775164485e-01 5.794630188474012922e-04 5.361105020574117187e-04
-1.857610703734815794e-01 3.487126881648385272e-04 -8.214344176211592352e-02
-1.387014501794958388e-01 3.430791574346290672e-05 -1.521421093117647505e-01
-6.843668387357421112e-02 -3.158860219019303333e-04 -1.988032295519565062e-01
1.433605482589938619e-02 -6.485552722807799405e-04 -2.150230699102301801e-01
9.701536678867490882e-02 -9.130539576771706800e-04 -1.983323067252577010e-01
1.670140762582491556e-01 -1.069114550926055559e-03 -1.512719573898060332e-01
2.136755142577608235e-01 -1.092978241398092363e-03 -8.100653348706868262e-02
2.298958998387730379e-01 -9.810119985438064006e-04 1.766691151416464791e-03
2.132058263347381966e-01 -7.502616678612440693e-04 8.444624341558973346e-02
1.661462061407524837e-01 -4.358568954398686114e-04 1.544449109652386576e-01
9.588143983483077282e-02 -8.566295779447468024e-05 2.011060312054304133e-01
1.310870113535728999e-02 2.470062925843747779e-04 2.173258715637041150e-01
-6.957061082741822222e-02 5.115049779807653548e-04 2.006351083787316636e-01
-1.812971147973110320e-01 3.984069156757605833e-03 1.441146375454711304e-01
-1.812971147973110320e-01 3.984069156757605833e-03 1.441146375454711304e-01
-2.272581838766630502e-01 3.288109413745684845e-03 7.339076475742956074e-02
-2.426563209714957259e-01 2.098698937928435843e-03 -9.532411072664562918e-03
-2.251472992935812656e-01 5.969146922162210135e-04 -9.203058812514010312e-02
-1.773967086737053001e-01 -9.886102856893623676e-04 -1.615441667915949453e-01
-1.066741436735621218e-01 -2.416494190721903482e-03 -2.074903348622210708e-01
-2.374647371277541913e-02 -3.469354642140031700e-03 -2.228742047513164459e-01
5.876131519832533678e-02 -3.986903180419092835e-03 -2.053537217233940559e-01
1.282881601329939336e-01 -3.890347732195285901e-03 -1.575962204958809565e-01
1.742492292123459241e-01 -3.194387989183364914e-03 -8.687234770783935911e-02
1.896473663071786275e-01 -2.004977513366115478e-03 -3.949171877745205964e-03
1.721383446292642228e-01 -5.031932676539028169e-04 7.854900517473022148e-02
1.243877540093882572e-01 1.082331710251680781e-03 1.480625838411850914e-01
5.366518900924498181e-02 2.510215615284224280e-03 1.940087519118113002e-01
-2.926248095154165840e-02 3.563076066702352065e-03 2.093926218009066476e-01
-1.117702698626423241e-01 4.080624604981412766e-03 1.918721387729843131e-01
1.716037277045996123e-01 -2.065043386465874407e-03 -1.551962268140631152e-01
1.716037277045996123e-01 -2.065043386465874407e-03 -1.551962268140631152e-01
1.017576546939235049e-01 -1.463249895208076955e-03 -2.024808457945537488e-01
1.913465488347932536e-02 -6.732371992817748167e-04 -2.194362887204290846e-01
-6.368666898495106699e-02 1.847224298411725952e-04 -2.034812431076974681e-01
-1.340975211295696856e-01 9.800124160502029103e-04 -1.570447200180486447e-01
-1.813784875873224178e-01 1.591557068266668097e-03 -8.719625914375161990e-02
-1.983314698180446145e-01 1.926254256856688336e-03 -4.569655475043612677e-03
-1.823755299562754562e-01 1.933149368895002978e-03 7.825593959154217294e-02
-1.359398152050143027e-01 1.611192686078124874e-03 1.486710800230068574e-01
-6.609374219433816755e-02 1.009399194820326555e-03 1.959556990034974633e-01
1.652925761610599467e-02 2.193864988940245789e-04 2.129111419293728269e-01
9.935058148453632110e-02 -6.385731302289223994e-04 1.969560963166412382e-01
1.697614336291549952e-01 -1.433863116437952877e-03 1.505195732269924425e-01
2.170424000869077552e-01 -2.045407768654419148e-03 8.067111235269526504e-02
2.339953823176299519e-01 -2.380104957244438303e-03 -1.955491316012681474e-03
2.180394424558608768e-01 -2.387000069282753812e-03 -8.478108638259836127e-02
-1.141309715331001728e-01 -6.559502817616111314e-02 1.700258988679107519e-01
-1.141309715331001728e-01 -6.559502817616111314e-02 1.700258988679107519e-01
-1.771699146969383520e-01 -4.721710308343993884e-02 1.172192470708739997e-01
-2.140181279759643396e-01 -2.165930990759028230e-02 4.588056649669541159e-02
-2.190658049283315256e-01 7.187409022336798715e-03 -3.312947542395606321e-02
-1.915444824953476122e-01 3.493140224541820688e-02 -1.077823160364748400e-01
-1.356440325360252497e-01 5.734889829336463352e-02 -1.667127370872901471e-01
-5.987479181783052218e-02 7.102703660798392882e-02 -2.009491161770125545e-01
2.422805960976892603e-02 7.388344462350790454e-02 -2.052792749427811148e-01
1.038606250111677592e-01 6.548326011297619931e-02 -1.790439859654944232e-01
1.668995681750059523e-01 4.710533502025502500e-02 -1.262373341684576711e-01
2.037477814540319399e-01 2.154754184440537540e-02 -5.489865359427907598e-02
2.087954584063991814e-01 -7.299177085521686530e-03 2.411138832637231555e-02
1.812741359734152957e-01 -3.504317030860313459e-02 9.876422893889108545e-02
1.253736860140928222e-01 -5.746066635654954735e-02 1.576946499897065035e-01
4.960444529589818491e-02 -7.113880467116882877e-02 1.919310290794289109e-01
-3.449840613170118697e-02 -7.399521268669281837e-02 1.962611878451974434e-01
1.505096925066397862e-01 1.532809734314494405e-03 -1.621868845539199411e-01
1.505096925066397862e-01 1.532809734314494405e-03 -1.621868845539199411e-01
8.013263821390877173e-02 2.175838483983466402e-03 -2.086579937382365135e-01
-2.672662165847704621e-03 2.470391955365207250e-03 -2.246612031971664813e-01
-8.529985228172883016e-02 2.371627052575716200e-03 -2.077601693600427679e-01
-1.551696914559353158e-01 1.894579836758615923e-03 -1.605279214203141902e-01
-2.016451300458634577e-01 1.111876422078283489e-03 -9.015514096541067668e-02
-2.176507038270967254e-01 1.426763081956757950e-04 -7.355445888747935007e-03
-2.007497092823299634e-01 -8.654685733714906825e-04 7.526566081535719654e-02
-1.535151696231067953e-01 -1.759077303260723991e-03 1.451298646134019377e-01
-8.313811533037578083e-02 -2.402106052929695989e-03 1.916009737977185101e-01
-3.328149506192459341e-04 -2.696659524311437271e-03 2.076041832566484779e-01
8.229437516526176555e-02 -2.597894621521944919e-03 1.907031494195247645e-01
1.521642143394682789e-01 -2.120847405704845944e-03 1.434709014797962423e-01
1.986396529293965318e-01 -1.338143991024512208e-03 7.309812102489261776e-02
2.146452267106297718e-01 -3.689438771419058152e-04 -9.701574051770051055e-03
1.977442321658630375e-01 6.392010044252597950e-04 -9.232268075587507505e-02
1.366254005977961261e-01 1.435315537501954291e-04 -1.597693303049584346e-01
1.366254005977961261e-01 1.435315537501954291e-04 -1.597693303049584346e-01
6.647304458195291144e-02 1.575298871063905400e-03 -2.065846185627081555e-01
-1.625903703780750761e-02 2.763963129693793822e-03 -2.229877882265959288e-01
-9.897563480306409422e-02 3.528560971531800785e-03 -2.064816054103981169e-01
-1.690838965318824383e-01 3.752689306254782843e-03 -1.595789868189610994e-01
-2.159104749090250963e-01 3.402226626629579771e-03 -8.942043095953486342e-02
-2.323264478605621963e-01 2.530527698677030157e-03 -6.686941972824413973e-03
-2.158326323157875593e-01 1.270300782207446416e-03 7.602605642388886309e-02
-1.689400621745828501e-01 -1.865959987321209694e-04 1.461262600199029205e-01
-9.878770615873962158e-02 -1.618363316045829314e-03 1.929415482776525859e-01
-1.605562453897921987e-02 -2.807027574675719471e-03 2.093447179415403592e-01
6.666097322627730082e-02 -3.571625416513724699e-03 1.928385351253426583e-01
1.367692349550957143e-01 -3.795753751236708058e-03 1.459359165339056408e-01
1.835958133322384556e-01 -3.445291071611505853e-03 7.577736067447925217e-02
2.000117862837755001e-01 -2.573592143658955372e-03 -6.956128312231101875e-03
1.835179707390008907e-01 -1.313365227189372715e-03 -8.966912670894429394e-02
-1.659023902620320179e-01 3.350250366980318025e-03 1.453222898990017831e-01
-1.659023902620320179e-01 3.350250366980318025e-03 1.453222898990017831e-01
-2.119685316113296691e-01 4.053216013022426997e-03 7.466784430486828050e-02
-2.274956926175147054e-01 4.132173427036177522e-03 -8.238942260177972016e-03
-2.101200037714604230e-01 3.575102058488714447e-03 -9.077626309350043943e-02
-1.624867561889670187e-01 2.466810973376856383e-03 -1.603785593009022514e-01
-9.184768001800450166e-02 9.760274427251837415e-04 -2.064495122311928443e-01
-8.956934260781854173e-03 -6.702902549109464444e-04 -2.219752369349636267e-01
7.356611644764521341e-02 -2.221505173973527345e-03 -2.045920825671105892e-01
1.431580857102361659e-01 -3.441458904833535459e-03 -1.569464768014524614e-01
1.892242270595338449e-01 -4.144424550875647033e-03 -8.629203120731900045e-02
2.047513880657188812e-01 -4.223381964889394956e-03 -3.385244642272702397e-03
1.873756992196646265e-01 -3.666310596341932314e-03 7.915207619104965009e-02
1.397424516371712222e-01 -2.558019511230076419e-03 1.487543723984515176e-01
6.910337546620859417e-02 -1.067235980578399657e-03 1.948253253287421383e-01
-1.378737029101394923e-02 5.790817170577281436e-04 2.103510500325129207e-01
-9.631042099944095436e-02 2.130296636120306876e-03 1.929678956646599108e-01
1.419019643625337723e-01 -1.134060398498211962e-03 -1.524003869839641312e-01
1.419019643625337723e-01 -1.134060398498211962e-03 -1.524003869839641312e-01
7.193802923317559050e-02 -2.930499585981393221e-04 -1.995127474871853102e-01
-1.072930912410251583e-02 5.851156843570881269e-04 -2.162630914704404550e-01
-9.351469782569317435e-02 1.366743771818912725e-03 -2.001013309045252542e-01
-1.638148118931966324e-01 1.932838512947529595e-03 -1.534879473288759399e-01
-2.109270962319563236e-01 2.197217115067712744e-03 -8.351940584151087976e-02
-2.276791326253172210e-01 2.119630332604661646e-03 -8.477826174732641922e-04
-2.115205753899781216e-01 1.711890049862441199e-03 8.194091712750788126e-02
-1.649114183873333361e-01 1.036071028713686547e-03 1.522428643386911362e-01
-9.494748325797516819e-02 1.950605888136138801e-04 1.993552248419123429e-01
-1.228014490069707053e-02 -6.831050541416136502e-04 2.161055688251674878e-01
7.050524380089355503e-02 -1.464733141603437273e-03 1.999438082592523425e-01
1.408053578683969853e-01 -2.030827882732054793e-03 1.533304246836030837e-01
1.879176422071567876e-01 -2.295206484852238375e-03 8.336188319623785703e-02
2.046696786005176849e-01 -2.217619702389187278e-03 6.902599722003631075e-04
1.885111213651786410e-01 -1.809879419646967481e-03 -8.209843977278073746e-02
