-3.964639338541516705e-03 -1.414072870328740017e-01 1.521523992154987792e-01
-3.964639338541516705e-03 -1.414072870328740017e-01 1.521523992154987792e-01
7.946278141591361227e-03 -1.881316429118500833e-01 8.296509413603024574e-02
1.831207257492636215e-02 -2.046107022871329340e-01 9.107860251520174220e-04
2.555464572514875785e-02 -1.883356777518808978e-01 -8.151850053140993757e-02
2.857138148422631169e-02 -1.417842942581213628e-01 -1.517736538787625156e-01
2.690300917961721203e-02 -7.204357795343704907e-02 -1.991589637843222127e-01
2.080352337086556133e-02 1.026907930595151973e-02 -2.164604463638715448e-01
1.120151548037729219e-02 9.262232161839858979e-02 -2.010441077330042958e-01
-4.411958329390505435e-04 1.624786143758346069e-01 -1.552569456988122654e-01
-1.235211331307192045e-02 2.092029702548107162e-01 -8.606964061934380128e-02
-2.271790774640692831e-02 2.256820296300935669e-01 -4.015332508465550843e-03
-2.996048089662932401e-02 2.094070050948415584e-01 7.841395404809639591e-02
-3.297721665570688826e-02 1.628556216010820512e-01 1.486691073954489739e-01
-3.130884435109776431e-02 9.311490529639759872e-02 1.960544173010087821e-01
-2.520935854234613444e-02 1.080224803700911840e-02 2.133558998805580587e-01
-1.560735065185787571e-02 -7.155099427543781809e-02 1.979395612496908374e-01
-2.672367160681739240e-02 1.719481479048070860e-01 -1.529106156988475351e-01
-2.672367160681739240e-02 1.719481479048070860e-01 -1.529106156988475351e-01
-1.630838541972292471e-02 1.070319722053622857e-01 -2.057405004396737624e-01
-3.682073953151508358e-03 2.706390779747346736e-02 -2.293893843273782651e-01
9.233021329909850416e-03 -5.578163242506729846e-02 -2.202569391677242916e-01
2.047069424824531081e-02 -1.288921659600703873e-01 -1.797334969504476854e-01
2.832011096979699522e-02 -1.811372768254684018e-01 -1.139883844072102914e-01
3.158626895384842453e-02 -2.045631204951139648e-01 -3.303069894179075372e-02
2.977192525512361437e-02 -1.956033246261050795e-01 5.081448571694709149e-02
2.315329725468685124e-02 -1.556219369187466228e-01 1.247825002632020341e-01
1.273801106759237835e-02 -9.070576121930176705e-02 1.776123850040282337e-01
1.116996010209520170e-04 -1.073769681141294868e-02 2.012612688917327641e-01
-1.280339568204038464e-02 7.210784341112777551e-02 1.921288237320788461e-01
-2.404106860037585891e-02 1.452183769461308782e-01 1.516053815148022121e-01
-3.189048532192755719e-02 1.974634878115290038e-01 8.586026897156472104e-02
-3.515664330597897264e-02 2.208893314811744557e-01 4.902583506145275286e-03
-3.334229960725418329e-02 2.119295356121656260e-01 -7.894260115259248145e-02
-1.457274073689336091e-01 -2.264853178955351931e-02 1.609644204563600023e-01
-1.457274073689336091e-01 -2.264853178955351931e-02 1.609644204563600023e-01
-1.964484929314459505e-01 -3.131655833584373605e-02 9.413485843590020663e-02
-2.180555875265506593e-01 -3.527917446540620311e-02 1.270154399235505840e-02
-2.072592068709433188e-01 -3.393310779371968428e-02 -7.093803894507937080e-02
-1.657030020500057654e-01 -2.748328476942370202e-02 -1.440505220688861332e-01
-9.971352853979098541e-02 -1.691163248017599208e-02 -1.955051925897754173e-01
-1.933708548616218728e-02 -3.827589154747900423e-03 -2.174685433586917294e-01
6.318974227023631263e-02 9.776918217712272582e-03 -2.065968533193380530e-01
1.353029933110493910e-01 2.183072671491387978e-02 -1.645452387280903483e-01
1.860240788735617323e-01 3.049875326120410346e-02 -9.771567670763058044e-02
2.076311734686664690e-01 3.446136939076657052e-02 -1.628236226408541834e-02
1.968347928130591840e-01 3.311530271908006556e-02 6.735722067334898311e-02
1.552785879921216305e-01 2.666547969478406249e-02 1.404697037971557039e-01
8.928911448190672562e-02 1.609382740553634561e-02 1.919243743180450990e-01
8.912671428277983005e-03 3.009784080108259593e-03 2.138877250869614111e-01
-7.361415632812046139e-02 -1.059472329235188956e-02 2.030160350476077624e-01
-2.679523186353631459e-02 1.680703588600176157e-01 -1.419426419464720479e-01
-2.679523186353631459e-02 1.680703588600176157e-01 -1.419426419464720479e-01
-1.649956125960973935e-02 1.032689185975509683e-01 -1.949373023484674006e-01
-3.874197519639055974e-03 2.336035166669928054e-02 -2.187885632352304932e-01
9.158762176172495842e-03 -5.948998699027840259e-02 -2.098652863489698650e-01
2.061516785821146391e-02 -1.326688843530473005e-01 -1.695259597059123879e-01
2.875088561396352271e-02 -1.850355166664823525e-01 -1.039118801105569090e-01
3.232732616558052496e-02 -2.086175388655671370e-01 -2.301219638818365748e-02
3.080000885959312956e-02 -1.998248018420545336e-01 6.085684797193522538e-02
2.440145391067205169e-02 -1.599959201014147514e-01 1.349269512407519633e-01
1.410578330674547992e-02 -9.519447983894815946e-02 1.879216116427473715e-01
1.480419566774791775e-03 -1.528591290809641970e-02 2.117728725295104364e-01
-1.155254012903676047e-02 6.756442574888116281e-02 2.028495956432498637e-01
-2.300894581107572681e-02 1.407433231116500816e-01 1.625102690001923311e-01
-3.114466356682780643e-02 1.931099554250852723e-01 9.689618940483676890e-02
-3.472110411844479827e-02 2.166919776241700013e-01 1.599650568246358678e-02
-3.319378681245740287e-02 2.078992406006574534e-01 -6.787253867765520587e-02
1.295399380188921867e-01 1.647256143919108295e-02 -1.777396122385877797e-01
1.295399380188921867e-01 1.647256143919108295e-02 -1.777396122385877797e-01
5.746402648013852754e-02 7.579888401086060969e-03 -2.206132000519120673e-01
-2.539880937051949145e-02 -2.726877752439302652e-03 -2.324319223235946363e-01
-1.064334539282966174e-01 -1.287862530557859833e-02 -2.113964857247559448e-01
-1.733031171401535064e-01 -2.132984271918708652e-02 -1.607093447908615469e-01
-2.158274989570913849e-01 -2.679390875251952409e-02 -8.808715724902019262e-02
-2.275326477319625784e-01 -2.843896888388296532e-02 -4.585992830707839862e-03
-2.066365606712308456e-01 -2.601457762078456665e-02 7.708185312132795342e-02
-1.563204776063916723e-01 -1.988982655586952683e-02 1.444831913817567204e-01
-8.424456606763802702e-02 -1.099715351776450051e-02 1.873567791950810080e-01
-1.381730216980040990e-03 -6.903873642391379715e-04 1.991755014667635770e-01
7.965291434079704858e-02 9.461360188900144047e-03 1.781400648679249132e-01
1.465225775526539653e-01 1.791257760250864611e-02 1.274529239340305431e-01
1.890469593695919270e-01 2.337664363584109409e-02 5.483073639218907086e-02
2.007521081444630928e-01 2.502170376720453532e-02 -2.867042802612321251e-02
1.798560210837314155e-01 2.259731250410613665e-02 -1.103382739781589017e-01
1.383886219942950246e-01 2.252059284872550901e-02 -1.704387850530666437e-01
1.383886219942950246e-01 2.252059284872550901e-02 -1.704387850530666437e-01
6.617270316923083706e-02 1.095391130665666034e-02 -2.124520249517524162e-01
-1.642262627526452218e-02 -2.268223111103927474e-03 -2.232791250169759989e-01
-9.682297615979260086e-02 -1.513286029839917141e-02 -2.012717574117136310e-01
-1.627881220454205358e-01 -2.568147586168987445e-02 -1.497803443565822734e-01
-2.042754684465979964e-01 -3.230813870490323314e-02 -7.664398671840413901e-02
-2.149689429574773991e-01 -3.400399948100825409e-02 7.002968035141207692e-03
-1.932405610203651591e-01 -3.051087875985919115e-02 8.842602930435952691e-02
-1.423982718169138628e-01 -2.236057250603278035e-02 1.552292741129006615e-01
-7.018235299184968912e-02 -1.079389096396393341e-02 1.972425140115864617e-01
1.241297645264570482e-02 2.428243453796657871e-03 2.080696140768100721e-01
9.281332633717370717e-02 1.529288064109188792e-02 1.860622464715477320e-01
1.587784722228016698e-01 2.584149620438260311e-02 1.345708334164164022e-01
2.002658186239792137e-01 3.246815904759596527e-02 6.143447577823810124e-02
2.109592931348586164e-01 3.416401982370098622e-02 -2.221247897530714138e-02
1.892309111977464042e-01 3.067089910255192328e-02 -1.036355402445253426e-01
1.346330575249970463e-01 2.087132870448490246e-02 -1.738652808648202264e-01
1.346330575249970463e-01 2.087132870448490246e-02 -1.738652808648202264e-01
6.244219396841661773e-02 9.885180547378177862e-03 -2.160738100631562908e-01
-2.022191744939423955e-02 -2.696160138133671565e-03 -2.271250868907599696e-01
-1.007744151171099112e-01 -1.495729828281876055e-02 -2.053366546307026086e-01
-1.669519114750303845e-01 -2.503158675164284669e-02 -1.540256045819475283e-01
-2.086794826031605488e-01 -3.138530644887984472e-02 -8.100357897859088163e-02
-2.196044840586167946e-01 -3.305116114723791187e-02 2.612480727566828323e-03
-1.980636834051908435e-01 -2.977553956990246567e-02 8.409278742773183823e-02
-1.473364722745225119e-01 -2.205712540843929662e-02 1.510327030476235344e-01
-7.514560871794208341e-02 -1.107097725133255467e-02 1.932412322459595988e-01
7.518502699868789482e-03 1.510363434179282181e-03 2.042925090735633054e-01
8.807100036758438999e-02 1.377150157886435772e-02 1.825040768135059721e-01
1.542484967255048356e-01 2.384579004768845600e-02 1.311930267647509751e-01
1.959760678536351108e-01 3.019950974492547138e-02 5.817100116139414800e-02
2.069010693090913289e-01 3.186536444328352813e-02 -2.544505854476347001e-02
1.853602686556654333e-01 2.858974286594809927e-02 -1.069253652449283915e-01
-2.855758712702013286e-02 1.754750426676001673e-01 -1.436718206695254685e-01
-2.855758712702013286e-02 1.754750426676001673e-01 -1.436718206695254685e-01
-1.820440322912240949e-02 1.108150195946488031e-01 -1.968280532041827846e-01
-5.431223857520377403e-03 3.098949928439374141e-02 -2.208785054626081767e-01
7.817350217618921834e-03 -5.184880641607216012e-02 -2.121617141063489032e-01
1.952434369197855735e-02 -1.250885163949641832e-01 -1.720047316014850780e-01
2.790747293324739170e-02 -1.775795487276202456e-01 -1.065210945104292928e-01
3.169048250769806313e-02 -2.013306195737863957e-01 -2.568009296964639254e-02
3.029744350068764441e-02 -1.927258437011273029e-01 5.821096336178328140e-02
2.394043347310343545e-02 -1.530752202337677392e-01 1.323804216317188975e-01
1.358724957520571729e-02 -8.841519716081640279e-02 1.855366541663762692e-01
8.140702036036756573e-04 -8.589676850561380958e-03 2.095871064248016613e-01
-1.243450387153560016e-02 7.424862884990451883e-02 2.008703150685424155e-01
-2.414149734589524088e-02 1.474883388287966113e-01 1.607133325636785903e-01
-3.252462658716410299e-02 1.999793711614526737e-01 9.522969547262273571e-02
-3.630763616161477442e-02 2.237304420076188238e-01 1.438869393183993088e-02
-3.491459715460435570e-02 2.151256661349597865e-01 -6.950236239958967888e-02
-1.503887824070077317e-01 -2.561458580031541338e-02 1.701337235189579744e-01
-1.503887824070077317e-01 -2.561458580031541338e-02 1.701337235189579744e-01
-2.015480998125092071e-01 -3.393079529616043616e-02 1.035969501765860307e-01
-2.237218816071114558e-01 -3.727892917278342877e-02 2.229079601185270099e-02
-2.135343705184187535e-01 -3.514926439837769145e-02 -6.140661404578424271e-02
-1.725365227596666051e-01 -2.786602312938726844e-02 -1.347531080339611220e-01
-1.069698890057095841e-01 -1.653801282626944646e-02 -1.865823471306016501e-01
-2.681639488257267154e-02 -2.889820369004784603e-03 -2.090037995164646945e-01
5.572131672273022973e-02 1.100074066196089252e-02 -1.986040023167746638e-01
1.280776274245104818e-01 2.301895826791234417e-02 -1.569662303807879133e-01
1.792369448300120127e-01 3.133516776375736002e-02 -9.042945703841596961e-02
2.014107266246142336e-01 3.468330164038035263e-02 -9.123302873682626046e-03
1.912232155359215868e-01 3.255363686597462919e-02 7.457410718395425520e-02
1.502253677771694107e-01 2.527039559698422005e-02 1.479206011721311831e-01
8.465873402321232033e-02 1.394238529386636859e-02 1.997498402687717667e-01
4.505239900075473647e-03 2.941928366017195189e-04 2.221712926546347833e-01
-7.803247170522728537e-02 -1.359636819436394611e-02 2.117714954549447803e-01
1.298708779768669719e-01 1.303399026499851496e-02 -1.552937945737416503e-01
1.298708779768669719e-01 1.303399026499851496e-02 -1.552937945737416503e-01
5.810718507449589426e-02 4.904125408001375371e-03 -1.988320361953163362e-01
-2.477299913084843666e-02 -4.269861173212638472e-03 -2.114182922459999503e-01
-1.061519179046431643e-01 -1.309131318404914771e-02 -1.911364193367711961e-01
-1.736403685653136741e-01 -2.021724452251990461e-02 -1.410741487624242452e-01
-2.169638462841015636e-01 -2.456279673907116670e-02 -6.885300740229072236e-02
-2.295267443066249247e-01 -2.546639890126195169e-02 1.453199065782578674e-02
-2.094164752919086547e-01 -2.279048577107270837e-02 9.638623535016233035e-02
-1.596946453974008029e-01 -1.694244086536181304e-02 1.642481599308864559e-01
-8.793095249502977384e-02 -8.812576008364676056e-03 2.077864015524611696e-01
-5.050768289685411694e-03 3.614105728493421238e-04 2.203726576031448114e-01
7.632815048410922232e-02 9.182862583685846153e-03 2.000907846939160573e-01
1.438166011447797599e-01 1.630879392215659959e-02 1.500285141195691341e-01
1.871400788635677603e-01 2.065434613870786515e-02 7.780737275943547249e-02
1.997029768860910659e-01 2.155794830089865360e-02 -5.577625300680942935e-03
1.795927078713748515e-01 1.888203517070941029e-02 -8.743186999301739981e-02
-2.632097468708167326e-02 1.670847955802190199e-01 -1.297533766645016795e-01
-2.632097468708167326e-02 1.670847955802190199e-01 -1.297533766645016795e-01
-1.615515342327144069e-02 1.021727918546091324e-01 -1.826419470579819238e-01
-3.705974460776394804e-03 2.219448053898068207e-02 -2.063611521493763645e-01
9.131287555451927593e-03 -6.067416547405936333e-02 -1.972999579786498536e-01
2.040227585351271633e-02 -1.338171460351724185e-01 -1.568378492183656880e-01
2.839108463678956945e-02 -1.860991053966988273e-01 -9.113481513734797423e-02
3.188149018676053603e-02 -2.095605891829880885e-01 -1.019354707494451832e-02
3.034210989904763400e-02 -2.006297991664577618e-01 7.366338064076595471e-02
2.400730046793810718e-02 -1.606663671693114859e-01 1.476695109300091291e-01
1.384147920412788328e-02 -9.575436344370158448e-02 2.005580813234893733e-01
1.392300241632829158e-03 -1.577605212807313417e-02 2.242772864148838696e-01
-1.144496177459547806e-02 6.709259388496680021e-02 2.152160922441573587e-01
-2.271595007265627547e-02 1.402355744460798692e-01 1.747539834838732209e-01
-3.070475885593312859e-02 1.925175338076063891e-01 1.090509494028553822e-01
-3.419516440590410211e-02 2.159790175938956502e-01 2.810968134045196964e-02
-3.265578411819119314e-02 2.070482275773653236e-01 -5.574724637525837329e-02
-1.315876558102605232e-01 -2.092677711626193815e-02 1.552535915249505794e-01
-1.315876558102605232e-01 -2.092677711626193815e-02 1.552535915249505794e-01
-1.825869819794141702e-01 -2.831448359557687047e-02 8.848670132627906026e-02
-2.044695460411009302e-01 -3.112859906655501135e-02 7.083008242145178920e-03
-1.939039259828662098e-01 -2.894069995876021387e-02 -7.656451338170708332e-02
-1.524986416809918366e-01 -2.208387407799940194e-02 -1.497212866447179269e-01
-8.655727233060138415e-02 -1.160201100733704652e-02 -2.012498559853950209e-01
-6.118793655290161518e-03 9.091206190438588406e-04 -2.233054638292644722e-01
7.657076514325079908e-02 1.354481442471745442e-02 -2.125303438166802061e-01
1.489226683206606450e-01 2.438140057061949362e-02 -1.705649102928519789e-01
1.999219944898143198e-01 3.176910704993443635e-02 -1.037980200941804598e-01
2.218045585515010798e-01 3.458322252091258070e-02 -2.239432701004654552e-02
2.112389384932663594e-01 3.239532341311776587e-02 6.125319461380562824e-02
1.698336541913920139e-01 2.553849753235697129e-02 1.344099678768164996e-01
1.038922848410015198e-01 1.505663446169459851e-02 1.859385372174936490e-01
2.345380616569031282e-02 2.545502835313701723e-03 2.079941450613631004e-01
-5.923575263285053849e-02 -1.009019097035987814e-02 1.972190250487788898e-01
1.434575529824870799e-01 2.303542728976045936e-02 -1.537460716702267194e-01
1.434575529824870799e-01 2.303542728976045936e-02 -1.537460716702267194e-01
7.127555488869688483e-02 1.146955584163558001e-02 -1.958133148911563037e-01
-1.131607545100682052e-02 -1.709818867525496420e-03 -2.067032122038303388e-01
-9.174351101239759665e-02 -1.449625650958226257e-02 -1.847578754595591566e-01
-1.577624038077725388e-01 -2.494313786287741599e-02 -1.333182832426851316e-01
-1.993219758717893197e-01 -3.146001994258708356e-02 -6.021564716716265586e-02
-2.100951590961602777e-01 -3.305476652775858615e-02 2.342081910155617563e-02
-1.884418339941240361e-01 -2.948459190721340259e-02 1.048582217405136380e-01
-1.376585230245848390e-01 -2.129302280321598850e-02 1.716984544298216508e-01
-6.547652493079464397e-02 -9.727151355091110882e-03 2.137656976507512352e-01
1.711510540890907178e-02 3.452223354069974652e-03 2.246555949634252702e-01
9.754254097029976811e-02 1.623866099612673169e-02 2.027102582191541158e-01
1.635614337656748074e-01 2.668554234942189032e-02 1.512706660022800631e-01
2.051210058296915884e-01 3.320242442913155789e-02 7.816802992675746242e-02
2.158941890540625741e-01 3.479717101430306048e-02 -5.468436341961258051e-03
1.942408639520263602e-01 3.122699639375789080e-02 -8.690583898091862325e-02
