-1.120304822809588263e-01 1.964037428621580594e-01 -3.952024393615270054e-02
-1.120304822809588263e-01 1.964037428621580594e-01 -3.952024393615270054e-02
-1.680894165239779914e-01 1.327853514702629911e-01 -3.513585747193559428e-02
-1.956694059849451717e-01 5.305520925307148639e-02 -2.556636010883148874e-02
1.499815740955195986e-01 -1.424942574211884305e-01 3.736569997071540611e-02
2.060405083385387359e-01 -7.887586602929338997e-02 3.298131350649829291e-02
2.336204977995059717e-01 8.542761878981355861e-04 2.341181614339417350e-02
2.285227390962160376e-01 8.455797783335761153e-02 1.011407710722607260e-02
1.915233197799471598e-01 1.594921091075088837e-01 -4.887443378054015172e-03
1.282550660410297916e-01 2.142486278034539393e-01 -1.930889980768399350e-02
4.834999598306610746e-02 2.404913503188129409e-01 -3.095475617108076755e-02
-3.602706781888294352e-02 2.342250600414947648e-01 -3.805203640686804362e-02
-1.287016598407707546e-01 1.688612980293025256e-01 -4.126183283741648167e-02
-1.287016598407707546e-01 1.688612980293025256e-01 -4.126183283741648167e-02
-1.846765588149395787e-01 1.116926579108754591e-01 -1.399620419005467679e-02
-2.125099098258695918e-01 3.744359555120778393e-02 1.528243211539893551e-02
-2.079643374921018029e-01 -4.258214237486735582e-02 4.211666911293809878e-02
-1.717318639957365889e-01 -1.162013627032258412e-01 6.242123747265158895e-02
-1.093285549784053928e-01 -1.722062064987691932e-01 7.310495072314351916e-02
-3.025474855059200746e-02 -2.020704439787991691e-01 7.254131037012835626e-02
5.345128506490925274e-02 -2.012475157069681109e-01 6.081612554794008085e-02
1.290460610472225211e-01 -1.698627050527989901e-01 3.971444935669177223e-02
1.850209600213914007e-01 -1.126940649343718681e-01 1.244882070932997777e-02
2.128543110323213861e-01 -3.844500257470426230e-02 -1.682981559612364841e-02
2.083087386985536249e-01 4.158073535137081500e-02 -4.366405259366279434e-02
-5.310688385845732662e-02 2.002461086834717019e-01 -6.236350902866479029e-02
1.673189840987803489e-01 1.704917665005653005e-01 2.516032776808362504e-03
9.745162868803228240e-02 2.186985511123897552e-01 4.919925553170819386e-04
1.445798414864288978e-02 2.364878426338096473e-01 -1.751720161633079330e-03
-1.119350291348561732e-01 -1.238443873635448368e-03 1.492633611818563466e-01
-1.119350291348561732e-01 -1.238443873635448368e-03 1.492633611818563466e-01
-1.585446683862376804e-01 -2.367682629251036987e-03 8.232198887758708505e-02
-1.760066177062803161e-01 -2.440343770093904643e-03 2.635377558038777893e-03
-1.616624536039724114e-01 -1.445365296145604238e-03 -7.766490856431780554e-02
-1.176959450337188851e-01 4.657763394375590005e-04 -1.463538788512602218e-01
-5.080059436794820416e-02 3.002127147180115585e-03 -1.929742602436676779e-01
2.883938766233984721e-02 5.777550708680589259e-03 -2.104285222893558793e-01
1.090995357312688624e-01 8.369513945977770375e-03 -1.960594118151482435e-01
1.777609698553983542e-01 1.038341395239841640e-02 -1.520544956344320187e-01
2.243706091067798614e-01 1.151265270801400502e-02 -8.511312333016277099e-02
2.418325584268225248e-01 1.158531384885687354e-02 -5.426512010614443875e-03
2.274883943245146478e-01 1.059033537490857400e-02 7.487377411174206410e-02
1.835218857542611215e-01 8.679193739325411633e-03 1.435627443986845220e-01
1.166265350884903296e-01 6.142842931582850712e-03 1.901831257910920336e-01
3.698655305820237188e-02 3.367419370082380074e-03 2.076373878367802073e-01
-4.327359501072657044e-02 7.754561327852006920e-04 1.932682773625725714e-01
9.474154906155089761e-02 6.392787360939672370e-02 -1.760933325792367055e-01
9.474154906155089761e-02 6.392787360939672370e-02 -1.760933325792367055e-01
2.042151768190476196e-02 4.361679038612622378e-02 -2.097368688150006988e-01
-5.909197637490072597e-02 1.638647254224520622e-02 -2.117390549754111229e-01
-1.863307684794446306e-01 -4.182732537416319896e-02 -1.244636322912182347e-01
-2.146851138517888169e-01 -6.394828242330959089e-02 -4.847291539660664866e-02
-2.124400684972096442e-01 -7.661266683764306196e-02 3.460817652678609135e-02
-1.799374202195548611e-01 -7.789244089301197715e-02 1.121313003655972085e-01
-1.221254025818571398e-01 -6.759277059066709503e-02 1.722942632642351923e-01
-4.780537120221103192e-02 -4.728168736739661593e-02 2.059377994999991857e-01
3.170812285459450458e-02 -2.005136952351556368e-02 2.079399856604096097e-01
5.864838859343599053e-02 -1.939779616466126844e-01 -1.234623467024690766e-02
-2.395542923630948270e-02 -2.136124700643904084e-01 -1.079627336593743173e-02
-1.077477693514390794e-01 -2.001693620487155767e-01 -7.724855808560531119e-03
-1.799720075488788762e-01 -1.556952289328970285e-01 -3.599577478757339834e-03
-2.296326582774183556e-01 -8.696085432479756794e-02 9.515253935007835472e-04
-2.491693376385572256e-01 -4.430423679842912174e-03 5.235588651762809742e-03
-2.356077633000014937e-01 7.933155307648941112e-02 8.600402500088494967e-03
-1.910125620188188322e-01 1.515730742872579140e-01 1.053370453218373595e-02
-1.221729489335629665e-01 2.012960232191435550e-01 1.074116703908859979e-02
-3.956913110381748977e-02 2.209305316369213068e-01 9.191205734779127334e-03
4.422320901131197857e-02 2.074874236212465028e-01 6.119788177402229329e-03
1.164474472087518864e-01 1.630132905054279824e-01 1.994509847599036743e-03
1.389054755086014670e-01 -1.645743957351682718e-01 -4.148231190107648861e-03
1.389054755086014670e-01 -1.645743957351682718e-01 -4.148231190107648861e-03
6.883948271324200063e-02 -2.125096619069126169e-01 -2.497947330377048129e-03
-9.766573991289670409e-02 -2.143131263461311442e-01 1.265612742798545923e-03
-1.687560589724480808e-01 -1.679067635011800841e-01 2.805921051859575511e-03
-2.166813813618307938e-01 -9.782144094956551905e-02 3.789568795166967964e-03
-1.720973832077646870e-01 1.398330479751976330e-01 2.447183815892671910e-03
-1.020313904124052484e-01 1.877683141469420336e-01 7.968999561620713958e-04
-1.979090187332882000e-01 -7.760098882331172010e-02 1.106657186523595238e-01
-1.811585295932124084e-01 1.304810670815016171e-01 1.031126563475394560e-02
-1.811585295932124084e-01 1.304810670815016171e-01 1.031126563475394560e-02
-2.253419582701180202e-01 5.819577801035382553e-02 1.611876727720554583e-02
-2.385710217133674982e-01 -2.562307111416954608e-02 1.935263074503250705e-02
-2.188317149354848945e-01 -1.082148203326192548e-01 1.952052964030350293e-02
-1.691291684561412878e-01 -1.770056245225573033e-01 1.659690287822079835e-02
-9.703014442211092827e-02 -2.215227073362585619e-01 1.102684613056889237e-02
-1.351106566329467011e-02 -2.349887464636975232e-01 3.658350044487633946e-03
6.871304518161221175e-02 -2.153536595176703539e-01 -4.386798646500458115e-03
1.371243125998933554e-01 -1.656067104932032741e-01 -1.188379898364693744e-02
-1.127472621749311399e-01 1.802280161059688079e-01 2.814265297607449357e-03
-2.363525359738321563e-01 -5.181769968679125760e-03 -2.086351270871953864e-02
-2.222167061042187863e-01 -8.890714434049176718e-02 -2.174866275401405799e-02
-1.772564767169216571e-01 -1.609062451819368855e-01 -1.945721302282528778e-02
1.217797430533813785e-01 -1.740519148883475087e-01 8.449746440228013064e-03
1.217797430533813785e-01 -1.740519148883475087e-01 8.449746440228013064e-03
5.007031279477541091e-02 -2.191001350091205946e-01 2.115427395530789130e-03
-3.339988614224916746e-02 -2.331745373499559126e-01 -4.692304237351447097e-03
-1.159232726287679205e-01 -2.141324217392361617e-01 -1.093703302955329609e-02
-1.849364091485697636e-01 -1.648727776614856699e-01 -1.566805563106950239e-02
-2.299326712721551369e-01 -9.289493938775636450e-02 -1.816511673764589427e-02
-2.440617859833401626e-01 -9.156880314494816528e-03 -1.804806143172151683e-02
-2.251727236480907113e-01 7.359303915179073174e-02 -1.533471032251436904e-02
-1.761411727771720337e-01 1.427568939022461902e-01 -1.043814651981217825e-02
-1.044317425185660175e-01 1.878051140230192484e-01 -4.103827475114953452e-03
-2.096154358154140099e-02 2.018795163638545942e-01 2.703904157767282775e-03
1.708112939243001671e-01 -1.048880601378919947e-01 1.334631024293020558e-02
-1.042333038455389438e-01 -2.149508980678577763e-01 -1.786907822269842919e-02
-1.722104423050437871e-01 -1.646107817939815310e-01 -2.536323884281743712e-02
5.492750973987794993e-02 -2.129396950806489996e-01 -4.891302066019869409e-03
-2.809665656447311519e-02 -2.274460532079675412e-01 -1.526959104027648256e-02
-1.799040711356766908e-01 -1.601134152693220181e-01 -2.821616158145660164e-02
-2.255760166717033222e-01 -8.852520295763380287e-02 -2.881344514443963042e-02
-2.406212386040960660e-01 -5.029950041610057460e-03 -2.516111216701108141e-02
-2.227492382789245107e-01 7.766094810863717612e-02 -1.781519723650354728e-02
-1.037340949529890755e-01 1.923129291817947395e-01 3.091926775543673601e-03
-2.070992864863798605e-02 2.068192873091133088e-01 1.347021574980028502e-02
-1.459259390343017881e-01 1.551643287180731190e-01 -1.604177558381015764e-02
-1.459259390343017881e-01 1.551643287180731190e-01 -1.604177558381015764e-02
-1.964995609257479403e-01 8.778295927204067539e-02 -8.501266985946543536e-03
-2.172789464745382704e-01 6.252365016267601161e-03 2.038341663297678439e-04
-2.051006225964685237e-01 -7.701516015048194552e-02 8.748255134523163362e-03
-1.618186287051940342e-01 -1.493428903435656263e-01 1.583118528159515107e-02
-9.402225601840967506e-02 -1.997195842935933219e-01 2.037431269957569457e-02
-1.203288770202947007e-02 -2.204758470125412484e-01 2.168598742262984463e-02
7.166733815325218582e-02 -2.084517256574395239e-01 1.956651886453358857e-02
1.443358209054055041e-01 -1.654777837056710110e-01 1.433857690022675643e-02
1.949094427968516563e-01 -9.809641425963852579e-02 6.798068302363144931e-03
2.156888283456420141e-01 -1.656582000386548278e-02 -1.907032849913169051e-03
2.035105044675723229e-01 6.670170516288397022e-02 -1.045145381810655763e-02
1.602285105762978334e-01 1.390294353559677343e-01 -1.753438396517854533e-02
9.243213788951329390e-02 1.894061293059955409e-01 -2.207751138315909578e-02
1.044276957313323984e-02 2.101623920249433564e-01 -2.338918610621324584e-02
-7.325745628214838656e-02 1.981382706698417429e-01 -2.126971754811699325e-02
-1.002252397378804033e-01 2.073229227722110102e-01 -4.377712648768349035e-02
-1.002252397378804033e-01 2.073229227722110102e-01 -4.377712648768349035e-02
-1.577406127903916155e-01 1.464821115541823648e-01 -2.966320134958503468e-02
-1.869788197259995566e-01 6.892791650468121922e-02 -1.124311950243539991e-02
1.562231583320343731e-01 -1.339236127925081954e-01 4.102101100712091108e-02
2.137385313845455992e-01 -7.308280157447953618e-02 2.690708586902245542e-02
2.429767383201535125e-01 4.471393475021616382e-03 8.487004021872803297e-03
2.394865271779177129e-01 8.693204919023735100e-02 -1.143494405155722100e-02
2.037992509654007189e-01 1.617452782462318606e-01 -2.982582234999694645e-02
1.413479739799937684e-01 2.175214447028399334e-01 -4.388578636623582246e-02
6.164033702048968277e-02 2.457691328292509192e-01 -5.147433403269265073e-02
-2.318889473755548006e-02 2.421878881741494904e-01 -5.143617775750526644e-02
-2.006720683594825916e-01 1.405068189505777332e-01 1.649361062514044171e-02
-2.006720683594825916e-01 1.405068189505777332e-01 1.649361062514044171e-02
-2.429141321387452424e-01 6.738532696185998982e-02 2.420431938068437830e-02
-2.541277886529860752e-01 -1.657628868955222587e-02 2.811591461605618750e-02
-2.326058603499614463e-01 -9.859563313467252510e-02 2.763289141536964116e-02
-1.816248657170409508e-01 -1.661860046889403197e-01 2.282878568231301239e-02
-1.089461990432195604e-01 -2.090573819914620934e-01 1.443497896541730274e-02
-2.563452849583255921e-02 -2.206829864779320527e-01 3.729352247282469689e-03
5.562669930645458560e-02 -1.992929252516521255e-01 -7.658259851003297071e-03
1.224661990656079197e-01 -1.481436412329356356e-01 -1.799419661643672508e-02
1.034189964231663067e-01 1.585491824065823896e-01 -2.432937167360932004e-02
3.074032974934481910e-02 2.014205597091042466e-01 -1.593556495671358264e-02
-5.257134079804209881e-02 2.130461641955741781e-01 -5.229938238578766066e-03
-1.338325686003291604e-01 1.916561029692942786e-01 6.157673859706988551e-03
