-2.253670448602281690e-02 1.580030924048194951e-01 -1.403425890612822746e-01
-2.253670448602281690e-02 1.580030924048194951e-01 -1.403425890612822746e-01
-7.052095869393650018e-02 1.005263664062222007e-01 -1.746278745052632086e-01
-1.079915942736903722e-01 2.764592186585328529e-02 -1.827479578933976501e-01
-1.292440466304243252e-01 -4.954285419789099254e-02 -1.634666301385812315e-01
-1.310428225467859531e-01 -1.192886703473030469e-01 -1.197192986058135122e-01
-1.131140746954534676e-01 -1.709733583210326369e-01 -5.816609795041038922e-02
-7.818729241228829230e-02 -1.967283928979426666e-01 1.182205500899630342e-02
-3.157976168783244858e-02 -1.926328035336684064e-01 7.959009842852342309e-02
1.961294342343371244e-02 -1.593101065823105122e-01 1.348209620163913214e-01
6.759719763134738879e-02 -1.018333805837132455e-01 1.691062474603722832e-01
1.050678332111012608e-01 -2.895293604334432669e-02 1.772263308485066968e-01
1.263202855678352277e-01 4.823584002039988522e-02 1.579450030936903060e-01
1.281190614841968556e-01 1.179816561698120297e-01 1.141976715609225590e-01
1.101903136328643285e-01 1.696663441435416475e-01 5.264447090551939434e-02
7.526353134969920866e-02 1.954213787204516495e-01 -1.734368205388720635e-02
2.865600062524341352e-02 1.913257893561774448e-01 -8.511172547341429306e-02
1.603753877310333253e-01 -1.290164291212011205e-01 -3.523364340677952872e-02
1.603753877310333253e-01 -1.290164291212011205e-01 -3.523364340677952872e-02
9.709609758166641569e-02 -1.817521222586678808e-01 -3.603558654997063987e-02
1.866743504007857893e-02 -2.065910928863499141e-01 -3.180056170982927671e-02
-6.297054697936985135e-02 -1.997518328920120934e-01 -2.317331302767121001e-02
-1.353892057643676372e-01 -1.622755576117460852e-01 -1.146726090915092984e-02
-1.875634569916755645e-01 -9.986769023369107545e-02 1.535454326313538155e-03
-2.115502438727011048e-01 -2.202926283742933852e-02 1.385528715402985223e-02
-2.036977955455726852e-01 5.938952961305975914e-02 2.361665470554090082e-02
-1.652015760854742554e-01 1.319934140303806458e-01 2.933347725814632045e-02
-1.019222859361074013e-01 1.847291071678473784e-01 3.013542040133743161e-02
-2.349362339451950901e-02 2.095680777955294394e-01 2.590039556119607192e-02
5.814435862492881024e-02 2.027288178011916464e-01 1.727314687903800175e-02
1.305630174099266794e-01 1.652525425209256660e-01 5.567094760517718108e-03
1.827372686372346899e-01 1.028446751428705452e-01 -7.435620474946759428e-03
2.067240555182601747e-01 2.500624774660887076e-02 -1.975545330266306743e-02
1.988716071911318106e-01 -5.641254470388013670e-02 -2.951682085417409521e-02
2.241716818495291877e-02 -1.594738759369662140e-01 1.325872773038938024e-01
2.241716818495291877e-02 -1.594738759369662140e-01 1.325872773038938024e-01
3.807834125940565140e-02 -1.972398157747807523e-01 6.105148557512806579e-02
4.788275656186227747e-02 -2.049870982674524555e-01 -2.039027955013454629e-02
5.033778073976986900e-02 -1.815362698847627632e-01 -9.933924760301199308e-02
4.506965861689152253e-02 -1.304575066656875615e-01 -1.637761538716313303e-01
3.288041403078952041e-02 -5.952708728018943352e-02 -2.038910634986050574e-01
1.562574897392059875e-02 2.045647490614246888e-02 -2.135768451357877851e-01
-4.067470212735221913e-03 9.731640760323580219e-02 -1.913589263307476640e-01
-2.320112942748605439e-02 1.593514827949830126e-01 -1.406197838156164615e-01
-3.886230250193878355e-02 1.971174226327975232e-01 -6.908399208685071791e-02
-4.866671780439542350e-02 2.048647051254692819e-01 1.235777303841193928e-02
-5.112174198230300115e-02 1.814138767427796173e-01 9.130674109128934790e-02
-4.585361985942465468e-02 1.303351135237044156e-01 1.557436473599086713e-01
-3.366437527332265256e-02 5.940469413820610028e-02 1.958585569868825094e-01
-1.640971021645375172e-02 -2.057886804812566334e-02 2.055443386240652093e-01
3.283508970202048561e-03 -9.743880074521892032e-02 1.833264198190250882e-01
-4.889627774048400932e-02 -1.201611213475328871e-01 1.563586212449146196e-01
-4.889627774048400932e-02 -1.201611213475328871e-01 1.563586212449146196e-01
-7.358243003374412283e-02 -1.685675151444334108e-01 9.426511522337016613e-02
-8.736501402574536890e-02 -1.912693589151345241e-01 1.614434184376051240e-02
-8.814575624314055502e-02 -1.848105027382731802e-01 -6.611051931344293087e-02
-7.580579576077708936e-02 -1.501742489170995176e-01 -1.399769112792291770e-01
-5.222377970007452408e-02 -9.263365311746446507e-02 -1.942093454773177463e-01
-2.098985623476684950e-02 -2.094874944306265169e-02 -2.205514254192899037e-01
1.314089292377409145e-02 5.396708534694829446e-02 -2.149928082255297412e-01
4.497237061217201903e-02 1.207085945195226634e-01 -1.783797429747968899e-01
6.965852290543211867e-02 1.691149883164231871e-01 -1.162862369532524226e-01
8.344110689743336473e-02 1.918168320871243282e-01 -3.816546357364269948e-02
8.422184911482857861e-02 1.853579759102630120e-01 4.408939758356067440e-02
7.188188863246511295e-02 1.507217220890893494e-01 1.179557895493468928e-01
4.829987257176249216e-02 9.318112628945417197e-02 1.721882237474355315e-01
1.706594910645485574e-02 2.149622261505241411e-02 1.985303036894076889e-01
-1.706480005208605918e-02 -5.341961217495844877e-02 1.929716864956475264e-01
-1.096684711028482195e-01 1.710014685189760186e-01 -6.837177933962590437e-02
-1.096684711028482195e-01 1.710014685189760186e-01 -6.837177933962590437e-02
-1.471380569598119137e-01 1.115857533103497140e-01 -1.113604789856460497e-01
-1.626233808852431406e-01 3.525734050974705519e-02 -1.381261943238536460e-01
-1.537669426863058075e-01 -4.636346095272521339e-02 -1.445940878258202833e-01
-1.219170547949759847e-01 -1.208506239488134487e-01 -1.297794813374722467e-01
-7.192257392275597239e-02 -1.768641531401772271e-01 -9.593776440191816024e-02
-1.139470658134359056e-02 -2.058764964713378220e-01 -4.822103164666825814e-02
5.045172811301491117e-02 -2.034707876676734306e-01 6.106276919550235327e-03
1.042011711174300748e-01 -1.700132740867372205e-01 5.877332104580906824e-02
1.416707569743937967e-01 -1.105975588781109020e-01 1.017620206918292136e-01
1.571560808998249681e-01 -3.426914607750818076e-02 1.285277360300368099e-01
1.482996427008876905e-01 4.735165538496401150e-02 1.349956295320034749e-01
1.164497548095578677e-01 1.218388183810523301e-01 1.201810230436554106e-01
6.645527393733777211e-02 1.778523475724161085e-01 8.633930610810125472e-02
5.927406595925470076e-03 2.068646909035767034e-01 3.862257335285144977e-02
-5.591902809843298655e-02 2.044589820999122842e-01 -1.570473521336698819e-02
1.530980504019536226e-01 -2.369420815600441904e-02 -1.380060850095947422e-01
1.530980504019536226e-01 -2.369420815600441904e-02 -1.380060850095947422e-01
8.957169909122250639e-02 -5.095293282277281455e-02 -1.829292530622755875e-01
1.136804023592099047e-02 -7.041555905537509596e-02 -2.003108620492528025e-01
-6.960712802116417186e-02 -7.911907843904368576e-02 -1.875047195669367617e-01
-1.410260703546198924e-01 -7.573845904521475658e-02 -1.464604447202894899e-01
-1.920159002085019273e-01 -6.078836953120759362e-02 -8.342665628743507755e-02
-2.148138782115154577e-01 -3.654482550263092600e-02 -7.999677154560484379e-03
-2.059492188768868581e-01 -6.698686769561620728e-03 6.833741885262260840e-02
-1.667714862299763401e-01 2.420624260181183929e-02 1.339630008645190662e-01
-1.032451349192452378e-01 5.146496726858024867e-02 1.788861689171999669e-01
-2.504147606394370104e-02 7.092759350118253703e-02 1.962677779041771542e-01
5.593369219314135721e-02 7.963111288485114070e-02 1.834616354218611689e-01
1.273526345265971194e-01 7.625049349102219765e-02 1.424173605752139249e-01
1.783424643804792931e-01 6.130040397701504162e-02 7.938357214235935988e-02
2.011404423834927679e-01 3.705685994843837400e-02 3.956593009484834361e-03
1.922757830488641406e-01 7.210721215369091282e-03 -7.238050299769817342e-02
-1.393663541006219808e-01 1.571722693908771118e-01 -2.469549285482371820e-02
-1.393663541006219808e-01 1.571722693908771118e-01 -2.469549285482371820e-02
-1.311774512806599124e-01 1.336502969000150920e-01 -1.031922383777254398e-01
-1.030583539561904793e-01 8.970784073668330860e-02 -1.669139559388012894e-01
-5.928993979461211206e-02 3.203474151239200929e-02 -2.061595916781855942e-01
-6.535553090362702933e-03 -3.058879422390684694e-02 -2.149543533171310028e-01
4.717342900054194432e-02 -8.862890084012677028e-02 -1.919593181208208432e-01
9.366030082789679467e-02 -1.332494982388249261e-01 -1.406752717473802317e-01
1.258478575605294913e-01 -1.576575049527723371e-01 -6.890974536612741452e-02
1.388358354668251249e-01 -1.581370232189021896e-01 1.241161018750848097e-02
1.306469326468630565e-01 -1.346150507280401698e-01 9.090835571041018526e-02
1.025278353223936234e-01 -9.067259456470840029e-02 1.546300732714860349e-01
5.875942116081531164e-02 -3.299949534041717036e-02 1.938757090108703396e-01
6.005034456565940676e-03 2.962404039588165811e-02 2.026704706498157760e-01
-4.770394763433882801e-02 8.766414701210173410e-02 1.796754354535055886e-01
-9.419081946169362285e-02 1.322847444107999038e-01 1.283913890800650326e-01
-1.263783761943263473e-01 1.566927511247472593e-01 5.662586269881231260e-02
1.666983664347400917e-01 -4.592874862168168371e-02 -1.249888835112047125e-01
1.666983664347400917e-01 -4.592874862168168371e-02 -1.249888835112047125e-01
1.084540100942937846e-01 -3.446332916837752114e-02 -1.820443662806401908e-01
3.366096079459254820e-02 -1.765333438003967650e-02 -2.120878822944986253e-01
-4.629421770916426759e-02 1.942066419789581239e-03 -2.105455785848209249e-01
-1.192390742852777324e-01 2.133965109208688440e-02 -1.776522569103874960e-01
-1.740684157668059562e-01 3.758631321003785830e-02 -1.184156273174275104e-01
-2.024349719424046179e-01 4.820864574254331986e-02 -4.185392968008449371e-02
-2.000201917778108018e-01 5.158949485321351336e-02 4.037701156987334034e-02
-1.671917036630472531e-01 4.721415691242239476e-02 1.157582810524785677e-01
-1.089473473226009043e-01 3.574873745911823913e-02 1.728137638219140737e-01
-3.415429802289966094e-02 1.893874267078040491e-02 2.028572798357725360e-01
4.580088048085707852e-02 -6.566581290488393910e-04 2.013149761260948356e-01
1.187457370569705434e-01 -2.005424280134614559e-02 1.684216544516614622e-01
1.735750785384989059e-01 -3.630090491929714724e-02 1.091850248587012961e-01
2.019416347140974843e-01 -4.692323745180259492e-02 3.262332722135839747e-02
1.995268545495037238e-01 -5.030408656247280230e-02 -4.960761402859933250e-02
-1.697724525375432225e-01 8.739661580303145771e-02 8.356552485112268835e-02
-1.697724525375432225e-01 8.739661580303145771e-02 8.356552485112268835e-02
-2.024972157326859756e-01 2.476984022024162138e-02 4.128649820135007337e-02
-2.040067928354580007e-01 -4.137067878336252169e-02 -7.740965157793307759e-03
-1.740713644163127405e-01 -1.009556467547799707e-01 -5.605287836493990511e-02
-1.172483280867307603e-01 -1.449137924594421367e-01 -9.629419058288547772e-02
-4.218847602578385675e-02 -1.665528866953973064e-01 -1.223385268148514532e-01
3.968100970950205059e-02 -1.625785735240990182e-01 -1.302208729620168148e-01
1.158962420646660746e-01 -1.335959060986388613e-01 -1.187412132771214490e-01
1.748541428064361580e-01 -8.401723280600861821e-02 -8.964722188381650525e-02
2.075789060015788834e-01 -2.139045722321875412e-02 -4.736819523404389026e-02
2.090884831043508807e-01 4.475006178038543059e-02 1.659268125099472649e-03
1.791530546852057315e-01 1.043350297518028102e-01 4.997118133224606046e-02
1.223300183556237097e-01 1.482931754564650317e-01 9.021249355019164695e-02
4.727016629467668124e-02 1.699322696924202014e-01 1.162568297821576363e-01
-3.459931944060915671e-02 1.659579565211219687e-01 1.241391759293229841e-01
-1.108145517957730836e-01 1.369752890956617841e-01 1.126595162444276876e-01
3.515196811511255709e-02 1.284645184677593865e-01 -1.680806564194980146e-01
3.515196811511255709e-02 1.284645184677593865e-01 -1.680806564194980146e-01
-1.539572696445199243e-02 7.288707836887728386e-02 -2.018712113733929225e-01
-6.381509577494576257e-02 6.344264483293343346e-03 -2.055238233258972202e-01
-1.027347283376423698e-01 -6.103338298702219722e-02 -1.784824152182519219e-01
-1.262294634022189943e-01 -1.189882279946091054e-01 -1.248637963038711218e-01
-1.307224405353974994e-01 -1.586971707490404393e-01 -5.283091525847850856e-02
-1.155296446975906943e-01 -1.741148846784165427e-01 2.664987475845761317e-02
-8.296404133206734810e-02 -1.628941625989147046e-01 1.014783439620144251e-01
-3.798344834329882985e-02 -1.267432577310400876e-01 1.602625362377128881e-01
1.256424673626571793e-02 -7.116581763215798495e-02 1.940530911916077683e-01
6.098361554675950369e-02 -4.623003746574014076e-03 1.977057031441120938e-01
9.990324810945605538e-02 6.275464372374145450e-02 1.706642950364668510e-01
1.233979831740326799e-01 1.207094887313283904e-01 1.170456761220860509e-01
1.278909603072112544e-01 1.604184314857598215e-01 4.501279507669331270e-02
1.126981644694044493e-01 1.758361454151358694e-01 -3.446799494024273963e-02
8.013256110388115860e-02 1.646154233356340590e-01 -1.092964641437994822e-01
-1.566921623634817129e-01 1.410405692686804713e-01 1.177408698263273171e-02
-1.566921623634817129e-01 1.410405692686804713e-01 1.177408698263273171e-02
-1.791895901488455567e-01 9.939546251226681617e-02 -5.560783289182939099e-02
-1.744604272944642875e-01 4.263614114973128533e-02 -1.150787228871905515e-01
-1.432246459749494383e-01 -2.059630266600953608e-02 -1.575846791066171648e-01
-9.023761074313432773e-02 -8.067530256753965845e-02 -1.766545550331543035e-01
-2.356611738439241821e-02 -1.284543754373413948e-01 -1.693851349258422845e-01
4.663970361600021375e-02 -1.566595905493615437e-01 -1.368831220985621544e-01
1.096916524280859562e-01 -1.609969595837067446e-01 -8.409665337278722508e-02
1.559906414125639684e-01 -1.408061574232461755e-01 -1.906199010148623002e-02
1.784880691979278122e-01 -9.916105066683256197e-02 4.831992977297591696e-02
1.737589063435465708e-01 -4.240172930429697562e-02 1.077908197683370567e-01
1.425231250240317493e-01 2.083071451144379374e-02 1.502967759877636422e-01
8.953608979221665265e-02 8.090971441297391265e-02 1.693666519143007809e-01
2.286459643347460782e-02 1.286887872827757462e-01 1.620972318069888174e-01
-4.734122456691793046e-02 1.568940023947958673e-01 1.295952189797086873e-01
-1.103931733790035757e-01 1.612313714291410960e-01 7.680875025393386901e-02
-1.719137013090845101e-01 1.070902176448529086e-01 6.092159225908538173e-02
-1.719137013090845101e-01 1.070902176448529086e-01 6.092159225908538173e-02
-2.037148451541155869e-01 6.039919384731657487e-02 9.944938564147194626e-04
-2.046990886246858876e-01 4.626730085107810461e-03 -5.959498647442806885e-02
-1.747165895745904363e-01 -5.173632161261999818e-02 -1.116226495980790906e-01
-1.183319116921755371e-01 -1.001091975572238335e-01 -1.471677554359032136e-01
-4.412911105666104256e-02 -1.331275658873501411e-01 -1.608188838412784039e-01
3.659510858525868993e-02 -1.457646793369913318e-01 -1.504977742622734538e-01
1.115512165599747835e-01 -1.360966519391583474e-01 -1.177757220712006142e-01
1.693278249071473729e-01 -1.055953532242845661e-01 -6.763436308800890862e-02
2.011289687521784220e-01 -5.890432942674823230e-02 -7.707264685338256760e-03
2.021132122227487782e-01 -3.131865664539467461e-03 5.288221564550455583e-02
1.721307131726533546e-01 5.323118603318831993e-02 1.049098787691555706e-01
1.157460352902384276e-01 1.016040619777922038e-01 1.404549846069796659e-01
4.154323465472384291e-02 1.346224303079184836e-01 1.541061130123548562e-01
-3.918098498719582712e-02 1.472595437575597022e-01 1.437850034333499338e-01
-1.141370929619118096e-01 1.375915163597267454e-01 1.110629512422771359e-01
1.510979022801428318e-01 -5.401548299384603853e-03 -1.509130614762812239e-01
1.510979022801428318e-01 -5.401548299384603853e-03 -1.509130614762812239e-01
8.514211865226124776e-02 1.129876372389812360e-02 -1.973041361988565889e-01
6.029863741792368739e-03 2.644458151063904319e-02 -2.144229257620921258e-01
-7.419473879552151985e-02 3.773009159998697015e-02 -1.996632496371989474e-01
-1.433182204612073463e-01 4.343717738424239527e-02 -1.552721347173948996e-01
-1.908171577775860661e-01 4.269698678761389699e-02 -8.800772584276131405e-02
-2.094602681171780501e-01 3.562220711859369338e-02 -8.110419511076286114e-03
-1.964093069309965078e-01 2.328990944875269919e-02 7.225614365954663443e-02
-1.536511647523797486e-01 7.577574305767468751e-03 1.408568829510893350e-01
-8.769538112449822009e-02 -9.122737717515263037e-03 1.872479576736647000e-01
-8.583126214029358422e-03 -2.426855550425617916e-02 2.043667472369002647e-01
7.164147632328446424e-02 -3.555406559360410612e-02 1.896070711120071695e-01
1.407649579889703462e-01 -4.126115137785953124e-02 1.452159561922031217e-01
1.882638953053491493e-01 -4.052096078123103295e-02 7.795154731756939737e-02
2.069070056449411332e-01 -3.344618111221081547e-02 -1.945759014115565084e-03
1.938560444587595910e-01 -2.111388344236985945e-02 -8.231232218473838458e-02
