-1.493470159879043690e-01 1.421270574087555305e-01 3.953674925286872199e-03
-1.493470159879043690e-01 1.421270574087555305e-01 3.953674925286872199e-03
-1.910148510684840650e-01 7.640415949516718430e-02 -2.167528361876062265e-02
-2.031818405193434596e-01 -1.320826667417296331e-03 -4.455195733334549324e-02
-1.839956704906232365e-01 -7.921497651449846411e-02 -6.119358002298583288e-02
-1.363772614461316590e-01 -1.454196118440849728e-01 -6.906661548986922639e-02
-6.757608450093970098e-02 -1.898556770737609700e-01 -6.697246545340691803e-02
1.193350483926929745e-02 -2.057581840862426625e-01 -5.522994527313292851e-02
9.004689235367073497e-02 -1.907061203454647469e-01 -3.562674720028346370e-02
1.548720228928180120e-01 -1.469910261086631309e-01 -1.114728043801683013e-02
1.965398579733977080e-01 -8.126812819507475694e-02 1.448167810603066992e-02
2.087068474242571026e-01 -3.543142032490267414e-03 3.735835182061555265e-02
1.895206773955369073e-01 7.435100781459086372e-02 5.399997451025587147e-02
1.419022683510453575e-01 1.405556431441774001e-01 6.187300997713928580e-02
7.310109140585321907e-02 1.849917083738533974e-01 5.977885994067694969e-02
-6.408497934355670070e-03 2.008942153863350621e-01 4.803633976040298792e-02
-8.452188544875700871e-02 1.858421516455572298e-01 2.843314168755356475e-02
1.537287125186909964e-01 -1.456618915977957174e-01 -1.175421104902932973e-02
1.537287125186909964e-01 -1.456618915977957174e-01 -1.175421104902932973e-02
8.852601626929246237e-02 -1.900234487848302678e-01 -3.392193654009496850e-02
1.005572070506227308e-02 -2.056733233547065887e-01 -5.147874569513823106e-02
-6.973578300934613061e-02 -1.902289637706271186e-01 -6.175177347317507143e-02
-1.387009617451964161e-01 -1.460416337757997618e-01 -6.317704452022812611e-02
-1.863404922108574391e-01 -7.983845380279319670e-02 -5.553757423949771954e-02
-2.054016877463513135e-01 -1.698257869176633553e-03 -3.999640272925457374e-02
-1.929826541215669822e-01 7.648281753679682382e-02 -1.891953247086262252e-02
-1.509740766270576406e-01 1.428024123977809923e-01 4.484274101142635832e-03
-8.577138037765907885e-02 1.871639695848155982e-01 2.665199959220827461e-02
-7.301084813428889569e-03 2.028138441546918913e-01 4.420880874725154064e-02
7.249041890097945862e-02 1.873694845706124767e-01 5.448183652528838100e-02
1.414555976368297718e-01 1.431821545757851755e-01 5.590710757234141487e-02
1.890951281024908504e-01 7.697897460277841608e-02 4.826763729161102912e-02
2.081563236379847248e-01 -1.161221330838059463e-03 3.272646578136789719e-02
1.957372900132003657e-01 -7.934229673681141015e-02 1.164959552297596852e-02
1.701402076345905068e-01 -8.039392262670891354e-02 -8.508721898094011304e-02
1.701402076345905068e-01 -8.039392262670891354e-02 -8.508721898094011304e-02
1.150752381825708576e-01 -8.982764587991055871e-02 -1.450468673157397914e-01
4.228889311049306710e-02 -8.517777113521324273e-02 -1.824210838227080522e-01
-3.713776635428021888e-02 -6.715219967127758482e-02 -1.915199828367753210e-01
-1.111127513126981825e-01 -3.849516134127553557e-02 -1.709583394647747889e-01
-1.683740408897501928e-01 -3.569430454250665033e-03 -1.238664775183322131e-01
-2.002041228222127545e-01 3.230786706478646492e-02 -5.741370609000191749e-02
-2.017571556762796647e-01 6.367473789707435439e-02 1.828314276612588718e-02
-1.727967042781970997e-01 8.575586029978926605e-02 9.169991000534935544e-02
-1.177317348261774782e-01 9.518958355299091123e-02 1.516595583401490477e-01
-4.494538975409965997e-02 9.053970880829359524e-02 1.890337748471173362e-01
3.448126971067355662e-02 7.251413734435796510e-02 1.981326738611846050e-01
1.084562546690915202e-01 4.385709901435594360e-02 1.775710304891841007e-01
1.657175442461436832e-01 8.931368127330981121e-03 1.304791685427414694e-01
1.975476261786061893e-01 -2.694592939170612628e-02 6.402639711441122927e-02
1.991006590326730996e-01 -5.831280022399394636e-02 -1.167045174171650948e-02
1.181092358417326627e-01 -1.663481838133427371e-01 4.495052446202526392e-02
1.181092358417326627e-01 -1.663481838133427371e-01 4.495052446202526392e-02
1.135786064155268199e-01 -1.732158968868119653e-01 -3.654621182812561875e-02
9.177088299320532161e-02 -1.536650755993141104e-01 -1.130419548333631424e-01
5.600609377831154700e-02 -1.106721552632343314e-01 -1.728909211167770354e-01
1.172910372019144755e-02 -5.078241826794752112e-02 -2.069816480939478676e-01
-3.431931681672051315e-02 1.688646583083171573e-02 -2.101241316158110606e-01
-7.512871323565112336e-02 8.203252284902613767e-02 -1.818399570528469178e-01
-1.044862248699179597e-01 1.347378561560930998e-01 -1.264351335855858904e-01
-1.179224366997096013e-01 1.669785565310678010e-01 -5.234454334094300332e-02
-1.133918072735037724e-01 1.738462696045370570e-01 2.915219294920786200e-02
-9.158408385118226025e-02 1.542954483170391744e-01 1.056479359544453961e-01
-5.581929463628851340e-02 1.113025279809595203e-01 1.654969022378592891e-01
-1.154230457816840874e-02 5.141279098567265449e-02 1.995876292150301490e-01
3.450611595874363002e-02 -1.625609311310671073e-02 2.027301127368933420e-01
7.531551237767418472e-02 -8.140215013130104593e-02 1.744459381739291992e-01
1.046730240119410071e-01 -1.341074834383679526e-01 1.190411147066682135e-01
-1.220378552083173918e-01 1.640670952359903345e-01 -4.641976623713050393e-02
-1.220378552083173918e-01 1.640670952359903345e-01 -4.641976623713050393e-02
-1.277334558935572795e-01 1.215871453846553291e-01 -1.162237671599157252e-01
-1.138874340117032452e-01 6.045157714685926720e-02 -1.689524550409435555e-01
-8.260772087976651912e-02 -1.003227340849943694e-02 -1.965783651370733021e-01
-3.865636927077892304e-02 -7.913387897206394794e-02 -1.948957030656679190e-01
1.127542595278566498e-02 -1.363331465043957080e-01 -1.641606388737292532e-01
5.958600160099036119e-02 -1.729220060363486355e-01 -1.090523074704291828e-01
9.892051046785484136e-02 -1.833301353830205371e-01 -3.796045275365197980e-02
1.232906301466097504e-01 -1.659729912013080400e-01 3.829183484524076309e-02
1.289862308318496797e-01 -1.234930413499730345e-01 1.080958357680260329e-01
1.151402089499955345e-01 -6.235747311217700040e-02 1.608245236490538355e-01
8.386049581805891939e-02 8.126377443181672516e-03 1.884504337451835820e-01
3.990914420907130250e-02 7.722798300674615923e-02 1.867677716737782545e-01
-1.002265101449333930e-02 1.344272505390780581e-01 1.560327074818394777e-01
-5.833322666269801643e-02 1.710161100710309301e-01 1.009243760785394906e-01
-9.766773552956244109e-02 1.814242394177028039e-01 2.983252136176236385e-02
-4.476984718648774342e-02 1.642873189540840495e-01 -1.231536011849042461e-01
-4.476984718648774342e-02 1.642873189540840495e-01 -1.231536011849042461e-01
-1.193604169926496539e-01 1.343807025846047720e-01 -1.079576528259586499e-01
-1.755888758126764038e-01 8.379009817941361626e-02 -7.684452347758109758e-02
-2.048949505034673435e-01 2.021746665423004852e-02 -3.455090504184217537e-02
-2.028170568535782314e-01 -4.665883512857670057e-02 1.248438246702266753e-02
-1.696715353350518041e-01 -1.066574964577594736e-01 5.710064290173177265e-02
-1.105044911341829666e-01 -1.506442650351695334e-01 9.250545505850865657e-02
-3.432357037996264237e-02 -1.719225540859463663e-01 1.133087572319055464e-01
4.727337232454536381e-02 -1.672529369902797380e-01 1.163434352484264550e-01
1.218639421307072951e-01 -1.373463206208004883e-01 1.011474868894808588e-01
1.780924009507340311e-01 -8.675571621560930480e-02 7.003435754110327871e-02
2.073984756415249986e-01 -2.318308469042575787e-02 2.774073910536444670e-02
2.053205819916358865e-01 4.369321709238096346e-02 -1.929454840350040140e-02
1.721750604731093481e-01 1.036918784215638267e-01 -6.391080883820958458e-02
1.130080162722405940e-01 1.476786469989738171e-01 -9.931562099498646157e-02
3.682709551802040154e-02 1.689569360497506501e-01 -1.201189231683833097e-01
1.454748474263489189e-01 -4.997438014087824537e-03 -1.516184285218100114e-01
1.454748474263489189e-01 -4.997438014087824537e-03 -1.516184285218100114e-01
1.164905583534551620e-01 -8.138223947923166335e-02 -1.582562131308232756e-01
6.935592726353441428e-02 -1.462418712952990307e-01 -1.412167939755991641e-01
1.124677446353230213e-02 -1.897020424723201981e-01 -1.030942681598011335e-01
-4.899030829353278466e-02 -2.051463359160264344e-01 -4.969244465732747251e-02
-1.021847712084125587e-01 -1.902234979524821679e-01 1.085873299230573352e-02
-1.402382395113236924e-01 -1.472053953857741238e-01 6.934089688973411880e-02
-1.573574176086972032e-01 -8.264114437161258764e-02 1.168506677237100833e-01
-1.509360658209438211e-01 -6.360066850510891906e-03 1.461551135619058583e-01
-1.219517767480500642e-01 7.002473461463293303e-02 1.527928981709191225e-01
-7.481714565812934425e-02 1.348843664307002865e-01 1.357534790156949556e-01
-1.670799285812727200e-02 1.783445376077214262e-01 9.763095319989702203e-02
4.352908989893781305e-02 1.937888310514277179e-01 4.422912969742335415e-02
9.672355281381765646e-02 1.788659930878834792e-01 -1.632204795220995597e-02
1.347770211167288179e-01 1.358478905211754351e-01 -7.480421184963829961e-02
1.518961992141023010e-01 7.128363950701399609e-02 -1.223139826836141947e-01
3.848749354886325802e-02 -1.642487022494303617e-01 1.227549855515943228e-01
3.848749354886325802e-02 -1.642487022494303617e-01 1.227549855515943228e-01
-3.110975514015195884e-02 -1.876350115963933141e-01 8.653691252590596517e-02
-9.582568010494053878e-02 -1.825651612707563098e-01 3.665113321682763464e-02
-1.458078684209341280e-01 -1.498109900262900029e-01 -1.930769469154894336e-02
-1.734469850066880092e-01 -9.435902351766264906e-02 -7.282034691821165362e-02
-1.745352249112369358e-01 -2.465132097248461801e-02 -1.157400072550514719e-01
-1.489069134740326483e-01 4.869975179863782200e-02 -1.415325464834743530e-01
-1.004637287901677528e-01 1.145271588954317743e-01 -1.462712843159032772e-01
-3.658070658919808371e-02 1.628092743143416954e-01 -1.292347908741163232e-01
3.301654209981713661e-02 1.861955836613046478e-01 -9.301671784842795165e-02
9.773246706460575473e-02 1.811257333356676436e-01 -4.313093853934962113e-02
1.477146553805993023e-01 1.483715620912014199e-01 1.282788936902692738e-02
1.753537719663532113e-01 9.291959558257403828e-02 6.634054159568968101e-02
1.764420118709021379e-01 2.321189303739588233e-02 1.092602019325295548e-01
1.508137004336978781e-01 -5.013917973372648135e-02 1.350527411609523942e-01
1.023705157498330937e-01 -1.159665868305203990e-01 1.397914789933813184e-01
1.097993982018911352e-01 -1.687681304886433642e-01 5.583544907033612115e-02
1.097993982018911352e-01 -1.687681304886433642e-01 5.583544907033612115e-02
7.548769898001807255e-02 -1.955567737881030443e-01 -1.355239499707863726e-02
2.972298463000783153e-02 -1.925461694827327597e-01 -8.142082801140637649e-02
-2.052748194651916186e-02 -1.601946547868291770e-01 -1.374374962750929963e-01
-6.761352273490052467e-02 -1.034274545456325828e-01 -1.730743698373545247e-01
-1.043667148611278628e-01 -3.088686039991358698e-02 -1.829060577473998750e-01
-1.251917179924992851e-01 4.638347977376555686e-02 -1.654357746453975486e-01
-1.269181141813870706e-01 1.166198571413401830e-01 -1.233232127651166798e-01
-1.092830752578533848e-01 1.691294199429433098e-01 -6.297962790150601897e-02
-7.497137603598033606e-02 1.959180632424029900e-01 6.408216165908748110e-03
-2.920666168597010892e-02 1.929074589370327331e-01 7.427664918023649254e-02
2.104380489055684977e-02 1.605559442411292337e-01 1.302933174439230291e-01
6.812984567893826116e-02 1.037887439999326394e-01 1.659301910061845575e-01
1.048830378051656270e-01 3.124814985421349445e-02 1.757618789162299633e-01
1.257080409365370355e-01 -4.602219031946556960e-02 1.582915958142276924e-01
1.274344371254248209e-01 -1.162585676870401125e-01 1.161790339339468930e-01
-1.063120963382641337e-01 -6.189298251821229169e-02 1.659629082364532104e-01
-1.063120963382641337e-01 -6.189298251821229169e-02 1.659629082364532104e-01
-1.262334905913302663e-01 -1.203282787759148986e-01 1.121655790900850241e-01
-1.267642438727210330e-01 -1.604462838921031642e-01 4.077956934415496310e-02
-1.078235538066352195e-01 -1.761393952584594802e-01 -3.732724813330889208e-02
-7.229496875785137999e-02 -1.650184789278648645e-01 -1.102638184214262962e-01
-2.558739373262141487e-02 -1.287765936002947531e-01 -1.669262098654873960e-01
2.518836637668541573e-02 -7.293123778336316199e-02 -1.986880870139914879e-01
7.230216237683874392e-02 -5.984360660786685986e-03 -2.007139919932120764e-01
1.085813459144394089e-01 6.187198260047462733e-02 -1.726954991349372304e-01
1.285027401675054859e-01 1.203072788581771857e-01 -1.188981699885690441e-01
1.290334934488962804e-01 1.604252839743655346e-01 -4.751216024263896914e-02
1.100928033828105224e-01 1.761183953407218505e-01 3.059465723482486174e-02
7.456421833402665511e-02 1.649974790101271793e-01 1.035312275229422901e-01
2.785664330879664141e-02 1.287555936825570679e-01 1.601936189670034871e-01
-2.291911680051012673e-02 7.291023786562549069e-02 1.919554961155074957e-01
-7.003291280066339941e-02 5.963360743049122246e-03 1.939814010947280842e-01
-2.692888732790161416e-02 -1.375316646077090477e-01 1.622934833538639265e-01
-2.692888732790161416e-02 -1.375316646077090477e-01 1.622934833538639265e-01
-1.040900416953384616e-01 -1.256470632701509327e-01 1.375371614265374076e-01
-1.651789487738953566e-01 -9.545022260262417402e-02 9.210304194255293508e-02
-2.008953762331836812e-01 -5.153833786171738152e-02 3.290805773202843537e-02
-2.058018217627479163e-01 -5.965954370071900950e-04 -3.103589146285196804e-02
-1.791513235077513977e-01 4.961958617538923116e-02 -8.999391903051044694e-02
-1.250011782401490856e-01 9.146524853580441372e-02 -1.349901997296219236e-01
-5.159525470464420421e-02 1.185697688817391043e-01 -1.591744577160468799e-01
2.989106066683649976e-02 1.268067296936134791e-01 -1.588648589421966517e-01
1.070522150342733680e-01 1.149221283560553919e-01 -1.341085370148702161e-01
1.681411221128302491e-01 8.472528768852857772e-02 -8.867441753088570189e-02
2.038575495721185737e-01 4.081340294762186155e-02 -2.947943332036125075e-02
2.087639951016827811e-01 -1.012833947708830298e-02 3.446451587451913878e-02
1.821134968466862070e-01 -6.034452108948484134e-02 9.342254344217772177e-02
1.279633515790839782e-01 -1.021901834498999684e-01 1.384188241412891152e-01
5.455742804357921472e-02 -1.292947037958346868e-01 1.626030821277140437e-01
1.132618368175200146e-01 5.437995879071515215e-02 -1.709107372550880688e-01
1.132618368175200146e-01 5.437995879071515215e-02 -1.709107372550880688e-01
4.483366317632590803e-02 9.778990018498115444e-02 -1.826541719139022912e-01
-3.035988548478516652e-02 1.261846543364720241e-01 -1.670204137689655088e-01
-1.008712730133749791e-01 1.352413773247106987e-01 -1.263895607774739582e-01
-1.559657798455353905e-01 1.235812651741361318e-01 -6.694729198778254231e-02
-1.872557667490180877e-01 9.297946426049344404e-02 2.256846022386444980e-03
-1.899776168622054617e-01 4.809482136686867026e-02 7.068715057805810553e-02
-1.637169531789973709e-01 -4.239383506484877689e-03 1.279257281328870233e-01
-1.124717236916532720e-01 -5.605574207834762568e-02 1.652585241231479540e-01
-4.404355005045912375e-02 -9.946568347261361409e-02 1.770019587819621487e-01
3.114999861065195774e-02 -1.278604376241045393e-01 1.613682006370253941e-01
1.016613861392417217e-01 -1.369171606123432139e-01 1.207373476455338712e-01
1.567558929714021609e-01 -1.252570484617686886e-01 6.129507885584252469e-02
1.880458798748849136e-01 -9.465524754812586206e-02 -7.909059154326622196e-03
1.907677299880722599e-01 -4.977060465450115767e-02 -7.633936370999823418e-02
1.645070663048642245e-01 2.563600218852321762e-03 -1.335779412648270548e-01
