-1.151003837705953659e-01 1.894756057386917103e-01 -2.592448899236002302e-02
-1.151003837705953659e-01 1.894756057386917103e-01 -2.592448899236002302e-02
-1.660129835039370616e-01 1.325783102915107370e-01 6.713672234798304453e-03
-1.888515615357276578e-01 5.951686911868907942e-02 3.888617254698076287e-02
-1.801391513928524701e-01 -1.858577566482466636e-02 6.569504041609912359e-02
1.518848382924337659e-01 -1.366685181907561497e-01 3.323441287405869832e-02
2.027974380257755171e-01 -7.977122274357517639e-02 5.962516469003704099e-04
2.256360160575661133e-01 -6.709781570753484137e-03 -3.157624866528209451e-02
2.169236059146909534e-01 7.139286321276018532e-02 -5.838511653440045523e-02
1.779865930632080206e-01 1.426462919409141050e-01 -7.574894485037390879e-02
1.147527847448551741e-01 1.962028160037865843e-01 -8.102424815559110260e-02
3.684895506020202660e-02 2.239089401039047744e-01 -7.340790934257628020e-02
-4.386474412123780170e-02 2.215466580036662969e-01 -5.405944695332767780e-02
-1.236702660688502875e-01 -1.976091232091503613e-01 1.102547185586893463e-01
-1.462816748950439560e-01 -2.172325579758605518e-01 3.224455774955869991e-02
-1.485843848536406997e-01 -2.119179706979024136e-01 -5.111246282775421673e-02
-1.302278292275619032e-01 -1.824744591114914605e-01 -1.271259924236266547e-01
-4.543512845723668425e-02 -7.212168277345951117e-02 -2.137128638906496125e-01
8.092096642474377530e-03 -8.012627868895325078e-03 -2.111041394928903081e-01
1.966860135623930972e-02 -3.473086237572385604e-02 2.079599020013817856e-01
-3.385862374347167747e-02 -9.883991728028793111e-02 2.053511776036224812e-01
1.226422583985936898e-01 -2.303707946267755657e-01 2.617792202030951032e-02
1.226422583985936898e-01 -2.303707946267755657e-01 2.617792202030951032e-02
4.913684085133093044e-02 -2.708376431357542580e-01 1.725734784840506422e-02
-3.388000439991695201e-02 -2.799414127788796280e-01 5.194443412996881462e-03
-1.137697152152237073e-01 -2.562961371538631239e-01 -8.174323436125181808e-03
-1.783698073249907756e-01 -2.035015951296562653e-01 -2.081367913435554218e-02
-2.178455023067993324e-01 -1.295952771457293262e-01 -3.079939635268336140e-02
-2.261869834477351904e-01 -4.582875015269431002e-02 -3.661124016537021381e-02
-2.021243358598056594e-01 3.504529146021730102e-02 -3.736441003642988062e-02
-1.493208795098295016e-01 1.007145079824525308e-01 -3.294424268049541554e-02
1.911668811955635761e-01 -6.100949859376425533e-05 2.403307569249745618e-02
1.995083623364994063e-01 -8.382753649162870413e-02 2.984491950518429471e-02
1.754457147485699031e-01 -1.647015781045402527e-01 3.059808937624397540e-02
1.433852795812341763e-02 3.591160767860549635e-02 -2.045010058551888499e-01
-4.843467623802391597e-02 9.221626849267186565e-02 -2.144943239832982074e-01
-1.094205980630177238e-01 1.466276419377320894e-01 -1.914579140931742529e-01
-1.593346837577608033e-01 1.908620896471042716e-01 -1.388988607650127327e-01
-1.905779662475420300e-01 2.181853179433035084e-01 -6.481880341902132581e-02
-1.983939389943532583e-01 2.244376130039148209e-01 1.950424075126478557e-02
-1.815926909994618477e-01 2.086671195831559522e-01 1.012328526612184532e-01
-1.427320599663977063e-01 1.732747523444585491e-01 1.679245920192611596e-01
-8.772822469744734342e-02 1.236486783673063916e-01 2.094262460702535356e-01
-2.495502050129999594e-02 6.734401755324002925e-02 2.194195641983628930e-01
3.603090132369396459e-02 1.293264410817974996e-02 1.963831543082388831e-01
1.299677692422057107e-01 -2.091573610938655126e-01 5.708958362650511792e-02
1.299677692422057107e-01 -2.091573610938655126e-01 5.708958362650511792e-02
5.702451862375956804e-02 -2.453300246686322961e-01 3.471499095308917121e-02
-2.273196327529550947e-02 -2.496605636059803512e-01 7.329742628894714285e-03
-9.715947508013715594e-02 -2.214896926091316220e-01 -2.089700553661391624e-02
-1.891795294915452896e-01 -5.025000714886113801e-03 -7.085825404594971177e-02
-1.604497069882007687e-01 7.430174169655709426e-02 -6.744254980013984768e-02
-1.054246363248085572e-01 1.368095697854962434e-01 -5.348494168584235625e-02
2.117833817125946150e-01 1.674608870703234859e-02 6.681668635594630035e-02
2.137226624089424709e-01 -6.732279059348313111e-02 7.446289598661248732e-02
1.849928399055980055e-01 -1.466495330049262247e-01 7.104719174080258159e-02
-2.218796704571893430e-01 4.484892512226434230e-02 2.594559619887842894e-02
-2.072011798219886847e-01 1.265258038517060313e-01 1.645440218332672178e-02
1.415526504263131535e-01 -1.945021329267549448e-01 -1.152097159762186830e-02
1.415526504263131535e-01 -1.945021329267549448e-01 -1.152097159762186830e-02
7.280759506397735392e-02 -2.427898388544917629e-01 -1.942749666160724711e-02
-9.379503514729194136e-03 -2.611281890418021279e-01 -2.482046047969427294e-02
-9.249640457910221492e-02 -2.467253359102263011e-01 -2.687883319791793679e-02
-1.638893133986753237e-01 -2.017739832868579164e-01 -2.528924622912384276e-02
-2.126893067839985274e-01 -1.331175671235786950e-01 -2.029369977966915053e-02
-2.314670281151980646e-01 -5.120840440928545872e-02 -1.265272051174200045e-02
-2.173637395400664918e-01 3.148357734117962492e-02 -3.529578253234739397e-03
-1.725265388975383563e-01 1.023692735109894003e-01 5.686811288485405652e-03
-1.037814835352025289e-01 1.506569794387262740e-01 1.359333635247078273e-02
2.004931396439728897e-01 -4.092445500647997475e-02 6.818560202605546475e-03
1.863898510688413723e-01 -1.236164367569449751e-01 -2.304582055901702869e-03
1.742829228968355570e-01 -1.371788704509558088e-01 9.820574456376145525e-03
1.742829228968355570e-01 -1.371788704509558088e-01 9.820574456376145525e-03
1.055969219784334834e-01 -1.817582418090183671e-01 -3.894425753537995860e-03
2.478615351536944678e-02 -1.963324569584273260e-01 -1.615820399633557947e-02
-5.584667554529537670e-02 -1.786827237582744865e-01 -2.510371120597727768e-02
-1.240259479174903035e-01 -1.314960540930531774e-01 -2.936907500101993557e-02
-1.693719874291918781e-01 -6.195619067106778594e-02 -2.830493240928740051e-02
-1.849812706276152130e-01 1.935005268211610618e-02 -2.207328949389433109e-02
-1.684774256443049567e-01 1.000445374589077480e-01 -1.162285739872560321e-02
-1.223730132702428031e-01 1.678422598493665430e-01 1.455380323132154756e-03
-5.368701235184075715e-02 2.124216312074291013e-01 1.517038053304628833e-02
2.712375611122328639e-02 2.269958463568380602e-01 2.743415877584387541e-02
1.077565851718879919e-01 2.093461131566852484e-01 3.637966598548556668e-02
1.759358575440830019e-01 1.621594434914639948e-01 4.064502978052823151e-02
2.212818970557846321e-01 9.261958006947848543e-02 3.958088718879568951e-02
2.368911802542079670e-01 1.131333671629465229e-02 3.334924427340263398e-02
2.203873352708977662e-01 -6.938114806049688887e-02 2.289881217823392517e-02
1.604485651723955575e-01 -1.206837167646916675e-01 8.819009394952578504e-03
1.604485651723955575e-01 -1.206837167646916675e-01 8.819009394952578504e-03
-1.411938984412940690e-01 -7.395258168820396938e-03 -1.380638810983876863e-01
-1.665935222098054169e-01 6.518021787729350036e-02 -1.065820495240858840e-01
-1.647697806977233836e-01 1.327250426730441080e-01 -5.823107290123825941e-02
-1.360003220180044103e-01 1.849561289386398577e-01 -3.719491179788887020e-04
-8.466503545884340731e-02 2.139217672661198055e-01 5.818679472395421604e-02
-1.857925304334107422e-02 2.152122017942904864e-01 1.085301207109615196e-01
5.219606392485158508e-02 1.886309755640560304e-01 1.429937138249076367e-01
1.168860150171733975e-01 1.382248393095537042e-01 1.563308044274438757e-01
1.656421415956852439e-01 7.166767034276855242e-02 1.465109413753614143e-01
1.910417653641965641e-01 -9.078057033452893720e-04 1.150291098010596397e-01
1.892180238521145585e-01 -6.845263049909584840e-02 6.667813317821209840e-02
1.487795650441494921e-01 -1.843369455998700723e-01 -1.009855026351769679e-02
1.487795650441494921e-01 -1.843369455998700723e-01 -1.009855026351769679e-02
8.028468906563218654e-02 -2.321186810663472266e-01 -2.243027691154925174e-02
-1.707488924054122344e-03 -2.500247878169751248e-01 -3.156087662708573216e-02
-8.471440308692404497e-02 -2.353292234182326748e-01 -3.610029837252926727e-02
-1.560990032012311846e-01 -1.902692543342054399e-01 -3.535745633709664465e-02
-2.049936310025837760e-01 -1.217048523882995475e-01 -2.944544148680265649e-02
-2.239545226391306543e-01 -4.007432623892789175e-02 -1.926430449005651913e-02
-2.100950542401181786e-01 4.219481649023004710e-02 -6.364031162376103910e-03
-1.655252042329021789e-01 1.125778445902957670e-01 7.291428823368152276e-03
2.072088834503779675e-01 -3.168477477064638587e-02 1.645718304990698155e-02
1.933494150513655474e-01 -1.139539174998041998e-01 3.556909722226582818e-03
1.872164850620624266e-01 1.244291405630493230e-01 -8.257529459960960549e-02
2.232469218036720326e-01 -7.513585432288620580e-02 3.864848214647072233e-02
1.744923138874361346e-01 -1.293235219692223381e-01 7.826819844554873395e-02
-1.137766404716631236e-01 2.118270517121521590e-01 -5.062841154387402037e-02
-1.137766404716631236e-01 2.118270517121521590e-01 -5.062841154387402037e-02
-1.669222833335562151e-01 1.701667638625881940e-01 -2.058672706254854184e-03
-1.941779267154747635e-01 1.089470799687767139e-01 4.721950377630611956e-02
-1.913941459855442728e-01 3.748814194573407699e-02 8.970396224212115466e-02
-1.589947465248613689e-01 -3.333107466941777342e-02 1.189268290123449423e-01
-1.019122432000276468e-01 -9.272898612481922376e-02 1.304391875271578294e-01
1.976683454546666330e-01 4.589220761947235966e-02 -8.451451188321984498e-02
1.652689459939837013e-01 1.167114242346242448e-01 -1.137373786534436604e-01
1.081864426691499098e-01 1.761093356900257367e-01 -1.252497371682565752e-01
3.511112915719018235e-02 2.150431484099999402e-01 -1.172989352035681276e-01
-4.283194048906638352e-02 2.275855423438222502e-01 -9.109541028430290233e-02
-1.631749775803824631e-01 -2.503320930102335973e-02 1.139168900482375041e-01
-1.856965845899727352e-01 5.101076940876257682e-02 8.902119790378811015e-02
-1.786010245191052281e-01 1.246536886124876287e-01 5.112557221830368870e-02
-1.429685320671572057e-01 1.846840814361095373e-01 5.999278477697017609e-03
-8.422383120058936357e-02 2.219628647490979600e-01 -3.948761416689596654e-02
-1.131027010429723305e-02 2.308146817250626426e-01 -7.841013865004463346e-02
6.467172250788588705e-02 2.098919234713337023e-01 -1.048426934527526139e-01
1.321545770392335561e-01 1.623798902667654143e-01 -1.147611617180136212e-01
1.808646406209475366e-01 9.551185846909979182e-02 -1.066555465635803251e-01
2.033862476305378364e-01 1.946787975931390732e-02 -8.175985441913093121e-02
-1.961258440726249552e-01 2.217534422704806329e-01 1.464576860035582406e-02
-1.961258440726249552e-01 2.217534422704806329e-01 1.464576860035582406e-02
-1.813850908568922782e-01 2.237960326195165828e-01 -6.895413234133915270e-02
-1.442073965948710290e-01 2.035958474261079509e-01 -1.425759836198419450e-01
-2.773519489581473610e-02 1.116864058808821197e-01 -2.182779228053146614e-01
3.382747565567657821e-02 5.396952884316325028e-02 -2.088330767110838926e-01
-4.027929512945726404e-02 4.370073371521951411e-02 2.114520068309080902e-01
-1.018419656809486235e-01 1.014176107529384807e-01 2.020071607366773214e-01
-1.861855101902343268e-01 1.977790422435130313e-01 9.549639212185920267e-02
1.583599475350503938e-01 -1.842223283838146097e-01 -1.593735142465881743e-03
1.583599475350503938e-01 -1.842223283838146097e-01 -1.593735142465881743e-03
8.934203081564670579e-02 -2.305235436260380799e-01 -1.638414217557628699e-02
7.386540703273171068e-03 -2.466433405292240699e-01 -2.861039628871349383e-02
-1.928951425413219511e-01 -1.138328057401088167e-01 -3.484038134500562489e-02
-2.104006904845584780e-01 -3.175853191796285113e-02 -2.570797371214299937e-02
-1.952106996773434744e-01 5.023698901998413513e-02 -1.259194432860820737e-02
-1.496377085224658843e-01 1.196706823021778943e-01 2.510910229057979060e-03
2.191229294971429875e-01 -3.279311416367383658e-02 2.662514879873510015e-02
2.039329386899280117e-01 -1.147886351016207673e-01 1.350911941520033070e-02
1.609731504830498316e-01 -1.205617232165826641e-01 1.061742656627203546e-02
1.609731504830498316e-01 -1.205617232165826641e-01 1.061742656627203546e-02
-1.375281409270172339e-01 -4.616608596858827462e-03 -1.405082500271192525e-01
-1.634050514381032715e-01 6.756200352950250676e-02 -1.085171322003243288e-01
-1.624032063300647477e-01 1.344190702257307413e-01 -5.920255925226021454e-02
-1.346751274388519326e-01 1.857762091481439670e-01 -7.222787655273774088e-05
-8.444216341999094544e-02 2.138147614494283477e-01 5.987180499263537736e-02
-1.935182768240060330e-02 2.142661117118229708e-01 1.115036037449813333e-01
5.068646620323371405e-02 1.870615459493785160e-01 1.469626950638616147e-01
1.150100228915393596e-01 1.363427126894243835e-01 1.608507537334400439e-01
1.638261639712151885e-01 6.983109452842010956e-02 1.510534487168385676e-01
1.897030744823011983e-01 -2.347517597941127521e-03 1.190623308900436716e-01
1.887012293742626468e-01 -6.920458429416931345e-02 6.974775794197965451e-02
-1.054252880195857278e-01 2.003636626295456358e-01 -4.184028578568305817e-02
-1.054252880195857278e-01 2.003636626295456358e-01 -4.184028578568305817e-02
-1.025066983628655504e-01 1.769690048984277342e-01 -2.320297844061126186e-02
-1.025066983628655504e-01 1.769690048984277342e-01 -2.320297844061126186e-02
-1.517898544316088061e-01 1.211113736447630151e-01 1.332555759580562361e-02
-1.730792903344367528e-01 4.905357969295313231e-02 4.850612945113774027e-02
1.666824840394850182e-01 -1.475689481756306265e-01 3.214579223109650247e-02
2.159656401082282740e-01 -9.171131692196590746e-02 -4.382743805320386474e-03
2.372550760110562207e-01 -1.965352297015603850e-02 -3.956331566065252742e-02
2.273096681209803571e-01 5.763428775616467187e-02 -6.804000018260360216e-02
1.876435146339176241e-01 1.283857466896628774e-01 -8.547748029449464546e-02
1.242954278436965154e-01 1.818295855712858400e-01 -8.922105772044093552e-02
4.690957971229176016e-02 2.098294644009121301e-01 -7.870080673295616613e-02
-3.273273588675074119e-02 2.081226554462649869e-01 -5.551834017857222581e-02
-1.025603505736977228e-01 1.745890707042400403e-01 -2.006992820800751129e-02
-1.025603505736977228e-01 1.745890707042400403e-01 -2.006992820800751129e-02
-1.538259841398202377e-01 1.095362366956871419e-01 -2.562299871843693247e-02
-1.766723108409176957e-01 2.973353484444675801e-02 -2.629167134599052699e-02
-1.676211845392152067e-01 -5.266979690592356322e-02 -2.197414674465571552e-02
-1.280505571654827757e-01 -1.251285982844922984e-01 -1.332772889652777265e-02
1.482294657590116013e-02 -1.992811913936723967e-01 1.122779747530975626e-02
9.637462715046354877e-02 -1.896859230183415013e-01 2.339854970530793124e-02
1.682548395952946085e-01 -1.492866611248696018e-01 3.299061345210983764e-02
2.195204731614171512e-01 -8.423382711631673125e-02 3.854368396253926576e-02
2.423667998625146092e-01 -4.431125265076281405e-03 3.921235659009285335e-02
2.333156735608121479e-01 7.797220648529389064e-02 3.489483198875806269e-02
1.937450461870797169e-01 1.504310078638627368e-01 2.624841414063011288e-02
1.296791870503375688e-01 2.019140832014130749e-01 1.458944178311349753e-02
5.087154244569574990e-02 2.245836009730428628e-01 1.692887768792583104e-03
-3.068013812886653813e-02 2.149883325977119952e-01 -1.047786446120559101e-02
-9.323025535623298554e-02 -1.456586770933111785e-01 -1.850115812018425510e-02
-1.600627604940729753e-01 -9.599738659003759222e-02 -2.632580777543408468e-02
-2.031255610166566306e-01 -2.439374818355195818e-02 -2.987078136951975410e-02
-2.158627359096794152e-01 5.825123326735677509e-02 -2.859638880800741134e-02
-1.963351657584565257e-01 1.393556085154102897e-01 -2.269664480598995032e-02
-1.475157461006474102e-01 2.065719716420847674e-01 -1.306973190646198643e-02
-7.683679103001235522e-02 2.496672406791931309e-01 -1.181260330193896046e-03
4.941469250267840722e-03 2.620805515754222048e-01 1.115885789459070999e-02
8.536903593429572001e-02 2.419220902737647116e-01 2.207195163161862483e-02
1.522015410721357376e-01 1.922607997704911531e-01 2.989660128686846136e-02
1.952643415947194760e-01 1.206571613640053942e-01 3.344157488095414466e-02
2.080015164877422607e-01 3.801217991309673722e-02 3.216718231944180884e-02
1.758748588771464894e-01 -1.411851484849714067e-01 1.039733640017200672e-02
1.758748588771464894e-01 -1.411851484849714067e-01 1.039733640017200672e-02
-1.458076448935983482e-01 1.147508710962922840e-01 -6.110949287587932877e-02
-1.193044264926732545e-01 1.649734056566662388e-01 -5.819323716457778031e-04
-6.346038616404602734e-03 1.914057170361198046e-01 1.136384225329548081e-01
6.291224027511285732e-02 1.635914140571769482e-01 1.499422033091919459e-01
1.268988686447675429e-01 1.126825745045412913e-01 1.641657960043043651e-01
2.023780772780715831e-01 -9.096261392459732698e-02 7.092489690440563488e-02
