1.563478956128513397e-01 -1.582772132397987919e-01 5.055894157899407972e-03
1.563478956128513397e-01 -1.582772132397987919e-01 5.055894157899407972e-03
8.483571388238918265e-02 -2.039549241919666467e-01 4.985677120996635445e-03
1.295229164838096469e-03 -2.188005585877239034e-01 3.963475254029503320e-03
-8.155527703793453986e-02 -2.005540031663274048e-01 2.144909524960752784e-03
-1.511025661982656199e-01 -1.519931305852479930e-01 -1.931599192982731781e-04
-1.967586939892407571e-01 -8.051089348954892921e-02 -2.694783200511434787e-03
-2.115729288285132237e-01 3.010185511042534102e-03 -4.979110851385542061e-03
-1.932899377531769047e-01 8.585477925915287190e-02 -6.698374694556732435e-03
-1.446931404187249415e-01 1.554105493447446862e-01 -7.590832395067739422e-03
-7.318095868826285377e-02 2.010882602969125410e-01 -7.520615358164964293e-03
1.035952602928823588e-02 2.159338946926698255e-01 -6.498413491197829565e-03
9.321003223206084098e-02 1.976873392712733823e-01 -4.679847762129085535e-03
1.627573213923919071e-01 1.491264666901939984e-01 -2.341778317870057621e-03
2.084134491833671832e-01 7.764422959449479578e-02 1.598449633431094086e-04
2.232276840226396220e-01 -5.876849406096569528e-03 2.444172614217213647e-03
2.049446929473033308e-01 -8.872144315420683880e-02 4.163436457388401853e-03
-1.471309479325386138e-01 -1.486432603218042908e-02 1.602923528148070265e-01
-1.471309479325386138e-01 -1.486432603218042908e-02 1.602923528148070265e-01
-1.976735828162159148e-01 -1.318884775978901996e-02 9.211499827958204156e-02
-2.183040087351651171e-01 -9.525343886114475550e-03 9.856374989266393841e-03
-2.058814303585027872e-01 -4.431549666178438707e-03 -7.396038733646631558e-02
-1.622970726331223745e-01 1.317050905393415570e-03 -1.465749464343658326e-01
-9.418625892952649237e-02 6.845285502773220190e-03 -1.969323939343942675e-01
-1.191824320802383104e-02 1.131153052208132281e-02 -2.173662649460706975e-01
7.198241489920648162e-02 1.403584064573997620e-02 -2.047656878413693371e-01
1.447426007566981754e-01 1.460346435335492174e-02 -1.610489862599650823e-01
1.952852356403755041e-01 1.292798608096350568e-02 -9.287163172474006967e-02
2.159156615593246786e-01 9.264482207288964738e-03 -1.061300843442439940e-02
2.034930831826623765e-01 4.170687987352934833e-03 7.320375389130821808e-02
1.599087254572820471e-01 -1.577912584218923130e-03 1.458183129892077212e-01
9.179791175368598455e-02 -7.106147181598736207e-03 1.961757604892362672e-01
9.529896032183411692e-03 -1.157239220090683016e-02 2.166096315009126694e-01
-7.437076207504678127e-02 -1.429670232456548354e-02 2.040090543962113367e-01
-4.990691187502545832e-03 -1.481891011144152170e-01 1.553951369832520524e-01
-4.990691187502545832e-03 -1.481891011144152170e-01 1.553951369832520524e-01
-9.970509987403560620e-03 -1.963379552411750051e-01 8.567684227753749604e-02
-1.338618875461143956e-02 -2.141530558542846241e-01 2.762991236974073842e-03
-1.471772136002389222e-02 -1.989222153796873227e-01 -8.072353393344373906e-02
-1.376239403484002394e-02 -1.529641912117278846e-01 -1.520726665837550395e-01
-1.066564670425529729e-02 -8.327567591945156389e-02 -2.004221480494480789e-01
-5.898931077266786338e-03 -4.661142281432387874e-04 -2.184112080665119859e-01
-1.879363976987248478e-04 8.285748876524155759e-02 -2.033011753185838544e-01
5.597890164780332939e-03 1.540098698353019047e-01 -1.573924153187478692e-01
1.057770896468134339e-02 2.021587239620616927e-01 -8.767412061303327120e-02
1.399338773188921886e-02 2.199738245751713395e-01 -4.760269572469893670e-03
1.532492033730167846e-02 2.047429841005740936e-01 7.872625559794783900e-02
1.436959301211781365e-02 1.587849599326146555e-01 1.500753882482592227e-01
1.127284568153307659e-02 8.909644464033818212e-02 1.984248697139522899e-01
6.506130054544574312e-03 6.286882949029942019e-03 2.164139297310161691e-01
7.951353749765181344e-04 -7.703672004435475895e-02 2.013038969830881209e-01
1.539219580923834041e-01 -1.493232117126953029e-01 -3.400569195714695306e-03
1.539219580923834041e-01 -1.493232117126953029e-01 -3.400569195714695306e-03
8.370107189181728857e-02 -1.969582766171588395e-01 -3.297401835283696528e-03
5.974762466830474666e-04 -2.140960353364512458e-01 -2.882037321983305089e-03
-8.273705974201810143e-02 -1.981274194597298366e-01 -2.217711137674815806e-03
-1.536156083994563437e-01 -1.514835059983620780e-01 -1.405560921787338659e-03
-2.012475532081802188e-01 -8.126540794871282836e-02 -5.692291825297035720e-04
-2.183813623557164518e-01 1.836805789802718834e-03 1.639601541622121798e-04
-2.024085687177193116e-01 8.517157649893913884e-02 6.823856581549502236e-04
-1.557608853318390163e-01 1.560519407698079397e-01 9.071217460045132540e-04
-8.553999913127291466e-02 2.036870056742715041e-01 8.039543855735149097e-04
-2.436403486138640807e-03 2.208247643935638549e-01 3.885898722731232543e-04
8.089813250256244759e-02 2.048561485168424734e-01 -2.757363120353659202e-04
1.517766811600007038e-01 1.582122350554747425e-01 -1.087886527922842742e-03
1.994086259687246343e-01 8.799413700582536801e-02 -1.924218267180479239e-03
2.165424351162608396e-01 4.891923267309872432e-03 -2.657407603872393581e-03
2.005696414782637549e-01 -7.844284744182644653e-02 -3.175833107865131191e-03
2.168942262219851480e-02 1.360227365810036670e-01 -1.611540900913975005e-01
2.168942262219851480e-02 1.360227365810036670e-01 -1.611540900913975005e-01
1.657722758902940505e-02 6.260131850677148890e-02 -2.034397708007467664e-01
8.921475626144051430e-03 -2.122289919153783760e-02 -2.143854527023281442e-01
-1.123144296726134568e-04 -1.026884392377823002e-01 -1.923247549494794262e-01
-9.148829933933285558e-03 -1.693929116468807505e-01 -1.406162187943486575e-01
-1.681234331733130055e-02 -2.111811651720960081e-01 -6.713200012750702994e-02
-2.193615413716613199e-02 -2.216913170256755994e-01 1.694059489511980446e-02
-2.374020864357867175e-02 -1.993232918626758332e-01 9.880227580130870879e-02
-2.194985589176243201e-02 -1.474824187475104187e-01 1.659903437510775737e-01
-1.683766085859332573e-02 -7.406100067327824055e-02 2.082760244604268673e-01
-9.181908895707968643e-03 9.763217025031087695e-03 2.192217063620082729e-01
-1.481188398913127827e-04 9.122875707127553468e-02 1.971610086091595548e-01
8.888396664369354466e-03 1.579332294803739989e-01 1.454524724540288139e-01
1.655191004776739028e-02 1.997214830055892842e-01 7.196825378718708921e-02
2.167572086760221478e-02 2.102316348591688755e-01 -1.210434123543967927e-02
2.347977537401475107e-02 1.878636096961691926e-01 -9.396602214162845523e-02
-1.038587024010680787e-02 -1.490364337509831327e-01 1.549040904019173548e-01
-1.038587024010680787e-02 -1.490364337509831327e-01 1.549040904019173548e-01
-1.943237059319853979e-02 -1.978250846767472815e-01 8.604118328907327251e-02
-2.551239665446306676e-02 -2.166034161666988422e-01 3.490113317966391914e-03
-2.770031957164633546e-02 -2.025125974774915627e-01 -8.018146743561503642e-02
-2.566304791417785280e-02 -1.576978280209677674e-01 -1.522353192867064720e-01
-1.971073782399362581e-02 -8.898175019998641466e-02 -2.017018964607728559e-01
-1.074957455449886828e-02 -6.825763949995324910e-03 -2.210503609987013174e-01
-1.438139803268233404e-04 7.626262656831431230e-02 -2.073350845688600175e-01
1.049191299256381493e-02 1.476339670966654027e-01 -1.626440936784018243e-01
1.953841334565554338e-02 1.964226180224295515e-01 -9.378118656555779753e-02
2.561843940692007035e-02 2.152009495123811400e-01 -1.123011659445094512e-02
2.780636232410334946e-02 2.011101308231738882e-01 7.244146415913042814e-02
2.576909066663487374e-02 1.562953613666500929e-01 1.444953160102219747e-01
1.981678057645062940e-02 8.757928354566858753e-02 1.939618931842884419e-01
1.085561730695587881e-02 5.423297295677607932e-03 2.133103577222168201e-01
2.498567327838496191e-04 -7.766509322263193127e-02 1.995950812923755480e-01
5.424890520294713137e-02 -1.715901126903283669e-01 1.134559369480903357e-01
5.424890520294713137e-02 -1.715901126903283669e-01 1.134559369480903357e-01
3.575700514604304714e-02 -2.078345081420701068e-01 3.898533604959074361e-02
1.183056600823885821e-02 -2.121395979089602535e-01 -4.231945273830506338e-02
-1.388782874544562326e-02 -1.838499710997256731e-01 -1.180805123523856193e-01
-3.748278665159093803e-02 -1.272724669499667449e-01 -1.767639082421227636e-01
-5.536218925781249967e-02 -5.102049759013198293e-02 -2.094356253496124365e-01
-6.480405959450126485e-02 3.329726587056731912e-02 -2.111216909150924470e-01
-6.437095849366418487e-02 1.128442082876687791e-01 -1.815654167404408548e-01
-5.412882167183236809e-02 1.755100287729973729e-01 -1.252664776404558422e-01
-3.563692161492827692e-02 2.117544242247390851e-01 -5.079587674195621544e-02
-1.171048247712407411e-02 2.160595139916292318e-01 3.050891204593959849e-02
1.400791227656037613e-02 1.877698871823947069e-01 1.062699716600200711e-01
3.760287018270570131e-02 1.311923830326357510e-01 1.649533675497572571e-01
5.548227278892728376e-02 5.494041367280088489e-02 1.976250846572469577e-01
6.492414312561604894e-02 -2.937734978789828186e-02 1.993111502227269960e-01
6.449104202477896897e-02 -1.089242922049996620e-01 1.697548760480754315e-01
1.533864692277560615e-01 -1.620462664431431554e-01 9.082459409378577236e-03
1.533864692277560615e-01 -1.620462664431431554e-01 9.082459409378577236e-03
8.143976245794060098e-02 -2.068738183212763537e-01 5.312099819348752722e-03
-2.140187634328358929e-03 -2.207204279478690023e-01 5.458666872787054040e-04
-8.462909130163712157e-02 -2.014780745271012585e-01 -4.490624198484843496e-03
-1.534687607244117902e-01 -1.520762319349168445e-01 -9.030612756487957707e-03
-1.981789802661921285e-01 -8.003588287715762695e-02 -1.238292688387342480e-02
-2.119530243008915515e-01 3.675482549523018984e-03 -1.403720714355004631e-02
-1.926939194862471172e-01 8.631356780433023512e-02 -1.374160436206995316e-02
-1.433336899460686265e-01 1.552974735233278170e-01 -1.154112138326760482e-02
-7.138698317625322143e-02 2.001250254014609875e-01 -7.770761793237783779e-03
1.219296691601576450e-02 2.139716350280536639e-01 -3.004528661167731908e-03
9.468187058332447337e-02 1.947292816072859478e-01 2.031962224595810704e-03
1.635215400060991420e-01 1.453274390151015893e-01 6.571950782598927517e-03
2.082317595478795913e-01 7.328708995734224685e-02 9.924264909984395477e-03
2.220058035825790144e-01 -1.042427546933831495e-02 1.157854516966101872e-02
2.027466987679346355e-01 -9.306236072414546256e-02 1.128294238818092730e-02
8.400047538971503608e-03 1.474157572724149601e-01 -1.607134546079447002e-01
8.400047538971503608e-03 1.474157572724149601e-01 -1.607134546079447002e-01
8.110853267758198759e-03 7.558806792338959579e-02 -2.059355380938819313e-01
6.595640380578737631e-03 -8.061528956196647999e-03 -2.202459013717623926e-01
4.085086304067170673e-03 -9.079814052691073667e-02 -2.014659213562949303e-01
9.614001381430024125e-04 -1.600258676863630936e-01 -1.524546797638917373e-01
-2.299865214717410847e-03 -2.052054165254363627e-01 -8.067369383898477520e-02
-5.202211667985121198e-03 -2.194586102870118294e-01 2.949032007616628984e-03
-7.303783283986231556e-03 -2.006155294264128086e-01 8.568269580766488258e-02
-8.284634834978710227e-03 -1.515448621917120930e-01 1.549318472301326188e-01
-7.995440563765408848e-03 -7.971717284268672876e-02 2.001539307160698222e-01
-6.480227676585943383e-03 3.932424036899544520e-03 2.144642939939503390e-01
-3.969673600074378160e-03 8.666903560761360370e-02 1.956843139784829044e-01
-8.459874341502122844e-04 1.558967627670659328e-01 1.466730723860796837e-01
2.415277918710208565e-03 2.010763116061392852e-01 7.489208646117255508e-02
5.317624371977915446e-03 2.153295053677146964e-01 -8.730639385428722032e-03
7.419195987979024069e-03 1.964864245071156756e-01 -9.146430318547690841e-02
-1.667243230815892707e-01 2.196461165383640016e-02 1.378273655335029713e-01
-1.667243230815892707e-01 2.196461165383640016e-02 1.378273655335029713e-01
-2.086059209097967659e-01 2.155436152236269234e-02 6.399530533315168912e-02
-2.191870360782954275e-01 1.783064218034206491e-02 -2.014495596484529652e-02
-1.968567897207292861e-01 1.136035614199727706e-02 -1.017838263112359892e-01
-1.450147594208504032e-01 3.128545803377329876e-03 -1.684925277539849331e-01
-7.155342434264047591e-02 -5.611570333009444425e-03 -2.101152652143180311e-01
1.234339317690381910e-02 -1.352938881474822358e-02 -2.203153542249542407e-01
9.390316319697655789e-02 -1.941949355319754975e-02 -1.975399236980613371e-01
1.607091500731779588e-01 -2.238516949586092167e-02 -1.452563264715668878e-01
2.025907479013854262e-01 -2.197491936438721385e-02 -7.142426627121560567e-02
2.131718630698841155e-01 -1.825120002236659336e-02 1.271599502678141813e-02
1.908416167123180018e-01 -1.178091398402181245e-02 9.435486537317201716e-02
1.389995864124391189e-01 -3.549103645401853555e-03 1.610635668159210165e-01
6.553825133422908067e-02 5.191012490984929853e-03 2.026863042762541700e-01
-1.835856618531511025e-02 1.310883097272369513e-02 2.128863932868903797e-01
-9.991833620538775884e-02 1.899893571117301436e-02 1.901109627599975038e-01
-1.591174729533544330e-01 2.215809085170240139e-02 1.384931257378598235e-01
-1.591174729533544330e-01 2.215809085170240139e-02 1.384931257378598235e-01
-2.005013488454538140e-01 2.535499772030400806e-02 6.445944653389987233e-02
-2.106352492622293460e-01 2.461783511614814776e-02 -1.980556226270534931e-02
-1.879763797292630656e-01 2.005882936332188671e-02 -1.014733169268796087e-01
-1.359743477297852832e-01 1.237204776020298450e-02 -1.681106421310419319e-01
-6.254599123612251954e-02 2.727733125017529296e-03 -2.095726091817158576e-01
2.112988810527417771e-02 -7.405855064957365258e-03 -2.195470094491034363e-01
1.023143961884123848e-01 -1.648596986900371930e-02 -1.965153309106585922e-01
1.686479275970325375e-01 -2.313024611965113636e-02 -1.439839378411736648e-01
2.100318034891318908e-01 -2.632715298825274303e-02 -6.995025863721371362e-02
2.201657039059074783e-01 -2.558999038409687926e-02 1.431475015939156700e-02
1.975068343729412534e-01 -2.103098463127063555e-02 9.598250482356573965e-02
1.455048023734634433e-01 -1.334420302815172640e-02 1.626198300277281183e-01
7.207644587980055473e-02 -3.699888392966253423e-03 2.040817970784020441e-01
-1.159943346159606620e-02 6.433699797008625952e-03 2.140561973457896505e-01
-9.278394154473415534e-02 1.551381460105497045e-02 1.910245188073448341e-01
-1.480017303906083076e-02 1.657092425778286804e-01 -1.431468900384167964e-01
-1.480017303906083076e-02 1.657092425778286804e-01 -1.431468900384167964e-01
-4.645379042809294999e-03 9.838174465064941643e-02 -1.938247297909870825e-01
6.275944321961082241e-03 1.681586900300161003e-02 -2.146114535834081627e-01
1.630112457500684439e-02 -6.657071919426435502e-02 -2.023424711504043239e-01
2.390391890128707938e-02 -1.390831677894190377e-01 -1.588856238487976746e-01
2.792687078412779342e-02 -1.896821138108335525e-01 -9.085682274295606153e-02
2.775752226751613747e-02 -2.106643264073353727e-01 -8.612836118626246429e-03
2.342165512795809507e-02 -1.988354539153379952e-01 7.532543460423296589e-02
1.557936583271789244e-02 -1.559963349427518076e-01 1.481791486103850308e-01
5.424571836466356677e-03 -8.866883701557257136e-02 1.988569883629553725e-01
-5.496751528304025768e-03 -7.102961367924737202e-03 2.196437121553764249e-01
-1.552193178134978271e-02 7.628362682934110295e-02 2.073747297223726416e-01
-2.312472610763001771e-02 1.487960754244958550e-01 1.639178824207659646e-01
-2.714767799047073868e-02 1.993950214459103976e-01 9.588908131492424047e-02
-2.697832947385907579e-02 2.203772340424122456e-01 1.364509469059447914e-02
-2.264246233430104033e-02 2.085483615504148680e-01 -7.029317603226462041e-02
